1584619883898 1 1
1584619887766 1 2
1584619890819 1 3
1584619893914 1 4
1584619896937 1 5
1584619899987 1 6
1584619903112 1 7
1584619907458 1 8
1584619910916 1 9
1584619913472 1 10
1584619916401 1 11
1584619920205 1 12
1584619922970 1 13
1584619925979 1 14
1584619928922 1 15
1584619931270 1 16
1584619933656 1 17
1584619935842 1 18
1584619939117 1 19
1584619942023 1 20
1584619944676 1 21
1584619946891 1 22
1584619949206 1 23
1584619951719 1 24
1584619954374 1 25
1584619956808 1 26
1584619959182 1 27
1584619961526 1 28
1584619964008 1 29
1584619966429 1 30
1584619968734 1 31
1584619971055 1 32
1584619973549 1 33
1584619975991 1 34
1584619978318 1 35
1584619980877 1 36
1584619983696 1 37
1584619985892 1 38
1584619988136 1 39
1584619990377 1 40
1584619992703 1 41
1584619994922 1 42
1584619997116 1 43
1584619999359 1 44
1584620001550 1 45
1584620004131 1 46
1584620006397 1 47
1584620008596 1 48
1584620010780 1 49
1584620012988 1 50
1584620015208 1 51
1584620017452 1 52
1584620019659 1 53
1584620021923 1 54
1584620024213 1 55
1584620026427 1 56
1584620028617 1 57
1584620030850 1 58
1584620033114 1 59
1584620035485 1 60
1584620037710 1 61
1584620040274 1 62
1584620042613 1 63
1584620044806 1 64
1584620047044 1 65
1584620049239 1 66
1584620051445 1 67
1584620053677 1 68
1584620055895 1 69
1584620058080 1 70
1584620060277 1 71
1584620062526 1 72
1584620066945 1 73
1584620072378 1 74
1584620076165 1 75
1584620081883 1 76
1584620086828 1 77
1584620091193 1 78
1584620095137 1 79
1584620099470 1 80
1584620103995 1 81
1584620107685 1 82
1584620111955 1 83
1584620115844 1 84
1584620118277 1 85
1584620120944 1 86
1584620125220 1 87
1584620127532 1 88
1584620129923 1 89
1584620132476 1 90
1584620134978 1 91
1584620137687 1 92
1584620140111 1 93
1584620143873 1 94
1584620149001 1 95
1584620151301 1 96
1584620153680 1 97
1584620156118 1 98
1584620158594 1 99
1584620163799 1 100
1584620166334 1 101
1584620168981 1 102
1584620171812 1 103
1584620174199 1 104
1584620176591 1 105
1584620178970 1 106
1584620181539 1 107
1584620183903 1 108
1584620186245 1 109
1584620188746 1 110
1584620191224 1 111
1584620193758 1 112
1584620196263 1 113
1584620198601 1 114
1584620201213 1 115
1584620203857 1 116
1584620206202 1 117
1584620208800 1 118
1584620212782 1 119
1584620216645 1 120
1584620219131 1 121
1584620222183 1 122
1584620224735 1 123
1584620227242 1 124
1584620229667 1 125
1584620232196 1 126
1584620234867 1 127
1584620238329 1 128
1584620240854 1 129
1584620243396 1 130
1584620245732 1 131
1584620248063 1 132
1584620252293 1 133
1584620257941 1 134
1584620260933 1 135
1584620264098 1 136
1584620267486 1 137
1584620271098 1 138
1584620274993 1 139
1584620279737 1 140
1584620283457 1 141
1584620286068 1 142
1584620288635 1 143
1584620291124 1 144
1584620293642 1 145
1584620296146 1 146
1584620298873 1 147
1584620303723 1 148
1584620306429 1 149
1584620309011 1 150
1584620311891 1 151
1584620314566 1 152
1584620317608 1 153
1584620320568 1 154
1584620324690 1 155
1584620327698 1 156
1584620330237 1 157
1584620332615 1 158
1584620334958 1 159
1584620337281 1 160
1584620339811 1 161
1584620342739 1 162
1584620345438 1 163
1584620347938 1 164
1584620350311 1 165
1584620352696 1 166
1584620355225 1 167
1584620357613 1 168
1584620360249 1 169
1584620362766 1 170
1584620365423 1 171
1584620367660 1 172
1584620370008 1 173
1584620372432 1 174
1584620374753 1 175
1584620377186 1 176
1584620379615 1 177
1584620382014 1 178
1584620384425 1 179
1584620386911 1 180
1584620389297 1 181
1584620391880 1 182
1584620394748 1 183
1584620397220 1 184
1584620399623 1 185
1584620402305 1 186
1584620404670 1 187
1584620406990 1 188
1584620409304 1 189
1584620411770 1 190
1584620414163 1 191
1584620416672 1 192
1584620419123 1 193
1584620421544 1 194
1584620424192 1 195
1584620428674 1 196
1584620431594 1 197
1584620436758 1 198
1584620440700 1 199
1584620443663 1 200
1584620446590 1 201
1584620450266 1 202
1584620455542 1 203
1584620459400 1 204
1584620464022 1 205
1584620467918 1 206
1584620470385 1 207
1584620472788 1 208
1584620475127 1 209
1584620477525 1 210
1584620479848 1 211
1584620482224 1 212
1584620484585 1 213
1584620486998 1 214
1584620489598 1 215
1584620491952 1 216
1584620494360 1 217
1584620497035 1 218
1584620499486 1 219
1584620502018 1 220
1584620504888 1 221
1584620507697 1 222
1584620510520 1 223
1584620513488 1 224
1584620519409 1 225
1584620523992 1 226
1584620528032 1 227
1584620530555 1 228
1584620532960 1 229
1584620535396 1 230
1584620537736 1 231
1584620540206 1 232
1584620542960 1 233
1584620545395 1 234
1584620547892 1 235
1584620550866 1 236
1584620556020 1 237
1584620558579 1 238
1584620561083 1 239
1584620563827 1 240
1584620566291 1 241
1584620569140 1 242
1584620575241 1 243
1584620580419 1 244
1584620583986 1 245
1584620586671 1 246
1584620589002 1 247
1584620591408 1 248
1584620593991 1 249
1584620596374 1 250
1584620598725 1 251
1584620601043 1 252
1584620603482 1 253
1584620605810 1 254
1584620608165 1 255
1584620610521 1 256
1584620612984 1 257
1584620618368 1 258
1584620621056 1 259
1584620625055 1 260
1584620627516 1 261
1584620629919 1 262
1584620632306 1 263
1584620634806 1 264
1584620640224 1 265
1584620643606 1 266
1584620645984 1 267
1584620648507 1 268
1584620651024 1 269
1584620654090 1 270
1584620657908 1 271
1584620661295 1 272
1584620664803 1 273
1584620667397 1 274
1584620669801 1 275
1584620672472 1 276
1584620675734 1 277
1584620681097 1 278
1584620683719 1 279
1584620686272 1 280
1584620688843 1 281
1584620691600 1 282
1584620694294 1 283
1584620697489 1 284
1584620700119 1 285
1584620702972 1 286
1584620705564 1 287
1584620708100 1 288
1584620712328 1 289
1584620714811 1 290
1584620717394 1 291
1584620721026 1 292
1584620723462 1 293
1584620725780 1 294
1584620728124 1 295
1584620730521 1 296
1584620732888 1 297
1584620735345 1 298
1584620737716 1 299
1584620740215 1 300
1584620744543 1 301
1584620747052 1 302
1584620749583 1 303
1584620752312 1 304
1584620754967 1 305
1584620758024 1 306
1584620760642 1 307
1584620763673 1 308
1584620766131 1 309
1584620768613 1 310
1584620771082 1 311
1584620773945 1 312
1584620777795 1 313
1584620780315 1 314
1584620782792 1 315
1584620785373 1 316
1584620787895 1 317
1584620790619 1 318
1584620794725 1 319
1584620800534 1 320
1584620805151 1 321
1584620808996 1 322
1584620812692 1 323
1584620816293 1 324
1584620822998 1 325
1584620826698 1 326
1584620832887 1 327
1584620836331 1 328
1584620840314 1 329
1584620845345 1 330
1584620849988 1 331
1584620857985 1 332
1584620867999 1 333
1584620873406 1 334
1584620882060 1 335
1584620893319 1 336
1584620901035 1 337
1584620904964 1 338
1584620909872 1 339
1584620914712 1 340
1584620917557 1 341
1584620920691 1 342
1584620924096 1 343
1584620926800 1 344
1584620929668 1 345
1584620932564 1 346
1584620935685 1 347
1584620938719 1 348
1584620942317 1 349
1584620945296 1 350
1584620948532 1 351
1584620951427 1 352
1584620954960 1 353
1584620957889 1 354
1584620960467 1 355
1584620962985 1 356
1584620965751 1 357
1584620972831 1 358
1584620979566 1 359
1584620986367 1 360
1584620991969 1 361
1584620995603 1 362
1584621001853 1 363
1584621011157 1 364
1584621019577 1 365
1584621026406 1 366
1584621029638 1 367
1584621032505 1 368
1584621039692 1 369
1584621043371 1 370
1584621048100 1 371
1584621054709 1 372
1584621061714 1 373
1584621066789 1 374
1584621069799 1 375
1584621073191 1 376
1584621076566 1 377
1584621080638 1 378
1584621083630 1 379
1584621086652 1 380
1584621089541 1 381
1584621092516 1 382
1584621095223 1 383
1584621097949 1 384
1584621100623 1 385
1584621103370 1 386
1584621106219 1 387
1584621109180 1 388
1584621114270 1 389
1584621117040 1 390
1584621119899 1 391
1584621125688 1 392
1584621131209 1 393
1584621133790 1 394
1584621136356 1 395
1584621139083 1 396
1584621141412 1 397
1584621143764 1 398
1584621146102 1 399
1584621148516 1 400
1584621150998 1 401
1584621153595 1 402
1584621155962 1 403
1584621158220 1 404
1584621160765 1 405
1584621163379 1 406
1584621165870 1 407
1584621168508 1 408
1584621171044 1 409
1584621173362 1 410
1584621175681 1 411
1584621177975 1 412
1584621180301 1 413
1584621182674 1 414
1584621185057 1 415
1584621187503 1 416
1584621189892 1 417
1584621192215 1 418
1584621194526 1 419
1584621196813 1 420
1584621199050 1 421
1584621201390 1 422
1584621203732 1 423
1584621206089 1 424
1584621208360 1 425
1584621210712 1 426
1584621213114 1 427
1584621215465 1 428
1584621217733 1 429
1584621219997 1 430
1584621222446 1 431
1584621224783 1 432
1584621227282 1 433
1584621229621 1 434
1584621231996 1 435
1584621234298 1 436
1584621236591 1 437
1584621238823 1 438
1584621241137 1 439
1584621243515 1 440
1584621245826 1 441
1584621248165 1 442
1584621250569 1 443
1584621252877 1 444
1584621255129 1 445
1584621257351 1 446
1584621259570 1 447
1584621261849 1 448
1584621264200 1 449
1584621266536 1 450
1584621268737 1 451
1584621270995 1 452
1584621273248 1 453
1584621275503 1 454
1584621277719 1 455
1584621279952 1 456
1584621282439 1 457
1584621284835 1 458
1584621287167 1 459
1584621289419 1 460
1584621291762 1 461
1584621294065 1 462
1584621296324 1 463
1584621298558 1 464
1584621300883 1 465
1584621303198 1 466
1584621305429 1 467
1584621307713 1 468
1584621309984 1 469
1584621312280 1 470
1584621314535 1 471
1584621316807 1 472
1584621319034 1 473
1584621321284 1 474
1584621323597 1 475
1584621325822 1 476
1584621328086 1 477
1584621330344 1 478
1584621332627 1 479
1584621334826 1 480
1584621337099 1 481
1584621339433 1 482
1584621341798 1 483
1584621344112 1 484
1584621346620 1 485
1584621349031 1 486
1584621351334 1 487
1584621353577 1 488
1584621355826 1 489
1584621358066 1 490
1584621360305 1 491
1584621362629 1 492
1584621364858 1 493
1584621367098 1 494
1584621369403 1 495
1584621371693 1 496
1584621373979 1 497
1584621376230 1 498
1584621378615 1 499
1584621380884 1 500
1584621383269 1 501
1584621385607 1 502
1584621387885 1 503
1584621390127 1 504
1584621392480 1 505
1584621394763 1 506
1584621397052 1 507
1584621399290 1 508
1584621401545 1 509
1584621403809 1 510
1584621406111 1 511
1584621408394 1 512
1584621410652 1 513
1584621412906 1 514
1584621415167 1 515
1584621417427 1 516
1584621419755 1 517
1584621422178 1 518
1584621424564 1 519
1584621427057 1 520
1584621429721 1 521
1584621432100 1 522
1584621434437 1 523
1584621436727 1 524
1584621439090 1 525
1584621441430 1 526
1584621443864 1 527
1584621446403 1 528
1584621448686 1 529
1584621450987 1 530
1584621453310 1 531
1584621455604 1 532
1584621457921 1 533
1584621460198 1 534
1584621462551 1 535
1584621464874 1 536
1584621467178 1 537
1584621469474 1 538
1584621471732 1 539
1584621474032 1 540
1584621476363 1 541
1584621478634 1 542
1584621481427 1 543
1584621484178 1 544
1584621486454 1 545
1584621488740 1 546
1584621491030 1 547
1584621493429 1 548
1584621495706 1 549
1584621497995 1 550
1584621500271 1 551
1584621502566 1 552
1584621504907 1 553
1584621507190 1 554
1584621509426 1 555
1584621511711 1 556
1584621514037 1 557
1584621516349 1 558
1584621518621 1 559
1584621520909 1 560
1584621523252 1 561
1584621525556 1 562
1584621527837 1 563
1584621530109 1 564
1584621532383 1 565
1584621534759 1 566
1584621536984 1 567
1584621539247 1 568
1584621541772 1 569
1584621544093 1 570
1584621546334 1 571
1584621548676 1 572
1584621550953 1 573
1584621553257 1 574
1584621555532 1 575
1584621557865 1 576
1584621560151 1 577
1584621562421 1 578
1584621564691 1 579
1584621566954 1 580
1584621569252 1 581
1584621571593 1 582
1584621573987 1 583
1584621576318 1 584
1584621578655 1 585
1584621580903 1 586
1584621583274 1 587
1584621585576 1 588
1584621587888 1 589
1584621590191 1 590
1584621592567 1 591
1584621594862 1 592
1584621597322 1 593
1584621599643 1 594
1584621602094 1 595
1584621604470 1 596
1584621606821 1 597
1584621609181 1 598
1584621611504 1 599
1584621613821 1 600
1584621616270 1 601
1584621618583 1 602
1584621620854 1 603
1584621623185 1 604
1584621625495 1 605
1584621627836 1 606
1584621630106 1 607
1584621632464 1 608
1584621634756 1 609
1584621637052 1 610
1584621639515 1 611
1584621641799 1 612
1584621644158 1 613
1584621646528 1 614
1584621648890 1 615
1584621651291 1 616
1584621653652 1 617
1584621655970 1 618
1584621658326 1 619
1584621660671 1 620
1584621663102 1 621
1584621665444 1 622
1584621667774 1 623
1584621670156 1 624
1584621672499 1 625
1584621674882 1 626
1584621677242 1 627
1584621679578 1 628
1584621681913 1 629
1584621684274 1 630
1584621686588 1 631
1584621689255 1 632
1584621691984 1 633
1584621694373 1 634
1584621696769 1 635
1584621699221 1 636
1584621701618 1 637
1584621703962 1 638
1584621706309 1 639
1584621708714 1 640
1584621711113 1 641
1584621713485 1 642
1584621715801 1 643
1584621718126 1 644
1584621720490 1 645
1584621724312 1 646
1584621728843 1 647
1584621731205 1 648
1584621733634 1 649
1584621736159 1 650
1584621738515 1 651
1584621740832 1 652
1584621743200 1 653
1584621745542 1 654
1584621747824 1 655
1584621750172 1 656
1584621752535 1 657
1584621755068 1 658
1584621757463 1 659
1584621759791 1 660
1584621762185 1 661
1584621764723 1 662
1584621767543 1 663
1584621769865 1 664
1584621772197 1 665
1584621774556 1 666
1584621776899 1 667
1584621779252 1 668
1584621781780 1 669
1584621784185 1 670
1584621786565 1 671
1584621788900 1 672
1584621791281 1 673
1584621793624 1 674
1584621796023 1 675
1584621798322 1 676
1584621800665 1 677
1584621803016 1 678
1584621805347 1 679
1584621807678 1 680
1584621810002 1 681
1584621812407 1 682
1584621814819 1 683
1584621817214 1 684
1584621819554 1 685
1584621821910 1 686
1584621824259 1 687
1584621826666 1 688
1584621828981 1 689
1584621831556 1 690
1584621834014 1 691
1584621836383 1 692
1584621838712 1 693
1584621841114 1 694
1584621843598 1 695
1584621845920 1 696
1584621848292 1 697
1584621850655 1 698
1584621853055 1 699
1584621855486 1 700
1584621857923 1 701
1584621860223 1 702
1584621862629 1 703
1584621864969 1 704
1584621867317 1 705
1584621869608 1 706
1584621871986 1 707
1584621874357 1 708
1584621876712 1 709
1584621879054 1 710
1584621881442 1 711
1584621883751 1 712
1584621886085 1 713
1584621888436 1 714
1584621890785 1 715
1584621893268 1 716
1584621895767 1 717
1584621898112 1 718
1584621900490 1 719
1584621902872 1 720
1584621905221 1 721
1584621907630 1 722
1584621910104 1 723
1584621912536 1 724
1584621914865 1 725
1584621917234 1 726
1584621919567 1 727
1584621921953 1 728
1584621924339 1 729
1584621926679 1 730
1584621929221 1 731
1584621931588 1 732
1584621933986 1 733
1584621936388 1 734
1584621938772 1 735
1584621941124 1 736
1584621943535 1 737
1584621945937 1 738
1584621948236 1 739
1584621950621 1 740
1584621952968 1 741
1584621955325 1 742
1584621957702 1 743
1584621960133 1 744
1584621962790 1 745
1584621965103 1 746
1584621967425 1 747
1584621969759 1 748
1584621972075 1 749
1584621974473 1 750
1584621976822 1 751
1584621979141 1 752
1584621981465 1 753
1584621983834 1 754
1584621986182 1 755
1584621988528 1 756
1584621990949 1 757
1584621993319 1 758
1584621995662 1 759
1584621997973 1 760
1584622000297 1 761
1584622002655 1 762
1584622005040 1 763
1584622007359 1 764
1584622009686 1 765
1584622012002 1 766
1584622014364 1 767
1584622016725 1 768
1584622019146 1 769
1584622021537 1 770
1584622023877 1 771
1584622026469 1 772
1584622028778 1 773
1584622031088 1 774
1584622033463 1 775
1584622035814 1 776
1584622038144 1 777
1584622040504 1 778
1584622042987 1 779
1584622045337 1 780
1584622047703 1 781
1584622050019 1 782
1584622052394 1 783
1584622054757 1 784
1584622057150 1 785
1584622059478 1 786
1584622061822 1 787
1584622064141 1 788
1584622066498 1 789
1584622068774 1 790
1584622071089 1 791
1584622073436 1 792
1584622075783 1 793
1584622078126 1 794
1584622080533 1 795
1584622083052 1 796
1584622085414 1 797
1584622087841 1 798
1584622090153 1 799
1584622092522 1 800
1584622094930 1 801
1584622097450 1 802
1584622099753 1 803
1584622102066 1 804
1584622104463 1 805
1584622106806 1 806
1584622109158 1 807
1584622111521 1 808
1584622113856 1 809
1584622116226 1 810
1584622118566 1 811
1584622120930 1 812
1584622123474 1 813
1584622125811 1 814
1584622128145 1 815
1584622130495 1 816
1584622132813 1 817
1584622135103 1 818
1584622137458 1 819
1584622139732 1 820
1584622142074 1 821
1584622144412 1 822
1584622146701 1 823
1584622148983 1 824
1584622151271 1 825
1584622153577 1 826
1584622155863 1 827
