1584619883898 1 1
1584619887766 0.995 2
1584619890819 0.990025 3
1584619893914 0.985074875 4
1584619896937 0.9801495006250001 5
1584619899987 0.9752487531218751 6
1584619903112 0.9703725093562657 7
1584619907458 0.9655206468094844 8
1584619910916 0.960693043575437 9
1584619913472 0.9558895783575597 10
1584619916401 0.9511101304657719 11
1584619920205 0.946354579813443 12
1584619922970 0.9416228069143757 13
1584619925979 0.9369146928798039 14
1584619928922 0.9322301194154049 15
1584619931270 0.9275689688183278 16
1584619933656 0.9229311239742362 17
1584619935842 0.918316468354365 18
1584619939117 0.9137248860125932 19
1584619942023 0.9091562615825302 20
1584619944676 0.9046104802746175 21
1584619946891 0.9000874278732445 22
1584619949206 0.8955869907338783 23
1584619951719 0.8911090557802088 24
1584619954374 0.8866535105013078 25
1584619956808 0.8822202429488013 26
1584619959182 0.8778091417340573 27
1584619961526 0.8734200960253871 28
1584619964008 0.8690529955452602 29
1584619966429 0.8647077305675338 30
1584619968734 0.8603841919146962 31
1584619971055 0.8560822709551227 32
1584619973549 0.851801859600347 33
1584619975991 0.8475428503023453 34
1584619978318 0.8433051360508336 35
1584619980877 0.8390886103705794 36
1584619983696 0.8348931673187264 37
1584619985892 0.8307187014821328 38
1584619988136 0.8265651079747222 39
1584619990377 0.8224322824348486 40
1584619992703 0.8183201210226743 41
1584619994922 0.8142285204175609 42
1584619997116 0.810157377815473 43
1584619999359 0.8061065909263957 44
1584620001550 0.8020760579717637 45
1584620004131 0.798065677681905 46
1584620006397 0.7940753492934954 47
1584620008596 0.7901049725470279 48
1584620010780 0.7861544476842928 49
1584620012988 0.7822236754458713 50
1584620015208 0.778312557068642 51
1584620017452 0.7744209942832988 52
1584620019659 0.7705488893118823 53
1584620021923 0.7666961448653229 54
1584620024213 0.7628626641409962 55
1584620026427 0.7590483508202912 56
1584620028617 0.7552531090661897 57
1584620030850 0.7514768435208588 58
1584620033114 0.7477194593032545 59
1584620035485 0.7439808620067382 60
1584620037710 0.7402609576967045 61
1584620040274 0.736559652908221 62
1584620042613 0.7328768546436799 63
1584620044806 0.7292124703704616 64
1584620047044 0.7255664080186093 65
1584620049239 0.7219385759785162 66
1584620051445 0.7183288830986236 67
1584620053677 0.7147372386831305 68
1584620055895 0.7111635524897149 69
1584620058080 0.7076077347272662 70
1584620060277 0.7040696960536299 71
1584620062526 0.7005493475733617 72
1584620066945 0.697046600835495 73
1584620072378 0.6935613678313175 74
1584620076165 0.6900935609921609 75
1584620081883 0.6866430931872001 76
1584620086828 0.6832098777212641 77
1584620091193 0.6797938283326578 78
1584620095137 0.6763948591909945 79
1584620099470 0.6730128848950395 80
1584620103995 0.6696478204705644 81
1584620107685 0.6662995813682115 82
1584620111955 0.6629680834613705 83
1584620115844 0.6596532430440636 84
1584620118277 0.6563549768288433 85
1584620120944 0.653073201944699 86
1584620125220 0.6498078359349755 87
1584620127532 0.6465587967553006 88
1584620129923 0.6433260027715241 89
1584620132476 0.6401093727576664 90
1584620134978 0.6369088258938781 91
1584620137687 0.6337242817644086 92
1584620140111 0.6305556603555866 93
1584620143873 0.6274028820538087 94
1584620149001 0.6242658676435396 95
1584620151301 0.6211445383053219 96
1584620153680 0.6180388156137953 97
1584620156118 0.6149486215357263 98
1584620158594 0.6118738784280476 99
1584620163799 0.6088145090359074 100
1584620166334 0.6057704364907278 101
1584620168981 0.6027415843082742 102
1584620171812 0.5997278763867329 103
1584620174199 0.5967292370047992 104
1584620176591 0.5937455908197752 105
1584620178970 0.5907768628656763 106
1584620181539 0.5878229785513479 107
1584620183903 0.5848838636585911 108
1584620186245 0.5819594443402982 109
1584620188746 0.5790496471185967 110
1584620191224 0.5761543988830038 111
1584620193758 0.5732736268885887 112
1584620196263 0.5704072587541458 113
1584620198601 0.567555222460375 114
1584620201213 0.5647174463480732 115
1584620203857 0.5618938591163328 116
1584620206202 0.5590843898207511 117
1584620208800 0.5562889678716474 118
1584620212782 0.5535075230322891 119
1584620216645 0.5507399854171277 120
1584620219131 0.547986285490042 121
1584620222183 0.5452463540625918 122
1584620224735 0.5425201222922789 123
1584620227242 0.5398075216808175 124
1584620229667 0.5371084840724134 125
1584620232196 0.5344229416520513 126
1584620234867 0.531750826943791 127
1584620238329 0.5290920728090721 128
1584620240854 0.5264466124450268 129
1584620243396 0.5238143793828016 130
1584620245732 0.5211953074858876 131
1584620248063 0.5185893309484582 132
1584620252293 0.5159963842937159 133
1584620257941 0.5134164023722473 134
1584620260933 0.510849320360386 135
1584620264098 0.5082950737585841 136
1584620267486 0.5057535983897912 137
1584620271098 0.5032248303978422 138
1584620274993 0.500708706245853 139
1584620279737 0.4982051627146237 140
1584620283457 0.49571413690105054 141
1584620286068 0.4932355662165453 142
1584620288635 0.4907693883854626 143
1584620291124 0.4883155414435353 144
1584620293642 0.4858739637363176 145
1584620296146 0.483444593917636 146
1584620298873 0.4810273709480478 147
1584620303723 0.47862223409330756 148
1584620306429 0.47622912292284103 149
1584620309011 0.4738479773082268 150
1584620311891 0.47147873742168567 151
1584620314566 0.46912134373457726 152
1584620317608 0.46677573701590436 153
1584620320568 0.46444185833082485 154
1584620324690 0.46211964903917074 155
1584620327698 0.4598090507939749 156
1584620330237 0.457510005540005 157
1584620332615 0.45522245551230495 158
1584620334958 0.4529463432347434 159
1584620337281 0.4506816115185697 160
1584620339811 0.4484282034609769 161
1584620342739 0.446186062443672 162
1584620345438 0.4439551321314536 163
1584620347938 0.4417353564707963 164
1584620350311 0.43952667968844233 165
1584620352696 0.43732904629000013 166
1584620355225 0.4351424010585501 167
1584620357613 0.43296668905325736 168
1584620360249 0.43080185560799106 169
1584620362766 0.4286478463299511 170
1584620365423 0.42650460709830135 171
1584620367660 0.42437208406280985 172
1584620370008 0.4222502236424958 173
1584620372432 0.42013897252428334 174
1584620374753 0.4180382776616619 175
1584620377186 0.4159480862733536 176
1584620379615 0.41386834584198684 177
1584620382014 0.4117990041127769 178
1584620384425 0.40974000909221303 179
1584620386911 0.40769130904675194 180
1584620389297 0.40565285250151817 181
1584620391880 0.4036245882390106 182
1584620394748 0.4016064652978155 183
1584620397220 0.3995984329713264 184
1584620399623 0.3976004408064698 185
1584620402305 0.39561243860243744 186
1584620404670 0.3936343764094253 187
1584620406990 0.39166620452737816 188
1584620409304 0.3897078735047413 189
1584620411770 0.3877593341372176 190
1584620414163 0.3858205374665315 191
1584620416672 0.38389143477919885 192
1584620419123 0.3819719776053028 193
1584620421544 0.3800621177172763 194
1584620424192 0.37816180712868996 195
1584620428674 0.37627099809304654 196
1584620431594 0.3743896431025813 197
1584620436758 0.37251769488706843 198
1584620440700 0.3706551064126331 199
1584620443663 0.36880183088056995 200
1584620446590 0.3669578217261671 201
1584620450266 0.36512303261753626 202
1584620455542 0.3632974174544486 203
1584620459400 0.3614809303671764 204
1584620464022 0.3596735257153405 205
1584620467918 0.3578751580867638 206
1584620470385 0.35608578229633 207
1584620472788 0.3543053533848483 208
1584620475127 0.35253382661792404 209
1584620477525 0.3507711574848344 210
1584620479848 0.34901730169741024 211
1584620482224 0.3472722151889232 212
1584620484585 0.3455358541129786 213
1584620486998 0.3438081748424137 214
1584620489598 0.3420891339682016 215
1584620491952 0.3403786882983606 216
1584620494360 0.3386767948568688 217
1584620497035 0.33698341088258443 218
1584620499486 0.3352984938281715 219
1584620502018 0.33362200135903064 220
1584620504888 0.33195389135223546 221
1584620507697 0.3302941218954743 222
1584620510520 0.32864265128599696 223
1584620513488 0.326999438029567 224
1584620519409 0.3253644408394192 225
1584620523992 0.3237376186352221 226
1584620528032 0.322118930542046 227
1584620530555 0.32050833588933575 228
1584620532960 0.31890579420988907 229
1584620535396 0.3173112652388396 230
1584620537736 0.3157247089126454 231
1584620540206 0.3141460853680822 232
1584620542960 0.3125753549412418 233
1584620545395 0.31101247816653554 234
1584620547892 0.30945741577570285 235
1584620550866 0.3079101286968243 236
1584620556020 0.3063705780533402 237
1584620558579 0.30483872516307353 238
1584620561083 0.3033145315372582 239
1584620563827 0.3017979588795719 240
1584620566291 0.30028896908517405 241
1584620569140 0.2987875242397482 242
1584620575241 0.29729358661854943 243
1584620580419 0.29580711868545667 244
1584620583986 0.2943280830920294 245
1584620586671 0.29285644267656924 246
1584620589002 0.2913921604631864 247
1584620591408 0.28993519966087045 248
1584620593991 0.2884855236625661 249
1584620596374 0.28704309604425327 250
1584620598725 0.285607880564032 251
1584620601043 0.28417984116121187 252
1584620603482 0.2827589419554058 253
1584620605810 0.28134514724562876 254
1584620608165 0.2799384215094006 255
1584620610521 0.27853872940185365 256
1584620612984 0.27714603575484437 257
1584620618368 0.2757603055760701 258
1584620621056 0.2743815040481898 259
1584620625055 0.2730095965279488 260
1584620627516 0.27164454854530906 261
1584620629919 0.2702863258025825 262
1584620632306 0.2689348941735696 263
1584620634806 0.26759021970270175 264
1584620640224 0.2662522686041882 265
1584620643606 0.2649210072611673 266
1584620645984 0.26359640222486147 267
1584620648507 0.26227842021373715 268
1584620651024 0.2609670281126685 269
1584620654090 0.25966219297210513 270
1584620657908 0.2583638820072446 271
1584620661295 0.2570720625972084 272
1584620664803 0.25578670228422234 273
1584620667397 0.25450776877280124 274
1584620669801 0.2532352299289372 275
1584620672472 0.2519690537792925 276
1584620675734 0.2507092085103961 277
1584620681097 0.2494556624678441 278
1584620683719 0.24820838415550486 279
1584620686272 0.24696734223472733 280
1584620688843 0.2457325055235537 281
1584620691600 0.24450384299593592 282
1584620694294 0.24328132378095624 283
1584620697489 0.24206491716205145 284
1584620700119 0.2408545925762412 285
1584620702972 0.23965031961336 286
1584620705564 0.2384520680152932 287
1584620708100 0.23725980767521673 288
1584620712328 0.23607350863684065 289
1584620714811 0.23489314109365644 290
1584620717394 0.23371867538818816 291
1584620721026 0.23255008201124722 292
1584620723462 0.231387331601191 293
1584620725780 0.23023039494318503 294
1584620728124 0.2290792429684691 295
1584620730521 0.22793384675362674 296
1584620732888 0.22679417751985861 297
1584620735345 0.22566020663225933 298
1584620737716 0.22453190559909803 299
1584620740215 0.22340924607110255 300
1584620744543 0.22229219984074702 301
1584620747052 0.2211807388415433 302
1584620749583 0.22007483514733558 303
1584620752312 0.2189744609715989 304
1584620754967 0.2178795886667409 305
1584620758024 0.2167901907234072 306
1584620760642 0.21570623976979014 307
1584620763673 0.21462770857094118 308
1584620766131 0.21355457002808648 309
1584620768613 0.21248679717794605 310
1584620771082 0.21142436319205632 311
1584620773945 0.21036724137609603 312
1584620777795 0.20931540516921554 313
1584620780315 0.20826882814336947 314
1584620782792 0.20722748400265262 315
1584620785373 0.20619134658263935 316
1584620787895 0.20516038984972615 317
1584620790619 0.2041345879004775 318
1584620794725 0.2031139149609751 319
1584620800534 0.20209834538617025 320
1584620805151 0.2010878536592394 321
1584620808996 0.2000824143909432 322
1584620812692 0.19908200231898848 323
1584620816293 0.19808659230739353 324
1584620822998 0.19709615934585656 325
1584620826698 0.19611067854912728 326
1584620832887 0.19513012515638165 327
1584620836331 0.19415447453059972 328
1584620840314 0.19318370215794672 329
1584620845345 0.192217783647157 330
1584620849988 0.1912566947289212 331
1584620857985 0.1903004112552766 332
1584620867999 0.18934890919900021 333
1584620873406 0.18840216465300522 334
1584620882060 0.18746015382974018 335
1584620893319 0.1865228530605915 336
1584620901035 0.18559023879528855 337
1584620904964 0.1846622876013121 338
1584620909872 0.18373897616330553 339
1584620914712 0.182820281282489 340
1584620917557 0.18190617987607657 341
1584620920691 0.18099664897669618 342
1584620924096 0.1800916657318127 343
1584620926800 0.17919120740315364 344
1584620929668 0.17829525136613786 345
1584620932564 0.17740377510930716 346
1584620935685 0.17651675623376062 347
1584620938719 0.1756341724525918 348
1584620942317 0.17475600159032884 349
1584620945296 0.17388222158237718 350
1584620948532 0.1730128104744653 351
1584620951427 0.17214774642209296 352
1584620954960 0.1712870076899825 353
1584620957889 0.17043057265153258 354
1584620960467 0.16957841978827493 355
1584620962985 0.16873052768933355 356
1584620965751 0.1678868750508869 357
1584620972831 0.16704744067563246 358
1584620979566 0.1662122034722543 359
1584620986367 0.16538114245489302 360
1584620991969 0.16455423674261854 361
1584620995603 0.16373146555890544 362
1584621001853 0.16291280823111093 363
1584621011157 0.16209824418995536 364
1584621019577 0.16128775296900558 365
1584621026406 0.16048131420416054 366
1584621029638 0.15967890763313974 367
1584621032505 0.15888051309497406 368
1584621039692 0.1580861105294992 369
1584621043371 0.1572956799768517 370
1584621048100 0.15650920157696743 371
1584621054709 0.1557266555690826 372
1584621061714 0.1549480222912372 373
1584621066789 0.15417328217978102 374
1584621069799 0.1534024157688821 375
1584621073191 0.1526354036900377 376
1584621076566 0.1518722266715875 377
1584621080638 0.15111286553822956 378
1584621083630 0.15035730121053842 379
1584621086652 0.14960551470448571 380
1584621089541 0.14885748713096328 381
1584621092516 0.14811319969530845 382
1584621095223 0.1473726336968319 383
1584621097949 0.14663577052834775 384
1584621100623 0.14590259167570602 385
1584621103370 0.1451730787173275 386
1584621106219 0.14444721332374086 387
1584621109180 0.14372497725712216 388
1584621114270 0.14300635237083656 389
1584621117040 0.14229132060898236 390
1584621119899 0.14157986400593744 391
1584621125688 0.14087196468590776 392
1584621131209 0.14016760486247823 393
1584621133790 0.13946676683816583 394
1584621136356 0.138769433003975 395
1584621139083 0.13807558583895513 396
1584621141412 0.13738520790976036 397
1584621143764 0.13669828187021155 398
1584621146102 0.13601479046086049 399
1584621148516 0.1353347165085562 400
1584621150998 0.1346580429260134 401
1584621153595 0.13398475271138335 402
1584621155962 0.13331482894782642 403
1584621158220 0.13264825480308728 404
1584621160765 0.13198501352907185 405
1584621163379 0.1313250884614265 406
1584621165870 0.13066846301911936 407
1584621168508 0.13001512070402377 408
1584621171044 0.12936504510050365 409
1584621173362 0.12871821987500112 410
1584621175681 0.12807462877562611 411
1584621177975 0.12743425563174798 412
1584621180301 0.12679708435358925 413
1584621182674 0.1261630989318213 414
1584621185057 0.1255322834371622 415
1584621187503 0.12490462201997637 416
1584621189892 0.1242800989098765 417
1584621192215 0.12365869841532712 418
1584621194526 0.12304040492325048 419
1584621196813 0.12242520289863423 420
1584621199050 0.12181307688414106 421
1584621201390 0.12120401149972035 422
1584621203732 0.12059799144222175 423
1584621206089 0.11999500148501063 424
1584621208360 0.11939502647758558 425
1584621210712 0.11879805134519765 426
1584621213114 0.11820406108847166 427
1584621215465 0.1176130407830293 428
1584621217733 0.11702497557911415 429
1584621219997 0.11643985070121858 430
1584621222446 0.11585765144771248 431
1584621224783 0.11527836319047392 432
1584621227282 0.11470197137452155 433
1584621229621 0.11412846151764894 434
1584621231996 0.1135578192100607 435
1584621234298 0.11299003011401039 436
1584621236591 0.11242507996344034 437
1584621238823 0.11186295456362313 438
1584621241137 0.11130363979080501 439
1584621243515 0.11074712159185099 440
1584621245826 0.11019338598389174 441
1584621248165 0.10964241905397228 442
1584621250569 0.10909420695870241 443
1584621252877 0.1085487359239089 444
1584621255129 0.10800599224428936 445
1584621257351 0.10746596228306791 446
1584621259570 0.10692863247165257 447
1584621261849 0.1063939893092943 448
1584621264200 0.10586201936274783 449
1584621266536 0.10533270926593409 450
1584621268737 0.10480604571960442 451
1584621270995 0.1042820154910064 452
1584621273248 0.10376060541355137 453
1584621275503 0.1032418023864836 454
1584621277719 0.10272559337455119 455
1584621279952 0.10221196540767843 456
1584621282439 0.10170090558064004 457
1584621284835 0.10119240105273684 458
1584621287167 0.10068643904747315 459
1584621289419 0.10018300685223579 460
1584621291762 0.0996820918179746 461
1584621294065 0.09918368135888474 462
1584621296324 0.09868776295209031 463
1584621298558 0.09819432413732986 464
1584621300883 0.09770335251664321 465
1584621303198 0.09721483575406 466
1584621305429 0.09672876157528969 467
1584621307713 0.09624511776741324 468
1584621309984 0.09576389217857617 469
1584621312280 0.09528507271768329 470
1584621314535 0.09480864735409487 471
1584621316807 0.0943346041173244 472
1584621319034 0.09386293109673778 473
1584621321284 0.09339361644125409 474
1584621323597 0.09292664835904782 475
1584621325822 0.09246201511725258 476
1584621328086 0.09199970504166631 477
1584621330344 0.09153970651645797 478
1584621332627 0.09108200798387568 479
1584621334826 0.0906265979439563 480
1584621337099 0.09017346495423652 481
1584621339433 0.08972259762946533 482
1584621341798 0.089273984641318 483
1584621344112 0.0888276147181114 484
1584621346620 0.08838347664452084 485
1584621349031 0.08794155926129824 486
1584621351334 0.08750185146499175 487
1584621353577 0.08706434220766679 488
1584621355826 0.08662902049662846 489
1584621358066 0.08619587539414532 490
1584621360305 0.08576489601717459 491
1584621362629 0.08533607153708872 492
1584621364858 0.08490939117940327 493
1584621367098 0.08448484422350626 494
1584621369403 0.08406242000238873 495
1584621371693 0.08364210790237678 496
1584621373979 0.0832238973628649 497
1584621376230 0.08280777787605056 498
1584621378615 0.08239373898667031 499
1584621380884 0.08198177029173696 500
1584621383269 0.08157186144027828 501
1584621385607 0.0811640021330769 502
1584621387885 0.08075818212241151 503
1584621390127 0.08035439121179945 504
1584621392480 0.07995261925574046 505
1584621394763 0.07955285615946175 506
1584621397052 0.07915509187866444 507
1584621399290 0.07875931641927113 508
1584621401545 0.07836551983717477 509
1584621403809 0.07797369223798889 510
1584621406111 0.07758382377679894 511
1584621408394 0.07719590465791494 512
1584621410652 0.07680992513462537 513
1584621412906 0.07642587550895225 514
1584621415167 0.07604374613140748 515
1584621417427 0.07566352740075044 516
1584621419755 0.07528520976374668 517
1584621422178 0.07490878371492794 518
1584621424564 0.0745342397963533 519
1584621427057 0.07416156859737154 520
1584621429721 0.07379076075438468 521
1584621432100 0.07342180695061275 522
1584621434437 0.07305469791585968 523
1584621436727 0.07268942442628039 524
1584621439090 0.07232597730414898 525
1584621441430 0.07196434741762824 526
1584621443864 0.0716045256805401 527
1584621446403 0.0712465030521374 528
1584621448686 0.0708902705368767 529
1584621450987 0.07053581918419231 530
1584621453310 0.07018314008827135 531
1584621455604 0.06983222438783 532
1584621457921 0.06948306326589085 533
1584621460198 0.0691356479495614 534
1584621462551 0.06878996970981359 535
1584621464874 0.06844601986126451 536
1584621467178 0.06810378976195819 537
1584621469474 0.0677632708131484 538
1584621471732 0.06742445445908266 539
1584621474032 0.06708733218678724 540
1584621476363 0.0667518955258533 541
1584621478634 0.06641813604822402 542
1584621481427 0.0660860453679829 543
1584621484178 0.06575561514114299 544
1584621486454 0.06542683706543727 545
1584621488740 0.06509970288011008 546
1584621491030 0.06477420436570952 547
1584621493429 0.06445033334388098 548
1584621495706 0.06412808167716157 549
1584621497995 0.06380744126877576 550
1584621500271 0.06348840406243188 551
1584621502566 0.06317096204211972 552
1584621504907 0.06285510723190912 553
1584621507190 0.06254083169574957 554
1584621509426 0.062228127537270826 555
1584621511711 0.06191698689958447 556
1584621514037 0.061607401965086545 557
1584621516349 0.06129936495526111 558
1584621518621 0.0609928681304848 559
1584621520909 0.060687903789832374 560
1584621523252 0.06038446427088321 561
1584621525556 0.06008254194952879 562
1584621527837 0.05978212923978115 563
1584621530109 0.05948321859358224 564
1584621532383 0.05918580250061433 565
1584621534759 0.058889873488111255 566
1584621536984 0.058595424120670696 567
1584621539247 0.05830244700006734 568
1584621541772 0.058010934765067 569
1584621544093 0.05772088009124167 570
1584621546334 0.05743227569078546 571
1584621548676 0.05714511431233153 572
1584621550953 0.05685938874076987 573
1584621553257 0.056575091797066025 574
1584621555532 0.056292216338080694 575
1584621557865 0.05601075525639029 576
1584621560151 0.05573070148010834 577
1584621562421 0.0554520479727078 578
1584621564691 0.05517478773284426 579
1584621566954 0.05489891379418004 580
1584621569252 0.05462441922520914 581
1584621571593 0.0543512971290831 582
1584621573987 0.05407954064343768 583
1584621576318 0.05380914294022049 584
1584621578655 0.05354009722551939 585
1584621580903 0.05327239673939179 586
1584621583274 0.053006034755694834 587
1584621585576 0.052741004581916356 588
1584621587888 0.052477299559006776 589
1584621590191 0.052214913061211746 590
1584621592567 0.05195383849590569 591
1584621594862 0.05169406930342616 592
1584621597322 0.05143559895690903 593
1584621599643 0.051178420962124486 594
1584621602094 0.05092252885731386 595
1584621604470 0.05066791621302729 596
1584621606821 0.05041457663196215 597
1584621609181 0.050162503748802344 598
1584621611504 0.049911691230058335 599
1584621613821 0.04966213277390804 600
1584621616270 0.0494138221100385 601
1584621618583 0.04916675299948831 602
1584621620854 0.04892091923449087 603
1584621623185 0.04867631463831842 604
1584621625495 0.048432933065126825 605
1584621627836 0.048190768399801194 606
1584621630106 0.04794981455780219 607
1584621632464 0.04771006548501318 608
1584621634756 0.047471515157588115 609
1584621637052 0.047234157581800176 610
1584621639515 0.046997986793891174 611
1584621641799 0.04676299685992172 612
1584621644158 0.04652918187562211 613
1584621646528 0.046296535966244 614
1584621648890 0.046065053286412784 615
1584621651291 0.04583472801998072 616
1584621653652 0.045605554379880814 617
1584621655970 0.04537752660798141 618
1584621658326 0.0451506389749415 619
1584621660671 0.044924885780066794 620
1584621663102 0.04470026135116646 621
1584621665444 0.04447676004441063 622
1584621667774 0.04425437624418858 623
1584621670156 0.04403310436296763 624
1584621672499 0.043812938841152796 625
1584621674882 0.04359387414694703 626
1584621677242 0.043375904776212296 627
1584621679578 0.043159025252331236 628
1584621681913 0.04294323012606958 629
1584621684274 0.04272851397543923 630
1584621686588 0.04251487140556204 631
1584621689255 0.04230229704853423 632
1584621691984 0.04209078556329156 633
1584621694373 0.0418803316354751 634
1584621696769 0.041670929977297724 635
1584621699221 0.04146257532741124 636
1584621701618 0.04125526245077418 637
1584621703962 0.04104898613852031 638
1584621706309 0.04084374120782771 639
1584621708714 0.04063952250178857 640
1584621711113 0.04043632488927963 641
1584621713485 0.04023414326483323 642
1584621715801 0.040032972548509065 643
1584621718126 0.03983280768576652 644
1584621720490 0.03963364364733769 645
1584621724312 0.039435475429100995 646
1584621728843 0.03923829805195549 647
1584621731205 0.03904210656169572 648
1584621733634 0.03884689602888724 649
1584621736159 0.0386526615487428 650
1584621738515 0.03845939824099909 651
1584621740832 0.03826710124979409 652
1584621743200 0.038075765743545126 653
1584621745542 0.0378853869148274 654
1584621747824 0.03769595998025326 655
1584621750172 0.03750748018035199 656
1584621752535 0.037319942779450235 657
1584621755068 0.037133343065552986 658
1584621757463 0.03694767635022522 659
1584621759791 0.036762937968474095 660
1584621762185 0.03657912327863173 661
1584621764723 0.036396227662238566 662
1584621767543 0.03621424652392737 663
1584621769865 0.036033175291307735 664
1584621772197 0.03585300941485119 665
1584621774556 0.035673744367776934 666
1584621776899 0.03549537564593805 667
1584621779252 0.035317898767708356 668
1584621781780 0.03514130927386981 669
1584621784185 0.03496560272750046 670
1584621786565 0.03479077471386296 671
1584621788900 0.03461682084029365 672
1584621791281 0.034443736736092176 673
1584621793624 0.034271518052411715 674
1584621796023 0.034100160462149656 675
1584621798322 0.03392965965983891 676
1584621800665 0.033760011361539714 677
1584621803016 0.03359121130473201 678
1584621805347 0.033423255248208356 679
1584621807678 0.03325613897196732 680
1584621810002 0.03308985827710748 681
1584621812407 0.032924408985721944 682
1584621814819 0.03275978694079333 683
1584621817214 0.032595988006089364 684
1584621819554 0.032433008066058915 685
1584621821910 0.03227084302572862 686
1584621824259 0.032109488810599975 687
1584621826666 0.031948941366546975 688
1584621828981 0.03178919665971424 689
1584621831556 0.03163025067641567 690
1584621834014 0.03147209942303359 691
1584621836383 0.03131473892591842 692
1584621838712 0.031158165231288826 693
1584621841114 0.03100237440513238 694
1584621843598 0.030847362533106718 695
1584621845920 0.030693125720441184 696
1584621848292 0.030539660091838977 697
1584621850655 0.03038696179137978 698
1584621853055 0.030235026982422884 699
1584621855486 0.030083851847510768 700
1584621857923 0.029933432588273214 701
1584621860223 0.029783765425331846 702
1584621862629 0.029634846598205186 703
1584621864969 0.02948667236521416 704
1584621867317 0.029339239003388088 705
1584621869608 0.029192542808371146 706
1584621871986 0.02904658009432929 707
1584621874357 0.028901347193857643 708
1584621876712 0.028756840457888354 709
1584621879054 0.02861305625559891 710
1584621881442 0.028469990974320916 711
1584621883751 0.02832764101944931 712
1584621886085 0.028186002814352063 713
1584621888436 0.0280450728002803 714
1584621890785 0.0279048474362789 715
1584621893268 0.027765323199097504 716
1584621895767 0.027626496583102015 717
1584621898112 0.027488364100186506 718
1584621900490 0.027350922279685573 719
1584621902872 0.027214167668287145 720
1584621905221 0.02707809682994571 721
1584621907630 0.02694270634579598 722
1584621910104 0.026807992814067 723
1584621912536 0.026673952849996664 724
1584621914865 0.02654058308574668 725
1584621917234 0.026407880170317945 726
1584621919567 0.026275840769466357 727
1584621921953 0.026144461565619025 728
1584621924339 0.02601373925779093 729
1584621926679 0.025883670561501974 730
1584621929221 0.025754252208694463 731
1584621931588 0.02562548094765099 732
1584621933986 0.025497353542912736 733
1584621936388 0.02536986677519817 734
1584621938772 0.02524301744132218 735
1584621941124 0.025116802354115567 736
1584621943535 0.024991218342344988 737
1584621945937 0.024866262250633264 738
1584621948236 0.024741930939380097 739
1584621950621 0.024618221284683196 740
1584621952968 0.02449513017825978 741
1584621955325 0.02437265452736848 742
1584621957702 0.024250791254731636 743
1584621960133 0.024129537298457977 744
1584621962790 0.024008889611965685 745
1584621965103 0.023888845163905856 746
1584621967425 0.023769400938086327 747
1584621969759 0.023650553933395897 748
1584621972075 0.023532301163728918 749
1584621974473 0.023414639657910272 750
1584621976822 0.023297566459620722 751
1584621979141 0.023181078627322618 752
1584621981465 0.023065173234186005 753
1584621983834 0.022949847368015076 754
1584621986182 0.022835098131175 755
1584621988528 0.022720922640519125 756
1584621990949 0.02260731802731653 757
1584621993319 0.022494281437179946 758
1584621995662 0.022381810029994047 759
1584621997973 0.022269900979844076 760
1584622000297 0.022158551474944856 761
1584622002655 0.022047758717570132 762
1584622005040 0.021937519923982282 763
1584622007359 0.021827832324362372 764
1584622009686 0.02171869316274056 765
1584622012002 0.021610099696926857 766
1584622014364 0.021502049198442223 767
1584622016725 0.021394538952450012 768
1584622019146 0.02128756625768776 769
1584622021537 0.021181128426399323 770
1584622023877 0.021075222784267326 771
1584622026469 0.020969846670345987 772
1584622028778 0.020864997436994256 773
1584622031088 0.020760672449809284 774
1584622033463 0.020656869087560238 775
1584622035814 0.020553584742122436 776
1584622038144 0.020450816818411825 777
1584622040504 0.020348562734319765 778
1584622042987 0.020246819920648168 779
1584622045337 0.020145585821044927 780
1584622047703 0.020044857891939702 781
1584622050019 0.019944633602480003 782
1584622052394 0.019844910434467605 783
1584622054757 0.019745685882295267 784
1584622057150 0.01964695745288379 785
1584622059478 0.01954872266561937 786
1584622061822 0.019450979052291272 787
1584622064141 0.019353724157029815 788
1584622066498 0.019256955536244666 789
1584622068774 0.019160670758563442 790
1584622071089 0.019064867404770626 791
1584622073436 0.018969543067746772 792
1584622075783 0.018874695352408037 793
1584622078126 0.018780321875645996 794
1584622080533 0.018686420266267767 795
1584622083052 0.018592988164936427 796
1584622085414 0.018500023224111744 797
1584622087841 0.018407523107991184 798
1584622090153 0.01831548549245123 799
1584622092522 0.018223908064988973 800
1584622094930 0.018132788524664028 801
1584622097450 0.018042124582040707 802
1584622099753 0.017951913959130504 803
1584622102066 0.01786215438933485 804
1584622104463 0.017772843617388175 805
1584622106806 0.017683979399301233 806
1584622109158 0.017595559502304726 807
1584622111521 0.0175075817047932 808
1584622113856 0.017420043796269234 809
1584622116226 0.017332943577287888 810
1584622118566 0.01724627885940145 811
1584622120930 0.017160047465104442 812
1584622123474 0.01707424722777892 813
1584622125811 0.016988875991640028 814
1584622128145 0.016903931611681827 815
1584622130495 0.01681941195362342 816
1584622132813 0.016735314893855303 817
1584622135103 0.016651638319386028 818
1584622137458 0.0165683801277891 819
1584622139732 0.016485538227150154 820
1584622142074 0.0164031105360144 821
1584622144412 0.01632109498333433 822
1584622146701 0.016239489508417658 823
1584622148983 0.01615829206087557 824
1584622151271 0.01607750060057119 825
1584622153577 0.015997113097568336 826
1584622155863 0.015917127532080494 827
