1584619883898 300 1
1584619887766 300 2
1584619890819 300 3
1584619893914 300 4
1584619896937 300 5
1584619899987 300 6
1584619903112 300 7
1584619907458 300 8
1584619910916 300 9
1584619913472 300 10
1584619916401 300 11
1584619920205 300 12
1584619922970 300 13
1584619925979 300 14
1584619928922 300 15
1584619931270 300 16
1584619933656 300 17
1584619935842 300 18
1584619939117 300 19
1584619942023 300 20
1584619944676 300 21
1584619946891 300 22
1584619949206 300 23
1584619951719 300 24
1584619954374 300 25
1584619956808 300 26
1584619959182 300 27
1584619961526 300 28
1584619964008 300 29
1584619966429 300 30
1584619968734 300 31
1584619971055 300 32
1584619973549 300 33
1584619975991 300 34
1584619978318 300 35
1584619980877 300 36
1584619983696 300 37
1584619985892 300 38
1584619988136 300 39
1584619990377 300 40
1584619992703 300 41
1584619994922 300 42
1584619997116 300 43
1584619999359 300 44
1584620001550 300 45
1584620004131 300 46
1584620006397 300 47
1584620008596 300 48
1584620010780 300 49
1584620012988 300 50
1584620015208 300 51
1584620017452 300 52
1584620019659 300 53
1584620021923 300 54
1584620024213 300 55
1584620026427 300 56
1584620028617 300 57
1584620030850 300 58
1584620033114 300 59
1584620035485 300 60
1584620037710 300 61
1584620040274 300 62
1584620042613 300 63
1584620044806 300 64
1584620047044 300 65
1584620049239 300 66
1584620051445 300 67
1584620053677 300 68
1584620055895 300 69
1584620058080 300 70
1584620060277 300 71
1584620062526 300 72
1584620066945 300 73
1584620072378 300 74
1584620076165 300 75
1584620081883 300 76
1584620086828 300 77
1584620091193 300 78
1584620095137 300 79
1584620099470 300 80
1584620103995 300 81
1584620107685 300 82
1584620111955 300 83
1584620115844 300 84
1584620118277 300 85
1584620120944 300 86
1584620125220 300 87
1584620127532 300 88
1584620129923 300 89
1584620132476 300 90
1584620134978 300 91
1584620137687 300 92
1584620140111 300 93
1584620143873 300 94
1584620149001 300 95
1584620151301 300 96
1584620153680 300 97
1584620156118 300 98
1584620158594 300 99
1584620163799 300 100
1584620166334 300 101
1584620168981 300 102
1584620171812 300 103
1584620174199 300 104
1584620176591 300 105
1584620178970 300 106
1584620181539 300 107
1584620183903 300 108
1584620186245 300 109
1584620188746 300 110
1584620191224 300 111
1584620193758 300 112
1584620196263 300 113
1584620198601 300 114
1584620201213 300 115
1584620203857 300 116
1584620206202 300 117
1584620208800 300 118
1584620212782 300 119
1584620216645 300 120
1584620219131 300 121
1584620222183 300 122
1584620224735 300 123
1584620227242 300 124
1584620229667 300 125
1584620232196 300 126
1584620234867 300 127
1584620238329 300 128
1584620240854 300 129
1584620243396 300 130
1584620245732 300 131
1584620248063 300 132
1584620252293 300 133
1584620257941 300 134
1584620260933 300 135
1584620264098 300 136
1584620267486 300 137
1584620271098 300 138
1584620274993 300 139
1584620279737 300 140
1584620283457 300 141
1584620286068 300 142
1584620288635 300 143
1584620291124 300 144
1584620293642 300 145
1584620296146 300 146
1584620298873 300 147
1584620303723 300 148
1584620306429 300 149
1584620309011 300 150
1584620311891 300 151
1584620314566 300 152
1584620317608 300 153
1584620320568 300 154
1584620324690 300 155
1584620327698 300 156
1584620330237 300 157
1584620332615 300 158
1584620334958 300 159
1584620337281 300 160
1584620339811 300 161
1584620342739 300 162
1584620345438 300 163
1584620347938 300 164
1584620350311 300 165
1584620352696 300 166
1584620355225 300 167
1584620357613 300 168
1584620360249 300 169
1584620362766 300 170
1584620365423 300 171
1584620367660 300 172
1584620370008 300 173
1584620372432 300 174
1584620374753 300 175
1584620377186 300 176
1584620379615 300 177
1584620382014 300 178
1584620384425 300 179
1584620386911 300 180
1584620389297 300 181
1584620391880 300 182
1584620394748 300 183
1584620397220 300 184
1584620399623 300 185
1584620402305 300 186
1584620404670 300 187
1584620406990 300 188
1584620409304 300 189
1584620411770 300 190
1584620414163 300 191
1584620416672 300 192
1584620419123 300 193
1584620421544 300 194
1584620424192 300 195
1584620428674 300 196
1584620431594 300 197
1584620436758 300 198
1584620440700 300 199
1584620443663 300 200
1584620446590 300 201
1584620450266 300 202
1584620455542 300 203
1584620459400 300 204
1584620464022 300 205
1584620467918 300 206
1584620470385 300 207
1584620472788 300 208
1584620475127 300 209
1584620477525 300 210
1584620479848 300 211
1584620482224 300 212
1584620484585 300 213
1584620486998 300 214
1584620489598 300 215
1584620491952 300 216
1584620494360 300 217
1584620497035 300 218
1584620499486 300 219
1584620502018 300 220
1584620504888 300 221
1584620507697 300 222
1584620510520 300 223
1584620513488 300 224
1584620519409 300 225
1584620523992 300 226
1584620528032 300 227
1584620530555 300 228
1584620532960 300 229
1584620535396 300 230
1584620537736 300 231
1584620540206 300 232
1584620542960 300 233
1584620545395 300 234
1584620547892 300 235
1584620550866 300 236
1584620556020 300 237
1584620558579 300 238
1584620561083 300 239
1584620563827 300 240
1584620566291 300 241
1584620569140 300 242
1584620575241 300 243
1584620580419 300 244
1584620583986 300 245
1584620586671 300 246
1584620589002 300 247
1584620591408 300 248
1584620593991 300 249
1584620596374 300 250
1584620598725 300 251
1584620601043 300 252
1584620603482 300 253
1584620605810 300 254
1584620608165 300 255
1584620610521 300 256
1584620612984 300 257
1584620618368 300 258
1584620621056 300 259
1584620625055 300 260
1584620627516 300 261
1584620629919 300 262
1584620632306 300 263
1584620634806 300 264
1584620640224 300 265
1584620643606 300 266
1584620645984 300 267
1584620648507 300 268
1584620651024 300 269
1584620654090 300 270
1584620657908 300 271
1584620661295 300 272
1584620664803 300 273
1584620667397 300 274
1584620669801 300 275
1584620672472 300 276
1584620675734 300 277
1584620681097 300 278
1584620683719 300 279
1584620686272 300 280
1584620688843 300 281
1584620691600 300 282
1584620694294 300 283
1584620697489 300 284
1584620700119 300 285
1584620702972 300 286
1584620705564 300 287
1584620708100 300 288
1584620712328 300 289
1584620714811 300 290
1584620717394 300 291
1584620721026 300 292
1584620723462 300 293
1584620725780 300 294
1584620728124 300 295
1584620730521 300 296
1584620732888 300 297
1584620735345 300 298
1584620737716 300 299
1584620740215 300 300
1584620744543 300 301
1584620747052 300 302
1584620749583 300 303
1584620752312 300 304
1584620754967 300 305
1584620758024 300 306
1584620760642 300 307
1584620763673 300 308
1584620766131 300 309
1584620768613 300 310
1584620771082 300 311
1584620773945 300 312
1584620777795 300 313
1584620780315 300 314
1584620782792 300 315
1584620785373 300 316
1584620787895 300 317
1584620790619 300 318
1584620794725 300 319
1584620800534 300 320
1584620805151 300 321
1584620808996 300 322
1584620812692 300 323
1584620816293 300 324
1584620822998 300 325
1584620826698 300 326
1584620832887 300 327
1584620836331 300 328
1584620840314 300 329
1584620845345 300 330
1584620849988 300 331
1584620857985 300 332
1584620867999 300 333
1584620873406 300 334
1584620882060 300 335
1584620893319 300 336
1584620901035 300 337
1584620904964 300 338
1584620909872 300 339
1584620914712 300 340
1584620917557 300 341
1584620920691 300 342
1584620924096 300 343
1584620926800 300 344
1584620929668 300 345
1584620932564 300 346
1584620935685 300 347
1584620938719 300 348
1584620942317 300 349
1584620945296 300 350
1584620948532 300 351
1584620951427 300 352
1584620954960 300 353
1584620957889 300 354
1584620960467 300 355
1584620962985 300 356
1584620965751 300 357
1584620972831 300 358
1584620979566 300 359
1584620986367 300 360
1584620991969 300 361
1584620995603 300 362
1584621001853 300 363
1584621011157 300 364
1584621019577 300 365
1584621026406 300 366
1584621029638 300 367
1584621032505 300 368
1584621039692 300 369
1584621043371 300 370
1584621048100 300 371
1584621054709 300 372
1584621061714 300 373
1584621066789 300 374
1584621069799 300 375
1584621073191 300 376
1584621076566 300 377
1584621080638 300 378
1584621083630 300 379
1584621086652 300 380
1584621089541 300 381
1584621092516 300 382
1584621095223 300 383
1584621097949 300 384
1584621100623 300 385
1584621103370 300 386
1584621106219 300 387
1584621109180 300 388
1584621114270 300 389
1584621117040 300 390
1584621119899 300 391
1584621125688 300 392
1584621131209 300 393
1584621133790 300 394
1584621136356 300 395
1584621139083 300 396
1584621141412 300 397
1584621143764 300 398
1584621146102 300 399
1584621148516 300 400
1584621150998 300 401
1584621153595 300 402
1584621155962 300 403
1584621158220 300 404
1584621160765 300 405
1584621163379 300 406
1584621165870 300 407
1584621168508 300 408
1584621171044 300 409
1584621173362 300 410
1584621175681 300 411
1584621177975 300 412
1584621180301 300 413
1584621182674 300 414
1584621185057 300 415
1584621187503 300 416
1584621189892 300 417
1584621192215 300 418
1584621194526 300 419
1584621196813 300 420
1584621199050 300 421
1584621201390 300 422
1584621203732 300 423
1584621206089 300 424
1584621208360 300 425
1584621210712 300 426
1584621213114 300 427
1584621215465 300 428
1584621217733 300 429
1584621219997 300 430
1584621222446 300 431
1584621224783 300 432
1584621227282 300 433
1584621229621 300 434
1584621231996 300 435
1584621234298 300 436
1584621236591 300 437
1584621238823 300 438
1584621241137 300 439
1584621243515 300 440
1584621245826 300 441
1584621248165 300 442
1584621250569 300 443
1584621252877 300 444
1584621255129 300 445
1584621257351 300 446
1584621259570 300 447
1584621261849 300 448
1584621264200 300 449
1584621266536 300 450
1584621268737 300 451
1584621270995 300 452
1584621273248 300 453
1584621275503 300 454
1584621277719 300 455
1584621279952 300 456
1584621282439 300 457
1584621284835 300 458
1584621287167 300 459
1584621289419 300 460
1584621291762 300 461
1584621294065 300 462
1584621296324 300 463
1584621298558 300 464
1584621300883 300 465
1584621303198 300 466
1584621305429 300 467
1584621307713 300 468
1584621309984 300 469
1584621312280 300 470
1584621314535 300 471
1584621316807 300 472
1584621319034 300 473
1584621321284 300 474
1584621323597 300 475
1584621325822 300 476
1584621328086 300 477
1584621330344 300 478
1584621332627 300 479
1584621334826 300 480
1584621337099 300 481
1584621339433 300 482
1584621341798 300 483
1584621344112 300 484
1584621346620 300 485
1584621349031 300 486
1584621351334 300 487
1584621353577 300 488
1584621355826 300 489
1584621358066 300 490
1584621360305 300 491
1584621362629 300 492
1584621364858 300 493
1584621367098 300 494
1584621369403 300 495
1584621371693 300 496
1584621373979 300 497
1584621376230 300 498
1584621378615 300 499
1584621380884 300 500
1584621383269 300 501
1584621385607 300 502
1584621387885 300 503
1584621390127 300 504
1584621392480 300 505
1584621394763 300 506
1584621397052 300 507
1584621399290 300 508
1584621401545 300 509
1584621403809 300 510
1584621406111 300 511
1584621408394 300 512
1584621410652 300 513
1584621412906 300 514
1584621415167 300 515
1584621417427 300 516
1584621419755 300 517
1584621422178 300 518
1584621424564 300 519
1584621427057 300 520
1584621429721 300 521
1584621432100 300 522
1584621434437 300 523
1584621436727 300 524
1584621439090 300 525
1584621441430 300 526
1584621443864 300 527
1584621446403 300 528
1584621448686 300 529
1584621450987 300 530
1584621453310 300 531
1584621455604 300 532
1584621457921 300 533
1584621460198 300 534
1584621462551 300 535
1584621464874 300 536
1584621467178 300 537
1584621469474 300 538
1584621471732 300 539
1584621474032 300 540
1584621476363 300 541
1584621478634 300 542
1584621481427 300 543
1584621484178 300 544
1584621486454 300 545
1584621488740 300 546
1584621491030 300 547
1584621493429 300 548
1584621495706 300 549
1584621497995 300 550
1584621500271 300 551
1584621502566 300 552
1584621504907 300 553
1584621507190 300 554
1584621509426 300 555
1584621511711 300 556
1584621514037 300 557
1584621516349 300 558
1584621518621 300 559
1584621520909 300 560
1584621523252 300 561
1584621525556 300 562
1584621527837 300 563
1584621530109 300 564
1584621532383 300 565
1584621534759 300 566
1584621536984 300 567
1584621539247 300 568
1584621541772 300 569
1584621544093 300 570
1584621546334 300 571
1584621548676 300 572
1584621550953 300 573
1584621553257 300 574
1584621555532 300 575
1584621557865 300 576
1584621560151 300 577
1584621562421 300 578
1584621564691 300 579
1584621566954 300 580
1584621569252 300 581
1584621571593 300 582
1584621573987 300 583
1584621576318 300 584
1584621578655 300 585
1584621580903 300 586
1584621583274 300 587
1584621585576 300 588
1584621587888 300 589
1584621590191 300 590
1584621592567 300 591
1584621594862 300 592
1584621597322 300 593
1584621599643 300 594
1584621602094 300 595
1584621604470 300 596
1584621606821 300 597
1584621609181 300 598
1584621611504 300 599
1584621613821 300 600
1584621616270 300 601
1584621618583 300 602
1584621620854 300 603
1584621623185 300 604
1584621625495 300 605
1584621627836 300 606
1584621630106 300 607
1584621632464 300 608
1584621634756 300 609
1584621637052 300 610
1584621639515 300 611
1584621641799 300 612
1584621644158 300 613
1584621646528 300 614
1584621648890 300 615
1584621651291 300 616
1584621653652 300 617
1584621655970 300 618
1584621658326 300 619
1584621660671 300 620
1584621663102 300 621
1584621665444 300 622
1584621667774 300 623
1584621670156 300 624
1584621672499 300 625
1584621674882 300 626
1584621677242 300 627
1584621679578 300 628
1584621681913 300 629
1584621684274 300 630
1584621686588 300 631
1584621689255 300 632
1584621691984 300 633
1584621694373 300 634
1584621696769 300 635
1584621699221 300 636
1584621701618 300 637
1584621703962 300 638
1584621706309 300 639
1584621708714 300 640
1584621711113 300 641
1584621713485 300 642
1584621715801 300 643
1584621718126 300 644
1584621720490 300 645
1584621724312 300 646
1584621728843 300 647
1584621731205 300 648
1584621733634 300 649
1584621736159 300 650
1584621738515 300 651
1584621740832 300 652
1584621743200 300 653
1584621745542 300 654
1584621747824 300 655
1584621750172 300 656
1584621752535 300 657
1584621755068 300 658
1584621757463 300 659
1584621759791 300 660
1584621762185 300 661
1584621764723 300 662
1584621767543 300 663
1584621769865 300 664
1584621772197 300 665
1584621774556 300 666
1584621776899 300 667
1584621779252 300 668
1584621781780 300 669
1584621784185 300 670
1584621786565 300 671
1584621788900 300 672
1584621791281 300 673
1584621793624 300 674
1584621796023 300 675
1584621798322 300 676
1584621800665 300 677
1584621803016 300 678
1584621805347 300 679
1584621807678 300 680
1584621810002 300 681
1584621812407 300 682
1584621814819 300 683
1584621817214 300 684
1584621819554 300 685
1584621821910 300 686
1584621824259 300 687
1584621826666 300 688
1584621828981 300 689
1584621831556 300 690
1584621834014 300 691
1584621836383 300 692
1584621838712 300 693
1584621841114 300 694
1584621843598 300 695
1584621845920 300 696
1584621848292 300 697
1584621850655 300 698
1584621853055 300 699
1584621855486 300 700
1584621857923 300 701
1584621860223 300 702
1584621862629 300 703
1584621864969 300 704
1584621867317 300 705
1584621869608 300 706
1584621871986 300 707
1584621874357 300 708
1584621876712 300 709
1584621879054 300 710
1584621881442 300 711
1584621883751 300 712
1584621886085 300 713
1584621888436 300 714
1584621890785 300 715
1584621893268 300 716
1584621895767 300 717
1584621898112 300 718
1584621900490 300 719
1584621902872 300 720
1584621905221 300 721
1584621907630 300 722
1584621910104 300 723
1584621912536 300 724
1584621914865 300 725
1584621917234 300 726
1584621919567 300 727
1584621921953 300 728
1584621924339 300 729
1584621926679 300 730
1584621929221 300 731
1584621931588 300 732
1584621933986 300 733
1584621936388 300 734
1584621938772 300 735
1584621941124 300 736
1584621943535 300 737
1584621945937 300 738
1584621948236 300 739
1584621950621 300 740
1584621952968 300 741
1584621955325 300 742
1584621957702 300 743
1584621960133 300 744
1584621962790 300 745
1584621965103 300 746
1584621967425 300 747
1584621969759 300 748
1584621972075 300 749
1584621974473 300 750
1584621976822 300 751
1584621979141 300 752
1584621981465 300 753
1584621983834 300 754
1584621986182 300 755
1584621988528 300 756
1584621990949 300 757
1584621993319 300 758
1584621995662 300 759
1584621997973 300 760
1584622000297 300 761
1584622002655 300 762
1584622005040 300 763
1584622007359 300 764
1584622009686 300 765
1584622012002 300 766
1584622014364 300 767
1584622016725 300 768
1584622019146 300 769
1584622021537 300 770
1584622023877 300 771
1584622026469 300 772
1584622028778 300 773
1584622031088 300 774
1584622033463 300 775
1584622035814 300 776
1584622038144 300 777
1584622040504 300 778
1584622042987 300 779
1584622045337 300 780
1584622047703 300 781
1584622050019 300 782
1584622052394 300 783
1584622054757 300 784
1584622057150 300 785
1584622059478 300 786
1584622061822 300 787
1584622064141 300 788
1584622066498 300 789
1584622068774 300 790
1584622071089 300 791
1584622073436 300 792
1584622075783 300 793
1584622078126 300 794
1584622080533 300 795
1584622083052 300 796
1584622085414 300 797
1584622087841 300 798
1584622090153 300 799
1584622092522 300 800
1584622094930 300 801
1584622097450 300 802
1584622099753 300 803
1584622102066 300 804
1584622104463 300 805
1584622106806 300 806
1584622109158 300 807
1584622111521 300 808
1584622113856 300 809
1584622116226 300 810
1584622118566 300 811
1584622120930 300 812
1584622123474 300 813
1584622125811 300 814
1584622128145 300 815
1584622130495 300 816
1584622132813 300 817
1584622135103 300 818
1584622137458 300 819
1584622139732 300 820
1584622142074 300 821
1584622144412 300 822
1584622146701 300 823
1584622148983 300 824
1584622151271 300 825
1584622153577 300 826
1584622155863 300 827
