1584619883898 0.0 1
1584619887766 -1.0 2
1584619890819 1.0 3
1584619893914 1.0 4
1584619896937 0.0 5
1584619899987 -1.0 6
1584619903112 0.0 7
1584619907458 1.0 8
1584619910916 0.0 9
1584619913472 0.0 10
1584619916401 -3.0 11
1584619920205 1.0 12
1584619922970 0.0 13
1584619925979 0.0 14
1584619928922 0.0 15
1584619931270 0.0 16
1584619933656 0.0 17
1584619935842 2.0 18
1584619939117 2.0 19
1584619942023 1.0 20
1584619944676 0.0 21
1584619946891 2.0 22
1584619949206 0.0 23
1584619951719 0.0 24
1584619954374 -1.0 25
1584619956808 -1.0 26
1584619959182 1.0 27
1584619961526 1.0 28
1584619964008 0.0 29
1584619966429 1.0 30
1584619968734 -1.0 31
1584619971055 0.0 32
1584619973549 -1.0 33
1584619975991 2.0 34
1584619978318 1.0 35
1584619980877 -2.0 36
1584619983696 0.0 37
1584619985892 0.0 38
1584619988136 0.0 39
1584619990377 0.0 40
1584619992703 0.0 41
1584619994922 1.0 42
1584619997116 3.0 43
1584619999359 -1.0 44
1584620001550 2.0 45
1584620004131 0.0 46
1584620006397 0.0 47
1584620008596 2.0 48
1584620010780 2.0 49
1584620012988 1.0 50
1584620015208 0.0 51
1584620017452 -1.0 52
1584620019659 0.0 53
1584620021923 0.0 54
1584620024213 3.0 55
1584620026427 0.0 56
1584620028617 -1.0 57
1584620030850 0.0 58
1584620033114 1.0 59
1584620035485 3.0 60
1584620037710 0.0 61
1584620040274 2.0 62
1584620042613 4.0 63
1584620044806 2.0 64
1584620047044 0.0 65
1584620049239 -3.0 66
1584620051445 2.0 67
1584620053677 2.0 68
1584620055895 3.0 69
1584620058080 2.0 70
1584620060277 -1.0 71
1584620062526 1.0 72
1584620066945 1.0 73
1584620072378 3.0 74
1584620076165 0.0 75
1584620081883 0.0 76
1584620086828 0.0 77
1584620091193 3.0 78
1584620095137 4.0 79
1584620099470 3.0 80
1584620103995 3.0 81
1584620107685 2.0 82
1584620111955 4.0 83
1584620115844 4.0 84
1584620118277 2.0 85
1584620120944 0.0 86
1584620125220 -1.0 87
1584620127532 2.0 88
1584620129923 4.0 89
1584620132476 2.0 90
1584620134978 5.0 91
1584620137687 1.0 92
1584620140111 3.0 93
1584620143873 2.0 94
1584620149001 2.0 95
1584620151301 4.0 96
1584620153680 2.0 97
1584620156118 2.0 98
1584620158594 2.0 99
1584620163799 1.0 100
1584620166334 1.0 101
1584620168981 4.0 102
1584620171812 5.0 103
1584620174199 3.0 104
1584620176591 2.0 105
1584620178970 5.0 106
1584620181539 2.0 107
1584620183903 4.0 108
1584620186245 3.0 109
1584620188746 7.0 110
1584620191224 4.0 111
1584620193758 1.0 112
1584620196263 6.0 113
1584620198601 2.0 114
1584620201213 2.0 115
1584620203857 5.0 116
1584620206202 4.0 117
1584620208800 2.0 118
1584620212782 0.0 119
1584620216645 1.0 120
1584620219131 2.0 121
1584620222183 4.0 122
1584620224735 1.0 123
1584620227242 6.0 124
1584620229667 1.0 125
1584620232196 2.0 126
1584620234867 3.0 127
1584620238329 6.0 128
1584620240854 5.0 129
1584620243396 1.0 130
1584620245732 4.0 131
1584620248063 3.0 132
1584620252293 4.0 133
1584620257941 0.0 134
1584620260933 7.0 135
1584620264098 4.0 136
1584620267486 0.0 137
1584620271098 5.0 138
1584620274993 7.0 139
1584620279737 6.0 140
1584620283457 5.0 141
1584620286068 3.0 142
1584620288635 5.0 143
1584620291124 3.0 144
1584620293642 2.0 145
1584620296146 8.0 146
1584620298873 7.0 147
1584620303723 7.0 148
1584620306429 7.0 149
1584620309011 4.0 150
1584620311891 5.0 151
1584620314566 4.0 152
1584620317608 1.0 153
1584620320568 2.0 154
1584620324690 5.0 155
1584620327698 3.0 156
1584620330237 7.0 157
1584620332615 6.0 158
1584620334958 8.0 159
1584620337281 7.0 160
1584620339811 7.0 161
1584620342739 4.0 162
1584620345438 6.0 163
1584620347938 5.0 164
1584620350311 6.0 165
1584620352696 1.0 166
1584620355225 6.0 167
1584620357613 9.0 168
1584620360249 6.0 169
1584620362766 7.0 170
1584620365423 5.0 171
1584620367660 5.0 172
1584620370008 8.0 173
1584620372432 4.0 174
1584620374753 3.0 175
1584620377186 7.0 176
1584620379615 10.0 177
1584620382014 8.0 178
1584620384425 11.0 179
1584620386911 5.0 180
1584620389297 8.0 181
1584620391880 5.0 182
1584620394748 7.0 183
1584620397220 1.0 184
1584620399623 6.0 185
1584620402305 13.0 186
1584620404670 5.0 187
1584620406990 0.0 188
1584620409304 1.0 189
1584620411770 10.0 190
1584620414163 5.0 191
1584620416672 8.0 192
1584620419123 6.0 193
1584620421544 6.0 194
1584620424192 5.0 195
1584620428674 5.0 196
1584620431594 2.0 197
1584620436758 1.0 198
1584620440700 7.0 199
1584620443663 7.0 200
1584620446590 -1.0 201
1584620450266 1.0 202
1584620455542 4.0 203
1584620459400 7.0 204
1584620464022 4.0 205
1584620467918 5.0 206
1584620470385 7.0 207
1584620472788 2.0 208
1584620475127 7.0 209
1584620477525 3.0 210
1584620479848 7.0 211
1584620482224 3.0 212
1584620484585 9.0 213
1584620486998 6.0 214
1584620489598 2.0 215
1584620491952 9.0 216
1584620494360 8.0 217
1584620497035 6.0 218
1584620499486 3.0 219
1584620502018 6.0 220
1584620504888 8.0 221
1584620507697 3.0 222
1584620510520 9.0 223
1584620513488 6.0 224
1584620519409 9.0 225
1584620523992 3.0 226
1584620528032 8.0 227
1584620530555 4.0 228
1584620532960 5.0 229
1584620535396 7.0 230
1584620537736 5.0 231
1584620540206 9.0 232
1584620542960 11.0 233
1584620545395 5.0 234
1584620547892 5.0 235
1584620550866 7.0 236
1584620556020 2.0 237
1584620558579 7.0 238
1584620561083 12.0 239
1584620563827 6.0 240
1584620566291 8.0 241
1584620569140 2.0 242
1584620575241 4.0 243
1584620580419 10.0 244
1584620583986 7.0 245
1584620586671 4.0 246
1584620589002 7.0 247
1584620591408 8.0 248
1584620593991 8.0 249
1584620596374 4.0 250
1584620598725 1.0 251
1584620601043 9.0 252
1584620603482 6.0 253
1584620605810 3.0 254
1584620608165 5.0 255
1584620610521 8.0 256
1584620612984 11.0 257
1584620618368 10.0 258
1584620621056 10.0 259
1584620625055 7.0 260
1584620627516 2.0 261
1584620629919 0.0 262
1584620632306 7.0 263
1584620634806 11.0 264
1584620640224 4.0 265
1584620643606 7.0 266
1584620645984 7.0 267
1584620648507 4.0 268
1584620651024 5.0 269
1584620654090 10.0 270
1584620657908 7.0 271
1584620661295 6.0 272
1584620664803 2.0 273
1584620667397 12.0 274
1584620669801 2.0 275
1584620672472 3.0 276
1584620675734 10.0 277
1584620681097 11.0 278
1584620683719 8.0 279
1584620686272 8.0 280
1584620688843 5.0 281
1584620691600 3.0 282
1584620694294 11.0 283
1584620697489 8.0 284
1584620700119 12.0 285
1584620702972 11.0 286
1584620705564 6.0 287
1584620708100 9.0 288
1584620712328 5.0 289
1584620714811 9.0 290
1584620717394 9.0 291
1584620721026 9.0 292
1584620723462 8.0 293
1584620725780 9.0 294
1584620728124 7.0 295
1584620730521 8.0 296
1584620732888 11.0 297
1584620735345 15.0 298
1584620737716 4.0 299
1584620740215 12.0 300
1584620744543 10.0 301
1584620747052 8.0 302
1584620749583 12.0 303
1584620752312 15.0 304
1584620754967 5.0 305
1584620758024 2.0 306
1584620760642 15.0 307
1584620763673 5.0 308
1584620766131 9.0 309
1584620768613 8.0 310
1584620771082 12.0 311
1584620773945 9.0 312
1584620777795 7.0 313
1584620780315 6.0 314
1584620782792 5.0 315
1584620785373 17.0 316
1584620787895 9.0 317
1584620790619 9.0 318
1584620794725 1.0 319
1584620800534 13.0 320
1584620805151 3.0 321
1584620808996 7.0 322
1584620812692 11.0 323
1584620816293 14.0 324
1584620822998 12.0 325
1584620826698 10.0 326
1584620832887 5.0 327
1584620836331 8.0 328
1584620840314 13.0 329
1584620845345 8.0 330
1584620849988 10.0 331
1584620857985 14.0 332
1584620867999 11.0 333
1584620873406 8.0 334
1584620882060 9.0 335
1584620893319 11.0 336
1584620901035 14.0 337
1584620904964 6.0 338
1584620909872 18.0 339
1584620914712 5.0 340
1584620917557 5.0 341
1584620920691 2.0 342
1584620924096 8.0 343
1584620926800 12.0 344
1584620929668 6.0 345
1584620932564 7.0 346
1584620935685 9.0 347
1584620938719 5.0 348
1584620942317 16.0 349
1584620945296 11.0 350
1584620948532 11.0 351
1584620951427 8.0 352
1584620954960 10.0 353
1584620957889 8.0 354
1584620960467 10.0 355
1584620962985 14.0 356
1584620965751 12.0 357
1584620972831 4.0 358
1584620979566 8.0 359
1584620986367 3.0 360
1584620991969 10.0 361
1584620995603 11.0 362
1584621001853 5.0 363
1584621011157 18.0 364
1584621019577 7.0 365
1584621026406 10.0 366
1584621029638 12.0 367
1584621032505 12.0 368
1584621039692 13.0 369
1584621043371 8.0 370
1584621048100 15.0 371
1584621054709 15.0 372
1584621061714 11.0 373
1584621066789 13.0 374
1584621069799 3.0 375
1584621073191 13.0 376
1584621076566 14.0 377
1584621080638 12.0 378
1584621083630 6.0 379
1584621086652 14.0 380
1584621089541 7.0 381
1584621092516 7.0 382
1584621095223 15.0 383
1584621097949 6.0 384
1584621100623 12.0 385
1584621103370 16.0 386
1584621106219 15.0 387
1584621109180 13.0 388
1584621114270 16.0 389
1584621117040 11.0 390
1584621119899 16.0 391
1584621125688 5.0 392
1584621131209 8.0 393
1584621133790 7.0 394
1584621136356 9.0 395
1584621139083 19.0 396
1584621141412 14.0 397
1584621143764 16.0 398
1584621146102 11.0 399
1584621148516 12.0 400
1584621150998 10.0 401
1584621153595 20.0 402
1584621155962 4.0 403
1584621158220 9.0 404
1584621160765 11.0 405
1584621163379 6.0 406
1584621165870 16.0 407
1584621168508 15.0 408
1584621171044 14.0 409
1584621173362 12.0 410
1584621175681 6.0 411
1584621177975 6.0 412
1584621180301 2.0 413
1584621182674 10.0 414
1584621185057 8.0 415
1584621187503 10.0 416
1584621189892 18.0 417
1584621192215 11.0 418
1584621194526 16.0 419
1584621196813 13.0 420
1584621199050 16.0 421
1584621201390 7.0 422
1584621203732 15.0 423
1584621206089 16.0 424
1584621208360 17.0 425
1584621210712 18.0 426
1584621213114 2.0 427
1584621215465 10.0 428
1584621217733 13.0 429
1584621219997 15.0 430
1584621222446 16.0 431
1584621224783 15.0 432
1584621227282 12.0 433
1584621229621 11.0 434
1584621231996 12.0 435
1584621234298 12.0 436
1584621236591 14.0 437
1584621238823 11.0 438
1584621241137 18.0 439
1584621243515 17.0 440
1584621245826 15.0 441
1584621248165 20.0 442
1584621250569 11.0 443
1584621252877 8.0 444
1584621255129 14.0 445
1584621257351 8.0 446
1584621259570 10.0 447
1584621261849 12.0 448
1584621264200 16.0 449
1584621266536 16.0 450
1584621268737 9.0 451
1584621270995 5.0 452
1584621273248 14.0 453
1584621275503 12.0 454
1584621277719 11.0 455
1584621279952 12.0 456
1584621282439 11.0 457
1584621284835 12.0 458
1584621287167 17.0 459
1584621289419 10.0 460
1584621291762 19.0 461
1584621294065 15.0 462
1584621296324 16.0 463
1584621298558 8.0 464
1584621300883 16.0 465
1584621303198 19.0 466
1584621305429 11.0 467
1584621307713 17.0 468
1584621309984 7.0 469
1584621312280 11.0 470
1584621314535 10.0 471
1584621316807 15.0 472
1584621319034 11.0 473
1584621321284 12.0 474
1584621323597 10.0 475
1584621325822 13.0 476
1584621328086 12.0 477
1584621330344 15.0 478
1584621332627 16.0 479
1584621334826 15.0 480
1584621337099 21.0 481
1584621339433 13.0 482
1584621341798 10.0 483
1584621344112 9.0 484
1584621346620 16.0 485
1584621349031 20.0 486
1584621351334 16.0 487
1584621353577 8.0 488
1584621355826 10.0 489
1584621358066 18.0 490
1584621360305 16.0 491
1584621362629 13.0 492
1584621364858 15.0 493
1584621367098 18.0 494
1584621369403 20.0 495
1584621371693 14.0 496
1584621373979 9.0 497
1584621376230 7.0 498
1584621378615 12.0 499
1584621380884 22.0 500
1584621383269 16.0 501
1584621385607 17.0 502
1584621387885 16.0 503
1584621390127 20.0 504
1584621392480 18.0 505
1584621394763 16.0 506
1584621397052 7.0 507
1584621399290 18.0 508
1584621401545 21.0 509
1584621403809 15.0 510
1584621406111 20.0 511
1584621408394 9.0 512
1584621410652 20.0 513
1584621412906 13.0 514
1584621415167 19.0 515
1584621417427 16.0 516
1584621419755 11.0 517
1584621422178 11.0 518
1584621424564 13.0 519
1584621427057 14.0 520
1584621429721 13.0 521
1584621432100 7.0 522
1584621434437 18.0 523
1584621436727 8.0 524
1584621439090 16.0 525
1584621441430 12.0 526
1584621443864 13.0 527
1584621446403 13.0 528
1584621448686 17.0 529
1584621450987 17.0 530
1584621453310 6.0 531
1584621455604 16.0 532
1584621457921 15.0 533
1584621460198 14.0 534
1584621462551 11.0 535
1584621464874 14.0 536
1584621467178 17.0 537
1584621469474 16.0 538
1584621471732 12.0 539
1584621474032 16.0 540
1584621476363 17.0 541
1584621478634 17.0 542
1584621481427 10.0 543
1584621484178 18.0 544
1584621486454 13.0 545
1584621488740 16.0 546
1584621491030 14.0 547
1584621493429 17.0 548
1584621495706 9.0 549
1584621497995 18.0 550
1584621500271 18.0 551
1584621502566 12.0 552
1584621504907 6.0 553
1584621507190 13.0 554
1584621509426 14.0 555
1584621511711 19.0 556
1584621514037 12.0 557
1584621516349 14.0 558
1584621518621 14.0 559
1584621520909 20.0 560
1584621523252 16.0 561
1584621525556 14.0 562
1584621527837 14.0 563
1584621530109 15.0 564
1584621532383 13.0 565
1584621534759 14.0 566
1584621536984 15.0 567
1584621539247 17.0 568
1584621541772 16.0 569
1584621544093 8.0 570
1584621546334 13.0 571
1584621548676 17.0 572
1584621550953 17.0 573
1584621553257 14.0 574
1584621555532 12.0 575
1584621557865 15.0 576
1584621560151 13.0 577
1584621562421 14.0 578
1584621564691 19.0 579
1584621566954 11.0 580
1584621569252 12.0 581
1584621571593 11.0 582
1584621573987 16.0 583
1584621576318 17.0 584
1584621578655 15.0 585
1584621580903 17.0 586
1584621583274 18.0 587
1584621585576 17.0 588
1584621587888 12.0 589
1584621590191 17.0 590
1584621592567 17.0 591
1584621594862 18.0 592
1584621597322 16.0 593
1584621599643 13.0 594
1584621602094 14.0 595
1584621604470 12.0 596
1584621606821 13.0 597
1584621609181 9.0 598
1584621611504 20.0 599
1584621613821 16.0 600
1584621616270 22.0 601
1584621618583 16.0 602
1584621620854 13.0 603
1584621623185 19.0 604
1584621625495 10.0 605
1584621627836 14.0 606
1584621630106 17.0 607
1584621632464 5.0 608
1584621634756 14.0 609
1584621637052 22.0 610
1584621639515 15.0 611
1584621641799 13.0 612
1584621644158 18.0 613
1584621646528 21.0 614
1584621648890 18.0 615
1584621651291 11.0 616
1584621653652 16.0 617
1584621655970 25.0 618
1584621658326 18.0 619
1584621660671 15.0 620
1584621663102 11.0 621
1584621665444 15.0 622
1584621667774 10.0 623
1584621670156 11.0 624
1584621672499 11.0 625
1584621674882 18.0 626
1584621677242 17.0 627
1584621679578 18.0 628
1584621681913 21.0 629
1584621684274 4.0 630
1584621686588 16.0 631
1584621689255 12.0 632
1584621691984 12.0 633
1584621694373 16.0 634
1584621696769 17.0 635
1584621699221 19.0 636
1584621701618 17.0 637
1584621703962 22.0 638
1584621706309 19.0 639
1584621708714 12.0 640
1584621711113 14.0 641
1584621713485 16.0 642
1584621715801 14.0 643
1584621718126 10.0 644
1584621720490 14.0 645
1584621724312 17.0 646
1584621728843 14.0 647
1584621731205 9.0 648
1584621733634 19.0 649
1584621736159 14.0 650
1584621738515 15.0 651
1584621740832 21.0 652
1584621743200 13.0 653
1584621745542 16.0 654
1584621747824 16.0 655
1584621750172 10.0 656
1584621752535 19.0 657
1584621755068 16.0 658
1584621757463 15.0 659
1584621759791 16.0 660
1584621762185 16.0 661
1584621764723 15.0 662
1584621767543 17.0 663
1584621769865 18.0 664
1584621772197 12.0 665
1584621774556 15.0 666
1584621776899 20.0 667
1584621779252 20.0 668
1584621781780 17.0 669
1584621784185 18.0 670
1584621786565 19.0 671
1584621788900 11.0 672
1584621791281 15.0 673
1584621793624 20.0 674
1584621796023 18.0 675
1584621798322 18.0 676
1584621800665 17.0 677
1584621803016 16.0 678
1584621805347 18.0 679
1584621807678 11.0 680
1584621810002 16.0 681
1584621812407 16.0 682
1584621814819 16.0 683
1584621817214 11.0 684
1584621819554 19.0 685
1584621821910 18.0 686
1584621824259 9.0 687
1584621826666 14.0 688
1584621828981 18.0 689
1584621831556 17.0 690
1584621834014 19.0 691
1584621836383 15.0 692
1584621838712 17.0 693
1584621841114 15.0 694
1584621843598 12.0 695
1584621845920 16.0 696
1584621848292 6.0 697
1584621850655 21.0 698
1584621853055 20.0 699
1584621855486 15.0 700
1584621857923 15.0 701
1584621860223 16.0 702
1584621862629 22.0 703
1584621864969 16.0 704
1584621867317 15.0 705
1584621869608 18.0 706
1584621871986 17.0 707
1584621874357 16.0 708
1584621876712 19.0 709
1584621879054 16.0 710
1584621881442 18.0 711
1584621883751 10.0 712
1584621886085 17.0 713
1584621888436 20.0 714
1584621890785 20.0 715
1584621893268 13.0 716
1584621895767 14.0 717
1584621898112 18.0 718
1584621900490 10.0 719
1584621902872 22.0 720
1584621905221 22.0 721
1584621907630 21.0 722
1584621910104 12.0 723
1584621912536 15.0 724
1584621914865 15.0 725
1584621917234 16.0 726
1584621919567 20.0 727
1584621921953 21.0 728
1584621924339 14.0 729
1584621926679 14.0 730
1584621929221 16.0 731
1584621931588 20.0 732
1584621933986 18.0 733
1584621936388 12.0 734
1584621938772 14.0 735
1584621941124 10.0 736
1584621943535 13.0 737
1584621945937 12.0 738
1584621948236 17.0 739
1584621950621 9.0 740
1584621952968 10.0 741
1584621955325 16.0 742
1584621957702 13.0 743
1584621960133 17.0 744
1584621962790 24.0 745
1584621965103 11.0 746
1584621967425 20.0 747
1584621969759 15.0 748
1584621972075 18.0 749
1584621974473 16.0 750
1584621976822 15.0 751
1584621979141 24.0 752
1584621981465 18.0 753
1584621983834 17.0 754
1584621986182 17.0 755
1584621988528 12.0 756
1584621990949 21.0 757
1584621993319 16.0 758
1584621995662 14.0 759
1584621997973 17.0 760
1584622000297 21.0 761
1584622002655 15.0 762
1584622005040 15.0 763
1584622007359 15.0 764
1584622009686 14.0 765
1584622012002 14.0 766
1584622014364 16.0 767
1584622016725 17.0 768
1584622019146 17.0 769
1584622021537 10.0 770
1584622023877 14.0 771
1584622026469 13.0 772
1584622028778 12.0 773
1584622031088 17.0 774
1584622033463 15.0 775
1584622035814 17.0 776
1584622038144 16.0 777
1584622040504 24.0 778
1584622042987 18.0 779
1584622045337 25.0 780
1584622047703 15.0 781
1584622050019 11.0 782
1584622052394 18.0 783
1584622054757 14.0 784
1584622057150 17.0 785
1584622059478 11.0 786
1584622061822 15.0 787
1584622064141 16.0 788
1584622066498 16.0 789
1584622068774 18.0 790
1584622071089 17.0 791
1584622073436 17.0 792
1584622075783 15.0 793
1584622078126 11.0 794
1584622080533 21.0 795
1584622083052 19.0 796
1584622085414 20.0 797
1584622087841 10.0 798
1584622090153 19.0 799
1584622092522 19.0 800
1584622094930 18.0 801
1584622097450 19.0 802
1584622099753 17.0 803
1584622102066 13.0 804
1584622104463 24.0 805
1584622106806 14.0 806
1584622109158 17.0 807
1584622111521 10.0 808
1584622113856 21.0 809
1584622116226 11.0 810
1584622118566 12.0 811
1584622120930 15.0 812
1584622123474 15.0 813
1584622125811 16.0 814
1584622128145 15.0 815
1584622130495 14.0 816
1584622132813 14.0 817
1584622135103 16.0 818
1584622137458 14.0 819
1584622139732 12.0 820
1584622142074 17.0 821
1584622144412 19.0 822
1584622146701 17.0 823
1584622148983 18.0 824
1584622151271 24.0 825
1584622153577 12.0 826
1584622155863 16.0 827
