1584567235260 1 1
1584567237424 1 2
1584567239685 1 3
1584567241928 1 4
1584567244090 1 5
1584567246345 1 6
1584567248587 1 7
1584567250793 1 8
1584567252946 1 9
1584567255109 1 10
1584567257277 1 11
1584567259446 1 12
1584567261597 1 13
1584567263766 1 14
1584567265906 1 15
1584567268075 1 16
1584567270198 1 17
1584567272378 1 18
1584567274558 1 19
1584567276785 1 20
1584567279090 1 21
1584567281284 1 22
1584567283489 1 23
1584567285670 1 24
1584567287846 1 25
1584567289997 1 26
1584567292177 1 27
1584567294377 1 28
1584567296582 1 29
1584567298758 1 30
1584567300949 1 31
1584567303116 1 32
1584567305300 1 33
1584567307503 1 34
1584567309673 1 35
1584567311952 1 36
1584567314126 1 37
1584567316328 1 38
1584567318498 1 39
1584567320693 1 40
1584567322899 1 41
1584567325058 1 42
1584567327243 1 43
1584567329434 1 44
1584567331622 1 45
1584567333793 1 46
1584567335977 1 47
1584567338179 1 48
1584567340368 1 49
1584567342549 1 50
1584567344733 1 51
1584567346937 1 52
1584567349122 1 53
1584567351313 1 54
1584567353506 1 55
1584567355657 1 56
1584567357850 1 57
1584567360033 1 58
1584567362224 1 59
1584567364405 1 60
1584567366592 1 61
1584567368782 1 62
1584567370927 1 63
1584567373127 1 64
1584567375303 1 65
1584567377488 1 66
1584567379657 1 67
1584567381845 1 68
1584567384051 1 69
1584567386243 1 70
1584567388404 1 71
1584567390588 1 72
1584567392782 1 73
1584567394939 1 74
1584567397115 1 75
1584567399288 1 76
1584567401481 1 77
1584567403688 1 78
1584567405874 1 79
1584567408069 1 80
1584567410294 1 81
1584567412467 1 82
1584567414697 1 83
1584567416871 1 84
1584567419070 1 85
1584567421250 1 86
1584567423433 1 87
1584567425654 1 88
1584567427843 1 89
1584567430049 1 90
1584567432197 1 91
1584567434342 1 92
1584567436527 1 93
1584567438944 1 94
1584567441113 1 95
1584567443316 1 96
1584567445494 1 97
1584567447674 1 98
1584567449861 1 99
1584567452040 1 100
1584567454239 1 101
1584567456419 1 102
1584567458641 1 103
1584567460791 1 104
1584567462966 1 105
1584567465174 1 106
1584567467442 1 107
1584567469694 1 108
1584567471880 1 109
1584567474050 1 110
1584567476217 1 111
1584567478388 1 112
1584567480604 1 113
1584567482803 1 114
1584567484967 1 115
1584567487128 1 116
1584567489319 1 117
1584567491500 1 118
1584567493660 1 119
1584567495839 1 120
1584567497993 1 121
1584567500177 1 122
1584567502362 1 123
1584567504545 1 124
1584567506742 1 125
1584567508931 1 126
1584567511116 1 127
1584567513300 1 128
1584567515496 1 129
1584567517689 1 130
1584567519853 1 131
1584567522019 1 132
1584567524219 1 133
1584567526424 1 134
1584567528663 1 135
1584567531238 1 136
1584567533434 1 137
1584567535619 1 138
1584567537829 1 139
1584567540017 1 140
1584567542219 1 141
1584567544414 1 142
1584567546572 1 143
1584567548762 1 144
1584567550946 1 145
1584567553122 1 146
1584567555288 1 147
1584567557476 1 148
1584567559656 1 149
1584567561876 1 150
1584567564072 1 151
1584567566260 1 152
1584567568501 1 153
1584567570894 1 154
1584567573101 1 155
1584567575268 1 156
1584567577489 1 157
1584567579684 1 158
1584567581871 1 159
1584567584040 1 160
1584567586230 1 161
1584567588415 1 162
1584567590590 1 163
1584567592766 1 164
1584567594961 1 165
1584567597198 1 166
1584567599371 1 167
1584567601574 1 168
1584567603769 1 169
1584567606002 1 170
1584567608185 1 171
1584567610372 1 172
1584567612562 1 173
1584567614740 1 174
1584567616874 1 175
1584567619071 1 176
1584567621260 1 177
1584567623446 1 178
1584567625638 1 179
1584567627815 1 180
1584567630001 1 181
1584567632223 1 182
1584567634401 1 183
1584567636631 1 184
1584567638859 1 185
1584567641053 1 186
1584567643240 1 187
1584567645440 1 188
1584567647633 1 189
1584567649827 1 190
1584567651984 1 191
1584567654161 1 192
1584567656350 1 193
1584567658522 1 194
1584567660727 1 195
1584567662939 1 196
1584567665119 1 197
1584567667298 1 198
1584567669471 1 199
1584567671679 1 200
1584567673882 1 201
1584567676067 1 202
1584567678301 1 203
1584567680475 1 204
1584567682694 1 205
1584567684878 1 206
1584567687070 1 207
1584567689256 1 208
1584567691436 1 209
1584567693651 1 210
1584567695816 1 211
1584567698053 1 212
1584567700240 1 213
1584567702407 1 214
1584567704591 1 215
1584567706786 1 216
1584567708974 1 217
1584567711150 1 218
1584567713316 1 219
1584567715498 1 220
1584567717686 1 221
1584567719861 1 222
1584567722057 1 223
1584567724218 1 224
1584567726434 1 225
1584567728616 1 226
1584567730832 1 227
1584567733027 1 228
1584567735188 1 229
1584567737397 1 230
1584567739603 1 231
1584567741776 1 232
1584567743978 1 233
1584567746147 1 234
1584567748344 1 235
1584567750547 1 236
1584567752717 1 237
1584567754922 1 238
1584567757130 1 239
1584567759319 1 240
1584567761513 1 241
1584567763676 1 242
1584567765861 1 243
1584567768065 1 244
1584567770255 1 245
1584567772424 1 246
1584567774582 1 247
1584567776767 1 248
1584567778920 1 249
1584567781112 1 250
1584567783312 1 251
1584567785569 1 252
1584567787759 1 253
1584567790003 1 254
1584567792194 1 255
1584567794467 1 256
1584567796669 1 257
1584567798861 1 258
1584567801059 1 259
1584567803235 1 260
1584567805417 1 261
1584567807604 1 262
1584567809759 1 263
1584567811932 1 264
1584567814097 1 265
1584567816259 1 266
1584567818439 1 267
1584567820621 1 268
1584567822793 1 269
1584567824985 1 270
1584567827145 1 271
1584567829353 1 272
1584567831560 1 273
1584567833768 1 274
1584567835953 1 275
1584567838144 1 276
1584567840320 1 277
1584567842513 1 278
1584567844722 1 279
1584567846934 1 280
1584567849110 1 281
1584567851325 1 282
1584567853514 1 283
1584567855748 1 284
1584567857920 1 285
1584567860238 1 286
1584567862648 1 287
1584567864844 1 288
1584567867062 1 289
1584567869217 1 290
1584567871408 1 291
1584567873627 1 292
1584567875805 1 293
1584567877992 1 294
1584567880148 1 295
1584567882335 1 296
1584567884534 1 297
1584567886769 1 298
1584567888958 1 299
1584567891203 1 300
1584567893426 1 301
1584567895607 1 302
1584567897795 1 303
1584567899984 1 304
1584567902168 1 305
1584567904356 1 306
1584567906573 1 307
1584567908774 1 308
1584567911013 1 309
1584567913219 1 310
1584567915402 1 311
1584567917601 1 312
1584567919784 1 313
1584567922020 1 314
1584567924247 1 315
1584567926439 1 316
1584567928623 1 317
1584567930832 1 318
1584567933008 1 319
1584567935226 1 320
1584567937443 1 321
1584567939663 1 322
1584567941846 1 323
1584567944055 1 324
1584567946460 1 325
1584567948659 1 326
1584567950866 1 327
1584567953116 1 328
1584567955278 1 329
1584567957475 1 330
1584567959693 1 331
1584567961861 1 332
1584567964017 1 333
1584567966169 1 334
1584567968333 1 335
1584567970502 1 336
1584567972708 1 337
1584567974868 1 338
1584567977048 1 339
1584567979187 1 340
1584567981372 1 341
1584567983559 1 342
1584567985716 1 343
1584567988027 1 344
1584567990217 1 345
1584567992374 1 346
1584567994566 1 347
1584567996742 1 348
1584567998921 1 349
1584568001081 1 350
1584568003233 1 351
1584568005403 1 352
1584568007603 1 353
1584568009821 1 354
1584568011993 1 355
1584568014163 1 356
1584568016312 1 357
1584568018505 1 358
1584568020683 1 359
1584568022856 1 360
1584568025017 1 361
1584568027164 1 362
1584568029328 1 363
1584568031604 1 364
1584568033779 1 365
1584568035989 1 366
1584568038162 1 367
1584568040355 1 368
1584568042566 1 369
1584568044746 1 370
1584568046908 1 371
1584568049145 1 372
1584568051340 1 373
1584568053522 1 374
1584568055745 1 375
1584568057918 1 376
1584568060120 1 377
1584568062311 1 378
1584568064511 1 379
1584568066715 1 380
1584568068949 1 381
1584568071152 1 382
1584568073337 1 383
1584568075518 1 384
1584568077706 1 385
1584568079954 1 386
1584568082135 1 387
1584568084323 1 388
1584568086526 1 389
1584568088701 1 390
1584568090898 1 391
1584568093059 1 392
1584568095283 1 393
1584568097500 1 394
1584568099709 1 395
1584568101903 1 396
1584568104104 1 397
1584568106298 1 398
1584568108501 1 399
1584568110707 1 400
1584568112972 1 401
1584568115198 1 402
1584568117369 1 403
1584568119597 1 404
1584568121794 1 405
1584568123966 1 406
1584568126151 1 407
1584568128339 1 408
1584568130540 1 409
1584568132710 1 410
1584568134911 1 411
1584568137092 1 412
1584568139263 1 413
1584568141454 1 414
1584568143684 1 415
1584568145882 1 416
1584568148073 1 417
1584568150281 1 418
1584568152485 1 419
1584568154684 1 420
1584568156897 1 421
1584568159062 1 422
1584568161282 1 423
1584568163475 1 424
1584568165664 1 425
1584568167846 1 426
1584568170064 1 427
1584568172226 1 428
1584568174423 1 429
1584568176663 1 430
1584568178901 1 431
1584568181195 1 432
1584568183397 1 433
1584568185568 1 434
1584568187747 1 435
1584568189931 1 436
1584568192092 1 437
1584568194279 1 438
1584568196501 1 439
1584568198686 1 440
1584568200938 1 441
1584568203160 1 442
1584568205448 1 443
1584568207622 1 444
1584568209833 1 445
1584568213616 1 446
1584568218172 1 447
1584568220429 1 448
1584568223003 1 449
1584568225169 1 450
1584568228172 1 451
1584568230687 1 452
1584568233769 1 453
1584568239362 1 454
1584568243520 1 455
1584568246269 1 456
1584568248489 1 457
1584568250902 1 458
1584568253232 1 459
1584568255422 1 460
1584568257576 1 461
1584568260363 1 462
1584568262919 1 463
1584568265429 1 464
1584568267587 1 465
1584568270181 1 466
1584568272428 1 467
1584568274631 1 468
1584568276874 1 469
1584568280666 1 470
1584568283141 1 471
1584568285474 1 472
1584568288290 1 473
1584568290480 1 474
1584568293238 1 475
1584568295896 1 476
1584568298662 1 477
1584568301058 1 478
1584568303779 1 479
1584568306319 1 480
1584568308501 1 481
1584568311366 1 482
1584568313705 1 483
1584568315892 1 484
1584568318049 1 485
1584568320219 1 486
1584568322959 1 487
1584568325613 1 488
1584568327774 1 489
1584568330301 1 490
1584568332661 1 491
1584568335077 1 492
1584568337363 1 493
1584568340187 1 494
1584568342920 1 495
1584568346084 1 496
1584568348537 1 497
1584568351259 1 498
1584568353465 1 499
1584568355647 1 500
1584568357860 1 501
1584568360035 1 502
1584568362193 1 503
1584568364357 1 504
1584568366571 1 505
1584568368734 1 506
1584568370948 1 507
1584568373139 1 508
1584568375323 1 509
1584568377585 1 510
1584568379782 1 511
1584568382049 1 512
1584568384248 1 513
1584568386431 1 514
1584568388659 1 515
1584568390851 1 516
1584568393029 1 517
1584568395201 1 518
1584568397457 1 519
1584568399773 1 520
1584568402000 1 521
1584568404155 1 522
1584568406312 1 523
1584568408481 1 524
1584568410655 1 525
1584568412872 1 526
1584568415035 1 527
1584568417203 1 528
1584568419390 1 529
1584568421560 1 530
1584568423737 1 531
1584568425935 1 532
1584568428115 1 533
1584568430284 1 534
1584568432459 1 535
1584568434642 1 536
1584568436849 1 537
1584568439040 1 538
1584568441223 1 539
1584568443401 1 540
1584568445582 1 541
1584568447735 1 542
1584568449885 1 543
1584568452080 1 544
1584568454241 1 545
1584568456430 1 546
1584568458597 1 547
1584568460792 1 548
1584568462951 1 549
1584568465129 1 550
1584568467368 1 551
1584568469562 1 552
1584568471748 1 553
1584568474060 1 554
1584568476236 1 555
1584568478408 1 556
1584568480566 1 557
1584568482734 1 558
1584568484928 1 559
1584568487097 1 560
1584568489288 1 561
1584568491471 1 562
1584568493657 1 563
1584568495864 1 564
1584568498073 1 565
1584568500271 1 566
1584568502433 1 567
1584568504693 1 568
1584568506858 1 569
1584568509057 1 570
1584568511243 1 571
1584568513424 1 572
1584568515575 1 573
1584568517824 1 574
1584568520023 1 575
1584568522188 1 576
1584568524347 1 577
1584568526513 1 578
1584568528719 1 579
1584568530891 1 580
1584568533062 1 581
1584568535308 1 582
1584568537508 1 583
1584568539718 1 584
1584568541905 1 585
1584568544091 1 586
1584568546304 1 587
1584568548471 1 588
1584568550652 1 589
1584568552824 1 590
1584568555040 1 591
1584568557212 1 592
1584568559406 1 593
1584568561597 1 594
1584568563794 1 595
1584568565979 1 596
1584568568104 1 597
1584568570500 1 598
1584568572666 1 599
1584568574868 1 600
1584568577206 1 601
1584568579381 1 602
1584568581559 1 603
1584568583744 1 604
1584568585957 1 605
1584568588122 1 606
1584568590301 1 607
1584568592474 1 608
1584568594677 1 609
1584568596861 1 610
1584568599044 1 611
1584568601271 1 612
1584568603427 1 613
1584568605629 1 614
1584568607803 1 615
1584568609988 1 616
1584568612156 1 617
1584568614304 1 618
1584568616488 1 619
1584568618666 1 620
1584568620877 1 621
1584568623046 1 622
1584568625322 1 623
1584568627490 1 624
1584568629691 1 625
1584568631909 1 626
1584568634109 1 627
1584568636258 1 628
1584568638424 1 629
1584568640671 1 630
1584568642829 1 631
1584568645028 1 632
1584568647203 1 633
1584568649415 1 634
1584568651646 1 635
1584568653863 1 636
1584568656062 1 637
1584568658260 1 638
1584568660505 1 639
1584568662697 1 640
1584568664913 1 641
1584568667281 1 642
1584568669513 1 643
1584568671706 1 644
1584568673927 1 645
1584568676114 1 646
1584568678343 1 647
1584568680568 1 648
1584568682776 1 649
1584568684971 1 650
1584568687211 1 651
1584568689439 1 652
1584568691670 1 653
1584568693897 1 654
1584568696132 1 655
1584568698436 1 656
1584568700658 1 657
1584568702858 1 658
1584568705078 1 659
1584568707277 1 660
1584568709503 1 661
1584568711717 1 662
1584568713933 1 663
1584568716140 1 664
1584568718344 1 665
1584568720592 1 666
1584568722793 1 667
1584568724992 1 668
1584568727224 1 669
1584568729416 1 670
1584568731630 1 671
1584568733827 1 672
1584568736064 1 673
1584568738264 1 674
1584568740470 1 675
1584568742707 1 676
1584568744995 1 677
1584568747308 1 678
1584568749489 1 679
1584568751769 1 680
1584568754031 1 681
1584568756206 1 682
1584568758421 1 683
1584568760616 1 684
1584568762986 1 685
1584568765175 1 686
1584568767346 1 687
1584568769510 1 688
1584568771712 1 689
1584568773909 1 690
1584568776105 1 691
1584568778286 1 692
1584568780459 1 693
1584568782653 1 694
1584568784857 1 695
1584568787028 1 696
1584568789221 1 697
1584568791370 1 698
1584568793571 1 699
1584568795789 1 700
1584568798013 1 701
1584568800218 1 702
1584568802394 1 703
1584568804600 1 704
1584568806800 1 705
1584568808970 1 706
1584568811139 1 707
1584568813308 1 708
1584568815526 1 709
1584568817728 1 710
1584568819989 1 711
1584568822164 1 712
1584568824422 1 713
1584568826677 1 714
1584568828920 1 715
1584568831144 1 716
1584568833325 1 717
1584568835521 1 718
1584568837795 1 719
1584568840046 1 720
1584568842235 1 721
1584568844426 1 722
1584568846627 1 723
1584568848875 1 724
1584568851092 1 725
1584568853281 1 726
1584568855609 1 727
1584568857827 1 728
1584568860120 1 729
1584568862347 1 730
1584568864552 1 731
1584568866798 1 732
1584568869017 1 733
1584568871204 1 734
1584568873398 1 735
1584568875620 1 736
1584568877826 1 737
1584568880041 1 738
1584568882311 1 739
1584568884535 1 740
1584568886742 1 741
1584568889010 1 742
1584568891233 1 743
1584568893430 1 744
1584568895633 1 745
1584568897818 1 746
1584568900064 1 747
1584568902283 1 748
1584568904516 1 749
1584568906754 1 750
1584568908987 1 751
1584568911171 1 752
1584568913387 1 753
1584568915592 1 754
1584568917792 1 755
1584568919999 1 756
1584568922290 1 757
1584568924518 1 758
1584568926753 1 759
1584568928973 1 760
1584568931188 1 761
1584568933425 1 762
1584568935634 1 763
1584568937870 1 764
1584568940138 1 765
1584568942356 1 766
1584568944587 1 767
1584568946838 1 768
1584568949077 1 769
1584568951339 1 770
1584568953543 1 771
1584568955792 1 772
1584568958107 1 773
1584568960316 1 774
1584568962527 1 775
1584568964945 1 776
1584568967191 1 777
1584568969400 1 778
1584568971596 1 779
1584568973816 1 780
1584568976028 1 781
1584568978241 1 782
1584568980438 1 783
1584568982637 1 784
1584568984873 1 785
1584568987077 1 786
1584568989309 1 787
1584568991537 1 788
1584568993734 1 789
1584568995950 1 790
1584568998145 1 791
1584569000343 1 792
1584569002542 1 793
1584569004747 1 794
1584569006924 1 795
1584569009211 1 796
1584569011466 1 797
1584569013657 1 798
1584569015787 1 799
1584569017996 1 800
1584569020249 1 801
1584569022428 1 802
1584569024635 1 803
1584569026819 1 804
1584569029014 1 805
1584569031197 1 806
1584569033408 1 807
1584569035616 1 808
1584569037847 1 809
1584569040100 1 810
1584569042327 1 811
1584569044534 1 812
1584569046728 1 813
1584569049004 1 814
1584569051228 1 815
1584569053483 1 816
1584569055701 1 817
1584569057914 1 818
1584569060110 1 819
1584569062311 1 820
1584569064520 1 821
1584569066704 1 822
1584569068926 1 823
1584569071150 1 824
1584569073346 1 825
1584569075557 1 826
1584569077743 1 827
1584569079934 1 828
1584569082135 1 829
1584569084363 1 830
1584569086580 1 831
1584569088777 1 832
1584569090956 1 833
1584569093141 1 834
1584569095353 1 835
1584569097546 1 836
1584569099748 1 837
1584569101935 1 838
1584569104286 1 839
1584569106479 1 840
1584569108683 1 841
1584569110917 1 842
1584569113103 1 843
1584569115295 1 844
1584569117488 1 845
1584569119699 1 846
1584569121911 1 847
1584569124131 1 848
1584569126316 1 849
1584569128512 1 850
1584569130728 1 851
1584569132933 1 852
1584569135161 1 853
1584569137365 1 854
1584569139624 1 855
1584569141845 1 856
1584569144042 1 857
1584569146188 1 858
1584569148329 1 859
1584569150611 1 860
1584569152806 1 861
1584569154995 1 862
1584569157166 1 863
1584569159387 1 864
1584569161590 1 865
1584569163798 1 866
1584569165955 1 867
1584569168089 1 868
1584569170239 1 869
1584569172420 1 870
1584569174603 1 871
1584569176797 1 872
1584569178980 1 873
1584569181197 1 874
1584569183369 1 875
1584569185543 1 876
1584569187759 1 877
1584569190167 1 878
