1584567235260 1 1
1584567237424 0.995 2
1584567239685 0.990025 3
1584567241928 0.985074875 4
1584567244090 0.9801495006250001 5
1584567246345 0.9752487531218751 6
1584567248587 0.9703725093562657 7
1584567250793 0.9655206468094844 8
1584567252946 0.960693043575437 9
1584567255109 0.9558895783575597 10
1584567257277 0.9511101304657719 11
1584567259446 0.946354579813443 12
1584567261597 0.9416228069143757 13
1584567263766 0.9369146928798039 14
1584567265906 0.9322301194154049 15
1584567268075 0.9275689688183278 16
1584567270198 0.9229311239742362 17
1584567272378 0.918316468354365 18
1584567274558 0.9137248860125932 19
1584567276785 0.9091562615825302 20
1584567279090 0.9046104802746175 21
1584567281284 0.9000874278732445 22
1584567283489 0.8955869907338783 23
1584567285670 0.8911090557802088 24
1584567287846 0.8866535105013078 25
1584567289997 0.8822202429488013 26
1584567292177 0.8778091417340573 27
1584567294377 0.8734200960253871 28
1584567296582 0.8690529955452602 29
1584567298758 0.8647077305675338 30
1584567300949 0.8603841919146962 31
1584567303116 0.8560822709551227 32
1584567305300 0.851801859600347 33
1584567307503 0.8475428503023453 34
1584567309673 0.8433051360508336 35
1584567311952 0.8390886103705794 36
1584567314126 0.8348931673187264 37
1584567316328 0.8307187014821328 38
1584567318498 0.8265651079747222 39
1584567320693 0.8224322824348486 40
1584567322899 0.8183201210226743 41
1584567325058 0.8142285204175609 42
1584567327243 0.810157377815473 43
1584567329434 0.8061065909263957 44
1584567331622 0.8020760579717637 45
1584567333793 0.798065677681905 46
1584567335977 0.7940753492934954 47
1584567338179 0.7901049725470279 48
1584567340368 0.7861544476842928 49
1584567342549 0.7822236754458713 50
1584567344733 0.778312557068642 51
1584567346937 0.7744209942832988 52
1584567349122 0.7705488893118823 53
1584567351313 0.7666961448653229 54
1584567353506 0.7628626641409962 55
1584567355657 0.7590483508202912 56
1584567357850 0.7552531090661897 57
1584567360033 0.7514768435208588 58
1584567362224 0.7477194593032545 59
1584567364405 0.7439808620067382 60
1584567366592 0.7402609576967045 61
1584567368782 0.736559652908221 62
1584567370927 0.7328768546436799 63
1584567373127 0.7292124703704616 64
1584567375303 0.7255664080186093 65
1584567377488 0.7219385759785162 66
1584567379657 0.7183288830986236 67
1584567381845 0.7147372386831305 68
1584567384051 0.7111635524897149 69
1584567386243 0.7076077347272662 70
1584567388404 0.7040696960536299 71
1584567390588 0.7005493475733617 72
1584567392782 0.697046600835495 73
1584567394939 0.6935613678313175 74
1584567397115 0.6900935609921609 75
1584567399288 0.6866430931872001 76
1584567401481 0.6832098777212641 77
1584567403688 0.6797938283326578 78
1584567405874 0.6763948591909945 79
1584567408069 0.6730128848950395 80
1584567410294 0.6696478204705644 81
1584567412467 0.6662995813682115 82
1584567414697 0.6629680834613705 83
1584567416871 0.6596532430440636 84
1584567419070 0.6563549768288433 85
1584567421250 0.653073201944699 86
1584567423433 0.6498078359349755 87
1584567425654 0.6465587967553006 88
1584567427843 0.6433260027715241 89
1584567430049 0.6401093727576664 90
1584567432197 0.6369088258938781 91
1584567434342 0.6337242817644086 92
1584567436527 0.6305556603555866 93
1584567438944 0.6274028820538087 94
1584567441113 0.6242658676435396 95
1584567443316 0.6211445383053219 96
1584567445494 0.6180388156137953 97
1584567447674 0.6149486215357263 98
1584567449861 0.6118738784280476 99
1584567452040 0.6088145090359074 100
1584567454239 0.6057704364907278 101
1584567456419 0.6027415843082742 102
1584567458641 0.5997278763867329 103
1584567460791 0.5967292370047992 104
1584567462966 0.5937455908197752 105
1584567465174 0.5907768628656763 106
1584567467442 0.5878229785513479 107
1584567469694 0.5848838636585911 108
1584567471880 0.5819594443402982 109
1584567474050 0.5790496471185967 110
1584567476217 0.5761543988830038 111
1584567478388 0.5732736268885887 112
1584567480604 0.5704072587541458 113
1584567482803 0.567555222460375 114
1584567484967 0.5647174463480732 115
1584567487128 0.5618938591163328 116
1584567489319 0.5590843898207511 117
1584567491500 0.5562889678716474 118
1584567493660 0.5535075230322891 119
1584567495839 0.5507399854171277 120
1584567497993 0.547986285490042 121
1584567500177 0.5452463540625918 122
1584567502362 0.5425201222922789 123
1584567504545 0.5398075216808175 124
1584567506742 0.5371084840724134 125
1584567508931 0.5344229416520513 126
1584567511116 0.531750826943791 127
1584567513300 0.5290920728090721 128
1584567515496 0.5264466124450268 129
1584567517689 0.5238143793828016 130
1584567519853 0.5211953074858876 131
1584567522019 0.5185893309484582 132
1584567524219 0.5159963842937159 133
1584567526424 0.5134164023722473 134
1584567528663 0.510849320360386 135
1584567531238 0.5082950737585841 136
1584567533434 0.5057535983897912 137
1584567535619 0.5032248303978422 138
1584567537829 0.500708706245853 139
1584567540017 0.4982051627146237 140
1584567542219 0.49571413690105054 141
1584567544414 0.4932355662165453 142
1584567546572 0.4907693883854626 143
1584567548762 0.4883155414435353 144
1584567550946 0.4858739637363176 145
1584567553122 0.483444593917636 146
1584567555288 0.4810273709480478 147
1584567557476 0.47862223409330756 148
1584567559656 0.47622912292284103 149
1584567561876 0.4738479773082268 150
1584567564072 0.47147873742168567 151
1584567566260 0.46912134373457726 152
1584567568501 0.46677573701590436 153
1584567570894 0.46444185833082485 154
1584567573101 0.46211964903917074 155
1584567575268 0.4598090507939749 156
1584567577489 0.457510005540005 157
1584567579684 0.45522245551230495 158
1584567581871 0.4529463432347434 159
1584567584040 0.4506816115185697 160
1584567586230 0.4484282034609769 161
1584567588415 0.446186062443672 162
1584567590590 0.4439551321314536 163
1584567592766 0.4417353564707963 164
1584567594961 0.43952667968844233 165
1584567597198 0.43732904629000013 166
1584567599371 0.4351424010585501 167
1584567601574 0.43296668905325736 168
1584567603769 0.43080185560799106 169
1584567606002 0.4286478463299511 170
1584567608185 0.42650460709830135 171
1584567610372 0.42437208406280985 172
1584567612562 0.4222502236424958 173
1584567614740 0.42013897252428334 174
1584567616874 0.4180382776616619 175
1584567619071 0.4159480862733536 176
1584567621260 0.41386834584198684 177
1584567623446 0.4117990041127769 178
1584567625638 0.40974000909221303 179
1584567627815 0.40769130904675194 180
1584567630001 0.40565285250151817 181
1584567632223 0.4036245882390106 182
1584567634401 0.4016064652978155 183
1584567636631 0.3995984329713264 184
1584567638859 0.3976004408064698 185
1584567641053 0.39561243860243744 186
1584567643240 0.3936343764094253 187
1584567645440 0.39166620452737816 188
1584567647633 0.3897078735047413 189
1584567649827 0.3877593341372176 190
1584567651984 0.3858205374665315 191
1584567654161 0.38389143477919885 192
1584567656350 0.3819719776053028 193
1584567658522 0.3800621177172763 194
1584567660727 0.37816180712868996 195
1584567662939 0.37627099809304654 196
1584567665119 0.3743896431025813 197
1584567667298 0.37251769488706843 198
1584567669471 0.3706551064126331 199
1584567671679 0.36880183088056995 200
1584567673882 0.3669578217261671 201
1584567676067 0.36512303261753626 202
1584567678301 0.3632974174544486 203
1584567680475 0.3614809303671764 204
1584567682694 0.3596735257153405 205
1584567684878 0.3578751580867638 206
1584567687070 0.35608578229633 207
1584567689256 0.3543053533848483 208
1584567691436 0.35253382661792404 209
1584567693651 0.3507711574848344 210
1584567695816 0.34901730169741024 211
1584567698053 0.3472722151889232 212
1584567700240 0.3455358541129786 213
1584567702407 0.3438081748424137 214
1584567704591 0.3420891339682016 215
1584567706786 0.3403786882983606 216
1584567708974 0.3386767948568688 217
1584567711150 0.33698341088258443 218
1584567713316 0.3352984938281715 219
1584567715498 0.33362200135903064 220
1584567717686 0.33195389135223546 221
1584567719861 0.3302941218954743 222
1584567722057 0.32864265128599696 223
1584567724218 0.326999438029567 224
1584567726434 0.3253644408394192 225
1584567728616 0.3237376186352221 226
1584567730832 0.322118930542046 227
1584567733027 0.32050833588933575 228
1584567735188 0.31890579420988907 229
1584567737397 0.3173112652388396 230
1584567739603 0.3157247089126454 231
1584567741776 0.3141460853680822 232
1584567743978 0.3125753549412418 233
1584567746147 0.31101247816653554 234
1584567748344 0.30945741577570285 235
1584567750547 0.3079101286968243 236
1584567752717 0.3063705780533402 237
1584567754922 0.30483872516307353 238
1584567757130 0.3033145315372582 239
1584567759319 0.3017979588795719 240
1584567761513 0.30028896908517405 241
1584567763676 0.2987875242397482 242
1584567765861 0.29729358661854943 243
1584567768065 0.29580711868545667 244
1584567770255 0.2943280830920294 245
1584567772424 0.29285644267656924 246
1584567774582 0.2913921604631864 247
1584567776767 0.28993519966087045 248
1584567778920 0.2884855236625661 249
1584567781112 0.28704309604425327 250
1584567783312 0.285607880564032 251
1584567785569 0.28417984116121187 252
1584567787759 0.2827589419554058 253
1584567790003 0.28134514724562876 254
1584567792194 0.2799384215094006 255
1584567794467 0.27853872940185365 256
1584567796669 0.27714603575484437 257
1584567798861 0.2757603055760701 258
1584567801059 0.2743815040481898 259
1584567803235 0.2730095965279488 260
1584567805417 0.27164454854530906 261
1584567807604 0.2702863258025825 262
1584567809759 0.2689348941735696 263
1584567811932 0.26759021970270175 264
1584567814097 0.2662522686041882 265
1584567816259 0.2649210072611673 266
1584567818439 0.26359640222486147 267
1584567820621 0.26227842021373715 268
1584567822793 0.2609670281126685 269
1584567824985 0.25966219297210513 270
1584567827145 0.2583638820072446 271
1584567829353 0.2570720625972084 272
1584567831560 0.25578670228422234 273
1584567833768 0.25450776877280124 274
1584567835953 0.2532352299289372 275
1584567838144 0.2519690537792925 276
1584567840320 0.2507092085103961 277
1584567842513 0.2494556624678441 278
1584567844722 0.24820838415550486 279
1584567846934 0.24696734223472733 280
1584567849110 0.2457325055235537 281
1584567851325 0.24450384299593592 282
1584567853514 0.24328132378095624 283
1584567855748 0.24206491716205145 284
1584567857920 0.2408545925762412 285
1584567860238 0.23965031961336 286
1584567862648 0.2384520680152932 287
1584567864844 0.23725980767521673 288
1584567867062 0.23607350863684065 289
1584567869217 0.23489314109365644 290
1584567871408 0.23371867538818816 291
1584567873627 0.23255008201124722 292
1584567875805 0.231387331601191 293
1584567877992 0.23023039494318503 294
1584567880148 0.2290792429684691 295
1584567882335 0.22793384675362674 296
1584567884534 0.22679417751985861 297
1584567886769 0.22566020663225933 298
1584567888958 0.22453190559909803 299
1584567891203 0.22340924607110255 300
1584567893426 0.22229219984074702 301
1584567895607 0.2211807388415433 302
1584567897795 0.22007483514733558 303
1584567899984 0.2189744609715989 304
1584567902168 0.2178795886667409 305
1584567904356 0.2167901907234072 306
1584567906573 0.21570623976979014 307
1584567908774 0.21462770857094118 308
1584567911013 0.21355457002808648 309
1584567913219 0.21248679717794605 310
1584567915402 0.21142436319205632 311
1584567917601 0.21036724137609603 312
1584567919784 0.20931540516921554 313
1584567922020 0.20826882814336947 314
1584567924247 0.20722748400265262 315
1584567926439 0.20619134658263935 316
1584567928623 0.20516038984972615 317
1584567930832 0.2041345879004775 318
1584567933008 0.2031139149609751 319
1584567935226 0.20209834538617025 320
1584567937443 0.2010878536592394 321
1584567939663 0.2000824143909432 322
1584567941846 0.19908200231898848 323
1584567944055 0.19808659230739353 324
1584567946460 0.19709615934585656 325
1584567948659 0.19611067854912728 326
1584567950866 0.19513012515638165 327
1584567953116 0.19415447453059972 328
1584567955278 0.19318370215794672 329
1584567957475 0.192217783647157 330
1584567959693 0.1912566947289212 331
1584567961861 0.1903004112552766 332
1584567964017 0.18934890919900021 333
1584567966169 0.18840216465300522 334
1584567968333 0.18746015382974018 335
1584567970502 0.1865228530605915 336
1584567972708 0.18559023879528855 337
1584567974868 0.1846622876013121 338
1584567977048 0.18373897616330553 339
1584567979187 0.182820281282489 340
1584567981372 0.18190617987607657 341
1584567983559 0.18099664897669618 342
1584567985716 0.1800916657318127 343
1584567988027 0.17919120740315364 344
1584567990217 0.17829525136613786 345
1584567992374 0.17740377510930716 346
1584567994566 0.17651675623376062 347
1584567996742 0.1756341724525918 348
1584567998921 0.17475600159032884 349
1584568001081 0.17388222158237718 350
1584568003233 0.1730128104744653 351
1584568005403 0.17214774642209296 352
1584568007603 0.1712870076899825 353
1584568009821 0.17043057265153258 354
1584568011993 0.16957841978827493 355
1584568014163 0.16873052768933355 356
1584568016312 0.1678868750508869 357
1584568018505 0.16704744067563246 358
1584568020683 0.1662122034722543 359
1584568022856 0.16538114245489302 360
1584568025017 0.16455423674261854 361
1584568027164 0.16373146555890544 362
1584568029328 0.16291280823111093 363
1584568031604 0.16209824418995536 364
1584568033779 0.16128775296900558 365
1584568035989 0.16048131420416054 366
1584568038162 0.15967890763313974 367
1584568040355 0.15888051309497406 368
1584568042566 0.1580861105294992 369
1584568044746 0.1572956799768517 370
1584568046908 0.15650920157696743 371
1584568049145 0.1557266555690826 372
1584568051340 0.1549480222912372 373
1584568053522 0.15417328217978102 374
1584568055745 0.1534024157688821 375
1584568057918 0.1526354036900377 376
1584568060120 0.1518722266715875 377
1584568062311 0.15111286553822956 378
1584568064511 0.15035730121053842 379
1584568066715 0.14960551470448571 380
1584568068949 0.14885748713096328 381
1584568071152 0.14811319969530845 382
1584568073337 0.1473726336968319 383
1584568075518 0.14663577052834775 384
1584568077706 0.14590259167570602 385
1584568079954 0.1451730787173275 386
1584568082135 0.14444721332374086 387
1584568084323 0.14372497725712216 388
1584568086526 0.14300635237083656 389
1584568088701 0.14229132060898236 390
1584568090898 0.14157986400593744 391
1584568093059 0.14087196468590776 392
1584568095283 0.14016760486247823 393
1584568097500 0.13946676683816583 394
1584568099709 0.138769433003975 395
1584568101903 0.13807558583895513 396
1584568104104 0.13738520790976036 397
1584568106298 0.13669828187021155 398
1584568108501 0.13601479046086049 399
1584568110707 0.1353347165085562 400
1584568112972 0.1346580429260134 401
1584568115198 0.13398475271138335 402
1584568117369 0.13331482894782642 403
1584568119597 0.13264825480308728 404
1584568121794 0.13198501352907185 405
1584568123966 0.1313250884614265 406
1584568126151 0.13066846301911936 407
1584568128339 0.13001512070402377 408
1584568130540 0.12936504510050365 409
1584568132710 0.12871821987500112 410
1584568134911 0.12807462877562611 411
1584568137092 0.12743425563174798 412
1584568139263 0.12679708435358925 413
1584568141454 0.1261630989318213 414
1584568143684 0.1255322834371622 415
1584568145882 0.12490462201997637 416
1584568148073 0.1242800989098765 417
1584568150281 0.12365869841532712 418
1584568152485 0.12304040492325048 419
1584568154684 0.12242520289863423 420
1584568156897 0.12181307688414106 421
1584568159062 0.12120401149972035 422
1584568161282 0.12059799144222175 423
1584568163475 0.11999500148501063 424
1584568165664 0.11939502647758558 425
1584568167846 0.11879805134519765 426
1584568170064 0.11820406108847166 427
1584568172226 0.1176130407830293 428
1584568174423 0.11702497557911415 429
1584568176663 0.11643985070121858 430
1584568178901 0.11585765144771248 431
1584568181195 0.11527836319047392 432
1584568183397 0.11470197137452155 433
1584568185568 0.11412846151764894 434
1584568187747 0.1135578192100607 435
1584568189931 0.11299003011401039 436
1584568192092 0.11242507996344034 437
1584568194279 0.11186295456362313 438
1584568196501 0.11130363979080501 439
1584568198686 0.11074712159185099 440
1584568200938 0.11019338598389174 441
1584568203160 0.10964241905397228 442
1584568205448 0.10909420695870241 443
1584568207622 0.1085487359239089 444
1584568209833 0.10800599224428936 445
1584568213616 0.10746596228306791 446
1584568218172 0.10692863247165257 447
1584568220429 0.1063939893092943 448
1584568223003 0.10586201936274783 449
1584568225169 0.10533270926593409 450
1584568228172 0.10480604571960442 451
1584568230687 0.1042820154910064 452
1584568233769 0.10376060541355137 453
1584568239362 0.1032418023864836 454
1584568243520 0.10272559337455119 455
1584568246269 0.10221196540767843 456
1584568248489 0.10170090558064004 457
1584568250902 0.10119240105273684 458
1584568253232 0.10068643904747315 459
1584568255422 0.10018300685223579 460
1584568257576 0.0996820918179746 461
1584568260363 0.09918368135888474 462
1584568262919 0.09868776295209031 463
1584568265429 0.09819432413732986 464
1584568267587 0.09770335251664321 465
1584568270181 0.09721483575406 466
1584568272428 0.09672876157528969 467
1584568274631 0.09624511776741324 468
1584568276874 0.09576389217857617 469
1584568280666 0.09528507271768329 470
1584568283141 0.09480864735409487 471
1584568285474 0.0943346041173244 472
1584568288290 0.09386293109673778 473
1584568290480 0.09339361644125409 474
1584568293238 0.09292664835904782 475
1584568295896 0.09246201511725258 476
1584568298662 0.09199970504166631 477
1584568301058 0.09153970651645797 478
1584568303779 0.09108200798387568 479
1584568306319 0.0906265979439563 480
1584568308501 0.09017346495423652 481
1584568311366 0.08972259762946533 482
1584568313705 0.089273984641318 483
1584568315892 0.0888276147181114 484
1584568318049 0.08838347664452084 485
1584568320219 0.08794155926129824 486
1584568322959 0.08750185146499175 487
1584568325613 0.08706434220766679 488
1584568327774 0.08662902049662846 489
1584568330301 0.08619587539414532 490
1584568332661 0.08576489601717459 491
1584568335077 0.08533607153708872 492
1584568337363 0.08490939117940327 493
1584568340187 0.08448484422350626 494
1584568342920 0.08406242000238873 495
1584568346084 0.08364210790237678 496
1584568348537 0.0832238973628649 497
1584568351259 0.08280777787605056 498
1584568353465 0.08239373898667031 499
1584568355647 0.08198177029173696 500
1584568357860 0.08157186144027828 501
1584568360035 0.0811640021330769 502
1584568362193 0.08075818212241151 503
1584568364357 0.08035439121179945 504
1584568366571 0.07995261925574046 505
1584568368734 0.07955285615946175 506
1584568370948 0.07915509187866444 507
1584568373139 0.07875931641927113 508
1584568375323 0.07836551983717477 509
1584568377585 0.07797369223798889 510
1584568379782 0.07758382377679894 511
1584568382049 0.07719590465791494 512
1584568384248 0.07680992513462537 513
1584568386431 0.07642587550895225 514
1584568388659 0.07604374613140748 515
1584568390851 0.07566352740075044 516
1584568393029 0.07528520976374668 517
1584568395201 0.07490878371492794 518
1584568397457 0.0745342397963533 519
1584568399773 0.07416156859737154 520
1584568402000 0.07379076075438468 521
1584568404155 0.07342180695061275 522
1584568406312 0.07305469791585968 523
1584568408481 0.07268942442628039 524
1584568410655 0.07232597730414898 525
1584568412872 0.07196434741762824 526
1584568415035 0.0716045256805401 527
1584568417203 0.0712465030521374 528
1584568419390 0.0708902705368767 529
1584568421560 0.07053581918419231 530
1584568423737 0.07018314008827135 531
1584568425935 0.06983222438783 532
1584568428115 0.06948306326589085 533
1584568430284 0.0691356479495614 534
1584568432459 0.06878996970981359 535
1584568434642 0.06844601986126451 536
1584568436849 0.06810378976195819 537
1584568439040 0.0677632708131484 538
1584568441223 0.06742445445908266 539
1584568443401 0.06708733218678724 540
1584568445582 0.0667518955258533 541
1584568447735 0.06641813604822402 542
1584568449885 0.0660860453679829 543
1584568452080 0.06575561514114299 544
1584568454241 0.06542683706543727 545
1584568456430 0.06509970288011008 546
1584568458597 0.06477420436570952 547
1584568460792 0.06445033334388098 548
1584568462951 0.06412808167716157 549
1584568465129 0.06380744126877576 550
1584568467368 0.06348840406243188 551
1584568469562 0.06317096204211972 552
1584568471748 0.06285510723190912 553
1584568474060 0.06254083169574957 554
1584568476236 0.062228127537270826 555
1584568478408 0.06191698689958447 556
1584568480566 0.061607401965086545 557
1584568482734 0.06129936495526111 558
1584568484928 0.0609928681304848 559
1584568487097 0.060687903789832374 560
1584568489288 0.06038446427088321 561
1584568491471 0.06008254194952879 562
1584568493657 0.05978212923978115 563
1584568495864 0.05948321859358224 564
1584568498073 0.05918580250061433 565
1584568500271 0.058889873488111255 566
1584568502433 0.058595424120670696 567
1584568504693 0.05830244700006734 568
1584568506858 0.058010934765067 569
1584568509057 0.05772088009124167 570
1584568511243 0.05743227569078546 571
1584568513424 0.05714511431233153 572
1584568515575 0.05685938874076987 573
1584568517824 0.056575091797066025 574
1584568520023 0.056292216338080694 575
1584568522188 0.05601075525639029 576
1584568524347 0.05573070148010834 577
1584568526513 0.0554520479727078 578
1584568528719 0.05517478773284426 579
1584568530891 0.05489891379418004 580
1584568533062 0.05462441922520914 581
1584568535308 0.0543512971290831 582
1584568537508 0.05407954064343768 583
1584568539718 0.05380914294022049 584
1584568541905 0.05354009722551939 585
1584568544091 0.05327239673939179 586
1584568546304 0.053006034755694834 587
1584568548471 0.052741004581916356 588
1584568550652 0.052477299559006776 589
1584568552824 0.052214913061211746 590
1584568555040 0.05195383849590569 591
1584568557212 0.05169406930342616 592
1584568559406 0.05143559895690903 593
1584568561597 0.051178420962124486 594
1584568563794 0.05092252885731386 595
1584568565979 0.05066791621302729 596
1584568568104 0.05041457663196215 597
1584568570500 0.050162503748802344 598
1584568572666 0.049911691230058335 599
1584568574868 0.04966213277390804 600
1584568577206 0.0494138221100385 601
1584568579381 0.04916675299948831 602
1584568581559 0.04892091923449087 603
1584568583744 0.04867631463831842 604
1584568585957 0.048432933065126825 605
1584568588122 0.048190768399801194 606
1584568590301 0.04794981455780219 607
1584568592474 0.04771006548501318 608
1584568594677 0.047471515157588115 609
1584568596861 0.047234157581800176 610
1584568599044 0.046997986793891174 611
1584568601271 0.04676299685992172 612
1584568603427 0.04652918187562211 613
1584568605629 0.046296535966244 614
1584568607803 0.046065053286412784 615
1584568609988 0.04583472801998072 616
1584568612156 0.045605554379880814 617
1584568614304 0.04537752660798141 618
1584568616488 0.0451506389749415 619
1584568618666 0.044924885780066794 620
1584568620877 0.04470026135116646 621
1584568623046 0.04447676004441063 622
1584568625322 0.04425437624418858 623
1584568627490 0.04403310436296763 624
1584568629691 0.043812938841152796 625
1584568631909 0.04359387414694703 626
1584568634109 0.043375904776212296 627
1584568636258 0.043159025252331236 628
1584568638424 0.04294323012606958 629
1584568640671 0.04272851397543923 630
1584568642829 0.04251487140556204 631
1584568645028 0.04230229704853423 632
1584568647203 0.04209078556329156 633
1584568649415 0.0418803316354751 634
1584568651646 0.041670929977297724 635
1584568653863 0.04146257532741124 636
1584568656062 0.04125526245077418 637
1584568658260 0.04104898613852031 638
1584568660505 0.04084374120782771 639
1584568662697 0.04063952250178857 640
1584568664913 0.04043632488927963 641
1584568667281 0.04023414326483323 642
1584568669513 0.040032972548509065 643
1584568671706 0.03983280768576652 644
1584568673927 0.03963364364733769 645
1584568676114 0.039435475429100995 646
1584568678343 0.03923829805195549 647
1584568680568 0.03904210656169572 648
1584568682776 0.03884689602888724 649
1584568684971 0.0386526615487428 650
1584568687211 0.03845939824099909 651
1584568689439 0.03826710124979409 652
1584568691670 0.038075765743545126 653
1584568693897 0.0378853869148274 654
1584568696132 0.03769595998025326 655
1584568698436 0.03750748018035199 656
1584568700658 0.037319942779450235 657
1584568702858 0.037133343065552986 658
1584568705078 0.03694767635022522 659
1584568707277 0.036762937968474095 660
1584568709503 0.03657912327863173 661
1584568711717 0.036396227662238566 662
1584568713933 0.03621424652392737 663
1584568716140 0.036033175291307735 664
1584568718344 0.03585300941485119 665
1584568720592 0.035673744367776934 666
1584568722793 0.03549537564593805 667
1584568724992 0.035317898767708356 668
1584568727224 0.03514130927386981 669
1584568729416 0.03496560272750046 670
1584568731630 0.03479077471386296 671
1584568733827 0.03461682084029365 672
1584568736064 0.034443736736092176 673
1584568738264 0.034271518052411715 674
1584568740470 0.034100160462149656 675
1584568742707 0.03392965965983891 676
1584568744995 0.033760011361539714 677
1584568747308 0.03359121130473201 678
1584568749489 0.033423255248208356 679
1584568751769 0.03325613897196732 680
1584568754031 0.03308985827710748 681
1584568756206 0.032924408985721944 682
1584568758421 0.03275978694079333 683
1584568760616 0.032595988006089364 684
1584568762986 0.032433008066058915 685
1584568765175 0.03227084302572862 686
1584568767346 0.032109488810599975 687
1584568769510 0.031948941366546975 688
1584568771712 0.03178919665971424 689
1584568773909 0.03163025067641567 690
1584568776105 0.03147209942303359 691
1584568778286 0.03131473892591842 692
1584568780459 0.031158165231288826 693
1584568782653 0.03100237440513238 694
1584568784857 0.030847362533106718 695
1584568787028 0.030693125720441184 696
1584568789221 0.030539660091838977 697
1584568791370 0.03038696179137978 698
1584568793571 0.030235026982422884 699
1584568795789 0.030083851847510768 700
1584568798013 0.029933432588273214 701
1584568800218 0.029783765425331846 702
1584568802394 0.029634846598205186 703
1584568804600 0.02948667236521416 704
1584568806800 0.029339239003388088 705
1584568808970 0.029192542808371146 706
1584568811139 0.02904658009432929 707
1584568813308 0.028901347193857643 708
1584568815526 0.028756840457888354 709
1584568817728 0.02861305625559891 710
1584568819989 0.028469990974320916 711
1584568822164 0.02832764101944931 712
1584568824422 0.028186002814352063 713
1584568826677 0.0280450728002803 714
1584568828920 0.0279048474362789 715
1584568831144 0.027765323199097504 716
1584568833325 0.027626496583102015 717
1584568835521 0.027488364100186506 718
1584568837795 0.027350922279685573 719
1584568840046 0.027214167668287145 720
1584568842235 0.02707809682994571 721
1584568844426 0.02694270634579598 722
1584568846627 0.026807992814067 723
1584568848875 0.026673952849996664 724
1584568851092 0.02654058308574668 725
1584568853281 0.026407880170317945 726
1584568855609 0.026275840769466357 727
1584568857827 0.026144461565619025 728
1584568860120 0.02601373925779093 729
1584568862347 0.025883670561501974 730
1584568864552 0.025754252208694463 731
1584568866798 0.02562548094765099 732
1584568869017 0.025497353542912736 733
1584568871204 0.02536986677519817 734
1584568873398 0.02524301744132218 735
1584568875620 0.025116802354115567 736
1584568877826 0.024991218342344988 737
1584568880041 0.024866262250633264 738
1584568882311 0.024741930939380097 739
1584568884535 0.024618221284683196 740
1584568886742 0.02449513017825978 741
1584568889010 0.02437265452736848 742
1584568891233 0.024250791254731636 743
1584568893430 0.024129537298457977 744
1584568895633 0.024008889611965685 745
1584568897818 0.023888845163905856 746
1584568900064 0.023769400938086327 747
1584568902283 0.023650553933395897 748
1584568904516 0.023532301163728918 749
1584568906754 0.023414639657910272 750
1584568908987 0.023297566459620722 751
1584568911171 0.023181078627322618 752
1584568913387 0.023065173234186005 753
1584568915592 0.022949847368015076 754
1584568917792 0.022835098131175 755
1584568919999 0.022720922640519125 756
1584568922290 0.02260731802731653 757
1584568924518 0.022494281437179946 758
1584568926753 0.022381810029994047 759
1584568928973 0.022269900979844076 760
1584568931188 0.022158551474944856 761
1584568933425 0.022047758717570132 762
1584568935634 0.021937519923982282 763
1584568937870 0.021827832324362372 764
1584568940138 0.02171869316274056 765
1584568942356 0.021610099696926857 766
1584568944587 0.021502049198442223 767
1584568946838 0.021394538952450012 768
1584568949077 0.02128756625768776 769
1584568951339 0.021181128426399323 770
1584568953543 0.021075222784267326 771
1584568955792 0.020969846670345987 772
1584568958107 0.020864997436994256 773
1584568960316 0.020760672449809284 774
1584568962527 0.020656869087560238 775
1584568964945 0.020553584742122436 776
1584568967191 0.020450816818411825 777
1584568969400 0.020348562734319765 778
1584568971596 0.020246819920648168 779
1584568973816 0.020145585821044927 780
1584568976028 0.020044857891939702 781
1584568978241 0.019944633602480003 782
1584568980438 0.019844910434467605 783
1584568982637 0.019745685882295267 784
1584568984873 0.01964695745288379 785
1584568987077 0.01954872266561937 786
1584568989309 0.019450979052291272 787
1584568991537 0.019353724157029815 788
1584568993734 0.019256955536244666 789
1584568995950 0.019160670758563442 790
1584568998145 0.019064867404770626 791
1584569000343 0.018969543067746772 792
1584569002542 0.018874695352408037 793
1584569004747 0.018780321875645996 794
1584569006924 0.018686420266267767 795
1584569009211 0.018592988164936427 796
1584569011466 0.018500023224111744 797
1584569013657 0.018407523107991184 798
1584569015787 0.01831548549245123 799
1584569017996 0.018223908064988973 800
1584569020249 0.018132788524664028 801
1584569022428 0.018042124582040707 802
1584569024635 0.017951913959130504 803
1584569026819 0.01786215438933485 804
1584569029014 0.017772843617388175 805
1584569031197 0.017683979399301233 806
1584569033408 0.017595559502304726 807
1584569035616 0.0175075817047932 808
1584569037847 0.017420043796269234 809
1584569040100 0.017332943577287888 810
1584569042327 0.01724627885940145 811
1584569044534 0.017160047465104442 812
1584569046728 0.01707424722777892 813
1584569049004 0.016988875991640028 814
1584569051228 0.016903931611681827 815
1584569053483 0.01681941195362342 816
1584569055701 0.016735314893855303 817
1584569057914 0.016651638319386028 818
1584569060110 0.0165683801277891 819
1584569062311 0.016485538227150154 820
1584569064520 0.0164031105360144 821
1584569066704 0.01632109498333433 822
1584569068926 0.016239489508417658 823
1584569071150 0.01615829206087557 824
1584569073346 0.01607750060057119 825
1584569075557 0.015997113097568336 826
1584569077743 0.015917127532080494 827
1584569079934 0.01583754189442009 828
1584569082135 0.01575835418494799 829
1584569084363 0.01567956241402325 830
1584569086580 0.015601164601953134 831
1584569088777 0.015523158778943369 832
1584569090956 0.015445542985048652 833
1584569093141 0.015368315270123408 834
1584569095353 0.01529147369377279 835
1584569097546 0.015215016325303928 836
1584569099748 0.015138941243677408 837
1584569101935 0.01506324653745902 838
1584569104286 0.014987930304771725 839
1584569106479 0.014912990653247866 840
1584569108683 0.014838425699981627 841
1584569110917 0.01476423357148172 842
1584569113103 0.014690412403624311 843
1584569115295 0.01461696034160619 844
1584569117488 0.014543875539898159 845
1584569119699 0.014471156162198668 846
1584569121911 0.014398800381387675 847
1584569124131 0.014326806379480736 848
1584569126316 0.014255172347583332 849
1584569128512 0.014183896485845416 850
1584569130728 0.014112977003416188 851
1584569132933 0.014042412118399107 852
1584569135161 0.013972200057807112 853
1584569137365 0.013902339057518077 854
1584569139624 0.013832827362230486 855
1584569141845 0.013763663225419333 856
1584569144042 0.013694844909292236 857
1584569146188 0.013626370684745774 858
1584569148329 0.013558238831322046 859
1584569150611 0.013490447637165436 860
1584569152806 0.013422995398979608 861
1584569154995 0.01335588042198471 862
1584569157166 0.013289101019874787 863
1584569159387 0.013222655514775413 864
1584569161590 0.013156542237201536 865
1584569163798 0.013090759526015528 866
1584569165955 0.01302530572838545 867
1584569168089 0.012960179199743523 868
1584569170239 0.012895378303744804 869
1584569172420 0.01283090141222608 870
1584569174603 0.012766746905164949 871
1584569176797 0.012702913170639124 872
1584569178980 0.012639398604785928 873
1584569181197 0.012576201611761997 874
1584569183369 0.012513320603703188 875
1584569185543 0.012450754000684672 876
1584569187759 0.012388500230681249 877
1584569190167 0.012326557729527843 878
