1583060918922 1.0 1
1583060921571 0.995 2
1583060923722 0.990025 3
1583060925880 0.985074875 4
1583060928704 0.9801495006250001 5
1583060930921 0.9752487531218751 6
1583060933069 0.9703725093562657 7
1583060935189 0.9655206468094844 8
1583060937314 0.960693043575437 9
1583060939426 0.9558895783575597 10
1583060941554 0.9511101304657719 11
1583060943666 0.946354579813443 12
1583060945792 0.9416228069143757 13
1583060947935 0.9369146928798039 14
1583060950104 0.9322301194154049 15
1583060952229 0.9275689688183278 16
1583060954482 0.9229311239742362 17
1583060957674 0.918316468354365 18
1583060961050 0.9137248860125932 19
1583060963897 0.9091562615825302 20
