1584593956123 0.0 1
1584593958382 -2.0 2
1584593960556 -1.0 3
1584593963172 0.0 4
1584593965641 0.0 5
1584593967803 -3.0 6
1584593970019 2.0 7
1584593972200 8.0 8
1584593974395 0.0 9
1584593976691 0.0 10
1584593978899 4.0 11
1584593981105 0.0 12
1584593983331 -2.0 13
1584593985521 2.0 14
1584593987780 5.0 15
1584593989979 1.0 16
1584593992188 -2.0 17
1584593994485 2.0 18
1584593996648 4.0 19
1584593998803 1.0 20
1584594000974 0.0 21
1584594003368 -1.0 22
1584594005529 3.0 23
1584594007692 -1.0 24
1584594009843 2.0 25
1584594011998 0.0 26
1584594014154 1.0 27
1584594016307 -1.0 28
1584594018468 2.0 29
1584594020629 0.0 30
1584594022765 4.0 31
1584594024988 -1.0 32
1584594027137 -1.0 33
1584594029281 0.0 34
1584594031420 2.0 35
1584594033561 1.0 36
1584594035713 0.0 37
1584594037856 3.0 38
1584594040006 0.0 39
1584594042173 0.0 40
1584594044333 -1.0 41
1584594046515 -1.0 42
1584594048681 -1.0 43
1584594050861 0.0 44
1584594053021 3.0 45
1584594055233 1.0 46
1584594057412 2.0 47
1584594059581 -2.0 48
1584594061730 0.0 49
1584594063885 0.0 50
1584594066063 -1.0 51
1584594068312 0.0 52
1584594070497 -1.0 53
1584594072667 1.0 54
1584594074828 1.0 55
1584594077020 -4.0 56
1584594079186 1.0 57
1584594081347 -2.0 58
1584594083500 5.0 59
1584594085703 -2.0 60
1584594087893 1.0 61
1584594090166 7.0 62
1584594092335 1.0 63
1584594094507 -2.0 64
1584594096673 -2.0 65
1584594098825 4.0 66
1584594100987 3.0 67
1584594103190 1.0 68
1584594105337 1.0 69
1584594107485 1.0 70
1584594109666 1.0 71
1584594111833 3.0 72
1584594114039 4.0 73
1584594116216 1.0 74
1584594118375 1.0 75
1584594120573 -4.0 76
1584594122745 5.0 77
1584594124936 1.0 78
1584594127133 4.0 79
1584594129331 3.0 80
1584594131501 0.0 81
1584594133659 3.0 82
1584594135827 -1.0 83
1584594137971 4.0 84
1584594140120 2.0 85
1584594142306 1.0 86
1584594144849 1.0 87
1584594147022 0.0 88
1584594149191 2.0 89
1584594151403 2.0 90
1584594153602 5.0 91
1584594155794 8.0 92
1584594157945 7.0 93
1584594160116 1.0 94
1584594162294 1.0 95
1584594164452 3.0 96
1584594166610 1.0 97
1584594168782 5.0 98
1584594170951 3.0 99
1584594173110 5.0 100
1584594175292 6.0 101
1584594177456 3.0 102
1584594179651 5.0 103
1584594181842 0.0 104
1584594184008 3.0 105
1584594186179 2.0 106
1584594188357 3.0 107
1584594190519 1.0 108
1584594192664 5.0 109
1584594194845 4.0 110
1584594197016 2.0 111
1584594199199 1.0 112
1584594201424 8.0 113
1584594203650 6.0 114
1584594205850 6.0 115
1584594208053 6.0 116
1584594210217 3.0 117
1584594212429 0.0 118
1584594214608 6.0 119
1584594216795 2.0 120
1584594218984 5.0 121
1584594221164 0.0 122
1584594223446 3.0 123
1584594225672 4.0 124
1584594227866 0.0 125
1584594230065 -2.0 126
1584594232246 5.0 127
1584594234433 7.0 128
1584594236627 9.0 129
1584594238806 3.0 130
1584594240985 6.0 131
1584594243154 1.0 132
1584594245308 2.0 133
1584594247494 6.0 134
1584594249671 3.0 135
1584594251877 10.0 136
1584594254066 2.0 137
1584594256261 7.0 138
1584594258466 4.0 139
1584594260657 9.0 140
1584594262834 11.0 141
1584594264994 3.0 142
1584594267220 6.0 143
1584594269434 5.0 144
1584594271669 3.0 145
1584594273831 2.0 146
1584594275985 3.0 147
1584594278193 5.0 148
1584594280385 2.0 149
1584594282613 4.0 150
1584594284857 4.0 151
1584594287035 9.0 152
1584594289212 0.0 153
1584594291425 11.0 154
1584594293627 6.0 155
1584594295833 4.0 156
1584594298047 8.0 157
1584594300264 6.0 158
1584594302451 7.0 159
1584594304675 8.0 160
1584594306868 7.0 161
1584594309079 12.0 162
1584594311278 4.0 163
1584594313461 0.0 164
1584594315678 6.0 165
1584594317884 3.0 166
1584594320077 10.0 167
1584594322271 5.0 168
1584594324474 4.0 169
1584594326672 3.0 170
1584594328857 2.0 171
1584594331075 5.0 172
1584594333251 1.0 173
1584594335479 6.0 174
1584594337651 0.0 175
1584594339863 6.0 176
1584594342097 9.0 177
1584594344326 2.0 178
1584594346529 1.0 179
1584594348720 1.0 180
1584594351001 12.0 181
1584594353278 5.0 182
1584594355452 8.0 183
1584594357647 -1.0 184
1584594359847 1.0 185
1584594362044 9.0 186
1584594364249 7.0 187
1584594366479 8.0 188
1584594368695 5.0 189
1584594370921 5.0 190
1584594373131 0.0 191
1584594375387 14.0 192
1584594377625 17.0 193
1584594379979 11.0 194
1584594382178 7.0 195
1584594384381 3.0 196
1584594386575 4.0 197
1584594388768 4.0 198
1584594390952 10.0 199
1584594393172 9.0 200
1584594395415 6.0 201
1584594397592 4.0 202
1584594399787 9.0 203
1584594402006 3.0 204
1584594404197 -1.0 205
1584594406389 2.0 206
1584594408573 2.0 207
1584594410779 8.0 208
1584594412960 9.0 209
1584594415189 5.0 210
1584594417390 3.0 211
1584594419585 4.0 212
1584594421817 11.0 213
1584594424000 1.0 214
1584594426210 8.0 215
1584594428406 6.0 216
1584594430642 10.0 217
1584594432838 4.0 218
1584594435021 3.0 219
1584594437208 6.0 220
1584594439406 7.0 221
1584594441638 2.0 222
1584594443841 7.0 223
1584594446016 4.0 224
1584594448169 9.0 225
1584594450368 9.0 226
1584594452573 5.0 227
1584594454790 6.0 228
1584594456973 9.0 229
1584594459161 12.0 230
1584594461372 5.0 231
1584594463585 0.0 232
1584594465867 11.0 233
1584594468068 3.0 234
1584594470286 7.0 235
1584594472478 6.0 236
1584594474647 7.0 237
1584594476918 8.0 238
1584594479130 0.0 239
1584594481324 5.0 240
1584594483512 7.0 241
1584594485718 10.0 242
1584594487922 1.0 243
1584594490140 11.0 244
1584594492337 5.0 245
1584594494498 6.0 246
1584594496684 11.0 247
1584594498866 5.0 248
1584594501039 2.0 249
1584594503252 10.0 250
1584594505463 13.0 251
1584594507738 5.0 252
1584594509947 -2.0 253
1584594512167 9.0 254
1584594514347 6.0 255
1584594516549 7.0 256
1584594518755 4.0 257
1584594520971 12.0 258
1584594523170 14.0 259
1584594525357 10.0 260
1584594527561 3.0 261
1584594529796 0.0 262
1584594531983 3.0 263
1584594534282 6.0 264
1584594536465 0.0 265
1584594538706 2.0 266
1584594540897 8.0 267
1584594543081 6.0 268
1584594545265 10.0 269
1584594547484 13.0 270
1584594549674 13.0 271
1584594551871 5.0 272
1584594554050 13.0 273
1584594556227 3.0 274
1584594558430 6.0 275
1584594560653 3.0 276
1584594562848 9.0 277
1584594565043 12.0 278
1584594567232 12.0 279
1584594569441 7.0 280
1584594571695 7.0 281
1584594574038 7.0 282
1584594576263 4.0 283
1584594578482 8.0 284
1584594580705 8.0 285
1584594582901 8.0 286
1584594585089 7.0 287
1584594587283 9.0 288
1584594589478 1.0 289
1584594591686 0.0 290
1584594593872 7.0 291
1584594596080 9.0 292
1584594598250 0.0 293
1584594600443 3.0 294
1584594602613 3.0 295
1584594604871 15.0 296
1584594607081 7.0 297
1584594609269 8.0 298
1584594611466 15.0 299
1584594613659 0.0 300
1584594615895 6.0 301
1584594618083 2.0 302
1584594620285 5.0 303
1584594622499 3.0 304
1584594624691 3.0 305
1584594626890 12.0 306
1584594629094 12.0 307
1584594631331 14.0 308
1584594633547 13.0 309
1584594635777 8.0 310
1584594637957 18.0 311
1584594640169 9.0 312
1584594642368 8.0 313
1584594644560 13.0 314
1584594646736 1.0 315
1584594648898 0.0 316
1584594651100 7.0 317
1584594653363 9.0 318
1584594655610 3.0 319
1584594657805 5.0 320
1584594660001 4.0 321
1584594662203 10.0 322
1584594664439 11.0 323
1584594666662 10.0 324
1584594668884 14.0 325
1584594671191 9.0 326
1584594673386 4.0 327
1584594675598 12.0 328
1584594677814 3.0 329
1584594680010 6.0 330
1584594682216 5.0 331
1584594684414 11.0 332
1584594686615 0.0 333
1584594688809 3.0 334
1584594691007 7.0 335
1584594693173 4.0 336
1584594695397 11.0 337
1584594697584 9.0 338
1584594699799 13.0 339
1584594702008 10.0 340
1584594704210 10.0 341
1584594706409 11.0 342
1584594708591 14.0 343
1584594710852 9.0 344
1584594713252 6.0 345
1584594715476 6.0 346
1584594717678 7.0 347
1584594719881 8.0 348
1584594722080 1.0 349
1584594724286 1.0 350
1584594726517 2.0 351
1584594728715 4.0 352
1584594730929 17.0 353
1584594733116 5.0 354
1584594735324 3.0 355
1584594737523 8.0 356
1584594739812 9.0 357
1584594741992 7.0 358
1584594744168 11.0 359
1584594746347 3.0 360
1584594748546 9.0 361
1584594750762 2.0 362
1584594752958 6.0 363
1584594755135 11.0 364
1584594757364 11.0 365
1584594759567 13.0 366
1584594761825 15.0 367
1584594764044 10.0 368
1584594766234 4.0 369
1584594768441 17.0 370
1584594770629 5.0 371
1584594772809 10.0 372
1584594775015 7.0 373
1584594777168 9.0 374
1584594779362 15.0 375
1584594781583 11.0 376
1584594783817 4.0 377
1584594786041 4.0 378
1584594788239 19.0 379
1584594790447 12.0 380
1584594792655 1.0 381
1584594794836 10.0 382
1584594797024 6.0 383
1584594799214 7.0 384
1584594801387 16.0 385
1584594803569 12.0 386
1584594805765 10.0 387
1584594807978 9.0 388
1584594810153 15.0 389
1584594812352 12.0 390
1584594814538 1.0 391
1584594816831 11.0 392
1584594819016 16.0 393
1584594821224 10.0 394
1584594823453 11.0 395
1584594825648 9.0 396
1584594827844 11.0 397
1584594830031 0.0 398
1584594832204 7.0 399
1584594834392 7.0 400
1584594836643 6.0 401
1584594838820 10.0 402
1584594841005 11.0 403
1584594843194 2.0 404
1584594845364 11.0 405
1584594847547 8.0 406
1584594849745 14.0 407
1584594851934 8.0 408
1584594854121 9.0 409
1584594856319 17.0 410
1584594858537 9.0 411
1584594860765 7.0 412
1584594862988 8.0 413
1584594865187 11.0 414
1584594867375 13.0 415
1584594869601 8.0 416
1584594871789 9.0 417
1584594873961 10.0 418
1584594876159 12.0 419
1584594878351 14.0 420
1584594880551 10.0 421
1584594882751 18.0 422
1584594884933 9.0 423
1584594887142 9.0 424
1584594889311 7.0 425
1584594891543 11.0 426
1584594893774 8.0 427
1584594895961 13.0 428
1584594898162 5.0 429
1584594900386 3.0 430
1584594902610 19.0 431
1584594904817 4.0 432
1584594907001 2.0 433
1584594909222 19.0 434
1584594911439 12.0 435
1584594913659 2.0 436
1584594915965 16.0 437
1584594918463 7.0 438
1584594920806 14.0 439
1584594923008 12.0 440
1584594925228 19.0 441
1584594927428 1.0 442
1584594929632 15.0 443
1584594931910 10.0 444
1584594934087 14.0 445
1584594936302 6.0 446
1584594938490 15.0 447
1584594940826 15.0 448
1584594943111 2.0 449
1584594945301 12.0 450
1584594947510 12.0 451
1584594949722 15.0 452
1584594951900 1.0 453
1584594954087 17.0 454
1584594956238 12.0 455
1584594958443 12.0 456
1584594960687 22.0 457
1584594962876 15.0 458
1584594965031 13.0 459
1584594967182 18.0 460
1584594969392 16.0 461
1584594971613 7.0 462
1584594973766 14.0 463
1584594975956 8.0 464
1584594978177 12.0 465
1584594980406 19.0 466
1584594982590 10.0 467
1584594984759 13.0 468
1584594986919 21.0 469
1584594989102 16.0 470
1584594991317 10.0 471
1584594993486 15.0 472
1584594995647 7.0 473
1584594997843 16.0 474
1584595000015 20.0 475
1584595002206 16.0 476
1584595004379 19.0 477
1584595006558 11.0 478
1584595008715 21.0 479
1584595010906 0.0 480
1584595013071 12.0 481
1584595015266 18.0 482
1584595017481 7.0 483
1584595019646 13.0 484
1584595021844 9.0 485
1584595024036 15.0 486
1584595026199 16.0 487
1584595028378 15.0 488
1584595030536 6.0 489
1584595032718 16.0 490
1584595034890 16.0 491
1584595037055 9.0 492
1584595039245 15.0 493
1584595041425 16.0 494
1584595043590 9.0 495
1584595045782 15.0 496
1584595047959 15.0 497
1584595050166 17.0 498
1584595052317 10.0 499
1584595054510 15.0 500
1584595056833 11.0 501
1584595058991 16.0 502
1584595061140 11.0 503
1584595063396 11.0 504
1584595065557 22.0 505
1584595067738 14.0 506
1584595069895 14.0 507
1584595072055 2.0 508
1584595074227 9.0 509
1584595076405 5.0 510
1584595078588 14.0 511
1584595080788 18.0 512
1584595082969 12.0 513
1584595085134 10.0 514
1584595087353 14.0 515
1584595089553 16.0 516
1584595091694 17.0 517
1584595093841 17.0 518
1584595096007 18.0 519
1584595098168 13.0 520
1584595100333 19.0 521
1584595102544 13.0 522
1584595104717 14.0 523
1584595106905 8.0 524
1584595109046 7.0 525
1584595111232 17.0 526
1584595113445 10.0 527
1584595115673 16.0 528
1584595117874 19.0 529
1584595120020 19.0 530
1584595122234 19.0 531
1584595124435 17.0 532
1584595126635 16.0 533
1584595128797 11.0 534
1584595130971 11.0 535
1584595133163 15.0 536
1584595135357 18.0 537
1584595137537 14.0 538
1584595139714 9.0 539
1584595141908 18.0 540
1584595144095 18.0 541
1584595146300 19.0 542
1584595148521 17.0 543
1584595150711 17.0 544
1584595152988 16.0 545
1584595155172 10.0 546
1584595157342 22.0 547
1584595159537 17.0 548
1584595161718 12.0 549
1584595163898 17.0 550
1584595166105 15.0 551
1584595168355 20.0 552
1584595170547 17.0 553
1584595172747 10.0 554
1584595174929 15.0 555
1584595177108 15.0 556
1584595179310 1.0 557
1584595181510 17.0 558
1584595183709 1.0 559
1584595185903 23.0 560
1584595188077 19.0 561
1584595190265 11.0 562
1584595192451 17.0 563
1584595194648 19.0 564
1584595196816 20.0 565
1584595199001 10.0 566
1584595201199 13.0 567
1584595203406 13.0 568
1584595205574 10.0 569
1584595207749 14.0 570
1584595209942 18.0 571
1584595212133 17.0 572
1584595214383 4.0 573
1584595216567 17.0 574
1584595218720 14.0 575
1584595220938 12.0 576
1584595223124 20.0 577
1584595225327 15.0 578
1584595227471 20.0 579
1584595229651 19.0 580
1584595231865 19.0 581
1584595234059 16.0 582
1584595236213 15.0 583
1584595238396 12.0 584
1584595240587 16.0 585
1584595242801 13.0 586
1584595245028 10.0 587
1584595247187 12.0 588
1584595249426 17.0 589
1584595251649 18.0 590
1584595253836 17.0 591
1584595256052 16.0 592
1584595258247 19.0 593
1584595260454 9.0 594
1584595262657 21.0 595
1584595264861 19.0 596
1584595267060 9.0 597
1584595269333 19.0 598
1584595271646 16.0 599
1584595273832 11.0 600
1584595276150 15.0 601
1584595278415 14.0 602
1584595280639 17.0 603
1584595282814 13.0 604
1584595285017 12.0 605
1584595287217 10.0 606
1584595289458 11.0 607
1584595291688 17.0 608
1584595293846 12.0 609
1584595296083 15.0 610
1584595298480 14.0 611
1584595300761 8.0 612
1584595302961 17.0 613
1584595305161 19.0 614
1584595307360 15.0 615
1584595309586 12.0 616
1584595311786 12.0 617
1584595314049 11.0 618
1584595316494 22.0 619
1584595318789 16.0 620
1584595321188 22.0 621
1584595323420 21.0 622
1584595325606 15.0 623
1584595327776 16.0 624
1584595329971 17.0 625
1584595332162 9.0 626
1584595334361 23.0 627
1584595336541 18.0 628
1584595338756 17.0 629
1584595340965 14.0 630
1584595343183 18.0 631
1584595345393 17.0 632
1584595347597 13.0 633
1584595349821 15.0 634
1584595352025 16.0 635
1584595354201 16.0 636
1584595356381 16.0 637
1584595358580 16.0 638
1584595360800 19.0 639
1584595362987 15.0 640
1584595365190 19.0 641
1584595367389 17.0 642
1584595369598 16.0 643
1584595371827 13.0 644
1584595374024 17.0 645
1584595376208 9.0 646
1584595378435 9.0 647
1584595380628 18.0 648
1584595382880 7.0 649
1584595385082 18.0 650
1584595387315 18.0 651
1584595389576 16.0 652
1584595391769 20.0 653
1584595393947 6.0 654
1584595396107 17.0 655
1584595398295 17.0 656
1584595400484 20.0 657
1584595402729 20.0 658
1584595405019 16.0 659
1584595407216 20.0 660
1584595409412 16.0 661
1584595411638 15.0 662
1584595413906 16.0 663
1584595416194 12.0 664
1584595418375 14.0 665
1584595420605 19.0 666
1584595422819 12.0 667
1584595425016 15.0 668
1584595427221 16.0 669
1584595429397 16.0 670
1584595431608 20.0 671
1584595433822 10.0 672
1584595436028 20.0 673
1584595438261 19.0 674
1584595440441 15.0 675
1584595442652 18.0 676
1584595444816 23.0 677
1584595446976 15.0 678
1584595449161 10.0 679
1584595451356 16.0 680
1584595453561 16.0 681
1584595455800 20.0 682
1584595457984 16.0 683
1584595460168 17.0 684
1584595462346 21.0 685
1584595464536 21.0 686
1584595466764 21.0 687
1584595468977 18.0 688
1584595471193 20.0 689
1584595473399 13.0 690
1584595475548 19.0 691
1584595477764 17.0 692
1584595479959 14.0 693
1584595482144 21.0 694
1584595484390 18.0 695
1584595486575 19.0 696
1584595488784 18.0 697
1584595490994 16.0 698
1584595493178 17.0 699
1584595495366 14.0 700
1584595497622 12.0 701
1584595499860 15.0 702
1584595502070 15.0 703
1584595504327 16.0 704
1584595506523 14.0 705
1584595508711 21.0 706
1584595510944 15.0 707
1584595513244 16.0 708
1584595515426 15.0 709
1584595517625 14.0 710
1584595519839 18.0 711
1584595522031 13.0 712
1584595524213 16.0 713
1584595526393 5.0 714
1584595528590 16.0 715
1584595530839 19.0 716
1584595533247 22.0 717
1584595535517 14.0 718
1584595537723 18.0 719
1584595540111 24.0 720
1584595542292 22.0 721
1584595544477 19.0 722
1584595546659 12.0 723
1584595548838 11.0 724
1584595551009 14.0 725
1584595553204 19.0 726
1584595555429 13.0 727
1584595557650 17.0 728
1584595559841 16.0 729
1584595562083 14.0 730
1584595564247 14.0 731
1584595566481 15.0 732
1584595568683 18.0 733
1584595570980 18.0 734
1584595573184 15.0 735
1584595575412 17.0 736
1584595577651 19.0 737
1584595579885 11.0 738
1584595582080 12.0 739
1584595584289 16.0 740
1584595586498 17.0 741
1584595588702 18.0 742
1584595590892 12.0 743
1584595593095 15.0 744
1584595595352 21.0 745
1584595597549 15.0 746
1584595599785 22.0 747
1584595601982 13.0 748
1584595604195 7.0 749
1584595606397 17.0 750
1584595608598 17.0 751
1584595611170 13.0 752
1584595613487 18.0 753
1584595615678 14.0 754
1584595617876 12.0 755
1584595620069 17.0 756
1584595622268 21.0 757
1584595624558 19.0 758
1584595626753 10.0 759
1584595628945 20.0 760
1584595631153 19.0 761
1584595633371 22.0 762
1584595635584 18.0 763
1584595637804 19.0 764
1584595639996 13.0 765
1584595642191 17.0 766
1584595644366 15.0 767
1584595646583 17.0 768
1584595648776 15.0 769
1584595650994 21.0 770
1584595653182 16.0 771
1584595655375 20.0 772
1584595657562 20.0 773
1584595659778 20.0 774
1584595661986 13.0 775
1584595664207 15.0 776
1584595666406 17.0 777
1584595668611 24.0 778
1584595670823 12.0 779
1584595673007 19.0 780
1584595675189 14.0 781
1584595677379 15.0 782
1584595679583 14.0 783
1584595681816 20.0 784
1584595684011 17.0 785
1584595686199 15.0 786
1584595688410 17.0 787
1584595690645 11.0 788
1584595692840 21.0 789
1584595695040 17.0 790
1584595697237 14.0 791
1584595699442 10.0 792
1584595701658 10.0 793
1584595703832 18.0 794
1584595706007 14.0 795
1584595708192 17.0 796
1584595710398 16.0 797
1584595712609 14.0 798
1584595714780 18.0 799
1584595716978 13.0 800
1584595719253 16.0 801
1584595721470 18.0 802
1584595723666 11.0 803
1584595725891 17.0 804
1584595728108 9.0 805
1584595730309 11.0 806
