1584564596789 1 1
1584564600163 0.8 2
1584564605873 0.6400000000000001 3
1584564609863 0.5120000000000001 4
1584564612191 0.40960000000000013 5
1584564614562 0.32768000000000014 6
1584564616994 0.2621440000000001 7
1584564619397 0.2097152000000001 8
1584564621549 0.1677721600000001 9
1584564623765 0.13421772800000006 10
1584564625918 0.10737418240000006 11
1584564628170 0.08589934592000005 12
1584564630323 0.06871947673600004 13
1584564632553 0.054975581388800036 14
1584564634758 0.043980465111040035 15
1584564636927 0.03518437208883203 16
1584564639097 0.028147497671065627 17
1584564641275 0.022517998136852502 18
1584564643429 0.018014398509482003 19
1584564645611 0.014411518807585602 20
1584564647788 0.011529215046068483 21
1584564649986 0.01 22
1584564652171 0.01 23
1584564654340 0.01 24
1584564656516 0.01 25
1584564658714 0.01 26
1584564660919 0.01 27
1584564663089 0.01 28
1584564665265 0.01 29
1584564667715 0.01 30
1584564669896 0.01 31
1584564672066 0.01 32
1584564674245 0.01 33
1584564676433 0.01 34
1584564678627 0.01 35
1584564680818 0.01 36
1584564682998 0.01 37
1584564685177 0.01 38
1584564687372 0.01 39
1584564689570 0.01 40
1584564691764 0.01 41
1584564693950 0.01 42
1584564696125 0.01 43
1584564698344 0.01 44
1584564700561 0.01 45
1584564702753 0.01 46
1584564704977 0.01 47
1584564707163 0.01 48
1584564709337 0.01 49
1584564711522 0.01 50
1584564713749 0.01 51
1584564715955 0.01 52
1584564718140 0.01 53
1584564720330 0.01 54
1584564722510 0.01 55
1584564724703 0.01 56
1584564726867 0.01 57
1584564729017 0.01 58
1584564731216 0.01 59
1584564733399 0.01 60
1584564735600 0.01 61
1584564737774 0.01 62
1584564739963 0.01 63
1584564742137 0.01 64
1584564744327 0.01 65
1584564746510 0.01 66
1584564748677 0.01 67
1584564750951 0.01 68
1584564753101 0.01 69
1584564755282 0.01 70
1584564757492 0.01 71
1584564759687 0.01 72
1584564761903 0.01 73
1584564764086 0.01 74
1584564766329 0.01 75
1584564768531 0.01 76
1584564770733 0.01 77
1584564772902 0.01 78
1584564775088 0.01 79
1584564777299 0.01 80
1584564779505 0.01 81
1584564781709 0.01 82
1584564783872 0.01 83
1584564786041 0.01 84
1584564788213 0.01 85
1584564790417 0.01 86
1584564792626 0.01 87
1584564794829 0.01 88
1584564796980 0.01 89
1584564799175 0.01 90
1584564801423 0.01 91
1584564803581 0.01 92
1584564805761 0.01 93
1584564807894 0.01 94
1584564810047 0.01 95
1584564812183 0.01 96
1584564814335 0.01 97
1584564816478 0.01 98
1584564818610 0.01 99
1584564820775 0.01 100
1584564822992 0.01 101
1584564825162 0.01 102
1584564827333 0.01 103
1584564829556 0.01 104
1584564831775 0.01 105
1584564833936 0.01 106
1584564836106 0.01 107
1584564838275 0.01 108
1584564840449 0.01 109
1584564842622 0.01 110
1584564844800 0.01 111
1584564847004 0.01 112
1584564849158 0.01 113
1584564851350 0.01 114
1584564853529 0.01 115
1584564855728 0.01 116
1584564857925 0.01 117
1584564860095 0.01 118
1584564862256 0.01 119
1584564864426 0.01 120
1584564866617 0.01 121
1584564868790 0.01 122
1584564870981 0.01 123
1584564873131 0.01 124
1584564875315 0.01 125
1584564877525 0.01 126
1584564879746 0.01 127
1584564881961 0.01 128
1584564884139 0.01 129
1584564886319 0.01 130
1584564888492 0.01 131
1584564890667 0.01 132
1584564892906 0.01 133
1584564895091 0.01 134
1584564897325 0.01 135
1584564899488 0.01 136
1584564901683 0.01 137
1584564903858 0.01 138
1584564906026 0.01 139
1584564908226 0.01 140
1584564910393 0.01 141
1584564912590 0.01 142
1584564914754 0.01 143
1584564916934 0.01 144
1584564919113 0.01 145
1584564921290 0.01 146
1584564923479 0.01 147
1584564925665 0.01 148
1584564927867 0.01 149
1584564930061 0.01 150
1584564932244 0.01 151
1584564934452 0.01 152
1584564936631 0.01 153
1584564938857 0.01 154
1584564941032 0.01 155
1584564943219 0.01 156
1584564945445 0.01 157
1584564947642 0.01 158
1584564949830 0.01 159
1584564952036 0.01 160
1584564954203 0.01 161
1584564956408 0.01 162
1584564958617 0.01 163
1584564960815 0.01 164
1584564962993 0.01 165
1584564965146 0.01 166
1584564967323 0.01 167
1584564969527 0.01 168
1584564971708 0.01 169
1584564973905 0.01 170
1584564976087 0.01 171
1584564978269 0.01 172
1584564980448 0.01 173
1584564982637 0.01 174
1584564984792 0.01 175
1584564986954 0.01 176
1584564989107 0.01 177
1584564991265 0.01 178
1584564993585 0.01 179
1584564995745 0.01 180
1584564997871 0.01 181
1584565000016 0.01 182
1584565002152 0.01 183
1584565004323 0.01 184
1584565006509 0.01 185
1584565008678 0.01 186
1584565011222 0.01 187
1584565013489 0.01 188
1584565015640 0.01 189
1584565017826 0.01 190
1584565020013 0.01 191
1584565022161 0.01 192
1584565024514 0.01 193
1584565026690 0.01 194
1584565028828 0.01 195
1584565030963 0.01 196
1584565033091 0.01 197
1584565035246 0.01 198
1584565037438 0.01 199
1584565039619 0.01 200
1584565041849 0.01 201
1584565044041 0.01 202
1584565046213 0.01 203
1584565048378 0.01 204
1584565050591 0.01 205
1584565052787 0.01 206
1584565055010 0.01 207
1584565057191 0.01 208
1584565059419 0.01 209
1584565061610 0.01 210
1584565063798 0.01 211
1584565065960 0.01 212
1584565068121 0.01 213
1584565070296 0.01 214
1584565072483 0.01 215
1584565074657 0.01 216
1584565076837 0.01 217
1584565079010 0.01 218
1584565081190 0.01 219
1584565083373 0.01 220
1584565085595 0.01 221
1584565087803 0.01 222
1584565090014 0.01 223
1584565092209 0.01 224
1584565094386 0.01 225
1584565096569 0.01 226
1584565098756 0.01 227
1584565100927 0.01 228
1584565103108 0.01 229
1584565105292 0.01 230
1584565107506 0.01 231
1584565109697 0.01 232
1584565111902 0.01 233
1584565114096 0.01 234
1584565116283 0.01 235
1584565118473 0.01 236
1584565120648 0.01 237
1584565122833 0.01 238
1584565124992 0.01 239
1584565127182 0.01 240
1584565129355 0.01 241
1584565131547 0.01 242
1584565133723 0.01 243
1584565135902 0.01 244
1584565138062 0.01 245
1584565140241 0.01 246
1584565142418 0.01 247
1584565144615 0.01 248
1584565146799 0.01 249
1584565148970 0.01 250
1584565151176 0.01 251
1584565153350 0.01 252
1584565155529 0.01 253
1584565157727 0.01 254
1584565159927 0.01 255
1584565162109 0.01 256
1584565164260 0.01 257
1584565166426 0.01 258
1584565168599 0.01 259
1584565170788 0.01 260
1584565173017 0.01 261
1584565175206 0.01 262
1584565177430 0.01 263
1584565179638 0.01 264
1584565181919 0.01 265
1584565184076 0.01 266
1584565186359 0.01 267
1584565188576 0.01 268
1584565190746 0.01 269
1584565192904 0.01 270
1584565195062 0.01 271
1584565197249 0.01 272
1584565199421 0.01 273
1584565201602 0.01 274
1584565203794 0.01 275
1584565205961 0.01 276
1584565208141 0.01 277
1584565210351 0.01 278
1584565212525 0.01 279
1584565214694 0.01 280
1584565216912 0.01 281
1584565219074 0.01 282
1584565221254 0.01 283
1584565223427 0.01 284
1584565225641 0.01 285
1584565227856 0.01 286
1584565230051 0.01 287
1584565232244 0.01 288
1584565234438 0.01 289
1584565236683 0.01 290
1584565238850 0.01 291
1584565241038 0.01 292
1584565243244 0.01 293
1584565245434 0.01 294
1584565247645 0.01 295
1584565249854 0.01 296
1584565252019 0.01 297
1584565254197 0.01 298
1584565256377 0.01 299
1584565258585 0.01 300
1584565260856 0.01 301
1584565263057 0.01 302
1584565265244 0.01 303
1584565267426 0.01 304
1584565269594 0.01 305
1584565271790 0.01 306
1584565273955 0.01 307
1584565276106 0.01 308
1584565278355 0.01 309
1584565280519 0.01 310
1584565282733 0.01 311
1584565284989 0.01 312
1584565287188 0.01 313
1584565289371 0.01 314
1584565291582 0.01 315
1584565293806 0.01 316
1584565295967 0.01 317
1584565298132 0.01 318
1584565300325 0.01 319
1584565302508 0.01 320
1584565304710 0.01 321
1584565306874 0.01 322
1584565309048 0.01 323
1584565311241 0.01 324
1584565313450 0.01 325
1584565315623 0.01 326
1584565317819 0.01 327
1584565320029 0.01 328
1584565322223 0.01 329
1584565324482 0.01 330
1584565326685 0.01 331
1584565328858 0.01 332
1584565331024 0.01 333
1584565333196 0.01 334
1584565335350 0.01 335
1584565337521 0.01 336
1584565339728 0.01 337
1584565341910 0.01 338
1584565344119 0.01 339
1584565346304 0.01 340
1584565348499 0.01 341
1584565350708 0.01 342
1584565352900 0.01 343
1584565355024 0.01 344
1584565357198 0.01 345
1584565359427 0.01 346
1584565361606 0.01 347
1584565363801 0.01 348
1584565365957 0.01 349
1584565368136 0.01 350
1584565370306 0.01 351
1584565372486 0.01 352
1584565374696 0.01 353
1584565376874 0.01 354
1584565379100 0.01 355
1584565381297 0.01 356
1584565383500 0.01 357
1584565385693 0.01 358
1584565387897 0.01 359
1584565390079 0.01 360
1584565392282 0.01 361
1584565394532 0.01 362
1584565396738 0.01 363
1584565398927 0.01 364
1584565401105 0.01 365
1584565403313 0.01 366
1584565405512 0.01 367
1584565407700 0.01 368
1584565409925 0.01 369
1584565412057 0.01 370
1584565414222 0.01 371
1584565416387 0.01 372
1584565418575 0.01 373
1584565420807 0.01 374
1584565422987 0.01 375
1584565425190 0.01 376
1584565427375 0.01 377
1584565429578 0.01 378
1584565431761 0.01 379
1584565433966 0.01 380
1584565436141 0.01 381
1584565438302 0.01 382
1584565440516 0.01 383
1584565442701 0.01 384
1584565444911 0.01 385
1584565447084 0.01 386
1584565449269 0.01 387
1584565451479 0.01 388
1584565453648 0.01 389
1584565455826 0.01 390
1584565458005 0.01 391
1584565460179 0.01 392
1584565462365 0.01 393
1584565464551 0.01 394
1584565466750 0.01 395
1584565468930 0.01 396
1584565471134 0.01 397
1584565473326 0.01 398
1584565475504 0.01 399
1584565477686 0.01 400
1584565479906 0.01 401
1584565482084 0.01 402
1584565484259 0.01 403
1584565486451 0.01 404
1584565488642 0.01 405
1584565490832 0.01 406
1584565493009 0.01 407
1584565495212 0.01 408
1584565497409 0.01 409
1584565499610 0.01 410
1584565501866 0.01 411
1584565504072 0.01 412
1584565506244 0.01 413
1584565508443 0.01 414
1584565510628 0.01 415
1584565512816 0.01 416
1584565515013 0.01 417
1584565517211 0.01 418
1584565519411 0.01 419
1584565521647 0.01 420
1584565523817 0.01 421
1584565525984 0.01 422
1584565528164 0.01 423
1584565530364 0.01 424
1584565532582 0.01 425
1584565534773 0.01 426
1584565537059 0.01 427
1584565539255 0.01 428
1584565541435 0.01 429
1584565543639 0.01 430
1584565545812 0.01 431
1584565547955 0.01 432
1584565550110 0.01 433
1584565552255 0.01 434
1584565554454 0.01 435
1584565556643 0.01 436
1584565558846 0.01 437
1584565561022 0.01 438
1584565563185 0.01 439
1584565565375 0.01 440
1584565567615 0.01 441
1584565569823 0.01 442
1584565571996 0.01 443
1584565574167 0.01 444
1584565576334 0.01 445
1584565578522 0.01 446
1584565580697 0.01 447
1584565582856 0.01 448
1584565585026 0.01 449
1584565587218 0.01 450
1584565589414 0.01 451
1584565591593 0.01 452
1584565593772 0.01 453
1584565595968 0.01 454
1584565598187 0.01 455
1584565600359 0.01 456
1584565602542 0.01 457
1584565604736 0.01 458
1584565606905 0.01 459
1584565609096 0.01 460
1584565611235 0.01 461
1584565613417 0.01 462
1584565615575 0.01 463
1584565617727 0.01 464
1584565619858 0.01 465
1584565621992 0.01 466
1584565624154 0.01 467
1584565626329 0.01 468
1584565628483 0.01 469
1584565630628 0.01 470
1584565632801 0.01 471
1584565634932 0.01 472
1584565637073 0.01 473
1584565639262 0.01 474
1584565641453 0.01 475
1584565643652 0.01 476
1584565645792 0.01 477
1584565647977 0.01 478
1584565650113 0.01 479
1584565652227 0.01 480
1584565654376 0.01 481
1584565656508 0.01 482
1584565658667 0.01 483
1584565660821 0.01 484
1584565662994 0.01 485
1584565665119 0.01 486
1584565667309 0.01 487
1584565669598 0.01 488
1584565671736 0.01 489
1584565673867 0.01 490
1584565676023 0.01 491
1584565678182 0.01 492
1584565680317 0.01 493
1584565682470 0.01 494
1584565684616 0.01 495
1584565686769 0.01 496
1584565688932 0.01 497
1584565691080 0.01 498
1584565693214 0.01 499
1584565695395 0.01 500
1584565697593 0.01 501
1584565699757 0.01 502
1584565701895 0.01 503
1584565704085 0.01 504
1584565706250 0.01 505
1584565708422 0.01 506
1584565710576 0.01 507
1584565712728 0.01 508
1584565714901 0.01 509
1584565717053 0.01 510
1584565719221 0.01 511
1584565721393 0.01 512
1584565723559 0.01 513
1584565725718 0.01 514
1584565727927 0.01 515
1584565730159 0.01 516
1584565732352 0.01 517
1584565734566 0.01 518
1584565736741 0.01 519
1584565738951 0.01 520
1584565741149 0.01 521
1584565743333 0.01 522
1584565745504 0.01 523
1584565747718 0.01 524
1584565749923 0.01 525
1584565752093 0.01 526
1584565754290 0.01 527
1584565756486 0.01 528
1584565758669 0.01 529
1584565760951 0.01 530
1584565763136 0.01 531
1584565765374 0.01 532
1584565767582 0.01 533
1584565769780 0.01 534
1584565771959 0.01 535
1584565774161 0.01 536
1584565776392 0.01 537
1584565778574 0.01 538
1584565780762 0.01 539
1584565782959 0.01 540
1584565785129 0.01 541
1584565787318 0.01 542
1584565789514 0.01 543
1584565791739 0.01 544
1584565793929 0.01 545
1584565796152 0.01 546
1584565798321 0.01 547
1584565800510 0.01 548
1584565802699 0.01 549
1584565804890 0.01 550
1584565807093 0.01 551
1584565809284 0.01 552
1584565811511 0.01 553
1584565813679 0.01 554
1584565815867 0.01 555
1584565818027 0.01 556
1584565820219 0.01 557
1584565822437 0.01 558
1584565824623 0.01 559
1584565826854 0.01 560
1584565829041 0.01 561
1584565831253 0.01 562
1584565833443 0.01 563
1584565835643 0.01 564
1584565837820 0.01 565
1584565840032 0.01 566
1584565842215 0.01 567
1584565844406 0.01 568
1584565846615 0.01 569
1584565848801 0.01 570
1584565850984 0.01 571
1584565853156 0.01 572
1584565855333 0.01 573
1584565857554 0.01 574
1584565859775 0.01 575
1584565862043 0.01 576
1584565864250 0.01 577
1584565866415 0.01 578
1584565868623 0.01 579
1584565870836 0.01 580
1584565872983 0.01 581
1584565875161 0.01 582
1584565877352 0.01 583
1584565879540 0.01 584
1584565881732 0.01 585
1584565883945 0.01 586
1584565886124 0.01 587
1584565888326 0.01 588
1584565890517 0.01 589
1584565892702 0.01 590
1584565894902 0.01 591
1584565897051 0.01 592
1584565899225 0.01 593
1584565901385 0.01 594
1584565903555 0.01 595
1584565905735 0.01 596
1584565907946 0.01 597
1584565910171 0.01 598
1584565912367 0.01 599
