1584564596789 300 1
1584564600163 300 2
1584564605873 300 3
1584564609863 300 4
1584564612191 300 5
1584564614562 300 6
1584564616994 300 7
1584564619397 300 8
1584564621549 300 9
1584564623765 300 10
1584564625918 300 11
1584564628170 300 12
1584564630323 300 13
1584564632553 300 14
1584564634758 300 15
1584564636927 300 16
1584564639097 300 17
1584564641275 300 18
1584564643429 300 19
1584564645611 300 20
1584564647788 300 21
1584564649986 300 22
1584564652171 300 23
1584564654340 300 24
1584564656516 300 25
1584564658714 300 26
1584564660919 300 27
1584564663089 300 28
1584564665265 300 29
1584564667715 300 30
1584564669896 300 31
1584564672066 300 32
1584564674245 300 33
1584564676433 300 34
1584564678627 300 35
1584564680818 300 36
1584564682998 300 37
1584564685177 300 38
1584564687372 300 39
1584564689570 300 40
1584564691764 300 41
1584564693950 300 42
1584564696125 300 43
1584564698344 300 44
1584564700561 300 45
1584564702753 300 46
1584564704977 300 47
1584564707163 300 48
1584564709337 300 49
1584564711522 300 50
1584564713749 300 51
1584564715955 300 52
1584564718140 300 53
1584564720330 300 54
1584564722510 300 55
1584564724703 300 56
1584564726867 300 57
1584564729017 300 58
1584564731216 300 59
1584564733399 300 60
1584564735600 300 61
1584564737774 300 62
1584564739963 300 63
1584564742137 300 64
1584564744327 300 65
1584564746510 300 66
1584564748677 300 67
1584564750951 300 68
1584564753101 300 69
1584564755282 300 70
1584564757492 300 71
1584564759687 300 72
1584564761903 300 73
1584564764086 300 74
1584564766329 300 75
1584564768531 300 76
1584564770733 300 77
1584564772902 300 78
1584564775088 300 79
1584564777299 300 80
1584564779505 300 81
1584564781709 300 82
1584564783872 300 83
1584564786041 300 84
1584564788213 300 85
1584564790417 300 86
1584564792626 300 87
1584564794829 300 88
1584564796980 300 89
1584564799175 300 90
1584564801423 300 91
1584564803581 300 92
1584564805761 300 93
1584564807894 300 94
1584564810047 300 95
1584564812183 300 96
1584564814335 300 97
1584564816478 300 98
1584564818610 300 99
1584564820775 300 100
1584564822992 300 101
1584564825162 300 102
1584564827333 300 103
1584564829556 300 104
1584564831775 300 105
1584564833936 300 106
1584564836106 300 107
1584564838275 300 108
1584564840449 300 109
1584564842622 300 110
1584564844800 300 111
1584564847004 300 112
1584564849158 300 113
1584564851350 300 114
1584564853529 300 115
1584564855728 300 116
1584564857925 300 117
1584564860095 300 118
1584564862256 300 119
1584564864426 300 120
1584564866617 300 121
1584564868790 300 122
1584564870981 300 123
1584564873131 300 124
1584564875315 300 125
1584564877525 300 126
1584564879746 300 127
1584564881961 300 128
1584564884139 300 129
1584564886319 300 130
1584564888492 300 131
1584564890667 300 132
1584564892906 300 133
1584564895091 300 134
1584564897325 300 135
1584564899488 300 136
1584564901683 300 137
1584564903858 300 138
1584564906026 300 139
1584564908226 300 140
1584564910393 300 141
1584564912590 300 142
1584564914754 300 143
1584564916934 300 144
1584564919113 300 145
1584564921290 300 146
1584564923479 300 147
1584564925665 300 148
1584564927867 300 149
1584564930061 300 150
1584564932244 300 151
1584564934452 300 152
1584564936631 300 153
1584564938857 300 154
1584564941032 300 155
1584564943219 300 156
1584564945445 300 157
1584564947642 300 158
1584564949830 300 159
1584564952036 300 160
1584564954203 300 161
1584564956408 300 162
1584564958617 300 163
1584564960815 300 164
1584564962993 300 165
1584564965146 300 166
1584564967323 300 167
1584564969527 300 168
1584564971708 300 169
1584564973905 300 170
1584564976087 300 171
1584564978269 300 172
1584564980448 300 173
1584564982637 300 174
1584564984792 300 175
1584564986954 300 176
1584564989107 300 177
1584564991265 300 178
1584564993585 300 179
1584564995745 300 180
1584564997871 300 181
1584565000016 300 182
1584565002152 300 183
1584565004323 300 184
1584565006509 300 185
1584565008678 300 186
1584565011222 300 187
1584565013489 300 188
1584565015640 300 189
1584565017826 300 190
1584565020013 300 191
1584565022161 300 192
1584565024514 300 193
1584565026690 300 194
1584565028828 300 195
1584565030963 300 196
1584565033091 300 197
1584565035246 300 198
1584565037438 300 199
1584565039619 300 200
1584565041849 300 201
1584565044041 300 202
1584565046213 300 203
1584565048378 300 204
1584565050591 300 205
1584565052787 300 206
1584565055010 300 207
1584565057191 300 208
1584565059419 300 209
1584565061610 300 210
1584565063798 300 211
1584565065960 300 212
1584565068121 300 213
1584565070296 300 214
1584565072483 300 215
1584565074657 300 216
1584565076837 300 217
1584565079010 300 218
1584565081190 300 219
1584565083373 300 220
1584565085595 300 221
1584565087803 300 222
1584565090014 300 223
1584565092209 300 224
1584565094386 300 225
1584565096569 300 226
1584565098756 300 227
1584565100927 300 228
1584565103108 300 229
1584565105292 300 230
1584565107506 300 231
1584565109697 300 232
1584565111902 300 233
1584565114096 300 234
1584565116283 300 235
1584565118473 300 236
1584565120648 300 237
1584565122833 300 238
1584565124992 300 239
1584565127182 300 240
1584565129355 300 241
1584565131547 300 242
1584565133723 300 243
1584565135902 300 244
1584565138062 300 245
1584565140241 300 246
1584565142418 300 247
1584565144615 300 248
1584565146799 300 249
1584565148970 300 250
1584565151176 300 251
1584565153350 300 252
1584565155529 300 253
1584565157727 300 254
1584565159927 300 255
1584565162109 300 256
1584565164260 300 257
1584565166426 300 258
1584565168599 300 259
1584565170788 300 260
1584565173017 300 261
1584565175206 300 262
1584565177430 300 263
1584565179638 300 264
1584565181919 300 265
1584565184076 300 266
1584565186359 300 267
1584565188576 300 268
1584565190746 300 269
1584565192904 300 270
1584565195062 300 271
1584565197249 300 272
1584565199421 300 273
1584565201602 300 274
1584565203794 300 275
1584565205961 300 276
1584565208141 300 277
1584565210351 300 278
1584565212525 300 279
1584565214694 300 280
1584565216912 300 281
1584565219074 300 282
1584565221254 300 283
1584565223427 300 284
1584565225641 300 285
1584565227856 300 286
1584565230051 300 287
1584565232244 300 288
1584565234438 300 289
1584565236683 300 290
1584565238850 300 291
1584565241038 300 292
1584565243244 300 293
1584565245434 300 294
1584565247645 300 295
1584565249854 300 296
1584565252019 300 297
1584565254197 300 298
1584565256377 300 299
1584565258585 300 300
1584565260856 300 301
1584565263057 300 302
1584565265244 300 303
1584565267426 300 304
1584565269594 300 305
1584565271790 300 306
1584565273955 300 307
1584565276106 300 308
1584565278355 300 309
1584565280519 300 310
1584565282733 300 311
1584565284989 300 312
1584565287188 300 313
1584565289371 300 314
1584565291582 300 315
1584565293806 300 316
1584565295967 300 317
1584565298132 300 318
1584565300325 300 319
1584565302508 300 320
1584565304710 300 321
1584565306874 300 322
1584565309048 300 323
1584565311241 300 324
1584565313450 300 325
1584565315623 300 326
1584565317819 300 327
1584565320029 300 328
1584565322223 300 329
1584565324482 300 330
1584565326685 300 331
1584565328858 300 332
1584565331024 300 333
1584565333196 300 334
1584565335350 300 335
1584565337521 300 336
1584565339728 300 337
1584565341910 300 338
1584565344119 300 339
1584565346304 300 340
1584565348499 300 341
1584565350708 300 342
1584565352900 300 343
1584565355024 300 344
1584565357198 300 345
1584565359427 300 346
1584565361606 300 347
1584565363801 300 348
1584565365957 300 349
1584565368136 300 350
1584565370306 300 351
1584565372486 300 352
1584565374696 300 353
1584565376874 300 354
1584565379100 300 355
1584565381297 300 356
1584565383500 300 357
1584565385693 300 358
1584565387897 300 359
1584565390079 300 360
1584565392282 300 361
1584565394532 300 362
1584565396738 300 363
1584565398927 300 364
1584565401105 300 365
1584565403313 300 366
1584565405512 300 367
1584565407700 300 368
1584565409925 300 369
1584565412057 300 370
1584565414222 300 371
1584565416387 300 372
1584565418575 300 373
1584565420807 300 374
1584565422987 300 375
1584565425190 300 376
1584565427375 300 377
1584565429578 300 378
1584565431761 300 379
1584565433966 300 380
1584565436141 300 381
1584565438302 300 382
1584565440516 300 383
1584565442701 300 384
1584565444911 300 385
1584565447084 300 386
1584565449269 300 387
1584565451479 300 388
1584565453648 300 389
1584565455826 300 390
1584565458005 300 391
1584565460179 300 392
1584565462365 300 393
1584565464551 300 394
1584565466750 300 395
1584565468930 300 396
1584565471134 300 397
1584565473326 300 398
1584565475504 300 399
1584565477686 300 400
1584565479906 300 401
1584565482084 300 402
1584565484259 300 403
1584565486451 300 404
1584565488642 300 405
1584565490832 300 406
1584565493009 300 407
1584565495212 300 408
1584565497409 300 409
1584565499610 300 410
1584565501866 300 411
1584565504072 300 412
1584565506244 300 413
1584565508443 300 414
1584565510628 300 415
1584565512816 300 416
1584565515013 300 417
1584565517211 300 418
1584565519411 300 419
1584565521647 300 420
1584565523817 300 421
1584565525984 300 422
1584565528164 300 423
1584565530364 300 424
1584565532582 300 425
1584565534773 300 426
1584565537059 300 427
1584565539255 300 428
1584565541435 300 429
1584565543639 300 430
1584565545812 300 431
1584565547955 300 432
1584565550110 300 433
1584565552255 300 434
1584565554454 300 435
1584565556643 300 436
1584565558846 300 437
1584565561022 300 438
1584565563185 300 439
1584565565375 300 440
1584565567615 300 441
1584565569823 300 442
1584565571996 300 443
1584565574167 300 444
1584565576334 300 445
1584565578522 300 446
1584565580697 300 447
1584565582856 300 448
1584565585026 300 449
1584565587218 300 450
1584565589414 300 451
1584565591593 300 452
1584565593772 300 453
1584565595968 300 454
1584565598187 300 455
1584565600359 300 456
1584565602542 300 457
1584565604736 300 458
1584565606905 300 459
1584565609096 300 460
1584565611235 300 461
1584565613417 300 462
1584565615575 300 463
1584565617727 300 464
1584565619858 300 465
1584565621992 300 466
1584565624154 300 467
1584565626329 300 468
1584565628483 300 469
1584565630628 300 470
1584565632801 300 471
1584565634932 300 472
1584565637073 300 473
1584565639262 300 474
1584565641453 300 475
1584565643652 300 476
1584565645792 300 477
1584565647977 300 478
1584565650113 300 479
1584565652227 300 480
1584565654376 300 481
1584565656508 300 482
1584565658667 300 483
1584565660821 300 484
1584565662994 300 485
1584565665119 300 486
1584565667309 300 487
1584565669598 300 488
1584565671736 300 489
1584565673867 300 490
1584565676023 300 491
1584565678182 300 492
1584565680317 300 493
1584565682470 300 494
1584565684616 300 495
1584565686769 300 496
1584565688932 300 497
1584565691080 300 498
1584565693214 300 499
1584565695395 300 500
1584565697593 300 501
1584565699757 300 502
1584565701895 300 503
1584565704085 300 504
1584565706250 300 505
1584565708422 300 506
1584565710576 300 507
1584565712728 300 508
1584565714901 300 509
1584565717053 300 510
1584565719221 300 511
1584565721393 300 512
1584565723559 300 513
1584565725718 300 514
1584565727927 300 515
1584565730159 300 516
1584565732352 300 517
1584565734566 300 518
1584565736741 300 519
1584565738951 300 520
1584565741149 300 521
1584565743333 300 522
1584565745504 300 523
1584565747718 300 524
1584565749923 300 525
1584565752093 300 526
1584565754290 300 527
1584565756486 300 528
1584565758669 300 529
1584565760951 300 530
1584565763136 300 531
1584565765374 300 532
1584565767582 300 533
1584565769780 300 534
1584565771959 300 535
1584565774161 300 536
1584565776392 300 537
1584565778574 300 538
1584565780762 300 539
1584565782959 300 540
1584565785129 300 541
1584565787318 300 542
1584565789514 300 543
1584565791739 300 544
1584565793929 300 545
1584565796152 300 546
1584565798321 300 547
1584565800510 300 548
1584565802699 300 549
1584565804890 300 550
1584565807093 300 551
1584565809284 300 552
1584565811511 300 553
1584565813679 300 554
1584565815867 300 555
1584565818027 300 556
1584565820219 300 557
1584565822437 300 558
1584565824623 300 559
1584565826854 300 560
1584565829041 300 561
1584565831253 300 562
1584565833443 300 563
1584565835643 300 564
1584565837820 300 565
1584565840032 300 566
1584565842215 300 567
1584565844406 300 568
1584565846615 300 569
1584565848801 300 570
1584565850984 300 571
1584565853156 300 572
1584565855333 300 573
1584565857554 300 574
1584565859775 300 575
1584565862043 300 576
1584565864250 300 577
1584565866415 300 578
1584565868623 300 579
1584565870836 300 580
1584565872983 300 581
1584565875161 300 582
1584565877352 300 583
1584565879540 300 584
1584565881732 300 585
1584565883945 300 586
1584565886124 300 587
1584565888326 300 588
1584565890517 300 589
1584565892702 300 590
1584565894902 300 591
1584565897051 300 592
1584565899225 300 593
1584565901385 300 594
1584565903555 300 595
1584565905735 300 596
1584565907946 300 597
1584565910171 300 598
1584565912367 300 599
