1584564596789 2.0 1
1584564600163 0.0 2
1584564605873 -1.0 3
1584564609863 0.0 4
1584564612191 3.0 5
1584564614562 -1.0 6
1584564616994 3.0 7
1584564619397 0.0 8
1584564621549 0.0 9
1584564623765 5.0 10
1584564625918 1.0 11
1584564628170 3.0 12
1584564630323 0.0 13
1584564632553 1.0 14
1584564634758 1.0 15
1584564636927 0.0 16
1584564639097 1.0 17
1584564641275 3.0 18
1584564643429 4.0 19
1584564645611 1.0 20
1584564647788 6.0 21
1584564649986 0.0 22
1584564652171 5.0 23
1584564654340 1.0 24
1584564656516 3.0 25
1584564658714 1.0 26
1584564660919 -1.0 27
1584564663089 2.0 28
1584564665265 -1.0 29
1584564667715 1.0 30
1584564669896 3.0 31
1584564672066 4.0 32
1584564674245 0.0 33
1584564676433 0.0 34
1584564678627 3.0 35
1584564680818 2.0 36
1584564682998 1.0 37
1584564685177 1.0 38
1584564687372 1.0 39
1584564689570 3.0 40
1584564691764 9.0 41
1584564693950 4.0 42
1584564696125 0.0 43
1584564698344 1.0 44
1584564700561 0.0 45
1584564702753 0.0 46
1584564704977 0.0 47
1584564707163 2.0 48
1584564709337 1.0 49
1584564711522 4.0 50
1584564713749 6.0 51
1584564715955 0.0 52
1584564718140 4.0 53
1584564720330 3.0 54
1584564722510 1.0 55
1584564724703 4.0 56
1584564726867 3.0 57
1584564729017 -1.0 58
1584564731216 3.0 59
1584564733399 3.0 60
1584564735600 1.0 61
1584564737774 1.0 62
1584564739963 5.0 63
1584564742137 3.0 64
1584564744327 0.0 65
1584564746510 3.0 66
1584564748677 4.0 67
1584564750951 5.0 68
1584564753101 1.0 69
1584564755282 1.0 70
1584564757492 5.0 71
1584564759687 3.0 72
1584564761903 6.0 73
1584564764086 6.0 74
1584564766329 6.0 75
1584564768531 2.0 76
1584564770733 10.0 77
1584564772902 2.0 78
1584564775088 1.0 79
1584564777299 6.0 80
1584564779505 6.0 81
1584564781709 1.0 82
1584564783872 4.0 83
1584564786041 8.0 84
1584564788213 8.0 85
1584564790417 6.0 86
1584564792626 3.0 87
1584564794829 4.0 88
1584564796980 3.0 89
1584564799175 6.0 90
1584564801423 5.0 91
1584564803581 2.0 92
1584564805761 11.0 93
1584564807894 9.0 94
1584564810047 7.0 95
1584564812183 9.0 96
1584564814335 11.0 97
1584564816478 8.0 98
1584564818610 6.0 99
1584564820775 11.0 100
1584564822992 6.0 101
1584564825162 6.0 102
1584564827333 3.0 103
1584564829556 5.0 104
1584564831775 4.0 105
1584564833936 5.0 106
1584564836106 2.0 107
1584564838275 8.0 108
1584564840449 5.0 109
1584564842622 2.0 110
1584564844800 11.0 111
1584564847004 2.0 112
1584564849158 10.0 113
1584564851350 2.0 114
1584564853529 6.0 115
1584564855728 9.0 116
1584564857925 1.0 117
1584564860095 5.0 118
1584564862256 10.0 119
1584564864426 4.0 120
1584564866617 7.0 121
1584564868790 7.0 122
1584564870981 9.0 123
1584564873131 9.0 124
1584564875315 4.0 125
1584564877525 5.0 126
1584564879746 3.0 127
1584564881961 9.0 128
1584564884139 5.0 129
1584564886319 6.0 130
1584564888492 12.0 131
1584564890667 8.0 132
1584564892906 6.0 133
1584564895091 18.0 134
1584564897325 5.0 135
1584564899488 10.0 136
1584564901683 11.0 137
1584564903858 0.0 138
1584564906026 6.0 139
1584564908226 10.0 140
1584564910393 6.0 141
1584564912590 14.0 142
1584564914754 6.0 143
1584564916934 4.0 144
1584564919113 0.0 145
1584564921290 7.0 146
1584564923479 4.0 147
1584564925665 5.0 148
1584564927867 2.0 149
1584564930061 6.0 150
1584564932244 9.0 151
1584564934452 11.0 152
1584564936631 18.0 153
1584564938857 12.0 154
1584564941032 12.0 155
1584564943219 3.0 156
1584564945445 10.0 157
1584564947642 9.0 158
1584564949830 6.0 159
1584564952036 5.0 160
1584564954203 -1.0 161
1584564956408 13.0 162
1584564958617 6.0 163
1584564960815 6.0 164
1584564962993 16.0 165
1584564965146 6.0 166
1584564967323 5.0 167
1584564969527 11.0 168
1584564971708 17.0 169
1584564973905 11.0 170
1584564976087 5.0 171
1584564978269 1.0 172
1584564980448 12.0 173
1584564982637 5.0 174
1584564984792 3.0 175
1584564986954 19.0 176
1584564989107 10.0 177
1584564991265 4.0 178
1584564993585 3.0 179
1584564995745 8.0 180
1584564997871 0.0 181
1584565000016 4.0 182
1584565002152 0.0 183
1584565004323 11.0 184
1584565006509 3.0 185
1584565008678 9.0 186
1584565011222 11.0 187
1584565013489 4.0 188
1584565015640 3.0 189
1584565017826 0.0 190
1584565020013 8.0 191
1584565022161 9.0 192
1584565024514 4.0 193
1584565026690 3.0 194
1584565028828 0.0 195
1584565030963 11.0 196
1584565033091 10.0 197
1584565035246 0.0 198
1584565037438 13.0 199
1584565039619 6.0 200
1584565041849 2.0 201
1584565044041 8.0 202
1584565046213 5.0 203
1584565048378 7.0 204
1584565050591 -1.0 205
1584565052787 1.0 206
1584565055010 7.0 207
1584565057191 17.0 208
1584565059419 1.0 209
1584565061610 16.0 210
1584565063798 5.0 211
1584565065960 7.0 212
1584565068121 7.0 213
1584565070296 13.0 214
1584565072483 2.0 215
1584565074657 6.0 216
1584565076837 11.0 217
1584565079010 5.0 218
1584565081190 20.0 219
1584565083373 7.0 220
1584565085595 8.0 221
1584565087803 6.0 222
1584565090014 2.0 223
1584565092209 7.0 224
1584565094386 11.0 225
1584565096569 8.0 226
1584565098756 16.0 227
1584565100927 8.0 228
1584565103108 -2.0 229
1584565105292 9.0 230
1584565107506 6.0 231
1584565109697 2.0 232
1584565111902 10.0 233
1584565114096 9.0 234
1584565116283 1.0 235
1584565118473 0.0 236
1584565120648 13.0 237
1584565122833 3.0 238
1584565124992 6.0 239
1584565127182 6.0 240
1584565129355 14.0 241
1584565131547 1.0 242
1584565133723 9.0 243
1584565135902 4.0 244
1584565138062 15.0 245
1584565140241 16.0 246
1584565142418 12.0 247
1584565144615 4.0 248
1584565146799 12.0 249
1584565148970 10.0 250
1584565151176 10.0 251
1584565153350 8.0 252
1584565155529 5.0 253
1584565157727 13.0 254
1584565159927 11.0 255
1584565162109 11.0 256
1584565164260 6.0 257
1584565166426 7.0 258
1584565168599 10.0 259
1584565170788 13.0 260
1584565173017 2.0 261
1584565175206 6.0 262
1584565177430 12.0 263
1584565179638 15.0 264
1584565181919 12.0 265
1584565184076 13.0 266
1584565186359 10.0 267
1584565188576 13.0 268
1584565190746 4.0 269
1584565192904 12.0 270
1584565195062 5.0 271
1584565197249 10.0 272
1584565199421 5.0 273
1584565201602 16.0 274
1584565203794 12.0 275
1584565205961 10.0 276
1584565208141 7.0 277
1584565210351 13.0 278
1584565212525 6.0 279
1584565214694 12.0 280
1584565216912 1.0 281
1584565219074 9.0 282
1584565221254 10.0 283
1584565223427 10.0 284
1584565225641 7.0 285
1584565227856 6.0 286
1584565230051 9.0 287
1584565232244 7.0 288
1584565234438 5.0 289
1584565236683 8.0 290
1584565238850 12.0 291
1584565241038 14.0 292
1584565243244 8.0 293
1584565245434 11.0 294
1584565247645 11.0 295
1584565249854 14.0 296
1584565252019 7.0 297
1584565254197 9.0 298
1584565256377 10.0 299
1584565258585 14.0 300
1584565260856 7.0 301
1584565263057 11.0 302
1584565265244 7.0 303
1584565267426 6.0 304
1584565269594 2.0 305
1584565271790 3.0 306
1584565273955 9.0 307
1584565276106 8.0 308
1584565278355 5.0 309
1584565280519 10.0 310
1584565282733 15.0 311
1584565284989 10.0 312
1584565287188 9.0 313
1584565289371 3.0 314
1584565291582 4.0 315
1584565293806 16.0 316
1584565295967 7.0 317
1584565298132 13.0 318
1584565300325 9.0 319
1584565302508 7.0 320
1584565304710 14.0 321
1584565306874 6.0 322
1584565309048 12.0 323
1584565311241 17.0 324
1584565313450 11.0 325
1584565315623 19.0 326
1584565317819 13.0 327
1584565320029 11.0 328
1584565322223 11.0 329
1584565324482 23.0 330
1584565326685 7.0 331
1584565328858 4.0 332
1584565331024 10.0 333
1584565333196 11.0 334
1584565335350 7.0 335
1584565337521 17.0 336
1584565339728 13.0 337
1584565341910 10.0 338
1584565344119 16.0 339
1584565346304 15.0 340
1584565348499 9.0 341
1584565350708 7.0 342
1584565352900 17.0 343
1584565355024 5.0 344
1584565357198 13.0 345
1584565359427 15.0 346
1584565361606 2.0 347
1584565363801 7.0 348
1584565365957 7.0 349
1584565368136 11.0 350
1584565370306 7.0 351
1584565372486 10.0 352
1584565374696 8.0 353
1584565376874 16.0 354
1584565379100 1.0 355
1584565381297 12.0 356
1584565383500 13.0 357
1584565385693 13.0 358
1584565387897 17.0 359
1584565390079 16.0 360
1584565392282 18.0 361
1584565394532 10.0 362
1584565396738 9.0 363
1584565398927 19.0 364
1584565401105 13.0 365
1584565403313 3.0 366
1584565405512 12.0 367
1584565407700 15.0 368
1584565409925 5.0 369
1584565412057 14.0 370
1584565414222 21.0 371
1584565416387 17.0 372
1584565418575 15.0 373
1584565420807 2.0 374
1584565422987 13.0 375
1584565425190 18.0 376
1584565427375 2.0 377
1584565429578 24.0 378
1584565431761 10.0 379
1584565433966 16.0 380
1584565436141 10.0 381
1584565438302 24.0 382
1584565440516 16.0 383
1584565442701 14.0 384
1584565444911 11.0 385
1584565447084 10.0 386
1584565449269 12.0 387
1584565451479 5.0 388
1584565453648 18.0 389
1584565455826 20.0 390
1584565458005 17.0 391
1584565460179 20.0 392
1584565462365 22.0 393
1584565464551 17.0 394
1584565466750 19.0 395
1584565468930 20.0 396
1584565471134 14.0 397
1584565473326 6.0 398
1584565475504 15.0 399
1584565477686 19.0 400
1584565479906 14.0 401
1584565482084 12.0 402
1584565484259 18.0 403
1584565486451 15.0 404
1584565488642 13.0 405
1584565490832 11.0 406
1584565493009 13.0 407
1584565495212 13.0 408
1584565497409 18.0 409
1584565499610 17.0 410
1584565501866 15.0 411
1584565504072 19.0 412
1584565506244 12.0 413
1584565508443 14.0 414
1584565510628 20.0 415
1584565512816 16.0 416
1584565515013 11.0 417
1584565517211 14.0 418
1584565519411 18.0 419
1584565521647 14.0 420
1584565523817 11.0 421
1584565525984 13.0 422
1584565528164 18.0 423
1584565530364 12.0 424
1584565532582 10.0 425
1584565534773 20.0 426
1584565537059 23.0 427
1584565539255 14.0 428
1584565541435 15.0 429
1584565543639 14.0 430
1584565545812 19.0 431
1584565547955 21.0 432
1584565550110 18.0 433
1584565552255 12.0 434
1584565554454 14.0 435
1584565556643 11.0 436
1584565558846 13.0 437
1584565561022 16.0 438
1584565563185 12.0 439
1584565565375 6.0 440
1584565567615 15.0 441
1584565569823 19.0 442
1584565571996 19.0 443
1584565574167 21.0 444
1584565576334 18.0 445
1584565578522 21.0 446
1584565580697 22.0 447
1584565582856 16.0 448
1584565585026 13.0 449
1584565587218 17.0 450
1584565589414 12.0 451
1584565591593 13.0 452
1584565593772 20.0 453
1584565595968 8.0 454
1584565598187 6.0 455
1584565600359 18.0 456
1584565602542 20.0 457
1584565604736 13.0 458
1584565606905 19.0 459
1584565609096 10.0 460
1584565611235 13.0 461
1584565613417 10.0 462
1584565615575 19.0 463
1584565617727 17.0 464
1584565619858 18.0 465
1584565621992 16.0 466
1584565624154 17.0 467
1584565626329 15.0 468
1584565628483 16.0 469
1584565630628 23.0 470
1584565632801 15.0 471
1584565634932 20.0 472
1584565637073 5.0 473
1584565639262 13.0 474
1584565641453 14.0 475
1584565643652 15.0 476
1584565645792 19.0 477
1584565647977 18.0 478
1584565650113 18.0 479
1584565652227 18.0 480
1584565654376 19.0 481
1584565656508 13.0 482
1584565658667 16.0 483
1584565660821 18.0 484
1584565662994 11.0 485
1584565665119 19.0 486
1584565667309 19.0 487
1584565669598 15.0 488
1584565671736 21.0 489
1584565673867 15.0 490
1584565676023 18.0 491
1584565678182 17.0 492
1584565680317 18.0 493
1584565682470 21.0 494
1584565684616 18.0 495
1584565686769 18.0 496
1584565688932 20.0 497
1584565691080 17.0 498
1584565693214 18.0 499
1584565695395 15.0 500
1584565697593 18.0 501
1584565699757 17.0 502
1584565701895 16.0 503
1584565704085 12.0 504
1584565706250 15.0 505
1584565708422 20.0 506
1584565710576 21.0 507
1584565712728 14.0 508
1584565714901 19.0 509
1584565717053 13.0 510
1584565719221 21.0 511
1584565721393 24.0 512
1584565723559 17.0 513
1584565725718 18.0 514
1584565727927 14.0 515
1584565730159 13.0 516
1584565732352 13.0 517
1584565734566 19.0 518
1584565736741 14.0 519
1584565738951 18.0 520
1584565741149 15.0 521
1584565743333 5.0 522
1584565745504 11.0 523
1584565747718 16.0 524
1584565749923 11.0 525
1584565752093 20.0 526
1584565754290 21.0 527
1584565756486 14.0 528
1584565758669 13.0 529
1584565760951 20.0 530
1584565763136 14.0 531
1584565765374 12.0 532
1584565767582 16.0 533
1584565769780 18.0 534
1584565771959 20.0 535
1584565774161 16.0 536
1584565776392 14.0 537
1584565778574 20.0 538
1584565780762 16.0 539
1584565782959 14.0 540
1584565785129 15.0 541
1584565787318 14.0 542
1584565789514 22.0 543
1584565791739 16.0 544
1584565793929 21.0 545
1584565796152 12.0 546
1584565798321 15.0 547
1584565800510 16.0 548
1584565802699 13.0 549
1584565804890 15.0 550
1584565807093 18.0 551
1584565809284 13.0 552
1584565811511 12.0 553
1584565813679 15.0 554
1584565815867 22.0 555
1584565818027 16.0 556
1584565820219 18.0 557
1584565822437 18.0 558
1584565824623 21.0 559
1584565826854 18.0 560
1584565829041 16.0 561
1584565831253 17.0 562
1584565833443 20.0 563
1584565835643 17.0 564
1584565837820 18.0 565
1584565840032 12.0 566
1584565842215 14.0 567
1584565844406 6.0 568
1584565846615 19.0 569
1584565848801 14.0 570
1584565850984 13.0 571
1584565853156 19.0 572
1584565855333 17.0 573
1584565857554 13.0 574
1584565859775 16.0 575
1584565862043 14.0 576
1584565864250 10.0 577
1584565866415 20.0 578
1584565868623 14.0 579
1584565870836 18.0 580
1584565872983 17.0 581
1584565875161 16.0 582
1584565877352 14.0 583
1584565879540 11.0 584
1584565881732 15.0 585
1584565883945 17.0 586
1584565886124 17.0 587
1584565888326 14.0 588
1584565890517 14.0 589
1584565892702 14.0 590
1584565894902 7.0 591
1584565897051 15.0 592
1584565899225 15.0 593
1584565901385 17.0 594
1584565903555 16.0 595
1584565905735 18.0 596
1584565907946 8.0 597
1584565910171 18.0 598
1584565912367 19.0 599
