1584629929477 1 1
1584629935439 1 2
1584629940130 1 3
1584629944277 1 4
1584629947866 1 5
1584629952187 1 6
1584629955516 1 7
1584629958242 1 8
1584629961433 1 9
1584629967749 1 10
1584629972182 1 11
1584629975459 1 12
1584629978435 1 13
1584629981687 1 14
1584629984366 1 15
1584629987149 1 16
1584629989693 1 17
1584629992835 1 18
1584629995878 1 19
1584629998480 1 20
1584630001053 1 21
1584630003944 1 22
1584630006505 1 23
1584630009078 1 24
1584630011883 1 25
1584630014439 1 26
1584630017032 1 27
1584630019611 1 28
1584630022217 1 29
1584630024904 1 30
1584630027484 1 31
1584630029968 1 32
1584630032890 1 33
1584630035516 1 34
1584630038043 1 35
1584630040650 1 36
1584630043391 1 37
1584630045904 1 38
1584630048442 1 39
1584630051078 1 40
1584630054687 1 41
1584630058270 1 42
1584630061825 1 43
1584630065929 1 44
1584630069192 1 45
1584630071852 1 46
1584630074449 1 47
1584630076997 1 48
1584630079678 1 49
1584630082612 1 50
1584630085057 1 51
1584630087857 1 52
1584630090247 1 53
1584630092793 1 54
1584630095261 1 55
1584630097572 1 56
1584630099948 1 57
1584630102226 1 58
1584630104756 1 59
1584630107137 1 60
1584630109563 1 61
1584630111869 1 62
1584630114296 1 63
1584630116744 1 64
1584630119115 1 65
1584630121493 1 66
1584630123912 1 67
1584630126160 1 68
1584630128450 1 69
1584630131230 1 70
1584630134388 1 71
1584630137166 1 72
1584630139614 1 73
1584630141935 1 74
1584630144326 1 75
1584630146593 1 76
1584630148931 1 77
1584630151249 1 78
1584630153621 1 79
1584630155972 1 80
1584630158297 1 81
1584630160686 1 82
1584630162982 1 83
1584630165333 1 84
1584630167701 1 85
1584630170076 1 86
1584630172394 1 87
1584630174898 1 88
1584630177238 1 89
1584630179622 1 90
1584630182013 1 91
1584630184771 1 92
1584630187140 1 93
1584630189472 1 94
1584630191787 1 95
1584630194158 1 96
1584630196524 1 97
1584630198784 1 98
1584630201207 1 99
1584630203514 1 100
1584630206051 1 101
1584630208399 1 102
1584630210750 1 103
1584630213225 1 104
1584630215611 1 105
1584630217965 1 106
1584630220304 1 107
1584630222681 1 108
1584630224993 1 109
1584630227366 1 110
1584630229688 1 111
1584630232018 1 112
1584630234372 1 113
1584630236728 1 114
1584630239034 1 115
1584630241767 1 116
1584630244303 1 117
1584630246780 1 118
1584630249334 1 119
1584630251929 1 120
1584630254513 1 121
1584630257030 1 122
1584630259449 1 123
1584630261798 1 124
1584630264197 1 125
1584630266927 1 126
1584630269353 1 127
1584630272116 1 128
1584630274470 1 129
1584630276976 1 130
1584630279349 1 131
1584630282631 1 132
1584630285088 1 133
1584630287391 1 134
1584630289801 1 135
1584630292270 1 136
1584630294534 1 137
1584630296735 1 138
1584630299005 1 139
1584630301374 1 140
1584630303866 1 141
1584630306129 1 142
1584630308474 1 143
1584630310777 1 144
1584630313411 1 145
1584630315716 1 146
1584630318000 1 147
1584630320255 1 148
1584630322635 1 149
1584630324953 1 150
1584630327309 1 151
1584630329652 1 152
1584630331973 1 153
1584630334366 1 154
1584630336687 1 155
1584630338918 1 156
1584630341270 1 157
1584630343641 1 158
1584630345940 1 159
1584630348159 1 160
1584630350422 1 161
1584630352753 1 162
1584630354999 1 163
1584630357289 1 164
1584630359634 1 165
1584630362099 1 166
1584630364719 1 167
1584630367052 1 168
1584630369691 1 169
1584630371926 1 170
1584630374271 1 171
1584630376748 1 172
1584630379634 1 173
1584630382681 1 174
1584630386203 1 175
1584630389079 1 176
1584630391594 1 177
1584630393876 1 178
1584630396224 1 179
1584630398501 1 180
1584630400851 1 181
1584630403311 1 182
1584630405778 1 183
1584630408067 1 184
1584630410429 1 185
1584630412775 1 186
1584630415054 1 187
1584630417407 1 188
1584630419796 1 189
1584630422315 1 190
1584630424742 1 191
1584630427161 1 192
1584630429539 1 193
1584630431915 1 194
1584630434363 1 195
1584630436715 1 196
1584630439167 1 197
1584630441751 1 198
1584630444161 1 199
1584630446476 1 200
1584630448844 1 201
1584630451205 1 202
1584630453575 1 203
1584630455994 1 204
1584630458269 1 205
1584630460687 1 206
1584630463014 1 207
1584630465452 1 208
1584630467885 1 209
1584630470270 1 210
1584630472702 1 211
1584630475086 1 212
1584630477466 1 213
1584630479849 1 214
1584630482618 1 215
1584630484975 1 216
1584630487362 1 217
1584630489955 1 218
1584630492588 1 219
1584630495158 1 220
1584630497835 1 221
1584630500190 1 222
1584630502536 1 223
1584630504954 1 224
1584630507313 1 225
1584630509806 1 226
1584630512399 1 227
1584630514745 1 228
1584630517120 1 229
1584630519599 1 230
1584630521936 1 231
1584630524240 1 232
1584630526629 1 233
1584630528880 1 234
1584630531120 1 235
1584630534715 1 236
1584630537073 1 237
1584630539461 1 238
1584630542495 1 239
1584630547825 1 240
1584630550561 1 241
1584630552854 1 242
1584630555143 1 243
1584630557646 1 244
1584630559941 1 245
1584630562453 1 246
1584630564895 1 247
1584630567448 1 248
1584630569857 1 249
1584630572434 1 250
1584630574739 1 251
1584630577236 1 252
1584630579523 1 253
1584630582205 1 254
1584630584809 1 255
1584630587245 1 256
1584630589635 1 257
1584630591942 1 258
1584630594440 1 259
1584630596799 1 260
1584630599033 1 261
1584630601384 1 262
1584630603786 1 263
1584630606091 1 264
1584630608379 1 265
1584630610664 1 266
1584630612999 1 267
1584630615379 1 268
1584630617680 1 269
1584630619930 1 270
1584630622243 1 271
1584630624645 1 272
1584630627009 1 273
1584630629281 1 274
1584630631603 1 275
1584630633876 1 276
1584630636252 1 277
1584630638512 1 278
1584630640817 1 279
1584630643147 1 280
1584630645506 1 281
1584630647872 1 282
1584630650338 1 283
1584630652689 1 284
1584630655095 1 285
1584630657855 1 286
1584630660349 1 287
1584630662588 1 288
1584630664967 1 289
1584630667215 1 290
1584630669561 1 291
1584630671793 1 292
1584630674087 1 293
1584630676337 1 294
1584630678568 1 295
1584630680889 1 296
1584630683129 1 297
1584630685428 1 298
1584630687795 1 299
1584630690332 1 300
1584630692780 1 301
1584630695107 1 302
1584630697554 1 303
1584630699949 1 304
1584630702486 1 305
1584630704859 1 306
1584630707202 1 307
1584630709620 1 308
1584630712074 1 309
1584630714509 1 310
1584630717563 1 311
1584630719833 1 312
1584630722626 1 313
1584630725146 1 314
1584630727552 1 315
1584630730289 1 316
1584630732838 1 317
1584630735447 1 318
1584630737809 1 319
1584630740106 1 320
1584630742547 1 321
1584630744881 1 322
1584630747209 1 323
1584630749508 1 324
1584630751955 1 325
1584630754284 1 326
1584630756749 1 327
1584630759090 1 328
1584630761418 1 329
1584630763817 1 330
1584630766099 1 331
1584630768448 1 332
1584630770776 1 333
1584630773100 1 334
1584630775376 1 335
1584630777706 1 336
1584630780160 1 337
1584630782730 1 338
1584630785090 1 339
1584630787547 1 340
1584630790074 1 341
1584630792644 1 342
1584630795004 1 343
1584630797247 1 344
1584630799776 1 345
1584630802061 1 346
1584630804415 1 347
1584630806935 1 348
1584630809335 1 349
1584630811651 1 350
1584630814187 1 351
1584630816571 1 352
1584630818958 1 353
1584630821453 1 354
1584630823819 1 355
1584630826287 1 356
1584630828617 1 357
1584630831011 1 358
1584630833387 1 359
1584630835725 1 360
1584630837986 1 361
1584630840308 1 362
1584630842997 1 363
1584630845503 1 364
1584630847868 1 365
1584630850214 1 366
1584630852712 1 367
1584630855385 1 368
1584630857878 1 369
1584630860181 1 370
1584630862534 1 371
1584630865100 1 372
1584630867461 1 373
1584630869738 1 374
1584630872027 1 375
1584630874471 1 376
1584630876842 1 377
1584630879120 1 378
1584630881509 1 379
1584630883891 1 380
1584630886207 1 381
1584630888556 1 382
1584630891030 1 383
1584630893381 1 384
1584630895793 1 385
1584630898128 1 386
1584630900572 1 387
1584630902951 1 388
1584630905329 1 389
1584630907763 1 390
1584630910217 1 391
1584630912520 1 392
1584630914883 1 393
1584630917280 1 394
1584630919561 1 395
1584630921865 1 396
1584630924152 1 397
1584630926537 1 398
1584630928856 1 399
1584630931225 1 400
1584630933708 1 401
1584630936050 1 402
1584630938349 1 403
1584630940774 1 404
1584630943154 1 405
1584630945714 1 406
1584630948092 1 407
1584630950450 1 408
1584630952917 1 409
1584630955254 1 410
1584630957699 1 411
1584630960042 1 412
1584630962459 1 413
1584630964791 1 414
1584630967114 1 415
1584630969417 1 416
1584630971810 1 417
1584630974151 1 418
1584630976417 1 419
1584630978745 1 420
1584630981105 1 421
1584630983485 1 422
1584630985890 1 423
1584630988293 1 424
1584630990582 1 425
1584630992944 1 426
1584630995317 1 427
1584630997578 1 428
1584630999844 1 429
1584631002125 1 430
1584631004422 1 431
1584631006727 1 432
1584631009117 1 433
1584631013398 1 434
1584631015727 1 435
1584631018143 1 436
1584631020424 1 437
1584631022879 1 438
1584631025280 1 439
1584631027664 1 440
1584631030009 1 441
1584631032396 1 442
1584631034651 1 443
1584631037091 1 444
1584631039481 1 445
1584631041766 1 446
1584631044058 1 447
1584631046361 1 448
1584631048889 1 449
1584631051164 1 450
1584631053465 1 451
1584631055770 1 452
1584631057989 1 453
1584631060226 1 454
1584631062563 1 455
1584631064817 1 456
1584631067121 1 457
1584631069462 1 458
1584631071834 1 459
1584631074095 1 460
1584631076403 1 461
1584631078884 1 462
1584631081294 1 463
1584631083634 1 464
1584631085956 1 465
1584631088234 1 466
1584631090547 1 467
1584631092992 1 468
1584631095313 1 469
1584631097639 1 470
1584631100044 1 471
1584631102389 1 472
1584631104868 1 473
1584631107128 1 474
1584631109618 1 475
1584631111962 1 476
1584631114384 1 477
1584631116691 1 478
1584631118952 1 479
1584631121290 1 480
1584631123624 1 481
1584631125973 1 482
1584631128259 1 483
1584631130578 1 484
1584631132885 1 485
1584631135157 1 486
1584631137468 1 487
1584631139895 1 488
1584631142161 1 489
1584631144608 1 490
1584631146834 1 491
1584631149166 1 492
1584631151482 1 493
1584631153800 1 494
1584631156263 1 495
1584631158543 1 496
1584631160857 1 497
1584631163139 1 498
1584631165391 1 499
1584631167765 1 500
1584631170185 1 501
1584631172553 1 502
1584631174981 1 503
1584631177567 1 504
1584631179816 1 505
1584631182307 1 506
1584631184895 1 507
1584631187384 1 508
1584631189980 1 509
1584631192386 1 510
1584631194810 1 511
1584631197136 1 512
1584631199454 1 513
1584631201793 1 514
1584631204424 1 515
1584631206964 1 516
1584631209424 1 517
1584631211770 1 518
1584631214150 1 519
1584631216471 1 520
1584631218840 1 521
1584631221359 1 522
1584631223724 1 523
1584631226141 1 524
1584631228518 1 525
1584631230976 1 526
1584631233546 1 527
1584631236036 1 528
1584631238410 1 529
1584631241052 1 530
1584631243489 1 531
1584631245775 1 532
1584631248119 1 533
1584631250432 1 534
1584631252852 1 535
1584631255167 1 536
1584631257498 1 537
1584631259816 1 538
1584631262310 1 539
1584631264735 1 540
1584631267136 1 541
1584631269492 1 542
1584631271914 1 543
1584631274356 1 544
1584631276681 1 545
1584631279062 1 546
1584631281397 1 547
1584631283703 1 548
1584631286161 1 549
1584631288542 1 550
1584631292163 1 551
1584631295500 1 552
1584631297911 1 553
1584631300244 1 554
1584631302668 1 555
1584631304956 1 556
1584631307328 1 557
1584631309599 1 558
1584631311842 1 559
1584631314218 1 560
1584631316514 1 561
1584631318808 1 562
1584631321161 1 563
1584631323579 1 564
1584631325866 1 565
1584631328213 1 566
1584631330496 1 567
1584631332903 1 568
1584631335561 1 569
1584631338100 1 570
1584631340583 1 571
1584631342918 1 572
1584631345501 1 573
1584631347834 1 574
1584631350184 1 575
1584631352609 1 576
1584631355027 1 577
1584631357338 1 578
1584631359705 1 579
1584631362055 1 580
1584631364510 1 581
1584631366818 1 582
1584631369146 1 583
1584631371437 1 584
1584631373804 1 585
1584631376128 1 586
1584631378427 1 587
1584631380747 1 588
1584631383301 1 589
1584631385637 1 590
1584631387956 1 591
1584631390313 1 592
1584631392606 1 593
1584631394926 1 594
1584631397209 1 595
1584631399599 1 596
1584631401896 1 597
1584631404235 1 598
1584631406517 1 599
1584631408841 1 600
1584631411201 1 601
1584631413589 1 602
1584631415973 1 603
1584631418297 1 604
1584631420599 1 605
1584631422911 1 606
1584631425252 1 607
1584631427684 1 608
1584631430167 1 609
1584631432480 1 610
1584631434909 1 611
1584631437326 1 612
1584631439593 1 613
1584631441932 1 614
1584631444296 1 615
1584631446819 1 616
1584631449202 1 617
1584631451552 1 618
1584631454001 1 619
1584631456290 1 620
1584631458535 1 621
1584631461038 1 622
1584631463472 1 623
1584631465900 1 624
1584631468203 1 625
1584631470640 1 626
1584631473107 1 627
1584631475339 1 628
1584631477807 1 629
1584631480096 1 630
1584631482599 1 631
1584631484967 1 632
1584631487248 1 633
1584631489516 1 634
1584631491801 1 635
1584631494205 1 636
1584631496627 1 637
1584631498983 1 638
1584631501331 1 639
1584631503695 1 640
1584631506072 1 641
1584631508444 1 642
1584631510736 1 643
1584631513193 1 644
1584631515533 1 645
1584631518053 1 646
1584631520443 1 647
1584631522900 1 648
1584631525152 1 649
1584631527501 1 650
1584631529889 1 651
1584631532593 1 652
1584631534862 1 653
1584631537199 1 654
1584631539586 1 655
1584631542000 1 656
1584631544328 1 657
1584631546631 1 658
1584631548902 1 659
1584631551186 1 660
1584631553491 1 661
1584631555937 1 662
1584631558666 1 663
1584631560975 1 664
1584631563526 1 665
1584631565991 1 666
1584631568474 1 667
1584631570793 1 668
1584631573312 1 669
1584631575562 1 670
1584631577826 1 671
1584631580082 1 672
1584631582419 1 673
1584631584758 1 674
1584631587254 1 675
1584631589573 1 676
1584631591910 1 677
1584631594228 1 678
1584631596490 1 679
1584631600716 1 680
1584631610015 1 681
1584631613087 1 682
1584631616027 1 683
1584631618963 1 684
1584631621405 1 685
1584631623913 1 686
1584631626136 1 687
1584631628434 1 688
1584631630910 1 689
1584631633156 1 690
1584631635519 1 691
1584631637865 1 692
1584631640160 1 693
1584631642454 1 694
1584631644997 1 695
1584631647368 1 696
1584631649638 1 697
1584631651923 1 698
1584631654201 1 699
1584631656523 1 700
1584631658943 1 701
1584631661264 1 702
1584631663597 1 703
1584631665875 1 704
1584631668175 1 705
1584631670547 1 706
1584631672927 1 707
1584631675218 1 708
1584631677447 1 709
1584631679732 1 710
1584631682396 1 711
1584631684728 1 712
1584631687017 1 713
1584631689230 1 714
1584631691597 1 715
1584631693937 1 716
1584631696202 1 717
1584631698491 1 718
1584631700688 1 719
1584631702969 1 720
1584631705380 1 721
1584631707701 1 722
1584631710048 1 723
1584631712345 1 724
1584631714636 1 725
1584631717007 1 726
1584631719332 1 727
1584631721873 1 728
1584631724242 1 729
1584631726953 1 730
1584631729314 1 731
1584631731664 1 732
1584631733824 1 733
1584631736153 1 734
1584631738368 1 735
1584631740682 1 736
1584631743194 1 737
1584631745445 1 738
1584631747647 1 739
1584631749873 1 740
1584631752112 1 741
1584631754519 1 742
1584631757086 1 743
1584631759594 1 744
1584631762034 1 745
1584631764319 1 746
1584631766774 1 747
1584631769142 1 748
1584631771468 1 749
1584631773910 1 750
1584631776276 1 751
1584631778554 1 752
1584631780805 1 753
1584631783165 1 754
1584631785604 1 755
1584631788032 1 756
1584631790336 1 757
1584631792610 1 758
1584631795078 1 759
1584631797429 1 760
1584631799764 1 761
1584631802244 1 762
1584631804568 1 763
1584631806941 1 764
1584631809236 1 765
1584631811561 1 766
1584631813910 1 767
1584631816244 1 768
1584631818992 1 769
1584631821383 1 770
1584631824000 1 771
1584631826450 1 772
1584631828834 1 773
1584631831147 1 774
1584631833496 1 775
1584631835748 1 776
1584631837980 1 777
1584631840315 1 778
1584631842623 1 779
1584631844985 1 780
1584631847270 1 781
1584631849610 1 782
1584631851987 1 783
1584631854459 1 784
1584631857063 1 785
1584631859411 1 786
1584631861684 1 787
1584631864159 1 788
1584631866462 1 789
1584631868919 1 790
1584631871260 1 791
1584631873676 1 792
1584631876036 1 793
1584631878415 1 794
1584631880926 1 795
1584631883630 1 796
1584631885937 1 797
1584631888282 1 798
1584631890538 1 799
1584631893223 1 800
1584631896120 1 801
1584631898957 1 802
1584631901539 1 803
1584631904189 1 804
1584631906691 1 805
1584631909192 1 806
1584631911534 1 807
1584631914176 1 808
1584631916509 1 809
1584631918999 1 810
1584631921945 1 811
1584631924691 1 812
1584631927174 1 813
1584631929654 1 814
1584631932032 1 815
1584631934373 1 816
1584631936751 1 817
1584631939134 1 818
1584631941509 1 819
1584631943916 1 820
1584631946438 1 821
1584631948820 1 822
1584631951222 1 823
1584631953742 1 824
1584631956104 1 825
1584631958537 1 826
1584631960838 1 827
1584631963257 1 828
1584631965678 1 829
1584631968030 1 830
1584631970316 1 831
1584631972779 1 832
1584631975212 1 833
1584631977546 1 834
1584631979826 1 835
1584631982289 1 836
1584631984663 1 837
1584631987031 1 838
1584631989510 1 839
1584631991800 1 840
1584631994282 1 841
1584631996654 1 842
1584631999057 1 843
1584632001465 1 844
1584632003809 1 845
1584632006163 1 846
1584632008628 1 847
1584632010981 1 848
1584632013386 1 849
1584632015792 1 850
1584632018302 1 851
1584632020594 1 852
1584632022948 1 853
1584632025329 1 854
1584632027762 1 855
1584632030038 1 856
1584632032433 1 857
1584632034755 1 858
1584632036999 1 859
1584632039296 1 860
1584632041909 1 861
1584632044168 1 862
1584632046565 1 863
1584632049034 1 864
1584632051420 1 865
1584632054189 1 866
1584632057018 1 867
1584632059523 1 868
1584632061947 1 869
1584632064341 1 870
1584632066705 1 871
1584632069075 1 872
1584632071378 1 873
1584632073790 1 874
1584632076217 1 875
1584632078700 1 876
1584632081119 1 877
1584632083515 1 878
1584632085978 1 879
1584632088375 1 880
1584632090750 1 881
1584632093157 1 882
1584632095462 1 883
1584632097768 1 884
1584632100094 1 885
1584632102484 1 886
1584632104921 1 887
1584632107314 1 888
1584632109762 1 889
1584632112154 1 890
1584632115338 1 891
1584632117663 1 892
1584632120007 1 893
1584632122438 1 894
1584632124809 1 895
1584632127216 1 896
1584632129593 1 897
1584632131995 1 898
1584632134372 1 899
1584632136699 1 900
1584632139326 1 901
1584632141705 1 902
1584632144082 1 903
1584632146786 1 904
1584632149199 1 905
1584632151614 1 906
1584632153997 1 907
1584632157380 1 908
1584632160139 1 909
1584632162693 1 910
1584632165160 1 911
1584632169102 1 912
1584632173730 1 913
1584632176115 1 914
1584632178459 1 915
1584632180838 1 916
1584632183242 1 917
1584632185785 1 918
1584632188224 1 919
1584632190548 1 920
1584632192936 1 921
1584632195324 1 922
1584632197803 1 923
1584632200280 1 924
1584632202613 1 925
1584632205037 1 926
1584632207364 1 927
1584632209640 1 928
1584632212306 1 929
1584632214939 1 930
1584632217267 1 931
1584632219621 1 932
1584632222095 1 933
1584632224650 1 934
1584632229078 1 935
1584632234736 1 936
1584632240444 1 937
1584632248446 1 938
1584632252682 1 939
1584632256264 1 940
1584632261474 1 941
1584632264133 1 942
1584632268175 1 943
1584632271282 1 944
1584632273884 1 945
1584632276190 1 946
1584632278644 1 947
1584632281258 1 948
1584632284139 1 949
1584632287351 1 950
1584632290199 1 951
1584632292836 1 952
1584632295484 1 953
1584632298040 1 954
1584632300934 1 955
1584632305256 1 956
1584632310393 1 957
1584632315318 1 958
1584632317815 1 959
1584632322092 1 960
1584632330209 1 961
1584632335061 1 962
1584632340710 1 963
1584632344934 1 964
1584632349254 1 965
1584632354018 1 966
1584632357847 1 967
1584632362940 1 968
1584632366166 1 969
1584632371181 1 970
1584632375752 1 971
1584632378251 1 972
1584632380563 1 973
1584632383152 1 974
1584632385903 1 975
1584632388281 1 976
1584632390755 1 977
1584632393024 1 978
1584632395340 1 979
1584632397624 1 980
1584632399892 1 981
1584632402253 1 982
1584632404591 1 983
1584632407125 1 984
1584632409426 1 985
1584632411741 1 986
1584632416644 1 987
1584632422480 1 988
1584632427027 1 989
1584632430519 1 990
1584632433013 1 991
1584632435363 1 992
1584632438836 1 993
1584632441591 1 994
1584632444318 1 995
1584632447221 1 996
1584632450037 1 997
1584632452774 1 998
1584632455735 1 999
1584632460137 1 1000
1584632464760 1 1001
1584632467246 1 1002
1584632470172 1 1003
1584632473147 1 1004
1584632475804 1 1005
1584632478907 1 1006
1584632483585 1 1007
1584632486442 1 1008
1584632489968 1 1009
1584632492610 1 1010
1584632495085 1 1011
1584632497500 1 1012
1584632500562 1 1013
1584632504276 1 1014
1584632508059 1 1015
1584632511494 1 1016
1584632513988 1 1017
1584632516489 1 1018
1584632519095 1 1019
1584632522006 1 1020
1584632524919 1 1021
1584632527501 1 1022
1584632529997 1 1023
1584632532994 1 1024
1584632536545 1 1025
1584632539274 1 1026
1584632542586 1 1027
1584632545519 1 1028
1584632547901 1 1029
1584632550213 1 1030
1584632552577 1 1031
1584632554953 1 1032
1584632557757 1 1033
1584632560830 1 1034
1584632563241 1 1035
1584632565711 1 1036
1584632568443 1 1037
1584632571126 1 1038
1584632573622 1 1039
1584632576001 1 1040
1584632578438 1 1041
1584632580812 1 1042
1584632583287 1 1043
1584632585762 1 1044
1584632588502 1 1045
1584632591273 1 1046
1584632593916 1 1047
1584632597200 1 1048
1584632600248 1 1049
1584632605093 1 1050
1584632608325 1 1051
1584632611044 1 1052
1584632614949 1 1053
1584632618294 1 1054
1584632621804 1 1055
1584632624134 1 1056
1584632626619 1 1057
1584632629165 1 1058
1584632631728 1 1059
1584632635202 1 1060
1584632638751 1 1061
1584632641293 1 1062
1584632644174 1 1063
1584632646785 1 1064
1584632650072 1 1065
1584632652712 1 1066
1584632655467 1 1067
1584632658495 1 1068
1584632661148 1 1069
1584632663996 1 1070
1584632666683 1 1071
1584632671390 1 1072
1584632676046 1 1073
1584632682300 1 1074
1584632689325 1 1075
1584632692901 1 1076
1584632696137 1 1077
1584632698833 1 1078
1584632703185 1 1079
1584632706510 1 1080
1584632710087 1 1081
1584632713098 1 1082
1584632715910 1 1083
1584632719458 1 1084
1584632723386 1 1085
1584632726221 1 1086
1584632729531 1 1087
1584632734015 1 1088
1584632738205 1 1089
1584632740927 1 1090
1584632743828 1 1091
1584632746741 1 1092
1584632749551 1 1093
1584632752294 1 1094
1584632755101 1 1095
1584632758196 1 1096
1584632761300 1 1097
1584632765062 1 1098
1584632768116 1 1099
1584632772373 1 1100
1584632775167 1 1101
1584632778718 1 1102
1584632781809 1 1103
1584632784154 1 1104
1584632786654 1 1105
1584632789845 1 1106
1584632792372 1 1107
1584632794864 1 1108
1584632797295 1 1109
1584632800958 1 1110
1584632805668 1 1111
1584632808616 1 1112
1584632812150 1 1113
1584632816522 1 1114
1584632819563 1 1115
1584632823468 1 1116
1584632826977 1 1117
1584632829543 1 1118
1584632832553 1 1119
1584632835678 1 1120
1584632838186 1 1121
1584632841197 1 1122
1584632844128 1 1123
1584632847051 1 1124
1584632849645 1 1125
1584632852217 1 1126
1584632855399 1 1127
1584632858470 1 1128
1584632861109 1 1129
1584632863907 1 1130
1584632866307 1 1131
1584632868955 1 1132
1584632871303 1 1133
1584632874701 1 1134
1584632877326 1 1135
1584632880009 1 1136
1584632882556 1 1137
1584632884994 1 1138
1584632887444 1 1139
1584632890149 1 1140
1584632892642 1 1141
1584632895270 1 1142
1584632898643 1 1143
1584632901156 1 1144
1584632903971 1 1145
1584632906653 1 1146
1584632909165 1 1147
1584632912480 1 1148
1584632916601 1 1149
1584632919568 1 1150
1584632922432 1 1151
1584632924929 1 1152
1584632927564 1 1153
1584632930182 1 1154
1584632933002 1 1155
1584632935915 1 1156
1584632938592 1 1157
1584632941917 1 1158
1584632945864 1 1159
1584632948360 1 1160
1584632950643 1 1161
1584632952935 1 1162
1584632955322 1 1163
1584632957611 1 1164
1584632959953 1 1165
1584632962204 1 1166
1584632964468 1 1167
1584632966737 1 1168
1584632969047 1 1169
1584632971331 1 1170
1584632973605 1 1171
1584632975919 1 1172
1584632978173 1 1173
1584632980504 1 1174
1584632982854 1 1175
1584632985290 1 1176
1584632987583 1 1177
1584632989961 1 1178
1584632992234 1 1179
1584632994939 1 1180
1584632997253 1 1181
1584632999667 1 1182
1584633002649 1 1183
1584633004961 1 1184
1584633007339 1 1185
1584633009928 1 1186
1584633013106 1 1187
1584633016796 1 1188
1584633019816 1 1189
1584633022111 1 1190
1584633025255 1 1191
1584633030000 1 1192
1584633034103 1 1193
1584633037693 1 1194
1584633040401 1 1195
1584633042814 1 1196
1584633045121 1 1197
1584633048559 1 1198
1584633051102 1 1199
1584633053383 1 1200
1584633056117 1 1201
1584633059637 1 1202
1584633061918 1 1203
1584633064247 1 1204
1584633066494 1 1205
1584633069135 1 1206
1584633071943 1 1207
1584633074509 1 1208
1584633077146 1 1209
1584633080319 1 1210
1584633083816 1 1211
1584633090715 1 1212
1584633097811 1 1213
1584633103335 1 1214
1584633108681 1 1215
1584633116123 1 1216
1584633122192 1 1217
1584633126806 1 1218
1584633130225 1 1219
1584633132870 1 1220
1584633141721 1 1221
1584633151638 1 1222
1584633162024 1 1223
1584633168121 1 1224
1584633172656 1 1225
1584633177159 1 1226
1584633181450 1 1227
1584633184333 1 1228
1584633186993 1 1229
1584633189370 1 1230
1584633193238 1 1231
1584633197572 1 1232
1584633200329 1 1233
1584633202905 1 1234
1584633205817 1 1235
1584633209360 1 1236
1584633212520 1 1237
1584633215054 1 1238
1584633220282 1 1239
1584633224708 1 1240
1584633227944 1 1241
1584633231476 1 1242
1584633234069 1 1243
1584633236587 1 1244
1584633239277 1 1245
1584633242073 1 1246
1584633245524 1 1247
1584633249465 1 1248
1584633252879 1 1249
1584633256180 1 1250
1584633258895 1 1251
1584633262370 1 1252
1584633265001 1 1253
1584633267513 1 1254
1584633270248 1 1255
1584633273835 1 1256
1584633277426 1 1257
1584633279964 1 1258
1584633282528 1 1259
1584633285325 1 1260
1584633289947 1 1261
1584633293584 1 1262
1584633300665 1 1263
1584633304923 1 1264
1584633309315 1 1265
1584633311818 1 1266
1584633314213 1 1267
1584633318320 1 1268
1584633323236 1 1269
1584633330215 1 1270
1584633334548 1 1271
1584633339276 1 1272
1584633341789 1 1273
1584633344388 1 1274
1584633347085 1 1275
1584633349518 1 1276
1584633351911 1 1277
1584633354485 1 1278
1584633357112 1 1279
1584633359698 1 1280
1584633362764 1 1281
1584633366728 1 1282
1584633369267 1 1283
1584633373061 1 1284
1584633377784 1 1285
1584633382234 1 1286
1584633386415 1 1287
1584633389395 1 1288
1584633392004 1 1289
1584633394216 1 1290
1584633396469 1 1291
1584633400289 1 1292
1584633403257 1 1293
1584633406036 1 1294
1584633408349 1 1295
1584633411195 1 1296
1584633414342 1 1297
1584633417062 1 1298
1584633420783 1 1299
1584633425490 1 1300
1584633429679 1 1301
1584633433860 1 1302
1584633436665 1 1303
1584633439655 1 1304
1584633442516 1 1305
1584633446330 1 1306
1584633449991 1 1307
1584633452296 1 1308
1584633456701 1 1309
1584633459502 1 1310
1584633462003 1 1311
1584633464698 1 1312
1584633467109 1 1313
1584633469456 1 1314
1584633471918 1 1315
1584633475249 1 1316
1584633478218 1 1317
1584633482571 1 1318
1584633487755 1 1319
1584633492063 1 1320
1584633496531 1 1321
1584633499316 1 1322
1584633502762 1 1323
1584633505123 1 1324
1584633507452 1 1325
1584633509798 1 1326
1584633512189 1 1327
1584633514476 1 1328
1584633516859 1 1329
1584633520886 1 1330
1584633524078 1 1331
1584633526885 1 1332
1584633529185 1 1333
1584633531574 1 1334
1584633534061 1 1335
1584633536362 1 1336
1584633538688 1 1337
1584633541253 1 1338
1584633543703 1 1339
1584633547420 1 1340
1584633551175 1 1341
1584633556313 1 1342
1584633561292 1 1343
1584633564824 1 1344
1584633568640 1 1345
1584633571292 1 1346
1584633573727 1 1347
1584633577236 1 1348
1584633580090 1 1349
1584633584801 1 1350
1584633590771 1 1351
1584633593890 1 1352
1584633596574 1 1353
1584633599145 1 1354
1584633602922 1 1355
1584633606904 1 1356
1584633611326 1 1357
1584633614553 1 1358
1584633617849 1 1359
1584633621688 1 1360
1584633624957 1 1361
1584633627739 1 1362
1584633630260 1 1363
1584633632976 1 1364
1584633636171 1 1365
1584633638603 1 1366
1584633641246 1 1367
1584633643825 1 1368
1584633646364 1 1369
1584633648793 1 1370
1584633651420 1 1371
1584633654098 1 1372
1584633656605 1 1373
1584633659396 1 1374
1584633662222 1 1375
1584633664956 1 1376
1584633667505 1 1377
1584633670086 1 1378
1584633672572 1 1379
1584633675688 1 1380
1584633678749 1 1381
1584633681815 1 1382
1584633684776 1 1383
1584633687661 1 1384
1584633691603 1 1385
1584633694175 1 1386
1584633696726 1 1387
1584633699851 1 1388
1584633702225 1 1389
1584633705010 1 1390
1584633708016 1 1391
1584633711366 1 1392
1584633714691 1 1393
1584633718791 1 1394
1584633722018 1 1395
1584633725093 1 1396
1584633728107 1 1397
1584633730899 1 1398
1584633733823 1 1399
1584633736826 1 1400
1584633739637 1 1401
1584633743131 1 1402
1584633745866 1 1403
1584633748836 1 1404
1584633751602 1 1405
1584633754554 1 1406
1584633758748 1 1407
1584633761586 1 1408
1584633764294 1 1409
1584633766926 1 1410
1584633769476 1 1411
1584633773375 1 1412
1584633778699 1 1413
1584633782669 1 1414
1584633785057 1 1415
1584633787604 1 1416
1584633790705 1 1417
1584633793643 1 1418
1584633796910 1 1419
1584633800455 1 1420
1584633803109 1 1421
1584633805883 1 1422
1584633810700 1 1423
1584633816424 1 1424
1584633819128 1 1425
1584633821761 1 1426
1584633823994 1 1427
1584633826172 1 1428
1584633828356 1 1429
1584633830525 1 1430
1584633832724 1 1431
1584633834907 1 1432
1584633837117 1 1433
1584633839367 1 1434
1584633841980 1 1435
1584633844895 1 1436
1584633847381 1 1437
1584633849815 1 1438
1584633852895 1 1439
1584633855524 1 1440
1584633857868 1 1441
1584633860191 1 1442
1584633862404 1 1443
1584633864725 1 1444
1584633867070 1 1445
1584633869471 1 1446
1584633872265 1 1447
1584633876928 1 1448
1584633879289 1 1449
1584633881560 1 1450
1584633883813 1 1451
1584633886041 1 1452
1584633888219 1 1453
1584633890719 1 1454
1584633892890 1 1455
1584633895054 1 1456
1584633897225 1 1457
1584633899381 1 1458
1584633901521 1 1459
1584633903710 1 1460
1584633905858 1 1461
1584633908101 1 1462
1584633910404 1 1463
1584633912879 1 1464
1584633915350 1 1465
1584633919854 1 1466
1584633922261 1 1467
1584633924707 1 1468
1584633927301 1 1469
1584633929633 1 1470
1584633932245 1 1471
1584633934631 1 1472
1584633936923 1 1473
1584633939202 1 1474
1584633941474 1 1475
1584633943752 1 1476
1584633946132 1 1477
1584633948302 1 1478
1584633950533 1 1479
1584633952974 1 1480
1584633955400 1 1481
1584633957629 1 1482
1584633959837 1 1483
1584633962624 1 1484
1584633964865 1 1485
1584633967429 1 1486
1584633969670 1 1487
1584633971887 1 1488
1584633974492 1 1489
1584633976719 1 1490
1584633979005 1 1491
1584633981354 1 1492
1584633983682 1 1493
1584633985882 1 1494
1584633988067 1 1495
1584633990271 1 1496
1584633992478 1 1497
1584633994697 1 1498
1584633996925 1 1499
1584633999116 1 1500
1584634001419 1 1501
1584634003677 1 1502
1584634005850 1 1503
1584634008038 1 1504
1584634010217 1 1505
1584634012622 1 1506
1584634015111 1 1507
1584634017357 1 1508
1584634019566 1 1509
1584634021768 1 1510
1584634023979 1 1511
1584634026155 1 1512
1584634028392 1 1513
1584634030591 1 1514
1584634032792 1 1515
1584634035036 1 1516
1584634037219 1 1517
1584634039412 1 1518
1584634041624 1 1519
1584634043832 1 1520
1584634046045 1 1521
1584634048266 1 1522
1584634050451 1 1523
1584634052649 1 1524
1584634054874 1 1525
1584634057031 1 1526
1584634059223 1 1527
1584634061412 1 1528
1584634063618 1 1529
1584634065796 1 1530
1584634067982 1 1531
1584634070323 1 1532
1584634072528 1 1533
1584634074683 1 1534
1584634076907 1 1535
1584634079056 1 1536
1584634081235 1 1537
1584634083939 1 1538
1584634086210 1 1539
1584634088491 1 1540
1584634090693 1 1541
1584634093110 1 1542
1584634095344 1 1543
1584634097517 1 1544
1584634099713 1 1545
1584634101945 1 1546
1584634104256 1 1547
1584634106831 1 1548
1584634109585 1 1549
1584634113295 1 1550
1584634116095 1 1551
1584634118672 1 1552
1584634120947 1 1553
1584634123378 1 1554
1584634125651 1 1555
1584634128155 1 1556
1584634130915 1 1557
1584634133228 1 1558
1584634135812 1 1559
1584634138055 1 1560
1584634140592 1 1561
1584634145237 1 1562
1584634147920 1 1563
1584634151542 1 1564
1584634153827 1 1565
1584634157354 1 1566
1584634160505 1 1567
1584634162801 1 1568
1584634165152 1 1569
1584634167633 1 1570
1584634170216 1 1571
1584634172511 1 1572
1584634174840 1 1573
1584634177208 1 1574
1584634179389 1 1575
1584634181602 1 1576
1584634183852 1 1577
1584634186041 1 1578
1584634188292 1 1579
1584634190645 1 1580
1584634192966 1 1581
1584634195167 1 1582
1584634197566 1 1583
1584634199806 1 1584
1584634202152 1 1585
1584634204409 1 1586
1584634206736 1 1587
1584634209140 1 1588
1584634211369 1 1589
1584634213684 1 1590
1584634215945 1 1591
1584634218173 1 1592
1584634220439 1 1593
1584634222659 1 1594
1584634224903 1 1595
1584634227307 1 1596
1584634229564 1 1597
1584634231876 1 1598
1584634234193 1 1599
1584634236443 1 1600
1584634238928 1 1601
1584634241257 1 1602
1584634243579 1 1603
1584634245739 1 1604
1584634247923 1 1605
1584634250146 1 1606
1584634252352 1 1607
1584634254541 1 1608
1584634256727 1 1609
1584634259024 1 1610
1584634261293 1 1611
1584634264408 1 1612
1584634266648 1 1613
1584634268904 1 1614
1584634271155 1 1615
1584634273383 1 1616
1584634275734 1 1617
1584634278010 1 1618
1584634280321 1 1619
1584634282604 1 1620
1584634284826 1 1621
1584634287001 1 1622
1584634289168 1 1623
1584634291351 1 1624
1584634293613 1 1625
1584634295994 1 1626
1584634298274 1 1627
1584634300576 1 1628
1584634302780 1 1629
1584634305029 1 1630
1584634307234 1 1631
1584634309495 1 1632
1584634311727 1 1633
1584634313921 1 1634
1584634316094 1 1635
1584634318367 1 1636
1584634320847 1 1637
1584634323161 1 1638
1584634325372 1 1639
1584634327591 1 1640
1584634329817 1 1641
1584634331995 1 1642
1584634334236 1 1643
1584634336424 1 1644
1584634338621 1 1645
1584634340865 1 1646
1584634343082 1 1647
1584634345290 1 1648
1584634347489 1 1649
1584634349693 1 1650
1584634351940 1 1651
1584634354228 1 1652
1584634356661 1 1653
1584634359017 1 1654
1584634361749 1 1655
1584634364025 1 1656
1584634366247 1 1657
1584634368460 1 1658
1584634370683 1 1659
1584634372983 1 1660
1584634375308 1 1661
1584634377644 1 1662
1584634379907 1 1663
1584634382738 1 1664
1584634384950 1 1665
1584634387203 1 1666
1584634389406 1 1667
1584634391727 1 1668
1584634393966 1 1669
1584634396169 1 1670
1584634398440 1 1671
1584634400737 1 1672
1584634403000 1 1673
1584634405273 1 1674
1584634407612 1 1675
1584634410206 1 1676
1584634412643 1 1677
1584634414882 1 1678
1584634417075 1 1679
1584634419297 1 1680
1584634422502 1 1681
1584634424966 1 1682
1584634427455 1 1683
1584634430027 1 1684
1584634432511 1 1685
1584634435105 1 1686
1584634437369 1 1687
1584634439618 1 1688
1584634441888 1 1689
1584634444162 1 1690
1584634446337 1 1691
1584634448589 1 1692
1584634450770 1 1693
1584634453083 1 1694
1584634455337 1 1695
1584634457819 1 1696
1584634460033 1 1697
1584634462184 1 1698
1584634464433 1 1699
1584634466685 1 1700
1584634469021 1 1701
1584634471256 1 1702
1584634473557 1 1703
1584634475745 1 1704
1584634477955 1 1705
1584634480151 1 1706
1584634482378 1 1707
1584634484567 1 1708
1584634486726 1 1709
1584634489016 1 1710
1584634491215 1 1711
1584634493435 1 1712
1584634495610 1 1713
1584634497823 1 1714
1584634500011 1 1715
1584634502333 1 1716
1584634504582 1 1717
1584634506756 1 1718
1584634508966 1 1719
1584634511150 1 1720
1584634513591 1 1721
1584634515798 1 1722
1584634518050 1 1723
1584634520226 1 1724
1584634522689 1 1725
1584634525168 1 1726
1584634527588 1 1727
1584634529807 1 1728
1584634532023 1 1729
1584634534248 1 1730
1584634536448 1 1731
1584634538654 1 1732
1584634540838 1 1733
1584634543057 1 1734
1584634545296 1 1735
1584634547516 1 1736
1584634549826 1 1737
1584634551995 1 1738
1584634554451 1 1739
1584634556693 1 1740
1584634558907 1 1741
1584634561122 1 1742
1584634563505 1 1743
1584634565704 1 1744
1584634567908 1 1745
1584634570155 1 1746
1584634572331 1 1747
1584634574585 1 1748
1584634576781 1 1749
1584634578954 1 1750
1584634581131 1 1751
1584634583350 1 1752
1584634585641 1 1753
1584634587828 1 1754
1584634590009 1 1755
1584634592210 1 1756
1584634594422 1 1757
1584634596690 1 1758
1584634598878 1 1759
1584634601085 1 1760
1584634603290 1 1761
1584634605499 1 1762
1584634607698 1 1763
1584634609879 1 1764
1584634612054 1 1765
1584634614257 1 1766
1584634616519 1 1767
1584634618777 1 1768
1584634621019 1 1769
1584634623306 1 1770
1584634625510 1 1771
1584634627737 1 1772
1584634629968 1 1773
1584634632136 1 1774
1584634634390 1 1775
1584634636642 1 1776
1584634638825 1 1777
1584634641025 1 1778
1584634643226 1 1779
1584634645486 1 1780
1584634647672 1 1781
1584634649963 1 1782
1584634652367 1 1783
1584634654558 1 1784
1584634656771 1 1785
1584634658983 1 1786
1584634661320 1 1787
1584634663705 1 1788
1584634667230 1 1789
1584634669431 1 1790
1584634671654 1 1791
1584634673861 1 1792
1584634676015 1 1793
1584634678201 1 1794
1584634680370 1 1795
1584634682743 1 1796
1584634684970 1 1797
1584634687150 1 1798
1584634689349 1 1799
1584634691552 1 1800
1584634693861 1 1801
1584634696003 1 1802
1584634698216 1 1803
1584634700387 1 1804
1584634702587 1 1805
1584634704833 1 1806
1584634707122 1 1807
1584634709357 1 1808
1584634711785 1 1809
1584634714026 1 1810
1584634716302 1 1811
1584634718680 1 1812
1584634721216 1 1813
1584634723525 1 1814
1584634725808 1 1815
1584634728085 1 1816
1584634730378 1 1817
1584634732667 1 1818
1584634734941 1 1819
1584634737195 1 1820
1584634739471 1 1821
1584634742048 1 1822
1584634744728 1 1823
1584634747156 1 1824
1584634749569 1 1825
1584634752249 1 1826
1584634754823 1 1827
1584634757110 1 1828
1584634759372 1 1829
1584634761713 1 1830
1584634764071 1 1831
1584634766387 1 1832
1584634769225 1 1833
1584634771408 1 1834
1584634773630 1 1835
1584634775862 1 1836
1584634778169 1 1837
1584634780344 1 1838
1584634782570 1 1839
1584634784747 1 1840
1584634786961 1 1841
1584634789175 1 1842
1584634791453 1 1843
1584634793658 1 1844
1584634795852 1 1845
1584634798056 1 1846
1584634800220 1 1847
1584634802720 1 1848
1584634804929 1 1849
1584634807524 1 1850
1584634814209 1 1851
1584634819090 1 1852
1584634823298 1 1853
1584634825913 1 1854
1584634828108 1 1855
1584634830346 1 1856
1584634832622 1 1857
1584634834838 1 1858
1584634837070 1 1859
1584634839357 1 1860
1584634845583 1 1861
1584634849907 1 1862
1584634852673 1 1863
1584634855180 1 1864
1584634857472 1 1865
1584634859891 1 1866
1584634862282 1 1867
1584634864577 1 1868
1584634867017 1 1869
1584634869411 1 1870
1584634871757 1 1871
1584634874065 1 1872
1584634876293 1 1873
1584634878505 1 1874
1584634880698 1 1875
1584634882929 1 1876
1584634885100 1 1877
1584634887259 1 1878
1584634889470 1 1879
1584634891664 1 1880
1584634893863 1 1881
1584634896053 1 1882
1584634898216 1 1883
1584634900381 1 1884
1584634902596 1 1885
1584634904823 1 1886
1584634907074 1 1887
1584634909286 1 1888
1584634911491 1 1889
1584634913792 1 1890
1584634916004 1 1891
1584634918244 1 1892
1584634920461 1 1893
1584634922794 1 1894
1584634924996 1 1895
1584634927161 1 1896
1584634929365 1 1897
1584634931577 1 1898
1584634933795 1 1899
1584634936002 1 1900
1584634938687 1 1901
1584634940949 1 1902
1584634943457 1 1903
1584634945674 1 1904
1584634947910 1 1905
1584634950119 1 1906
1584634952330 1 1907
1584634954573 1 1908
1584634956747 1 1909
1584634958946 1 1910
1584634961123 1 1911
1584634963324 1 1912
1584634965546 1 1913
1584634967734 1 1914
1584634969986 1 1915
1584634972613 1 1916
1584634974860 1 1917
1584634977040 1 1918
1584634979213 1 1919
1584634981383 1 1920
1584634983618 1 1921
1584634985847 1 1922
1584634988077 1 1923
1584634990257 1 1924
1584634992445 1 1925
1584634994728 1 1926
1584634996905 1 1927
1584634999093 1 1928
1584635001284 1 1929
1584635003563 1 1930
1584635005770 1 1931
1584635007979 1 1932
1584635010134 1 1933
1584635012377 1 1934
1584635014595 1 1935
1584635016791 1 1936
1584635018981 1 1937
1584635021158 1 1938
1584635023364 1 1939
1584635025559 1 1940
1584635027726 1 1941
1584635029918 1 1942
1584635032080 1 1943
1584635034335 1 1944
1584635036520 1 1945
1584635038903 1 1946
1584635041167 1 1947
1584635043452 1 1948
1584635047775 1 1949
1584635051534 1 1950
1584635057058 1 1951
1584635061234 1 1952
1584635064749 1 1953
1584635068158 1 1954
1584635075763 1 1955
1584635079317 1 1956
1584635082746 1 1957
1584635090845 1 1958
1584635093523 1 1959
1584635096544 1 1960
1584635099682 1 1961
1584635103926 1 1962
1584635106871 1 1963
1584635109241 1 1964
1584635113323 1 1965
1584635116200 1 1966
1584635120015 1 1967
1584635123734 1 1968
1584635126646 1 1969
1584635130075 1 1970
1584635133109 1 1971
1584635136066 1 1972
1584635138862 1 1973
1584635141246 1 1974
1584635144148 1 1975
1584635146727 1 1976
1584635149761 1 1977
1584635152929 1 1978
1584635155530 1 1979
1584635158027 1 1980
1584635160532 1 1981
1584635163581 1 1982
1584635166058 1 1983
1584635169129 1 1984
1584635171732 1 1985
1584635174632 1 1986
1584635178275 1 1987
1584635181530 1 1988
1584635184248 1 1989
1584635186987 1 1990
1584635189691 1 1991
1584635192151 1 1992
1584635194569 1 1993
1584635196957 1 1994
1584635199424 1 1995
1584635201778 1 1996
1584635204218 1 1997
1584635206539 1 1998
1584635208929 1 1999
1584635211289 1 2000
