1583062902936 0.0 1
1583062905111 0.5 2
1583062907215 0.6666666666666666 3
1583062909321 0.75 4
1583062911431 0.6 5
1583062913587 0.3333333333333333 6
1583062915727 0.14285714285714285 7
1583062917857 0.0 8
1583062919956 -0.1111111111111111 9
1583062922096 0.0 10
1583062924183 0.0 11
1583062926283 -0.08333333333333333 12
1583062928399 -0.15384615384615385 13
1583062930520 -0.07142857142857142 14
1583062932626 -0.06666666666666667 15
1583062934750 0.0 16
1583062936881 -0.058823529411764705 17
1583062938973 -0.1111111111111111 18
1583062941092 -0.05263157894736842 19
1583062943217 0.0 20
