1584267537865 1 1
1584267540951 1 2
1584267544132 1 3
1584267546724 1 4
1584267549085 1 5
1584267551696 1 6
1584267555678 1 7
1584267558006 1 8
1584267560145 1 9
1584267562364 1 10
1584267564554 1 11
1584267566845 1 12
1584267569101 1 13
1584267571257 1 14
1584267574067 1 15
1584267577202 1 16
1584267579404 1 17
1584267583577 1 18
1584267587229 1 19
1584267589624 1 20
1584267592023 1 21
1584267594708 1 22
1584267597710 1 23
1584267599904 1 24
1584267603071 1 25
1584267605896 1 26
1584267608310 1 27
1584267610710 1 28
1584267613478 1 29
1584267615814 1 30
1584267618191 1 31
1584267621677 1 32
1584267624676 1 33
1584267626878 1 34
1584267629060 1 35
1584267631885 1 36
1584267634874 1 37
1584267638137 1 38
1584267641307 1 39
1584267645017 1 40
1584267647309 1 41
1584267649613 1 42
1584267652383 1 43
1584267655256 1 44
1584267657590 1 45
1584267659773 1 46
1584267661914 1 47
1584267664046 1 48
1584267666275 1 49
1584267668456 1 50
1584267670601 1 51
1584267672782 1 52
1584267674935 1 53
1584267677102 1 54
1584267679252 1 55
1584267681475 1 56
1584267683791 1 57
1584267686129 1 58
1584267688591 1 59
1584267691513 1 60
1584267694122 1 61
1584267696989 1 62
1584267699340 1 63
1584267701955 1 64
1584267704539 1 65
1584267707561 1 66
1584267710949 1 67
1584267713910 1 68
1584267716619 1 69
1584267721662 1 70
1584267726256 1 71
1584267730486 1 72
1584267738463 1 73
1584267743815 1 74
1584267755690 1 75
