1584267534627 nan 0
1584267537875 0.0 1
1584267540961 0.5 2
1584267544143 0.0 3
1584267546742 -0.25 4
1584267549096 -0.4 5
1584267551709 -0.16666666666666666 6
1584267555691 -0.2857142857142857 7
1584267558015 -0.25 8
1584267560159 -0.2222222222222222 9
1584267562372 -0.1 10
1584267564565 -0.09090909090909091 11
1584267566856 0.0 12
1584267569110 -0.07692307692307693 13
1584267571267 -0.07142857142857142 14
1584267574076 0.06666666666666667 15
1584267577214 0.0 16
1584267579413 -0.058823529411764705 17
1584267583589 -0.05555555555555555 18
1584267587242 0.0 19
1584267589635 0.0 20
1584267592037 0.0 21
1584267594717 0.045454545454545456 22
1584267597719 0.13043478260869565 23
1584267599934 0.08333333333333333 24
1584267603091 0.08 25
1584267605906 -0.07692307692307693 26
1584267608319 -0.037037037037037035 27
1584267610722 -0.03571428571428571 28
1584267613492 0.06896551724137931 29
1584267615827 0.1 30
1584267618201 0.06451612903225806 31
1584267621687 0.09375 32
1584267624685 0.09090909090909091 33
1584267626886 0.08823529411764706 34
1584267629068 0.08571428571428572 35
1584267631894 0.05555555555555555 36
1584267634918 0.10810810810810811 37
1584267638149 0.10526315789473684 38
1584267641344 0.07692307692307693 39
1584267645027 0.1 40
1584267647318 0.07317073170731707 41
1584267649622 0.09523809523809523 42
1584267652396 0.09302325581395349 43
1584267655266 0.09090909090909091 44
1584267657615 0.08888888888888889 45
1584267659788 0.10869565217391304 46
1584267661923 0.06382978723404255 47
1584267664055 0.10416666666666667 48
1584267666294 0.12244897959183673 49
1584267668467 0.14 50
1584267670615 0.1568627450980392 51
1584267672792 0.1346153846153846 52
1584267674943 0.1509433962264151 53
1584267677111 0.18518518518518517 54
1584267679263 0.18181818181818182 55
1584267681485 0.17857142857142858 56
1584267683801 0.21052631578947367 57
1584267686153 0.25862068965517243 58
1584267688601 0.3050847457627119 59
1584267691534 0.31666666666666665 60
1584267694137 0.36065573770491804 61
1584267697002 0.3709677419354839 62
1584267699351 0.38095238095238093 63
1584267701974 0.328125 64
1584267704557 0.3230769230769231 65
1584267707574 0.3484848484848485 66
1584267710961 0.3283582089552239 67
1584267713927 0.3235294117647059 68
1584267716632 0.3333333333333333 69
1584267721694 0.38571428571428573 70
1584267726273 0.38028169014084506 71
1584267730542 0.3472222222222222 72
1584267738497 0.3287671232876712 73
1584267743870 0.33783783783783783 74
