1584267537865 0.0 1
1584267540951 1.0 2
1584267544132 -1.0 3
1584267546724 -1.0 4
1584267549085 -1.0 5
1584267551696 1.0 6
1584267555678 -1.0 7
1584267558006 0.0 8
1584267560145 0.0 9
1584267562364 1.0 10
1584267564554 0.0 11
1584267566845 1.0 12
1584267569101 -1.0 13
1584267571257 0.0 14
1584267574067 2.0 15
1584267577202 -1.0 16
1584267579404 -1.0 17
1584267583577 0.0 18
1584267587229 1.0 19
1584267589624 0.0 20
1584267592023 0.0 21
1584267594708 1.0 22
1584267597710 2.0 23
1584267599904 -1.0 24
1584267603071 0.0 25
1584267605896 -4.0 26
1584267608310 1.0 27
1584267610710 0.0 28
1584267613478 3.0 29
1584267615814 1.0 30
1584267618191 -1.0 31
1584267621677 1.0 32
1584267624676 0.0 33
1584267626878 0.0 34
1584267629060 0.0 35
1584267631885 -1.0 36
1584267634874 2.0 37
1584267638137 0.0 38
1584267641307 -1.0 39
1584267645017 1.0 40
1584267647309 -1.0 41
1584267649613 1.0 42
1584267652383 0.0 43
1584267655256 0.0 44
1584267657590 0.0 45
1584267659773 1.0 46
1584267661914 -2.0 47
1584267664046 2.0 48
1584267666275 1.0 49
1584267668456 1.0 50
1584267670601 1.0 51
1584267672782 -1.0 52
1584267674935 1.0 53
1584267677102 2.0 54
1584267679252 0.0 55
1584267681475 0.0 56
1584267683791 2.0 57
1584267686129 3.0 58
1584267688591 3.0 59
1584267691513 1.0 60
1584267694122 3.0 61
1584267696989 1.0 62
1584267699340 1.0 63
1584267701955 -3.0 64
1584267704539 0.0 65
1584267707561 2.0 66
1584267710949 -1.0 67
1584267713910 0.0 68
1584267716619 1.0 69
1584267721662 4.0 70
1584267726256 0.0 71
1584267730486 -2.0 72
1584267738463 -1.0 73
1584267743815 1.0 74
1584267755690 2.0 75
