1584689770120 300 1
1584689772463 300 2
1584689774850 300 3
1584689777054 300 4
1584689779232 300 5
1584689781594 300 6
1584689783877 300 7
1584689786260 300 8
1584689788514 300 9
1584689790887 300 10
1584689793838 300 11
1584689796330 300 12
1584689798775 300 13
1584689801280 300 14
1584689803720 300 15
1584689806296 300 16
1584689808615 300 17
1584689811044 300 18
1584689813575 300 19
1584689815950 300 20
1584689820122 300 21
1584689823060 300 22
1584689825619 300 23
1584689828459 300 24
1584689831257 300 25
1584689833546 300 26
1584689836350 300 27
1584689838668 300 28
1584689840892 300 29
1584689843104 300 30
1584689845357 300 31
1584689847650 300 32
1584689849976 300 33
1584689852193 300 34
1584689854527 300 35
1584689857001 300 36
1584689859343 300 37
1584689862031 300 38
1584689864386 300 39
1584689866677 300 40
1584689868874 300 41
1584689871066 300 42
1584689873288 300 43
1584689875530 300 44
1584689877815 300 45
1584689880012 300 46
1584689882236 300 47
1584689884455 300 48
1584689886772 300 49
1584689889033 300 50
1584689891328 300 51
1584689893572 300 52
1584689895810 300 53
1584689898036 300 54
1584689900210 300 55
1584689902477 300 56
1584689904717 300 57
1584689906964 300 58
1584689909152 300 59
1584689911436 300 60
1584689913860 300 61
1584689916183 300 62
1584689918471 300 63
1584689920765 300 64
1584689923090 300 65
1584689925305 300 66
1584689927518 300 67
1584689929748 300 68
1584689932040 300 69
1584689934315 300 70
1584689936520 300 71
1584689938737 300 72
1584689940944 300 73
1584689943196 300 74
1584689945439 300 75
1584689947718 300 76
1584689949995 300 77
1584689952387 300 78
1584689954648 300 79
1584689956841 300 80
1584689959138 300 81
1584689961389 300 82
1584689963700 300 83
1584689965897 300 84
1584689968093 300 85
1584689970319 300 86
1584689972651 300 87
1584689974942 300 88
1584689977225 300 89
1584689979500 300 90
1584689981673 300 91
1584689983938 300 92
1584689986145 300 93
1584689988505 300 94
1584689990802 300 95
1584689992995 300 96
1584689995184 300 97
1584689997452 300 98
1584689999719 300 99
1584690001972 300 100
1584690004364 300 101
1584690006688 300 102
1584690008985 300 103
1584690011190 300 104
1584690013724 300 105
1584690016013 300 106
1584690018298 300 107
1584690020642 300 108
1584690022893 300 109
1584690025116 300 110
1584690027366 300 111
1584690029633 300 112
1584690031964 300 113
1584690034310 300 114
1584690036605 300 115
1584690038817 300 116
1584690041021 300 117
1584690043270 300 118
1584690045602 300 119
1584690047889 300 120
1584690050313 300 121
1584690052527 300 122
1584690054753 300 123
1584690057024 300 124
1584690059265 300 125
1584690061555 300 126
1584690063872 300 127
1584690066154 300 128
1584690068348 300 129
1584690070571 300 130
1584690072886 300 131
1584690075208 300 132
1584690077502 300 133
1584690079797 300 134
1584690081994 300 135
1584690084316 300 136
1584690086659 300 137
1584690088977 300 138
1584690091265 300 139
1584690093655 300 140
1584690096063 300 141
1584690098518 300 142
1584690100718 300 143
1584690103002 300 144
1584690105267 300 145
1584690107516 300 146
1584690109777 300 147
1584690111967 300 148
1584690114244 300 149
1584690116537 300 150
1584690118820 300 151
1584690121145 300 152
1584690123452 300 153
1584690125671 300 154
1584690127888 300 155
1584690130158 300 156
1584690132414 300 157
1584690134704 300 158
1584690136918 300 159
1584690139152 300 160
1584690141483 300 161
1584690143791 300 162
1584690146305 300 163
1584690148603 300 164
1584690150930 300 165
1584690153218 300 166
1584690155456 300 167
1584690157685 300 168
1584690159939 300 169
1584690162230 300 170
1584690164469 300 171
1584690166683 300 172
1584690168899 300 173
1584690171559 300 174
1584690173867 300 175
1584690176217 300 176
1584690178539 300 177
1584690180869 300 178
1584690183148 300 179
1584690185431 300 180
1584690187802 300 181
1584690190146 300 182
1584690192550 300 183
1584690194774 300 184
1584690196999 300 185
1584690199319 300 186
1584690201616 300 187
1584690203952 300 188
1584690206265 300 189
1584690208546 300 190
1584690210781 300 191
1584690213094 300 192
1584690215343 300 193
1584690217690 300 194
1584690220131 300 195
1584690222378 300 196
1584690224644 300 197
1584690226848 300 198
1584690229138 300 199
1584690231453 300 200
1584690233874 300 201
1584690236187 300 202
1584690238544 300 203
1584690240774 300 204
1584690243186 300 205
1584690245482 300 206
1584690247764 300 207
1584690250008 300 208
1584690252229 300 209
1584690254479 300 210
1584690256758 300 211
1584690259006 300 212
1584690261261 300 213
1584690263571 300 214
1584690265867 300 215
1584690268100 300 216
1584690270362 300 217
1584690272678 300 218
1584690274994 300 219
1584690277297 300 220
1584690279540 300 221
1584690281766 300 222
1584690284028 300 223
1584690286285 300 224
1584690288581 300 225
1584690290999 300 226
1584690293324 300 227
1584690295647 300 228
1584690297885 300 229
1584690300106 300 230
1584690302574 300 231
1584690305036 300 232
1584690307500 300 233
1584690309743 300 234
1584690312013 300 235
1584690314418 300 236
1584690316727 300 237
1584690318996 300 238
1584690321313 300 239
1584690323646 300 240
1584690325920 300 241
1584690328159 300 242
1584690330391 300 243
1584690332791 300 244
1584690335101 300 245
1584690337323 300 246
1584690339709 300 247
1584690341918 300 248
1584690344310 300 249
1584690346606 300 250
1584690348915 300 251
1584690351215 300 252
1584690353581 300 253
1584690355851 300 254
1584690358058 300 255
1584690360321 300 256
1584690362636 300 257
1584690364936 300 258
1584690367178 300 259
1584690369405 300 260
1584690371704 300 261
1584690373982 300 262
1584690376272 300 263
1584690378602 300 264
1584690380913 300 265
1584690383442 300 266
1584690385757 300 267
1584690387999 300 268
1584690390303 300 269
1584690392801 300 270
1584690395420 300 271
1584690397664 300 272
1584690399919 300 273
1584690402158 300 274
1584690404441 300 275
1584690406732 300 276
1584690408989 300 277
1584690411249 300 278
1584690413476 300 279
1584690415723 300 280
1584690418009 300 281
1584690420261 300 282
1584690422557 300 283
1584690424832 300 284
1584690427055 300 285
1584690429310 300 286
1584690431630 300 287
1584690433932 300 288
1584690436445 300 289
1584690438799 300 290
1584690441041 300 291
1584690443256 300 292
1584690445482 300 293
1584690447781 300 294
1584690450075 300 295
1584690452482 300 296
1584690454768 300 297
1584690457097 300 298
1584690459373 300 299
1584690461681 300 300
1584690464072 300 301
1584690466398 300 302
1584690468662 300 303
1584690470870 300 304
1584690473091 300 305
1584690475357 300 306
1584690477684 300 307
1584690480117 300 308
1584690482391 300 309
1584690484615 300 310
1584690486905 300 311
1584690489275 300 312
1584690491736 300 313
1584690494219 300 314
1584690496531 300 315
1584690498770 300 316
1584690500998 300 317
1584690503230 300 318
1584690505590 300 319
1584690507945 300 320
1584690510210 300 321
1584690512508 300 322
1584690514745 300 323
1584690517044 300 324
1584690519294 300 325
1584690521573 300 326
1584690523887 300 327
1584690526198 300 328
1584690528438 300 329
1584690530655 300 330
1584690533196 300 331
1584690535522 300 332
1584690537805 300 333
1584690540037 300 334
1584690542255 300 335
1584690544564 300 336
1584690546859 300 337
1584690549111 300 338
1584690551393 300 339
1584690553704 300 340
1584690555944 300 341
1584690558177 300 342
1584690560402 300 343
1584690562689 300 344
1584690564976 300 345
1584690567253 300 346
1584690569504 300 347
1584690571735 300 348
1584690574119 300 349
1584690576413 300 350
1584690578732 300 351
1584690581019 300 352
1584690583338 300 353
1584690585606 300 354
1584690587858 300 355
1584690590134 300 356
1584690592412 300 357
1584690594774 300 358
1584690596984 300 359
1584690599245 300 360
1584690601534 300 361
1584690603811 300 362
1584690606083 300 363
1584690608377 300 364
1584690610643 300 365
1584690612912 300 366
1584690615130 300 367
1584690617352 300 368
1584690619629 300 369
1584690621945 300 370
1584690624247 300 371
1584690626481 300 372
1584690628777 300 373
1584690631086 300 374
1584690633419 300 375
1584690635859 300 376
1584690638141 300 377
1584690640477 300 378
1584690642731 300 379
1584690645017 300 380
1584690647271 300 381
1584690649515 300 382
1584690651824 300 383
1584690654045 300 384
1584690656266 300 385
1584690658545 300 386
1584690660897 300 387
1584690663178 300 388
1584690665497 300 389
1584690667791 300 390
1584690670022 300 391
1584690672252 300 392
1584690674485 300 393
1584690676812 300 394
1584690679124 300 395
1584690681348 300 396
1584690683558 300 397
1584690685792 300 398
1584690688074 300 399
1584690690402 300 400
1584690692882 300 401
1584690695160 300 402
1584690697490 300 403
1584690699702 300 404
1584690701949 300 405
1584690704259 300 406
1584690706528 300 407
1584690709026 300 408
1584690711266 300 409
1584690713499 300 410
1584690715784 300 411
1584690718047 300 412
1584690720374 300 413
1584690722772 300 414
1584690725179 300 415
1584690727480 300 416
1584690729694 300 417
1584690732010 300 418
1584690734307 300 419
1584690736685 300 420
1584690739029 300 421
1584690741301 300 422
1584690743550 300 423
1584690746243 300 424
1584690748576 300 425
1584690751170 300 426
1584690753824 300 427
1584690756278 300 428
1584690758710 300 429
1584690760966 300 430
1584690763273 300 431
1584690765567 300 432
1584690768204 300 433
1584690770490 300 434
1584690772874 300 435
1584690775231 300 436
1584690777550 300 437
1584690779883 300 438
1584690782165 300 439
1584690784515 300 440
1584690786785 300 441
1584690789015 300 442
1584690791310 300 443
1584690793633 300 444
1584690795907 300 445
1584690798142 300 446
1584690800339 300 447
1584690802551 300 448
1584690804839 300 449
1584690807109 300 450
1584690809843 300 451
1584690812217 300 452
1584690814703 300 453
1584690817118 300 454
1584690819355 300 455
1584690821765 300 456
1584690824127 300 457
1584690826459 300 458
1584690828719 300 459
1584690830942 300 460
1584690833241 300 461
1584690835553 300 462
1584690837875 300 463
1584690840129 300 464
1584690842449 300 465
1584690844688 300 466
1584690847082 300 467
1584690849534 300 468
1584690852210 300 469
1584690854631 300 470
1584690857008 300 471
1584690859387 300 472
1584690861917 300 473
1584690864269 300 474
1584690866559 300 475
1584690869021 300 476
1584690871565 300 477
1584690873901 300 478
1584690876136 300 479
1584690878366 300 480
1584690880642 300 481
1584690882945 300 482
1584690885203 300 483
1584690887421 300 484
1584690889638 300 485
1584690891944 300 486
1584690894222 300 487
1584690896494 300 488
1584690898797 300 489
1584690901136 300 490
1584690903373 300 491
1584690905628 300 492
1584690907892 300 493
1584690910163 300 494
1584690912473 300 495
1584690914712 300 496
1584690916963 300 497
1584690919357 300 498
1584690921647 300 499
1584690923963 300 500
1584690926333 300 501
1584690928664 300 502
1584690930967 300 503
1584690933305 300 504
1584690935670 300 505
1584690937974 300 506
1584690940237 300 507
1584690942624 300 508
1584690945151 300 509
1584690947456 300 510
1584690949800 300 511
1584690952117 300 512
1584690954419 300 513
1584690956729 300 514
1584690959042 300 515
1584690961295 300 516
1584690963553 300 517
1584690965817 300 518
1584690968113 300 519
1584690970401 300 520
1584690972618 300 521
1584690974857 300 522
1584690977081 300 523
1584690979438 300 524
1584690981715 300 525
1584690984082 300 526
1584690986545 300 527
1584690988875 300 528
1584690991144 300 529
1584690993423 300 530
1584690995774 300 531
1584690998048 300 532
1584691000342 300 533
1584691002581 300 534
1584691004853 300 535
1584691007138 300 536
1584691009487 300 537
1584691011816 300 538
1584691014132 300 539
1584691016561 300 540
1584691018765 300 541
1584691021006 300 542
1584691023267 300 543
1584691025562 300 544
1584691027989 300 545
1584691030211 300 546
1584691032448 300 547
1584691034672 300 548
1584691036965 300 549
1584691039273 300 550
1584691041575 300 551
1584691043889 300 552
1584691046234 300 553
1584691048467 300 554
1584691050687 300 555
1584691052982 300 556
1584691055322 300 557
1584691057648 300 558
1584691059934 300 559
1584691062682 300 560
1584691065059 300 561
1584691067363 300 562
1584691069659 300 563
1584691071962 300 564
1584691074256 300 565
1584691076540 300 566
1584691078758 300 567
1584691081002 300 568
1584691083269 300 569
1584691085542 300 570
1584691087794 300 571
1584691090010 300 572
1584691092263 300 573
1584691094546 300 574
1584691096802 300 575
1584691099114 300 576
1584691101392 300 577
1584691103725 300 578
1584691105965 300 579
1584691108179 300 580
1584691110487 300 581
1584691113293 300 582
1584691115573 300 583
1584691117796 300 584
1584691120023 300 585
1584691122304 300 586
1584691124585 300 587
1584691126889 300 588
1584691129218 300 589
1584691131513 300 590
1584691133768 300 591
1584691136039 300 592
1584691138438 300 593
1584691141339 300 594
1584691143915 300 595
1584691146198 300 596
1584691148617 300 597
1584691150868 300 598
1584691153205 300 599
1584691155504 300 600
1584691157875 300 601
1584691160164 300 602
1584691162499 300 603
1584691164732 300 604
1584691166956 300 605
1584691169266 300 606
1584691171589 300 607
1584691174057 300 608
1584691176292 300 609
1584691178528 300 610
1584691180806 300 611
1584691183074 300 612
1584691185359 300 613
1584691187644 300 614
1584691189907 300 615
1584691192129 300 616
1584691194409 300 617
1584691196693 300 618
1584691199009 300 619
1584691201324 300 620
1584691203615 300 621
1584691206414 300 622
1584691208985 300 623
1584691211367 300 624
1584691214015 300 625
1584691216808 300 626
1584691219223 300 627
1584691221733 300 628
1584691224150 300 629
1584691226398 300 630
1584691228741 300 631
1584691231079 300 632
1584691233808 300 633
1584691236224 300 634
1584691238679 300 635
1584691241054 300 636
1584691243375 300 637
1584691245770 300 638
1584691248090 300 639
1584691250471 300 640
1584691252713 300 641
1584691254976 300 642
1584691257247 300 643
1584691259556 300 644
1584691261873 300 645
1584691264049 300 646
1584691266265 300 647
1584691268486 300 648
1584691270842 300 649
1584691273173 300 650
1584691275511 300 651
1584691277866 300 652
1584691280175 300 653
1584691282407 300 654
1584691284681 300 655
1584691286991 300 656
1584691289277 300 657
1584691291620 300 658
1584691293974 300 659
1584691296240 300 660
1584691298539 300 661
1584691300888 300 662
1584691303214 300 663
1584691305720 300 664
1584691308017 300 665
1584691310226 300 666
1584691312430 300 667
1584691314679 300 668
1584691317032 300 669
1584691319324 300 670
1584691321558 300 671
1584691323764 300 672
1584691326003 300 673
1584691328289 300 674
1584691330597 300 675
1584691332932 300 676
1584691335225 300 677
1584691337603 300 678
1584691339875 300 679
1584691342117 300 680
1584691344550 300 681
1584691347490 300 682
1584691349873 300 683
1584691352114 300 684
1584691354415 300 685
1584691356839 300 686
1584691359197 300 687
1584691361568 300 688
1584691363897 300 689
1584691366284 300 690
1584691368525 300 691
1584691370777 300 692
1584691373070 300 693
1584691375398 300 694
1584691377728 300 695
1584691379925 300 696
1584691382218 300 697
1584691384560 300 698
1584691386936 300 699
1584691389260 300 700
1584691391701 300 701
1584691394104 300 702
1584691396472 300 703
1584691399052 300 704
1584691401655 300 705
1584691404114 300 706
1584691406750 300 707
1584691409098 300 708
1584691411338 300 709
1584691413678 300 710
1584691416025 300 711
1584691418336 300 712
1584691420675 300 713
1584691423008 300 714
1584691425333 300 715
1584691427599 300 716
1584691429830 300 717
1584691432083 300 718
1584691434447 300 719
1584691436756 300 720
1584691438992 300 721
1584691441238 300 722
1584691443487 300 723
1584691445825 300 724
1584691448142 300 725
1584691450431 300 726
1584691452733 300 727
1584691455047 300 728
1584691457290 300 729
1584691459572 300 730
1584691461920 300 731
1584691464310 300 732
1584691467365 300 733
1584691469664 300 734
1584691472021 300 735
1584691474525 300 736
1584691476861 300 737
1584691479201 300 738
1584691481511 300 739
1584691483866 300 740
1584691486171 300 741
1584691488403 300 742
1584691490678 300 743
1584691493081 300 744
1584691495433 300 745
1584691497755 300 746
1584691500184 300 747
1584691502430 300 748
1584691504811 300 749
1584691507134 300 750
1584691509933 300 751
1584691512320 300 752
1584691514760 300 753
1584691517082 300 754
1584691519339 300 755
1584691521691 300 756
1584691524114 300 757
1584691526457 300 758
1584691528670 300 759
1584691530998 300 760
1584691533394 300 761
1584691535766 300 762
1584691538135 300 763
1584691540515 300 764
1584691542835 300 765
1584691545060 300 766
1584691547291 300 767
1584691549558 300 768
1584691551873 300 769
1584691554234 300 770
1584691556492 300 771
1584691558702 300 772
1584691560981 300 773
1584691563277 300 774
1584691565630 300 775
1584691567950 300 776
1584691570232 300 777
1584691572529 300 778
1584691574800 300 779
1584691577036 300 780
1584691579366 300 781
1584691581718 300 782
1584691584041 300 783
1584691586279 300 784
1584691588514 300 785
1584691590872 300 786
1584691593299 300 787
1584691595780 300 788
1584691598105 300 789
1584691600410 300 790
1584691602654 300 791
1584691604900 300 792
1584691607106 300 793
1584691609414 300 794
1584691611745 300 795
1584691613983 300 796
1584691616207 300 797
1584691618413 300 798
1584691620728 300 799
1584691623105 300 800
1584691625514 300 801
1584691627906 300 802
1584691630234 300 803
1584691632486 300 804
1584691634742 300 805
1584691637078 300 806
1584691639394 300 807
1584691641721 300 808
1584691643963 300 809
1584691646196 300 810
1584691648503 300 811
1584691651046 300 812
1584691653413 300 813
1584691655914 300 814
1584691658253 300 815
1584691661124 300 816
1584691663589 300 817
1584691665850 300 818
1584691668190 300 819
1584691670924 300 820
1584691673191 300 821
1584691675429 300 822
1584691677667 300 823
1584691680002 300 824
1584691682306 300 825
1584691684640 300 826
1584691686996 300 827
1584691689301 300 828
1584691691639 300 829
1584691693975 300 830
1584691696303 300 831
1584691698624 300 832
1584691700989 300 833
1584691703218 300 834
1584691705784 300 835
1584691708121 300 836
1584691710435 300 837
1584691712852 300 838
1584691715171 300 839
1584691717527 300 840
1584691719803 300 841
1584691722021 300 842
1584691724300 300 843
1584691726626 300 844
1584691728962 300 845
1584691731216 300 846
1584691733460 300 847
1584691735684 300 848
1584691738051 300 849
1584691740347 300 850
1584691742691 300 851
