1584689770120 1.0 1
1584689772463 -1.0 2
1584689774850 1.0 3
1584689777054 -1.0 4
1584689779232 0.0 5
1584689781594 -1.0 6
1584689783877 0.0 7
1584689786260 1.0 8
1584689788514 0.0 9
1584689790887 0.0 10
1584689793838 0.0 11
1584689796330 2.0 12
1584689798775 -1.0 13
1584689801280 -1.0 14
1584689803720 1.0 15
1584689806296 -1.0 16
1584689808615 -2.0 17
1584689811044 -2.0 18
1584689813575 1.0 19
1584689815950 1.0 20
1584689820122 0.0 21
1584689823060 2.0 22
1584689825619 -1.0 23
1584689828459 1.0 24
1584689831257 0.0 25
1584689833546 3.0 26
1584689836350 0.0 27
1584689838668 1.0 28
1584689840892 0.0 29
1584689843104 0.0 30
1584689845357 1.0 31
1584689847650 0.0 32
1584689849976 1.0 33
1584689852193 2.0 34
1584689854527 1.0 35
1584689857001 1.0 36
1584689859343 0.0 37
1584689862031 1.0 38
1584689864386 -1.0 39
1584689866677 2.0 40
1584689868874 -1.0 41
1584689871066 0.0 42
1584689873288 -2.0 43
1584689875530 1.0 44
1584689877815 2.0 45
1584689880012 0.0 46
1584689882236 1.0 47
1584689884455 2.0 48
1584689886772 0.0 49
1584689889033 -2.0 50
1584689891328 0.0 51
1584689893572 0.0 52
1584689895810 -1.0 53
1584689898036 -1.0 54
1584689900210 0.0 55
1584689902477 0.0 56
1584689904717 3.0 57
1584689906964 1.0 58
1584689909152 2.0 59
1584689911436 0.0 60
1584689913860 1.0 61
1584689916183 0.0 62
1584689918471 -1.0 63
1584689920765 1.0 64
1584689923090 0.0 65
1584689925305 -1.0 66
1584689927518 0.0 67
1584689929748 0.0 68
1584689932040 -1.0 69
1584689934315 0.0 70
1584689936520 1.0 71
1584689938737 0.0 72
1584689940944 0.0 73
1584689943196 0.0 74
1584689945439 0.0 75
1584689947718 1.0 76
1584689949995 -1.0 77
1584689952387 2.0 78
1584689954648 1.0 79
1584689956841 1.0 80
1584689959138 -1.0 81
1584689961389 0.0 82
1584689963700 1.0 83
1584689965897 3.0 84
1584689968093 2.0 85
1584689970319 1.0 86
1584689972651 0.0 87
1584689974942 1.0 88
1584689977225 2.0 89
1584689979500 1.0 90
1584689981673 0.0 91
1584689983938 2.0 92
1584689986145 1.0 93
1584689988505 2.0 94
1584689990802 1.0 95
1584689992995 0.0 96
1584689995184 -1.0 97
1584689997452 3.0 98
1584689999719 0.0 99
1584690001972 2.0 100
1584690004364 0.0 101
1584690006688 0.0 102
1584690008985 2.0 103
1584690011190 0.0 104
1584690013724 0.0 105
1584690016013 2.0 106
1584690018298 1.0 107
1584690020642 -2.0 108
1584690022893 0.0 109
1584690025116 1.0 110
1584690027366 0.0 111
1584690029633 2.0 112
1584690031964 3.0 113
1584690034310 2.0 114
1584690036605 3.0 115
1584690038817 3.0 116
1584690041021 3.0 117
1584690043270 0.0 118
1584690045602 1.0 119
1584690047889 2.0 120
1584690050313 0.0 121
1584690052527 2.0 122
1584690054753 0.0 123
1584690057024 0.0 124
1584690059265 1.0 125
1584690061555 2.0 126
1584690063872 0.0 127
1584690066154 -1.0 128
1584690068348 3.0 129
1584690070571 4.0 130
1584690072886 0.0 131
1584690075208 0.0 132
1584690077502 4.0 133
1584690079797 2.0 134
1584690081994 0.0 135
1584690084316 2.0 136
1584690086659 3.0 137
1584690088977 3.0 138
1584690091265 0.0 139
1584690093655 0.0 140
1584690096063 3.0 141
1584690098518 3.0 142
1584690100718 2.0 143
1584690103002 2.0 144
1584690105267 3.0 145
1584690107516 0.0 146
1584690109777 -1.0 147
1584690111967 3.0 148
1584690114244 6.0 149
1584690116537 1.0 150
1584690118820 1.0 151
1584690121145 2.0 152
1584690123452 -1.0 153
1584690125671 5.0 154
1584690127888 1.0 155
1584690130158 1.0 156
1584690132414 2.0 157
1584690134704 4.0 158
1584690136918 3.0 159
1584690139152 3.0 160
1584690141483 1.0 161
1584690143791 7.0 162
1584690146305 3.0 163
1584690148603 7.0 164
1584690150930 4.0 165
1584690153218 4.0 166
1584690155456 2.0 167
1584690157685 2.0 168
1584690159939 1.0 169
1584690162230 1.0 170
1584690164469 0.0 171
1584690166683 3.0 172
1584690168899 0.0 173
1584690171559 4.0 174
1584690173867 0.0 175
1584690176217 7.0 176
1584690178539 7.0 177
1584690180869 5.0 178
1584690183148 3.0 179
1584690185431 6.0 180
1584690187802 6.0 181
1584690190146 1.0 182
1584690192550 4.0 183
1584690194774 7.0 184
1584690196999 2.0 185
1584690199319 4.0 186
1584690201616 2.0 187
1584690203952 2.0 188
1584690206265 3.0 189
1584690208546 4.0 190
1584690210781 3.0 191
1584690213094 5.0 192
1584690215343 5.0 193
1584690217690 4.0 194
1584690220131 4.0 195
1584690222378 2.0 196
1584690224644 4.0 197
1584690226848 1.0 198
1584690229138 2.0 199
1584690231453 0.0 200
1584690233874 0.0 201
1584690236187 2.0 202
1584690238544 3.0 203
1584690240774 3.0 204
1584690243186 2.0 205
1584690245482 5.0 206
1584690247764 2.0 207
1584690250008 6.0 208
1584690252229 6.0 209
1584690254479 8.0 210
1584690256758 5.0 211
1584690259006 2.0 212
1584690261261 4.0 213
1584690263571 2.0 214
1584690265867 8.0 215
1584690268100 6.0 216
1584690270362 4.0 217
1584690272678 -1.0 218
1584690274994 8.0 219
1584690277297 2.0 220
1584690279540 4.0 221
1584690281766 3.0 222
1584690284028 5.0 223
1584690286285 2.0 224
1584690288581 0.0 225
1584690290999 3.0 226
1584690293324 12.0 227
1584690295647 3.0 228
1584690297885 4.0 229
1584690300106 0.0 230
1584690302574 3.0 231
1584690305036 12.0 232
1584690307500 5.0 233
1584690309743 2.0 234
1584690312013 4.0 235
1584690314418 6.0 236
1584690316727 14.0 237
1584690318996 4.0 238
1584690321313 3.0 239
1584690323646 11.0 240
1584690325920 2.0 241
1584690328159 1.0 242
1584690330391 6.0 243
1584690332791 5.0 244
1584690335101 4.0 245
1584690337323 5.0 246
1584690339709 9.0 247
1584690341918 8.0 248
1584690344310 1.0 249
1584690346606 1.0 250
1584690348915 7.0 251
1584690351215 9.0 252
1584690353581 10.0 253
1584690355851 2.0 254
1584690358058 5.0 255
1584690360321 6.0 256
1584690362636 3.0 257
1584690364936 3.0 258
1584690367178 5.0 259
1584690369405 2.0 260
1584690371704 9.0 261
1584690373982 2.0 262
1584690376272 2.0 263
1584690378602 3.0 264
1584690380913 4.0 265
1584690383442 1.0 266
1584690385757 8.0 267
1584690387999 12.0 268
1584690390303 7.0 269
1584690392801 1.0 270
1584690395420 6.0 271
1584690397664 6.0 272
1584690399919 6.0 273
1584690402158 2.0 274
1584690404441 4.0 275
1584690406732 6.0 276
1584690408989 6.0 277
1584690411249 6.0 278
1584690413476 5.0 279
1584690415723 0.0 280
1584690418009 6.0 281
1584690420261 4.0 282
1584690422557 7.0 283
1584690424832 2.0 284
1584690427055 5.0 285
1584690429310 3.0 286
1584690431630 5.0 287
1584690433932 0.0 288
1584690436445 4.0 289
1584690438799 5.0 290
1584690441041 6.0 291
1584690443256 3.0 292
1584690445482 5.0 293
1584690447781 7.0 294
1584690450075 5.0 295
1584690452482 8.0 296
1584690454768 10.0 297
1584690457097 9.0 298
1584690459373 4.0 299
1584690461681 3.0 300
1584690464072 5.0 301
1584690466398 0.0 302
1584690468662 4.0 303
1584690470870 7.0 304
1584690473091 9.0 305
1584690475357 5.0 306
1584690477684 9.0 307
1584690480117 7.0 308
1584690482391 8.0 309
1584690484615 1.0 310
1584690486905 2.0 311
1584690489275 2.0 312
1584690491736 9.0 313
1584690494219 7.0 314
1584690496531 3.0 315
1584690498770 5.0 316
1584690500998 2.0 317
1584690503230 10.0 318
1584690505590 10.0 319
1584690507945 5.0 320
1584690510210 6.0 321
1584690512508 6.0 322
1584690514745 2.0 323
1584690517044 6.0 324
1584690519294 3.0 325
1584690521573 8.0 326
1584690523887 7.0 327
1584690526198 10.0 328
1584690528438 5.0 329
1584690530655 1.0 330
1584690533196 5.0 331
1584690535522 6.0 332
1584690537805 2.0 333
1584690540037 4.0 334
1584690542255 12.0 335
1584690544564 6.0 336
1584690546859 8.0 337
1584690549111 5.0 338
1584690551393 4.0 339
1584690553704 10.0 340
1584690555944 9.0 341
1584690558177 8.0 342
1584690560402 1.0 343
1584690562689 6.0 344
1584690564976 9.0 345
1584690567253 6.0 346
1584690569504 5.0 347
1584690571735 12.0 348
1584690574119 3.0 349
1584690576413 12.0 350
1584690578732 5.0 351
1584690581019 4.0 352
1584690583338 7.0 353
1584690585606 12.0 354
1584690587858 8.0 355
1584690590134 10.0 356
1584690592412 9.0 357
1584690594774 6.0 358
1584690596984 5.0 359
1584690599245 8.0 360
1584690601534 13.0 361
1584690603811 4.0 362
1584690606083 3.0 363
1584690608377 11.0 364
1584690610643 4.0 365
1584690612912 12.0 366
1584690615130 4.0 367
1584690617352 7.0 368
1584690619629 1.0 369
1584690621945 6.0 370
1584690624247 9.0 371
1584690626481 5.0 372
1584690628777 14.0 373
1584690631086 8.0 374
1584690633419 12.0 375
1584690635859 17.0 376
1584690638141 2.0 377
1584690640477 12.0 378
1584690642731 9.0 379
1584690645017 1.0 380
1584690647271 2.0 381
1584690649515 8.0 382
1584690651824 2.0 383
1584690654045 9.0 384
1584690656266 2.0 385
1584690658545 3.0 386
1584690660897 6.0 387
1584690663178 14.0 388
1584690665497 4.0 389
1584690667791 10.0 390
1584690670022 5.0 391
1584690672252 10.0 392
1584690674485 7.0 393
1584690676812 11.0 394
1584690679124 11.0 395
1584690681348 3.0 396
1584690683558 12.0 397
1584690685792 6.0 398
1584690688074 1.0 399
1584690690402 9.0 400
1584690692882 11.0 401
1584690695160 9.0 402
1584690697490 4.0 403
1584690699702 4.0 404
1584690701949 2.0 405
1584690704259 5.0 406
1584690706528 5.0 407
1584690709026 6.0 408
1584690711266 16.0 409
1584690713499 7.0 410
1584690715784 10.0 411
1584690718047 3.0 412
1584690720374 6.0 413
1584690722772 4.0 414
1584690725179 13.0 415
1584690727480 10.0 416
1584690729694 1.0 417
1584690732010 1.0 418
1584690734307 0.0 419
1584690736685 5.0 420
1584690739029 11.0 421
1584690741301 11.0 422
1584690743550 4.0 423
1584690746243 6.0 424
1584690748576 2.0 425
1584690751170 9.0 426
1584690753824 5.0 427
1584690756278 10.0 428
1584690758710 10.0 429
1584690760966 9.0 430
1584690763273 9.0 431
1584690765567 16.0 432
1584690768204 4.0 433
1584690770490 9.0 434
1584690772874 4.0 435
1584690775231 2.0 436
1584690777550 11.0 437
1584690779883 9.0 438
1584690782165 14.0 439
1584690784515 7.0 440
1584690786785 12.0 441
1584690789015 11.0 442
1584690791310 4.0 443
1584690793633 2.0 444
1584690795907 1.0 445
1584690798142 1.0 446
1584690800339 6.0 447
1584690802551 4.0 448
1584690804839 5.0 449
1584690807109 5.0 450
1584690809843 16.0 451
1584690812217 10.0 452
1584690814703 6.0 453
1584690817118 1.0 454
1584690819355 13.0 455
1584690821765 7.0 456
1584690824127 19.0 457
1584690826459 6.0 458
1584690828719 4.0 459
1584690830942 2.0 460
1584690833241 9.0 461
1584690835553 12.0 462
1584690837875 7.0 463
1584690840129 11.0 464
1584690842449 7.0 465
1584690844688 7.0 466
1584690847082 8.0 467
1584690849534 8.0 468
1584690852210 5.0 469
1584690854631 8.0 470
1584690857008 11.0 471
1584690859387 4.0 472
1584690861917 5.0 473
1584690864269 8.0 474
1584690866559 3.0 475
1584690869021 9.0 476
1584690871565 8.0 477
1584690873901 14.0 478
1584690876136 6.0 479
1584690878366 9.0 480
1584690880642 12.0 481
1584690882945 5.0 482
1584690885203 9.0 483
1584690887421 7.0 484
1584690889638 12.0 485
1584690891944 5.0 486
1584690894222 14.0 487
1584690896494 9.0 488
1584690898797 6.0 489
1584690901136 14.0 490
1584690903373 4.0 491
1584690905628 12.0 492
1584690907892 12.0 493
1584690910163 18.0 494
1584690912473 11.0 495
1584690914712 2.0 496
1584690916963 10.0 497
1584690919357 0.0 498
1584690921647 8.0 499
1584690923963 8.0 500
1584690926333 5.0 501
1584690928664 9.0 502
1584690930967 13.0 503
1584690933305 13.0 504
1584690935670 10.0 505
1584690937974 3.0 506
1584690940237 15.0 507
1584690942624 11.0 508
1584690945151 8.0 509
1584690947456 12.0 510
1584690949800 7.0 511
1584690952117 7.0 512
1584690954419 11.0 513
1584690956729 17.0 514
1584690959042 18.0 515
1584690961295 18.0 516
1584690963553 10.0 517
1584690965817 8.0 518
1584690968113 17.0 519
1584690970401 14.0 520
1584690972618 11.0 521
1584690974857 15.0 522
1584690977081 10.0 523
1584690979438 16.0 524
1584690981715 19.0 525
1584690984082 4.0 526
1584690986545 14.0 527
1584690988875 9.0 528
1584690991144 5.0 529
1584690993423 12.0 530
1584690995774 15.0 531
1584690998048 12.0 532
1584691000342 6.0 533
1584691002581 14.0 534
1584691004853 15.0 535
1584691007138 7.0 536
1584691009487 14.0 537
1584691011816 14.0 538
1584691014132 7.0 539
1584691016561 15.0 540
1584691018765 18.0 541
1584691021006 13.0 542
1584691023267 8.0 543
1584691025562 13.0 544
1584691027989 13.0 545
1584691030211 9.0 546
1584691032448 16.0 547
1584691034672 7.0 548
1584691036965 14.0 549
1584691039273 13.0 550
1584691041575 13.0 551
1584691043889 6.0 552
1584691046234 17.0 553
1584691048467 16.0 554
1584691050687 7.0 555
1584691052982 5.0 556
1584691055322 6.0 557
1584691057648 12.0 558
1584691059934 13.0 559
1584691062682 13.0 560
1584691065059 10.0 561
1584691067363 11.0 562
1584691069659 6.0 563
1584691071962 8.0 564
1584691074256 10.0 565
1584691076540 15.0 566
1584691078758 17.0 567
1584691081002 18.0 568
1584691083269 11.0 569
1584691085542 19.0 570
1584691087794 14.0 571
1584691090010 8.0 572
1584691092263 14.0 573
1584691094546 15.0 574
1584691096802 10.0 575
1584691099114 15.0 576
1584691101392 15.0 577
1584691103725 5.0 578
1584691105965 14.0 579
1584691108179 18.0 580
1584691110487 18.0 581
1584691113293 17.0 582
1584691115573 9.0 583
1584691117796 14.0 584
1584691120023 12.0 585
1584691122304 9.0 586
1584691124585 19.0 587
1584691126889 19.0 588
1584691129218 7.0 589
1584691131513 18.0 590
1584691133768 14.0 591
1584691136039 10.0 592
1584691138438 15.0 593
1584691141339 17.0 594
1584691143915 7.0 595
1584691146198 10.0 596
1584691148617 7.0 597
1584691150868 17.0 598
1584691153205 15.0 599
1584691155504 13.0 600
1584691157875 11.0 601
1584691160164 21.0 602
1584691162499 9.0 603
1584691164732 11.0 604
1584691166956 17.0 605
1584691169266 13.0 606
1584691171589 4.0 607
1584691174057 16.0 608
1584691176292 12.0 609
1584691178528 11.0 610
1584691180806 17.0 611
1584691183074 13.0 612
1584691185359 8.0 613
1584691187644 13.0 614
1584691189907 11.0 615
1584691192129 6.0 616
1584691194409 20.0 617
1584691196693 14.0 618
1584691199009 17.0 619
1584691201324 5.0 620
1584691203615 18.0 621
1584691206414 17.0 622
1584691208985 18.0 623
1584691211367 10.0 624
1584691214015 9.0 625
1584691216808 18.0 626
1584691219223 13.0 627
1584691221733 9.0 628
1584691224150 13.0 629
1584691226398 13.0 630
1584691228741 13.0 631
1584691231079 13.0 632
1584691233808 13.0 633
1584691236224 11.0 634
1584691238679 15.0 635
1584691241054 15.0 636
1584691243375 14.0 637
1584691245770 17.0 638
1584691248090 13.0 639
1584691250471 8.0 640
1584691252713 11.0 641
1584691254976 12.0 642
1584691257247 12.0 643
1584691259556 13.0 644
1584691261873 20.0 645
1584691264049 13.0 646
1584691266265 18.0 647
1584691268486 14.0 648
1584691270842 17.0 649
1584691273173 13.0 650
1584691275511 5.0 651
1584691277866 14.0 652
1584691280175 15.0 653
1584691282407 9.0 654
1584691284681 13.0 655
1584691286991 18.0 656
1584691289277 15.0 657
1584691291620 12.0 658
1584691293974 14.0 659
1584691296240 16.0 660
1584691298539 21.0 661
1584691300888 9.0 662
1584691303214 16.0 663
1584691305720 11.0 664
1584691308017 16.0 665
1584691310226 15.0 666
1584691312430 0.0 667
1584691314679 13.0 668
1584691317032 16.0 669
1584691319324 16.0 670
1584691321558 20.0 671
1584691323764 16.0 672
1584691326003 17.0 673
1584691328289 17.0 674
1584691330597 19.0 675
1584691332932 8.0 676
1584691335225 10.0 677
1584691337603 17.0 678
1584691339875 9.0 679
1584691342117 13.0 680
1584691344550 11.0 681
1584691347490 6.0 682
1584691349873 13.0 683
1584691352114 17.0 684
1584691354415 15.0 685
1584691356839 18.0 686
1584691359197 14.0 687
1584691361568 14.0 688
1584691363897 20.0 689
1584691366284 13.0 690
1584691368525 21.0 691
1584691370777 16.0 692
1584691373070 20.0 693
1584691375398 22.0 694
1584691377728 22.0 695
1584691379925 14.0 696
1584691382218 15.0 697
1584691384560 8.0 698
1584691386936 11.0 699
1584691389260 21.0 700
1584691391701 16.0 701
1584691394104 18.0 702
1584691396472 15.0 703
1584691399052 19.0 704
1584691401655 19.0 705
1584691404114 7.0 706
1584691406750 12.0 707
1584691409098 9.0 708
1584691411338 16.0 709
1584691413678 17.0 710
1584691416025 13.0 711
1584691418336 20.0 712
1584691420675 17.0 713
1584691423008 16.0 714
1584691425333 18.0 715
1584691427599 16.0 716
1584691429830 19.0 717
1584691432083 18.0 718
1584691434447 15.0 719
1584691436756 20.0 720
1584691438992 20.0 721
1584691441238 7.0 722
1584691443487 17.0 723
1584691445825 19.0 724
1584691448142 9.0 725
1584691450431 14.0 726
1584691452733 12.0 727
1584691455047 18.0 728
1584691457290 15.0 729
1584691459572 19.0 730
1584691461920 20.0 731
1584691464310 15.0 732
1584691467365 13.0 733
1584691469664 20.0 734
1584691472021 15.0 735
1584691474525 12.0 736
1584691476861 18.0 737
1584691479201 13.0 738
1584691481511 16.0 739
1584691483866 21.0 740
1584691486171 17.0 741
1584691488403 14.0 742
1584691490678 14.0 743
1584691493081 18.0 744
1584691495433 16.0 745
1584691497755 15.0 746
1584691500184 18.0 747
1584691502430 19.0 748
1584691504811 15.0 749
1584691507134 15.0 750
1584691509933 16.0 751
1584691512320 14.0 752
1584691514760 11.0 753
1584691517082 18.0 754
1584691519339 17.0 755
1584691521691 14.0 756
1584691524114 18.0 757
1584691526457 16.0 758
1584691528670 8.0 759
1584691530998 12.0 760
1584691533394 17.0 761
1584691535766 17.0 762
1584691538135 13.0 763
1584691540515 16.0 764
1584691542835 9.0 765
1584691545060 10.0 766
1584691547291 19.0 767
1584691549558 7.0 768
1584691551873 10.0 769
1584691554234 9.0 770
1584691556492 15.0 771
1584691558702 13.0 772
1584691560981 11.0 773
1584691563277 8.0 774
1584691565630 16.0 775
1584691567950 17.0 776
1584691570232 17.0 777
1584691572529 11.0 778
1584691574800 12.0 779
1584691577036 12.0 780
1584691579366 18.0 781
1584691581718 9.0 782
1584691584041 19.0 783
1584691586279 12.0 784
1584691588514 13.0 785
1584691590872 19.0 786
1584691593299 16.0 787
1584691595780 15.0 788
1584691598105 11.0 789
1584691600410 21.0 790
1584691602654 13.0 791
1584691604900 12.0 792
1584691607106 21.0 793
1584691609414 17.0 794
1584691611745 18.0 795
1584691613983 16.0 796
1584691616207 12.0 797
1584691618413 13.0 798
1584691620728 8.0 799
1584691623105 14.0 800
1584691625514 16.0 801
1584691627906 17.0 802
1584691630234 21.0 803
1584691632486 14.0 804
1584691634742 23.0 805
1584691637078 19.0 806
1584691639394 15.0 807
1584691641721 10.0 808
1584691643963 16.0 809
1584691646196 18.0 810
1584691648503 16.0 811
1584691651046 17.0 812
1584691653413 20.0 813
1584691655914 14.0 814
1584691658253 15.0 815
1584691661124 20.0 816
1584691663589 16.0 817
1584691665850 13.0 818
1584691668190 10.0 819
1584691670924 15.0 820
1584691673191 20.0 821
1584691675429 20.0 822
1584691677667 19.0 823
1584691680002 14.0 824
1584691682306 16.0 825
1584691684640 22.0 826
1584691686996 15.0 827
1584691689301 13.0 828
1584691691639 20.0 829
1584691693975 14.0 830
1584691696303 16.0 831
1584691698624 13.0 832
1584691700989 19.0 833
1584691703218 17.0 834
1584691705784 19.0 835
1584691708121 9.0 836
1584691710435 15.0 837
1584691712852 22.0 838
1584691715171 17.0 839
1584691717527 17.0 840
1584691719803 20.0 841
1584691722021 14.0 842
1584691724300 11.0 843
1584691726626 13.0 844
1584691728962 18.0 845
1584691731216 18.0 846
1584691733460 19.0 847
1584691735684 16.0 848
1584691738051 13.0 849
1584691740347 16.0 850
1584691742691 20.0 851
