1583063513395 1.0 1
1583063516378 0.995 2
1583063518576 0.990025 3
1583063520703 0.985074875 4
1583063522812 0.9801495006250001 5
1583063524910 0.9752487531218751 6
1583063527086 0.9703725093562657 7
1583063529209 0.9655206468094844 8
1583063531343 0.960693043575437 9
1583063533449 0.9558895783575597 10
1583063535578 0.9511101304657719 11
1583063537687 0.946354579813443 12
1583063539809 0.9416228069143757 13
1583063541935 0.9369146928798039 14
1583063544039 0.9322301194154049 15
1583063546159 0.9275689688183278 16
1583063548301 0.9229311239742362 17
1583063550423 0.918316468354365 18
1583063552541 0.9137248860125932 19
1583063554666 0.9091562615825302 20
