1583071188644 1.0 1
1583071190888 0.995 2
1583071193074 0.990025 3
1583071195214 0.985074875 4
1583071197329 0.9801495006250001 5
1583071199456 0.9752487531218751 6
1583071201621 0.9703725093562657 7
1583071203777 0.9655206468094844 8
1583071205955 0.960693043575437 9
1583071208119 0.9558895783575597 10
1583071210278 0.9511101304657719 11
1583071212436 0.946354579813443 12
1583071214617 0.9416228069143757 13
1583071216810 0.9369146928798039 14
1583071218993 0.9322301194154049 15
1583071221170 0.9275689688183278 16
1583071223369 0.9229311239742362 17
1583071225527 0.918316468354365 18
1583071227693 0.9137248860125932 19
1583071229867 0.9091562615825302 20
1583071232011 0.9046104802746175 21
1583071234209 0.9000874278732445 22
1583071236365 0.8955869907338783 23
1583071238524 0.8911090557802088 24
1583071240679 0.8866535105013078 25
1583071242836 0.8822202429488013 26
1583071245020 0.8778091417340573 27
1583071247205 0.8734200960253871 28
1583071249366 0.8690529955452602 29
1583071251538 0.8647077305675338 30
1583071253712 0.8603841919146962 31
1583071255877 0.8560822709551227 32
1583071258033 0.851801859600347 33
1583071260208 0.8475428503023453 34
1583071262364 0.8433051360508336 35
1583071264542 0.8390886103705794 36
1583071266707 0.8348931673187264 37
1583071268880 0.8307187014821328 38
1583071271048 0.8265651079747222 39
1583071273210 0.8224322824348486 40
1583071275374 0.8183201210226743 41
1583071277549 0.8142285204175609 42
1583071279716 0.810157377815473 43
1583071281878 0.8061065909263957 44
1583071284026 0.8020760579717637 45
1583071286196 0.798065677681905 46
1583071288364 0.7940753492934954 47
1583071290512 0.7901049725470279 48
1583071292679 0.7861544476842928 49
1583071294830 0.7822236754458713 50
1583071297010 0.778312557068642 51
1583071299155 0.7744209942832988 52
1583071301324 0.7705488893118823 53
1583071303507 0.7666961448653229 54
1583071305649 0.7628626641409962 55
1583071307779 0.7590483508202912 56
1583071309939 0.7552531090661897 57
1583071312102 0.7514768435208588 58
1583071314282 0.7477194593032545 59
1583071316435 0.7439808620067382 60
1583071318589 0.7402609576967045 61
1583071320740 0.736559652908221 62
1583071322924 0.7328768546436799 63
1583071325097 0.7292124703704616 64
1583071327264 0.7255664080186093 65
1583071329438 0.7219385759785162 66
1583071331609 0.7183288830986236 67
1583071333756 0.7147372386831305 68
1583071335935 0.7111635524897149 69
1583071338128 0.7076077347272662 70
1583071340302 0.7040696960536299 71
1583071342473 0.7005493475733617 72
1583071344623 0.697046600835495 73
1583071346776 0.6935613678313175 74
1583071348960 0.6900935609921609 75
1583071351129 0.6866430931872001 76
1583071353281 0.6832098777212641 77
1583071355462 0.6797938283326578 78
1583071357629 0.6763948591909945 79
1583071359789 0.6730128848950395 80
1583071361955 0.6696478204705644 81
1583071364102 0.6662995813682115 82
1583071366243 0.6629680834613705 83
1583071368396 0.6596532430440636 84
1583071370553 0.6563549768288433 85
1583071372697 0.653073201944699 86
1583071374850 0.6498078359349755 87
1583071377002 0.6465587967553006 88
1583071379162 0.6433260027715241 89
1583071381337 0.6401093727576664 90
1583071383501 0.6369088258938781 91
1583071385661 0.6337242817644086 92
1583071387809 0.6305556603555866 93
1583071389964 0.6274028820538087 94
1583071392090 0.6242658676435396 95
1583071394266 0.6211445383053219 96
1583071396418 0.6180388156137953 97
1583071398589 0.6149486215357263 98
1583071400744 0.6118738784280476 99
1583071402906 0.6088145090359074 100
1583071405060 0.6057704364907278 101
1583071407238 0.6027415843082742 102
1583071409388 0.5997278763867329 103
1583071411554 0.5967292370047992 104
1583071413726 0.5937455908197752 105
1583071415886 0.5907768628656763 106
1583071418051 0.5878229785513479 107
1583071420219 0.5848838636585911 108
1583071422387 0.5819594443402982 109
1583071424529 0.5790496471185967 110
1583071426673 0.5761543988830038 111
1583071428823 0.5732736268885887 112
1583071430983 0.5704072587541458 113
1583071433178 0.567555222460375 114
1583071435349 0.5647174463480732 115
1583071437525 0.5618938591163328 116
1583071439685 0.5590843898207511 117
1583071441830 0.5562889678716474 118
1583071443990 0.5535075230322891 119
1583071446171 0.5507399854171277 120
1583071448364 0.547986285490042 121
1583071450544 0.5452463540625918 122
1583071452689 0.5425201222922789 123
1583071454836 0.5398075216808175 124
1583071456996 0.5371084840724134 125
1583071459162 0.5344229416520513 126
1583071461339 0.531750826943791 127
1583071463510 0.5290920728090721 128
1583071465659 0.5264466124450268 129
1583071467799 0.5238143793828016 130
1583071469966 0.5211953074858876 131
1583071472111 0.5185893309484582 132
1583071474278 0.5159963842937159 133
1583071476455 0.5134164023722473 134
1583071478594 0.510849320360386 135
1583071480716 0.5082950737585841 136
1583071482875 0.5057535983897912 137
1583071485037 0.5032248303978422 138
1583071487213 0.500708706245853 139
1583071489393 0.4982051627146237 140
1583071491600 0.49571413690105054 141
1583071493751 0.4932355662165453 142
1583071495900 0.4907693883854626 143
1583071498058 0.4883155414435353 144
1583071500244 0.4858739637363176 145
1583071502403 0.483444593917636 146
1583071504574 0.4810273709480478 147
1583071506739 0.47862223409330756 148
1583071508885 0.47622912292284103 149
1583071511058 0.4738479773082268 150
1583071513233 0.47147873742168567 151
1583071515386 0.46912134373457726 152
1583071517559 0.46677573701590436 153
1583071519754 0.46444185833082485 154
1583071521912 0.46211964903917074 155
1583071524066 0.4598090507939749 156
1583071526237 0.457510005540005 157
1583071528380 0.45522245551230495 158
1583071530540 0.4529463432347434 159
1583071532689 0.4506816115185697 160
1583071534830 0.4484282034609769 161
1583071536994 0.446186062443672 162
1583071539187 0.4439551321314536 163
1583071541333 0.4417353564707963 164
1583071543511 0.43952667968844233 165
1583071545678 0.43732904629000013 166
1583071547858 0.4351424010585501 167
1583071550011 0.43296668905325736 168
1583071552174 0.43080185560799106 169
1583071554321 0.4286478463299511 170
1583071556496 0.42650460709830135 171
1583071558682 0.42437208406280985 172
1583071560835 0.4222502236424958 173
1583071563016 0.42013897252428334 174
1583071565190 0.4180382776616619 175
1583071567350 0.4159480862733536 176
1583071569523 0.41386834584198684 177
1583071571692 0.4117990041127769 178
1583071573851 0.40974000909221303 179
1583071576016 0.40769130904675194 180
1583071578176 0.40565285250151817 181
1583071580333 0.4036245882390106 182
1583071582522 0.4016064652978155 183
1583071584700 0.3995984329713264 184
1583071586864 0.3976004408064698 185
1583071589025 0.39561243860243744 186
1583071591181 0.3936343764094253 187
1583071593328 0.39166620452737816 188
1583071595479 0.3897078735047413 189
1583071597644 0.3877593341372176 190
1583071599819 0.3858205374665315 191
1583071601988 0.38389143477919885 192
1583071604188 0.3819719776053028 193
1583071606360 0.3800621177172763 194
1583071608533 0.37816180712868996 195
1583071610708 0.37627099809304654 196
1583071612852 0.3743896431025813 197
1583071615014 0.37251769488706843 198
1583071617182 0.3706551064126331 199
1583071619363 0.36880183088056995 200
1583071621533 0.3669578217261671 201
1583071623721 0.36512303261753626 202
1583071625899 0.3632974174544486 203
1583071628067 0.3614809303671764 204
1583071630230 0.3596735257153405 205
1583071632387 0.3578751580867638 206
1583071634548 0.35608578229633 207
1583071636705 0.3543053533848483 208
1583071638884 0.35253382661792404 209
1583071641039 0.3507711574848344 210
1583071643205 0.34901730169741024 211
1583071645377 0.3472722151889232 212
1583071647532 0.3455358541129786 213
1583071649714 0.3438081748424137 214
1583071651894 0.3420891339682016 215
1583071654045 0.3403786882983606 216
1583071656203 0.3386767948568688 217
1583071658354 0.33698341088258443 218
1583071660514 0.3352984938281715 219
1583071662674 0.33362200135903064 220
1583071664831 0.33195389135223546 221
1583071666983 0.3302941218954743 222
1583071669141 0.32864265128599696 223
1583071671307 0.326999438029567 224
1583071673481 0.3253644408394192 225
1583071675643 0.3237376186352221 226
1583071677833 0.322118930542046 227
1583071679991 0.32050833588933575 228
1583071682166 0.31890579420988907 229
1583071684333 0.3173112652388396 230
1583071686491 0.3157247089126454 231
1583071688666 0.3141460853680822 232
1583071690839 0.3125753549412418 233
1583071692987 0.31101247816653554 234
1583071695146 0.30945741577570285 235
1583071697308 0.3079101286968243 236
1583071699476 0.3063705780533402 237
1583071701622 0.30483872516307353 238
1583071703795 0.3033145315372582 239
1583071705953 0.3017979588795719 240
1583071708091 0.30028896908517405 241
1583071710254 0.2987875242397482 242
1583071712435 0.29729358661854943 243
1583071714575 0.29580711868545667 244
1583071716760 0.2943280830920294 245
1583071718932 0.29285644267656924 246
1583071721110 0.2913921604631864 247
1583071723260 0.28993519966087045 248
1583071725449 0.2884855236625661 249
1583071727605 0.28704309604425327 250
1583071729767 0.285607880564032 251
1583071731925 0.28417984116121187 252
1583071734105 0.2827589419554058 253
1583071736294 0.28134514724562876 254
1583071738468 0.2799384215094006 255
1583071740648 0.27853872940185365 256
1583071742810 0.27714603575484437 257
1583071744961 0.2757603055760701 258
1583071747134 0.2743815040481898 259
1583071749296 0.2730095965279488 260
1583071751458 0.27164454854530906 261
1583071753624 0.2702863258025825 262
1583071755814 0.2689348941735696 263
1583071757973 0.26759021970270175 264
1583071760171 0.2662522686041882 265
1583071762364 0.2649210072611673 266
1583071764573 0.26359640222486147 267
1583071766732 0.26227842021373715 268
1583071768889 0.2609670281126685 269
1583071771055 0.25966219297210513 270
1583071773201 0.2583638820072446 271
1583071775369 0.2570720625972084 272
1583071777513 0.25578670228422234 273
1583071779678 0.25450776877280124 274
1583071781850 0.2532352299289372 275
1583071784021 0.2519690537792925 276
1583071786190 0.2507092085103961 277
1583071788386 0.2494556624678441 278
1583071790578 0.24820838415550486 279
1583071792732 0.24696734223472733 280
1583071794897 0.2457325055235537 281
1583071797077 0.24450384299593592 282
1583071799247 0.24328132378095624 283
1583071801406 0.24206491716205145 284
1583071803558 0.2408545925762412 285
1583071805729 0.23965031961336 286
1583071807889 0.2384520680152932 287
1583071810036 0.23725980767521673 288
1583071812182 0.23607350863684065 289
1583071814356 0.23489314109365644 290
1583071816522 0.23371867538818816 291
1583071818705 0.23255008201124722 292
1583071820849 0.231387331601191 293
1583071823006 0.23023039494318503 294
1583071825173 0.2290792429684691 295
1583071827350 0.22793384675362674 296
1583071829513 0.22679417751985861 297
1583071831673 0.22566020663225933 298
1583071833829 0.22453190559909803 299
1583071835988 0.22340924607110255 300
1583071838174 0.22229219984074702 301
1583071840339 0.2211807388415433 302
1583071842501 0.22007483514733558 303
1583071844693 0.2189744609715989 304
1583071846860 0.2178795886667409 305
1583071849057 0.2167901907234072 306
1583071851240 0.21570623976979014 307
1583071853401 0.21462770857094118 308
1583071855586 0.21355457002808648 309
1583071857789 0.21248679717794605 310
1583071859943 0.21142436319205632 311
1583071862106 0.21036724137609603 312
1583071864263 0.20931540516921554 313
1583071866425 0.20826882814336947 314
1583071868604 0.20722748400265262 315
1583071870758 0.20619134658263935 316
1583071872936 0.20516038984972615 317
1583071875107 0.2041345879004775 318
1583071877273 0.2031139149609751 319
1583071879421 0.20209834538617025 320
1583071881600 0.2010878536592394 321
1583071883746 0.2000824143909432 322
1583071885911 0.19908200231898848 323
1583071888061 0.19808659230739353 324
1583071890232 0.19709615934585656 325
1583071892390 0.19611067854912728 326
1583071894573 0.19513012515638165 327
1583071896746 0.19415447453059972 328
1583071898927 0.19318370215794672 329
1583071901108 0.192217783647157 330
1583071903264 0.1912566947289212 331
1583071905429 0.1903004112552766 332
1583071907618 0.18934890919900021 333
1583071909783 0.18840216465300522 334
1583071911957 0.18746015382974018 335
1583071914114 0.1865228530605915 336
1583071916267 0.18559023879528855 337
1583071918465 0.1846622876013121 338
1583071920629 0.18373897616330553 339
1583071922782 0.182820281282489 340
1583071924954 0.18190617987607657 341
1583071927128 0.18099664897669618 342
1583071929293 0.1800916657318127 343
1583071931459 0.17919120740315364 344
1583071933651 0.17829525136613786 345
1583071935833 0.17740377510930716 346
1583071937989 0.17651675623376062 347
1583071940139 0.1756341724525918 348
1583071942301 0.17475600159032884 349
1583071944475 0.17388222158237718 350
1583071946621 0.1730128104744653 351
1583071948774 0.17214774642209296 352
1583071950928 0.1712870076899825 353
1583071953048 0.17043057265153258 354
1583071955221 0.16957841978827493 355
1583071957402 0.16873052768933355 356
1583071959556 0.1678868750508869 357
1583071961710 0.16704744067563246 358
1583071963882 0.1662122034722543 359
1583071966050 0.16538114245489302 360
1583071968230 0.16455423674261854 361
1583071970379 0.16373146555890544 362
1583071972538 0.16291280823111093 363
1583071974687 0.16209824418995536 364
1583071976868 0.16128775296900558 365
1583071979038 0.16048131420416054 366
1583071981207 0.15967890763313974 367
1583071983365 0.15888051309497406 368
1583071985516 0.1580861105294992 369
1583071987677 0.1572956799768517 370
1583071989839 0.15650920157696743 371
1583071991937 0.1557266555690826 372
1583071994091 0.1549480222912372 373
1583071996256 0.15417328217978102 374
1583071998405 0.1534024157688821 375
1583072000621 0.1526354036900377 376
1583072002790 0.1518722266715875 377
1583072004964 0.15111286553822956 378
1583072007147 0.15035730121053842 379
1583072009331 0.14960551470448571 380
1583072011490 0.14885748713096328 381
1583072013659 0.14811319969530845 382
1583072015831 0.1473726336968319 383
1583072017979 0.14663577052834775 384
1583072020131 0.14590259167570602 385
1583072022296 0.1451730787173275 386
1583072024454 0.14444721332374086 387
1583072026633 0.14372497725712216 388
1583072028767 0.14300635237083656 389
1583072030923 0.14229132060898236 390
1583072033120 0.14157986400593744 391
1583072035300 0.14087196468590776 392
1583072037446 0.14016760486247823 393
1583072039589 0.13946676683816583 394
1583072041791 0.138769433003975 395
1583072043967 0.13807558583895513 396
1583072046140 0.13738520790976036 397
1583072048291 0.13669828187021155 398
1583072050410 0.13601479046086049 399
1583072052567 0.1353347165085562 400
1583072054733 0.1346580429260134 401
1583072056908 0.13398475271138335 402
1583072059087 0.13331482894782642 403
1583072061228 0.13264825480308728 404
1583072063387 0.13198501352907185 405
1583072065554 0.1313250884614265 406
1583072067721 0.13066846301911936 407
1583072069896 0.13001512070402377 408
1583072072096 0.12936504510050365 409
1583072074262 0.12871821987500112 410
1583072076436 0.12807462877562611 411
1583072078591 0.12743425563174798 412
1583072080755 0.12679708435358925 413
1583072082911 0.1261630989318213 414
1583072085093 0.1255322834371622 415
1583072087281 0.12490462201997637 416
1583072089443 0.1242800989098765 417
1583072091609 0.12365869841532712 418
1583072093777 0.12304040492325048 419
1583072095966 0.12242520289863423 420
1583072098164 0.12181307688414106 421
1583072100342 0.12120401149972035 422
1583072102502 0.12059799144222175 423
1583072104682 0.11999500148501063 424
1583072106855 0.11939502647758558 425
1583072109029 0.11879805134519765 426
1583072111224 0.11820406108847166 427
1583072113407 0.1176130407830293 428
1583072115573 0.11702497557911415 429
1583072117753 0.11643985070121858 430
1583072119924 0.11585765144771248 431
1583072122077 0.11527836319047392 432
1583072124254 0.11470197137452155 433
1583072126413 0.11412846151764894 434
1583072128590 0.1135578192100607 435
1583072130763 0.11299003011401039 436
1583072132909 0.11242507996344034 437
1583072135073 0.11186295456362313 438
1583072137261 0.11130363979080501 439
1583072139434 0.11074712159185099 440
1583072141628 0.11019338598389174 441
1583072143780 0.10964241905397228 442
1583072145957 0.10909420695870241 443
1583072148133 0.1085487359239089 444
1583072150292 0.10800599224428936 445
1583072152487 0.10746596228306791 446
1583072154688 0.10692863247165257 447
1583072156846 0.1063939893092943 448
1583072159020 0.10586201936274783 449
1583072161185 0.10533270926593409 450
1583072163361 0.10480604571960442 451
1583072165534 0.1042820154910064 452
1583072167725 0.10376060541355137 453
1583072169895 0.1032418023864836 454
1583072172073 0.10272559337455119 455
1583072174247 0.10221196540767843 456
1583072176409 0.10170090558064004 457
1583072178582 0.10119240105273684 458
1583072180775 0.10068643904747315 459
1583072182941 0.10018300685223579 460
1583072185125 0.0996820918179746 461
1583072187291 0.09918368135888474 462
1583072189448 0.09868776295209031 463
1583072191646 0.09819432413732986 464
1583072193833 0.09770335251664321 465
1583072195997 0.09721483575406 466
1583072198188 0.09672876157528969 467
1583072200345 0.09624511776741324 468
1583072202509 0.09576389217857617 469
1583072204667 0.09528507271768329 470
1583072206833 0.09480864735409487 471
1583072209009 0.0943346041173244 472
1583072211177 0.09386293109673778 473
1583072213359 0.09339361644125409 474
1583072215524 0.09292664835904782 475
1583072217680 0.09246201511725258 476
1583072219868 0.09199970504166631 477
1583072222055 0.09153970651645797 478
1583072224204 0.09108200798387568 479
1583072226386 0.0906265979439563 480
1583072228536 0.09017346495423652 481
1583072230742 0.08972259762946533 482
1583072232949 0.089273984641318 483
1583072235142 0.0888276147181114 484
1583072237316 0.08838347664452084 485
1583072239478 0.08794155926129824 486
1583072241642 0.08750185146499175 487
1583072243850 0.08706434220766679 488
1583072246027 0.08662902049662846 489
1583072248196 0.08619587539414532 490
1583072250361 0.08576489601717459 491
1583072252543 0.08533607153708872 492
1583072254709 0.08490939117940327 493
1583072256871 0.08448484422350626 494
1583072259054 0.08406242000238873 495
1583072261224 0.08364210790237678 496
1583072263408 0.0832238973628649 497
1583072265606 0.08280777787605056 498
1583072267760 0.08239373898667031 499
1583072269950 0.08198177029173696 500
1583072272125 0.08157186144027828 501
1583072274290 0.0811640021330769 502
1583072276474 0.08075818212241151 503
1583072278650 0.08035439121179945 504
1583072280805 0.07995261925574046 505
1583072282986 0.07955285615946175 506
1583072285148 0.07915509187866444 507
1583072287341 0.07875931641927113 508
1583072289515 0.07836551983717477 509
1583072291681 0.07797369223798889 510
1583072293839 0.07758382377679894 511
1583072296024 0.07719590465791494 512
1583072298205 0.07680992513462537 513
1583072300368 0.07642587550895225 514
1583072302523 0.07604374613140748 515
1583072304680 0.07566352740075044 516
1583072306889 0.07528520976374668 517
1583072309039 0.07490878371492794 518
1583072311203 0.0745342397963533 519
1583072313388 0.07416156859737154 520
1583072315581 0.07379076075438468 521
1583072317758 0.07342180695061275 522
1583072319914 0.07305469791585968 523
1583072322094 0.07268942442628039 524
1583072324276 0.07232597730414898 525
1583072326462 0.07196434741762824 526
1583072328628 0.0716045256805401 527
1583072330784 0.0712465030521374 528
1583072332952 0.0708902705368767 529
1583072335156 0.07053581918419231 530
1583072337323 0.07018314008827135 531
1583072339495 0.06983222438783 532
1583072341669 0.06948306326589085 533
1583072343847 0.0691356479495614 534
1583072346003 0.06878996970981359 535
1583072348160 0.06844601986126451 536
1583072350329 0.06810378976195819 537
1583072352504 0.0677632708131484 538
1583072354661 0.06742445445908266 539
1583072356832 0.06708733218678724 540
1583072359006 0.0667518955258533 541
1583072361183 0.06641813604822402 542
1583072363352 0.0660860453679829 543
1583072365530 0.06575561514114299 544
1583072367722 0.06542683706543727 545
1583072369907 0.06509970288011008 546
1583072372076 0.06477420436570952 547
1583072374253 0.06445033334388098 548
1583072376415 0.06412808167716157 549
1583072378578 0.06380744126877576 550
1583072380749 0.06348840406243188 551
1583072382917 0.06317096204211972 552
1583072385104 0.06285510723190912 553
1583072387290 0.06254083169574957 554
1583072389445 0.062228127537270826 555
1583072391625 0.06191698689958447 556
1583072393792 0.061607401965086545 557
1583072395984 0.06129936495526111 558
1583072398203 0.0609928681304848 559
1583072400353 0.060687903789832374 560
1583072402538 0.06038446427088321 561
1583072404715 0.06008254194952879 562
1583072406882 0.05978212923978115 563
1583072409057 0.05948321859358224 564
1583072411230 0.05918580250061433 565
1583072413426 0.058889873488111255 566
1583072415607 0.058595424120670696 567
1583072417771 0.05830244700006734 568
1583072419945 0.058010934765067 569
1583072422101 0.05772088009124167 570
1583072424274 0.05743227569078546 571
1583072426478 0.05714511431233153 572
1583072428636 0.05685938874076987 573
1583072430802 0.056575091797066025 574
1583072432981 0.056292216338080694 575
1583072435159 0.05601075525639029 576
1583072437336 0.05573070148010834 577
1583072439521 0.0554520479727078 578
1583072441696 0.05517478773284426 579
1583072443838 0.05489891379418004 580
1583072446015 0.05462441922520914 581
1583072448196 0.0543512971290831 582
1583072450358 0.05407954064343768 583
1583072452526 0.05380914294022049 584
1583072454693 0.05354009722551939 585
1583072456865 0.05327239673939179 586
1583072459054 0.053006034755694834 587
1583072461250 0.052741004581916356 588
1583072463424 0.052477299559006776 589
1583072465621 0.052214913061211746 590
1583072467766 0.05195383849590569 591
1583072469918 0.05169406930342616 592
1583072472118 0.05143559895690903 593
1583072474305 0.051178420962124486 594
1583072476482 0.05092252885731386 595
1583072478660 0.05066791621302729 596
1583072480836 0.05041457663196215 597
1583072483001 0.050162503748802344 598
1583072485181 0.049911691230058335 599
1583072487370 0.04966213277390804 600
1583072489591 0.0494138221100385 601
1583072491752 0.04916675299948831 602
1583072493914 0.04892091923449087 603
1583072496093 0.04867631463831842 604
1583072498264 0.048432933065126825 605
1583072500450 0.048190768399801194 606
1583072502608 0.04794981455780219 607
1583072504778 0.04771006548501318 608
1583072506959 0.047471515157588115 609
1583072509132 0.047234157581800176 610
1583072511282 0.046997986793891174 611
1583072513449 0.04676299685992172 612
1583072515618 0.04652918187562211 613
1583072517804 0.046296535966244 614
1583072519977 0.046065053286412784 615
1583072522150 0.04583472801998072 616
1583072524310 0.045605554379880814 617
1583072526485 0.04537752660798141 618
1583072528643 0.0451506389749415 619
1583072530786 0.044924885780066794 620
1583072532945 0.04470026135116646 621
1583072535125 0.04447676004441063 622
1583072537281 0.04425437624418858 623
1583072539493 0.04403310436296763 624
1583072541680 0.043812938841152796 625
1583072543850 0.04359387414694703 626
1583072546025 0.043375904776212296 627
1583072548201 0.043159025252331236 628
1583072550372 0.04294323012606958 629
1583072552549 0.04272851397543923 630
1583072554711 0.04251487140556204 631
1583072556876 0.04230229704853423 632
1583072559050 0.04209078556329156 633
1583072561227 0.0418803316354751 634
1583072563391 0.041670929977297724 635
1583072565562 0.04146257532741124 636
1583072567731 0.04125526245077418 637
1583072569902 0.04104898613852031 638
1583072572071 0.04084374120782771 639
1583072574210 0.04063952250178857 640
1583072576396 0.04043632488927963 641
1583072578569 0.04023414326483323 642
1583072580713 0.040032972548509065 643
1583072582853 0.03983280768576652 644
1583072585018 0.03963364364733769 645
1583072587199 0.039435475429100995 646
1583072589400 0.03923829805195549 647
1583072591527 0.03904210656169572 648
1583072593684 0.03884689602888724 649
1583072595845 0.0386526615487428 650
1583072598005 0.03845939824099909 651
1583072600133 0.03826710124979409 652
1583072602309 0.038075765743545126 653
1583072604489 0.0378853869148274 654
1583072606681 0.03769595998025326 655
1583072608874 0.03750748018035199 656
1583072611054 0.037319942779450235 657
1583072613227 0.037133343065552986 658
1583072615409 0.03694767635022522 659
1583072617560 0.036762937968474095 660
1583072619698 0.03657912327863173 661
1583072621845 0.036396227662238566 662
1583072623994 0.03621424652392737 663
1583072626208 0.036033175291307735 664
1583072628383 0.03585300941485119 665
1583072631019 0.035673744367776934 666
1583072633577 0.03549537564593805 667
1583072635745 0.035317898767708356 668
1583072637889 0.03514130927386981 669
1583072640059 0.03496560272750046 670
1583072642225 0.03479077471386296 671
1583072644410 0.03461682084029365 672
1583072646633 0.034443736736092176 673
1583072648822 0.034271518052411715 674
1583072650974 0.034100160462149656 675
1583072653150 0.03392965965983891 676
1583072655267 0.033760011361539714 677
1583072657407 0.03359121130473201 678
1583072659551 0.033423255248208356 679
1583072661714 0.03325613897196732 680
1583072663853 0.03308985827710748 681
1583072666020 0.032924408985721944 682
1583072668185 0.03275978694079333 683
1583072670343 0.032595988006089364 684
1583072672503 0.032433008066058915 685
1583072674652 0.03227084302572862 686
1583072676836 0.032109488810599975 687
1583072679029 0.031948941366546975 688
1583072681227 0.03178919665971424 689
1583072683405 0.03163025067641567 690
1583072685595 0.03147209942303359 691
1583072687757 0.03131473892591842 692
1583072689913 0.031158165231288826 693
1583072692106 0.03100237440513238 694
1583072694273 0.030847362533106718 695
1583072696424 0.030693125720441184 696
1583072698587 0.030539660091838977 697
1583072700744 0.03038696179137978 698
1583072702922 0.030235026982422884 699
1583072705094 0.030083851847510768 700
1583072707277 0.029933432588273214 701
1583072709456 0.029783765425331846 702
1583072711626 0.029634846598205186 703
1583072713775 0.02948667236521416 704
1583072715957 0.029339239003388088 705
1583072718136 0.029192542808371146 706
1583072720311 0.02904658009432929 707
1583072722489 0.028901347193857643 708
1583072724649 0.028756840457888354 709
1583072726811 0.02861305625559891 710
1583072728990 0.028469990974320916 711
1583072731170 0.02832764101944931 712
1583072733341 0.028186002814352063 713
1583072735509 0.0280450728002803 714
1583072737706 0.0279048474362789 715
1583072739858 0.027765323199097504 716
1583072742024 0.027626496583102015 717
1583072744242 0.027488364100186506 718
1583072746415 0.027350922279685573 719
1583072748574 0.027214167668287145 720
1583072750725 0.02707809682994571 721
1583072752907 0.02694270634579598 722
1583072755073 0.026807992814067 723
1583072757234 0.026673952849996664 724
1583072759444 0.02654058308574668 725
1583072761638 0.026407880170317945 726
1583072763790 0.026275840769466357 727
1583072765949 0.026144461565619025 728
1583072768123 0.02601373925779093 729
1583072770303 0.025883670561501974 730
1583072772458 0.025754252208694463 731
1583072774628 0.02562548094765099 732
1583072776792 0.025497353542912736 733
1583072778983 0.02536986677519817 734
1583072781164 0.02524301744132218 735
1583072783333 0.025116802354115567 736
1583072785501 0.024991218342344988 737
1583072787654 0.024866262250633264 738
1583072789846 0.024741930939380097 739
1583072792032 0.024618221284683196 740
1583072794246 0.02449513017825978 741
1583072796428 0.02437265452736848 742
1583072798598 0.024250791254731636 743
1583072800771 0.024129537298457977 744
1583072802948 0.024008889611965685 745
1583072805114 0.023888845163905856 746
1583072807283 0.023769400938086327 747
1583072809418 0.023650553933395897 748
1583072811611 0.023532301163728918 749
1583072813779 0.023414639657910272 750
1583072815953 0.023297566459620722 751
1583072818145 0.023181078627322618 752
1583072820296 0.023065173234186005 753
1583072822487 0.022949847368015076 754
1583072824672 0.022835098131175 755
1583072826859 0.022720922640519125 756
1583072829040 0.02260731802731653 757
1583072831213 0.022494281437179946 758
1583072833385 0.022381810029994047 759
1583072835530 0.022269900979844076 760
1583072837670 0.022158551474944856 761
1583072839831 0.022047758717570132 762
1583072841984 0.021937519923982282 763
1583072844117 0.021827832324362372 764
1583072846276 0.02171869316274056 765
1583072848453 0.021610099696926857 766
1583072850636 0.021502049198442223 767
1583072852762 0.021394538952450012 768
1583072854928 0.02128756625768776 769
1583072857070 0.021181128426399323 770
1583072859242 0.021075222784267326 771
1583072861402 0.020969846670345987 772
1583072863566 0.020864997436994256 773
1583072865718 0.020760672449809284 774
1583072867888 0.020656869087560238 775
1583072870058 0.020553584742122436 776
1583072872212 0.020450816818411825 777
1583072874380 0.020348562734319765 778
1583072876557 0.020246819920648168 779
1583072878711 0.020145585821044927 780
1583072880883 0.020044857891939702 781
1583072883065 0.019944633602480003 782
1583072885252 0.019844910434467605 783
1583072887433 0.019745685882295267 784
1583072889628 0.01964695745288379 785
1583072891793 0.01954872266561937 786
1583072893949 0.019450979052291272 787
1583072896136 0.019353724157029815 788
1583072898276 0.019256955536244666 789
1583072900448 0.019160670758563442 790
1583072902636 0.019064867404770626 791
1583072904832 0.018969543067746772 792
1583072907021 0.018874695352408037 793
1583072909189 0.018780321875645996 794
1583072911376 0.018686420266267767 795
1583072913563 0.018592988164936427 796
1583072915747 0.018500023224111744 797
1583072917925 0.018407523107991184 798
1583072920091 0.01831548549245123 799
1583072922242 0.018223908064988973 800
1583072924432 0.018132788524664028 801
1583072926615 0.018042124582040707 802
1583072928786 0.017951913959130504 803
1583072930942 0.01786215438933485 804
1583072933108 0.017772843617388175 805
1583072935309 0.017683979399301233 806
1583072937497 0.017595559502304726 807
1583072939700 0.0175075817047932 808
1583072941894 0.017420043796269234 809
1583072944094 0.017332943577287888 810
1583072946290 0.01724627885940145 811
1583072948485 0.017160047465104442 812
1583072950661 0.01707424722777892 813
1583072952819 0.016988875991640028 814
1583072954980 0.016903931611681827 815
1583072957146 0.01681941195362342 816
1583072959325 0.016735314893855303 817
1583072961493 0.016651638319386028 818
1583072963656 0.0165683801277891 819
1583072965812 0.016485538227150154 820
1583072967979 0.0164031105360144 821
1583072970154 0.01632109498333433 822
1583072972308 0.016239489508417658 823
1583072974475 0.01615829206087557 824
1583072976655 0.01607750060057119 825
1583072978835 0.015997113097568336 826
1583072981014 0.015917127532080494 827
1583072983173 0.01583754189442009 828
1583072985369 0.01575835418494799 829
1583072987560 0.01567956241402325 830
1583072989715 0.015601164601953134 831
1583072991859 0.015523158778943369 832
1583072994037 0.015445542985048652 833
1583072996229 0.015368315270123408 834
1583072998408 0.01529147369377279 835
1583073000527 0.015215016325303928 836
1583073002698 0.015138941243677408 837
1583073004870 0.01506324653745902 838
1583073007029 0.014987930304771725 839
1583073009215 0.014912990653247866 840
1583073011385 0.014838425699981627 841
1583073013537 0.01476423357148172 842
1583073015701 0.014690412403624311 843
1583073017868 0.01461696034160619 844
1583073020059 0.014543875539898159 845
1583073022249 0.014471156162198668 846
1583073024425 0.014398800381387675 847
1583073026590 0.014326806379480736 848
1583073028747 0.014255172347583332 849
1583073030918 0.014183896485845416 850
1583073033104 0.014112977003416188 851
1583073035282 0.014042412118399107 852
1583073037460 0.013972200057807112 853
1583073039635 0.013902339057518077 854
1583073041805 0.013832827362230486 855
1583073043964 0.013763663225419333 856
1583073046145 0.013694844909292236 857
1583073048307 0.013626370684745774 858
1583073050497 0.013558238831322046 859
1583073052665 0.013490447637165436 860
1583073054830 0.013422995398979608 861
1583073056982 0.01335588042198471 862
1583073059149 0.013289101019874787 863
1583073061351 0.013222655514775413 864
1583073063550 0.013156542237201536 865
1583073065709 0.013090759526015528 866
1583073067872 0.01302530572838545 867
1583073070039 0.012960179199743523 868
1583073072202 0.012895378303744804 869
1583073074377 0.01283090141222608 870
1583073076566 0.012766746905164949 871
1583073078731 0.012702913170639124 872
1583073080900 0.012639398604785928 873
1583073083072 0.012576201611761997 874
1583073085250 0.012513320603703188 875
1583073087422 0.012450754000684672 876
1583073089597 0.012388500230681249 877
1583073091764 0.012326557729527843 878
1583073093924 0.012264924940880204 879
1583073096055 0.012203600316175803 880
1583073098216 0.012142582314594924 881
1583073100382 0.01208186940302195 882
1583073102587 0.01202146005600684 883
1583073104779 0.011961352755726806 884
1583073106942 0.01190154599194817 885
1583073109124 0.01184203826198843 886
1583073111285 0.011782828070678488 887
1583073113451 0.011723913930325095 888
1583073115646 0.01166529436067347 889
1583073117805 0.011606967888870102 890
1583073119980 0.01154893304942575 891
1583073122163 0.011491188384178622 892
1583073124327 0.011433732442257729 893
1583073126518 0.01137656378004644 894
1583073128677 0.011319680961146208 895
1583073130851 0.011263082556340478 896
1583073133009 0.011206767143558775 897
1583073135175 0.011150733307840981 898
1583073137357 0.011094979641301777 899
1583073139539 0.011039504743095268 900
1583073141712 0.01098430721937979 901
1583073143878 0.010929385683282892 902
1583073146064 0.010874738754866477 903
1583073148243 0.010820365061092144 904
1583073150407 0.010766263235786683 905
1583073152586 0.01071243191960775 906
1583073154737 0.010658869760009713 907
1583073156883 0.010605575411209664 908
1583073159057 0.010552547534153616 909
1583073161247 0.010499784796482848 910
1583073163411 0.010447285872500434 911
1583073165584 0.01039504944313793 912
1583073167788 0.010343074195922241 913
1583073169965 0.01029135882494263 914
1583073172146 0.010239902030817916 915
1583073174325 0.010188702520663827 916
1583073176509 0.010137759008060509 917
1583073178676 0.010087070213020206 918
1583073180837 0.010036634861955105 919
1583073183013 0.01 920
1583073185217 0.01 921
1583073187391 0.01 922
1583073189566 0.01 923
1583073191718 0.01 924
1583073193837 0.01 925
1583073196002 0.01 926
1583073198188 0.01 927
1583073200351 0.01 928
1583073202536 0.01 929
1583073204690 0.01 930
1583073206829 0.01 931
1583073208999 0.01 932
1583073211189 0.01 933
1583073213368 0.01 934
1583073215530 0.01 935
1583073217682 0.01 936
1583073219835 0.01 937
1583073222005 0.01 938
1583073224167 0.01 939
1583073226333 0.01 940
1583073228506 0.01 941
1583073230684 0.01 942
1583073232850 0.01 943
1583073235022 0.01 944
1583073237231 0.01 945
1583073239409 0.01 946
1583073241573 0.01 947
1583073243749 0.01 948
1583073245912 0.01 949
1583073248091 0.01 950
1583073250273 0.01 951
1583073252487 0.01 952
1583073254674 0.01 953
1583073256863 0.01 954
1583073259047 0.01 955
1583073261221 0.01 956
1583073263387 0.01 957
1583073265596 0.01 958
1583073267763 0.01 959
1583073269961 0.01 960
1583073272131 0.01 961
1583073274297 0.01 962
1583073276471 0.01 963
1583073278666 0.01 964
1583073280869 0.01 965
1583073283051 0.01 966
1583073285238 0.01 967
1583073287409 0.01 968
1583073289607 0.01 969
1583073291812 0.01 970
1583073293975 0.01 971
1583073296155 0.01 972
1583073298322 0.01 973
1583073300470 0.01 974
1583073302648 0.01 975
1583073304787 0.01 976
1583073306946 0.01 977
1583073309136 0.01 978
1583073311325 0.01 979
1583073313466 0.01 980
1583073315643 0.01 981
1583073317791 0.01 982
1583073319939 0.01 983
1583073322124 0.01 984
1583073324284 0.01 985
1583073326444 0.01 986
1583073328632 0.01 987
1583073330805 0.01 988
1583073332996 0.01 989
1583073335176 0.01 990
1583073337358 0.01 991
1583073339526 0.01 992
1583073341687 0.01 993
1583073343839 0.01 994
1583073346002 0.01 995
1583073348164 0.01 996
1583073350335 0.01 997
1583073352508 0.01 998
1583073354675 0.01 999
1583073356846 0.01 1000
1583073359015 0.01 1001
1583073361221 0.01 1002
1583073363415 0.01 1003
1583073365625 0.01 1004
1583073367775 0.01 1005
1583073369945 0.01 1006
1583073372142 0.01 1007
1583073374333 0.01 1008
1583073376486 0.01 1009
1583073378655 0.01 1010
1583073380814 0.01 1011
1583073382987 0.01 1012
1583073385180 0.01 1013
1583073387378 0.01 1014
1583073389542 0.01 1015
1583073391724 0.01 1016
1583073393912 0.01 1017
1583073396087 0.01 1018
1583073398277 0.01 1019
1583073400453 0.01 1020
1583073402659 0.01 1021
1583073404843 0.01 1022
1583073407019 0.01 1023
1583073409172 0.01 1024
1583073411366 0.01 1025
1583073413558 0.01 1026
1583073415745 0.01 1027
1583073417934 0.01 1028
1583073420110 0.01 1029
1583073422294 0.01 1030
1583073424469 0.01 1031
1583073426622 0.01 1032
1583073428787 0.01 1033
1583073430952 0.01 1034
1583073433133 0.01 1035
1583073435310 0.01 1036
1583073437494 0.01 1037
1583073439668 0.01 1038
1583073441833 0.01 1039
1583073444026 0.01 1040
1583073446209 0.01 1041
1583073448370 0.01 1042
1583073450525 0.01 1043
1583073452708 0.01 1044
1583073454877 0.01 1045
1583073457039 0.01 1046
1583073459228 0.01 1047
1583073461385 0.01 1048
1583073463547 0.01 1049
1583073465730 0.01 1050
1583073467896 0.01 1051
1583073470058 0.01 1052
1583073472229 0.01 1053
1583073474401 0.01 1054
1583073476578 0.01 1055
1583073478740 0.01 1056
1583073480890 0.01 1057
1583073483053 0.01 1058
1583073485229 0.01 1059
1583073487391 0.01 1060
1583073489575 0.01 1061
1583073491746 0.01 1062
1583073493903 0.01 1063
1583073496080 0.01 1064
1583073498245 0.01 1065
1583073500424 0.01 1066
1583073502609 0.01 1067
1583073504757 0.01 1068
1583073506941 0.01 1069
1583073509096 0.01 1070
1583073511269 0.01 1071
1583073513464 0.01 1072
1583073515622 0.01 1073
1583073517778 0.01 1074
1583073519938 0.01 1075
1583073522109 0.01 1076
1583073524286 0.01 1077
1583073526444 0.01 1078
1583073528582 0.01 1079
1583073530751 0.01 1080
1583073532921 0.01 1081
1583073535090 0.01 1082
1583073537242 0.01 1083
1583073539419 0.01 1084
1583073541590 0.01 1085
1583073543765 0.01 1086
1583073545932 0.01 1087
1583073548098 0.01 1088
1583073550262 0.01 1089
1583073552425 0.01 1090
1583073554597 0.01 1091
1583073556779 0.01 1092
1583073558959 0.01 1093
1583073561165 0.01 1094
1583073563327 0.01 1095
1583073565528 0.01 1096
1583073567707 0.01 1097
1583073569876 0.01 1098
1583073572041 0.01 1099
1583073574223 0.01 1100
1583073576402 0.01 1101
1583073578549 0.01 1102
1583073580742 0.01 1103
1583073582933 0.01 1104
1583073585093 0.01 1105
1583073587248 0.01 1106
1583073589414 0.01 1107
1583073591619 0.01 1108
1583073593807 0.01 1109
1583073595982 0.01 1110
1583073598130 0.01 1111
1583073600300 0.01 1112
1583073602483 0.01 1113
1583073604677 0.01 1114
1583073606849 0.01 1115
1583073608998 0.01 1116
1583073611176 0.01 1117
1583073613329 0.01 1118
1583073615518 0.01 1119
1583073617674 0.01 1120
1583073619843 0.01 1121
1583073622009 0.01 1122
1583073624165 0.01 1123
1583073626330 0.01 1124
1583073628492 0.01 1125
1583073630644 0.01 1126
1583073632813 0.01 1127
1583073634996 0.01 1128
1583073637199 0.01 1129
1583073639380 0.01 1130
1583073641554 0.01 1131
1583073643741 0.01 1132
1583073645921 0.01 1133
1583073648081 0.01 1134
1583073650238 0.01 1135
1583073652416 0.01 1136
1583073654587 0.01 1137
1583073656740 0.01 1138
1583073658885 0.01 1139
1583073661055 0.01 1140
1583073663223 0.01 1141
1583073665407 0.01 1142
1583073667574 0.01 1143
1583073669733 0.01 1144
1583073671894 0.01 1145
1583073674070 0.01 1146
1583073676257 0.01 1147
1583073678430 0.01 1148
1583073680611 0.01 1149
1583073682768 0.01 1150
1583073684947 0.01 1151
1583073687137 0.01 1152
1583073689321 0.01 1153
1583073691485 0.01 1154
1583073693635 0.01 1155
1583073695791 0.01 1156
1583073697966 0.01 1157
1583073700166 0.01 1158
1583073702360 0.01 1159
1583073704546 0.01 1160
1583073706705 0.01 1161
1583073708873 0.01 1162
1583073711066 0.01 1163
1583073713253 0.01 1164
1583073715430 0.01 1165
1583073717610 0.01 1166
1583073719793 0.01 1167
1583073721943 0.01 1168
1583073724113 0.01 1169
1583073726308 0.01 1170
1583073728464 0.01 1171
1583073730639 0.01 1172
1583073732792 0.01 1173
1583073734923 0.01 1174
1583073737101 0.01 1175
1583073739255 0.01 1176
1583073741396 0.01 1177
1583073743533 0.01 1178
1583073745682 0.01 1179
1583073747819 0.01 1180
1583073749964 0.01 1181
1583073752127 0.01 1182
1583073754311 0.01 1183
1583073756483 0.01 1184
1583073758643 0.01 1185
1583073760815 0.01 1186
1583073762963 0.01 1187
1583073765144 0.01 1188
1583073767324 0.01 1189
1583073769491 0.01 1190
1583073771694 0.01 1191
1583073773872 0.01 1192
1583073776029 0.01 1193
1583073778202 0.01 1194
1583073780397 0.01 1195
1583073782565 0.01 1196
1583073784743 0.01 1197
1583073786907 0.01 1198
1583073789063 0.01 1199
1583073791239 0.01 1200
1583073793344 0.01 1201
1583073795502 0.01 1202
1583073797660 0.01 1203
1583073799846 0.01 1204
1583073801998 0.01 1205
1583073804153 0.01 1206
1583073806301 0.01 1207
1583073808476 0.01 1208
1583073810668 0.01 1209
1583073812825 0.01 1210
1583073815022 0.01 1211
1583073817179 0.01 1212
1583073819314 0.01 1213
1583073821527 0.01 1214
1583073823699 0.01 1215
1583073825873 0.01 1216
1583073828064 0.01 1217
1583073830229 0.01 1218
1583073832393 0.01 1219
1583073834558 0.01 1220
1583073836736 0.01 1221
1583073838903 0.01 1222
1583073841084 0.01 1223
1583073843256 0.01 1224
1583073845415 0.01 1225
1583073847624 0.01 1226
1583073849816 0.01 1227
1583073851998 0.01 1228
1583073854180 0.01 1229
1583073856348 0.01 1230
1583073858536 0.01 1231
1583073860716 0.01 1232
1583073862887 0.01 1233
1583073865034 0.01 1234
1583073867211 0.01 1235
1583073869370 0.01 1236
1583073871534 0.01 1237
1583073873715 0.01 1238
1583073875890 0.01 1239
1583073878087 0.01 1240
1583073880260 0.01 1241
1583073882414 0.01 1242
1583073884580 0.01 1243
1583073886734 0.01 1244
1583073888896 0.01 1245
1583073891071 0.01 1246
1583073893257 0.01 1247
1583073895423 0.01 1248
1583073897602 0.01 1249
1583073899789 0.01 1250
1583073901956 0.01 1251
1583073904116 0.01 1252
1583073906300 0.01 1253
1583073908475 0.01 1254
1583073910640 0.01 1255
1583073912808 0.01 1256
1583073914946 0.01 1257
1583073917133 0.01 1258
1583073919309 0.01 1259
1583073921465 0.01 1260
1583073923624 0.01 1261
1583073925760 0.01 1262
1583073927926 0.01 1263
1583073930098 0.01 1264
1583073932259 0.01 1265
1583073934447 0.01 1266
1583073936616 0.01 1267
1583073938782 0.01 1268
1583073940946 0.01 1269
1583073943110 0.01 1270
1583073945273 0.01 1271
1583073947455 0.01 1272
1583073949607 0.01 1273
1583073951789 0.01 1274
1583073953953 0.01 1275
1583073956138 0.01 1276
1583073958325 0.01 1277
1583073960487 0.01 1278
1583073962663 0.01 1279
1583073964830 0.01 1280
1583073967005 0.01 1281
1583073969171 0.01 1282
1583073971322 0.01 1283
1583073973510 0.01 1284
1583073975688 0.01 1285
1583073977832 0.01 1286
1583073979982 0.01 1287
1583073982155 0.01 1288
1583073984343 0.01 1289
1583073986517 0.01 1290
1583073988693 0.01 1291
1583073990891 0.01 1292
1583073993056 0.01 1293
1583073995202 0.01 1294
1583073997383 0.01 1295
1583073999558 0.01 1296
1583074001765 0.01 1297
1583074003942 0.01 1298
1583074006103 0.01 1299
1583074008259 0.01 1300
1583074010428 0.01 1301
1583074012605 0.01 1302
1583074014788 0.01 1303
1583074016960 0.01 1304
1583074019116 0.01 1305
1583074021258 0.01 1306
1583074023419 0.01 1307
1583074025602 0.01 1308
1583074027770 0.01 1309
1583074029913 0.01 1310
1583074032084 0.01 1311
1583074034259 0.01 1312
1583074036445 0.01 1313
1583074038637 0.01 1314
1583074040814 0.01 1315
1583074042997 0.01 1316
1583074045190 0.01 1317
1583074047397 0.01 1318
1583074049557 0.01 1319
1583074051734 0.01 1320
1583074053881 0.01 1321
1583074056039 0.01 1322
1583074058225 0.01 1323
1583074060409 0.01 1324
1583074062597 0.01 1325
1583074064756 0.01 1326
1583074066938 0.01 1327
1583074069118 0.01 1328
1583074071306 0.01 1329
1583074073473 0.01 1330
1583074075647 0.01 1331
1583074077810 0.01 1332
1583074079978 0.01 1333
1583074082176 0.01 1334
1583074084338 0.01 1335
1583074086504 0.01 1336
1583074088656 0.01 1337
1583074090821 0.01 1338
1583074092988 0.01 1339
1583074095173 0.01 1340
1583074097379 0.01 1341
1583074099550 0.01 1342
1583074101730 0.01 1343
1583074103883 0.01 1344
1583074106061 0.01 1345
1583074108212 0.01 1346
1583074110382 0.01 1347
1583074112560 0.01 1348
1583074114714 0.01 1349
1583074116898 0.01 1350
1583074119072 0.01 1351
1583074121259 0.01 1352
1583074123415 0.01 1353
1583074125608 0.01 1354
1583074127773 0.01 1355
1583074129951 0.01 1356
1583074132118 0.01 1357
1583074134305 0.01 1358
1583074136509 0.01 1359
1583074138674 0.01 1360
1583074140852 0.01 1361
1583074143013 0.01 1362
1583074145218 0.01 1363
1583074147411 0.01 1364
1583074149601 0.01 1365
1583074151787 0.01 1366
1583074153966 0.01 1367
1583074156154 0.01 1368
1583074158323 0.01 1369
1583074160492 0.01 1370
1583074162694 0.01 1371
1583074164903 0.01 1372
1583074167077 0.01 1373
1583074169253 0.01 1374
1583074171438 0.01 1375
1583074173638 0.01 1376
1583074175855 0.01 1377
1583074178026 0.01 1378
1583074180222 0.01 1379
1583074182412 0.01 1380
1583074184608 0.01 1381
1583074186792 0.01 1382
1583074188965 0.01 1383
1583074191145 0.01 1384
1583074193307 0.01 1385
1583074195498 0.01 1386
1583074197700 0.01 1387
1583074199878 0.01 1388
1583074202052 0.01 1389
1583074204262 0.01 1390
1583074206436 0.01 1391
1583074208584 0.01 1392
1583074210757 0.01 1393
1583074212911 0.01 1394
1583074215108 0.01 1395
1583074217306 0.01 1396
1583074219458 0.01 1397
1583074221659 0.01 1398
1583074223816 0.01 1399
1583074226009 0.01 1400
1583074228188 0.01 1401
1583074230327 0.01 1402
1583074232509 0.01 1403
1583074234695 0.01 1404
1583074236857 0.01 1405
1583074239032 0.01 1406
1583074241212 0.01 1407
1583074243374 0.01 1408
1583074245550 0.01 1409
1583074247715 0.01 1410
1583074249884 0.01 1411
1583074252034 0.01 1412
1583074254212 0.01 1413
1583074256389 0.01 1414
1583074258569 0.01 1415
1583074260764 0.01 1416
1583074262947 0.01 1417
1583074265108 0.01 1418
1583074267273 0.01 1419
1583074269462 0.01 1420
1583074271655 0.01 1421
1583074273830 0.01 1422
1583074276005 0.01 1423
1583074278196 0.01 1424
1583074280393 0.01 1425
1583074282595 0.01 1426
1583074284789 0.01 1427
1583074286970 0.01 1428
1583074289170 0.01 1429
1583074291357 0.01 1430
1583074293527 0.01 1431
1583074295722 0.01 1432
1583074297897 0.01 1433
1583074300063 0.01 1434
1583074302249 0.01 1435
1583074304418 0.01 1436
1583074306566 0.01 1437
1583074308730 0.01 1438
1583074310895 0.01 1439
1583074313082 0.01 1440
1583074315260 0.01 1441
1583074317426 0.01 1442
1583074319612 0.01 1443
1583074321777 0.01 1444
1583074323945 0.01 1445
1583074326125 0.01 1446
1583074328279 0.01 1447
1583074330455 0.01 1448
1583074332610 0.01 1449
1583074334812 0.01 1450
1583074336986 0.01 1451
1583074339185 0.01 1452
1583074341368 0.01 1453
1583074343536 0.01 1454
1583074345691 0.01 1455
1583074347849 0.01 1456
1583074350001 0.01 1457
1583074352159 0.01 1458
1583074354327 0.01 1459
1583074356491 0.01 1460
1583074358664 0.01 1461
1583074360822 0.01 1462
1583074362993 0.01 1463
1583074365185 0.01 1464
1583074367358 0.01 1465
1583074369562 0.01 1466
1583074371753 0.01 1467
1583074373897 0.01 1468
1583074376061 0.01 1469
1583074378239 0.01 1470
1583074380408 0.01 1471
1583074382577 0.01 1472
1583074384730 0.01 1473
1583074386893 0.01 1474
1583074389052 0.01 1475
1583074391232 0.01 1476
1583074393411 0.01 1477
1583074395534 0.01 1478
1583074397690 0.01 1479
1583074399881 0.01 1480
1583074402038 0.01 1481
1583074404186 0.01 1482
1583074406353 0.01 1483
1583074408525 0.01 1484
1583074410714 0.01 1485
1583074412886 0.01 1486
1583074415040 0.01 1487
1583074417220 0.01 1488
1583074419393 0.01 1489
1583074421588 0.01 1490
1583074423765 0.01 1491
1583074425940 0.01 1492
1583074428120 0.01 1493
1583074430281 0.01 1494
1583074432449 0.01 1495
1583074434598 0.01 1496
1583074436766 0.01 1497
1583074438922 0.01 1498
1583074441088 0.01 1499
1583074443263 0.01 1500
1583074445427 0.01 1501
1583074447604 0.01 1502
1583074449778 0.01 1503
1583074451937 0.01 1504
1583074454106 0.01 1505
1583074456254 0.01 1506
1583074458411 0.01 1507
1583074460616 0.01 1508
1583074462781 0.01 1509
1583074464947 0.01 1510
1583074467099 0.01 1511
1583074469261 0.01 1512
1583074471436 0.01 1513
1583074473608 0.01 1514
1583074475768 0.01 1515
1583074477927 0.01 1516
1583074480097 0.01 1517
1583074482272 0.01 1518
1583074484436 0.01 1519
1583074486604 0.01 1520
1583074488812 0.01 1521
1583074490999 0.01 1522
1583074493166 0.01 1523
1583074495332 0.01 1524
1583074497512 0.01 1525
1583074499686 0.01 1526
1583074501875 0.01 1527
1583074504044 0.01 1528
1583074506207 0.01 1529
1583074508394 0.01 1530
1583074510550 0.01 1531
1583074512705 0.01 1532
1583074514869 0.01 1533
1583074517041 0.01 1534
1583074519195 0.01 1535
1583074521356 0.01 1536
1583074523546 0.01 1537
1583074525725 0.01 1538
1583074527907 0.01 1539
1583074530111 0.01 1540
1583074532282 0.01 1541
1583074534491 0.01 1542
1583074536642 0.01 1543
1583074538837 0.01 1544
1583074541007 0.01 1545
1583074543217 0.01 1546
1583074545390 0.01 1547
1583074547567 0.01 1548
1583074549736 0.01 1549
1583074551903 0.01 1550
1583074554074 0.01 1551
1583074556260 0.01 1552
1583074558435 0.01 1553
1583074560623 0.01 1554
1583074562805 0.01 1555
1583074564961 0.01 1556
1583074567115 0.01 1557
1583074569285 0.01 1558
1583074571474 0.01 1559
1583074573636 0.01 1560
1583074575807 0.01 1561
1583074577963 0.01 1562
1583074580138 0.01 1563
1583074582301 0.01 1564
1583074584490 0.01 1565
1583074586657 0.01 1566
1583074588839 0.01 1567
1583074591024 0.01 1568
1583074593187 0.01 1569
1583074595341 0.01 1570
1583074597521 0.01 1571
1583074599706 0.01 1572
1583074601856 0.01 1573
1583074604011 0.01 1574
1583074606189 0.01 1575
1583074608354 0.01 1576
1583074610510 0.01 1577
1583074612687 0.01 1578
1583074614846 0.01 1579
1583074617012 0.01 1580
1583074619183 0.01 1581
1583074621354 0.01 1582
1583074623517 0.01 1583
1583074625693 0.01 1584
1583074627855 0.01 1585
1583074630019 0.01 1586
1583074632205 0.01 1587
1583074634400 0.01 1588
1583074636562 0.01 1589
1583074638762 0.01 1590
1583074640915 0.01 1591
1583074643080 0.01 1592
1583074645256 0.01 1593
1583074647429 0.01 1594
1583074649601 0.01 1595
1583074651779 0.01 1596
1583074653972 0.01 1597
1583074656133 0.01 1598
1583074658288 0.01 1599
1583074660480 0.01 1600
1583074662650 0.01 1601
1583074664841 0.01 1602
1583074667013 0.01 1603
1583074669192 0.01 1604
1583074671356 0.01 1605
1583074673535 0.01 1606
1583074675700 0.01 1607
1583074677847 0.01 1608
1583074680021 0.01 1609
1583074682202 0.01 1610
1583074684356 0.01 1611
1583074686525 0.01 1612
1583074688698 0.01 1613
1583074690856 0.01 1614
1583074693041 0.01 1615
1583074695233 0.01 1616
1583074697463 0.01 1617
1583074699610 0.01 1618
1583074701827 0.01 1619
1583074704000 0.01 1620
1583074706176 0.01 1621
1583074708350 0.01 1622
1583074710513 0.01 1623
1583074712683 0.01 1624
1583074714848 0.01 1625
1583074717013 0.01 1626
1583074719208 0.01 1627
1583074721414 0.01 1628
1583074723581 0.01 1629
1583074725763 0.01 1630
1583074727927 0.01 1631
1583074730102 0.01 1632
1583074732302 0.01 1633
1583074734474 0.01 1634
1583074736642 0.01 1635
1583074738805 0.01 1636
1583074741003 0.01 1637
1583074743192 0.01 1638
1583074745373 0.01 1639
1583074747546 0.01 1640
1583074749749 0.01 1641
1583074751939 0.01 1642
1583074754122 0.01 1643
1583074756316 0.01 1644
1583074758525 0.01 1645
1583074760723 0.01 1646
1583074762907 0.01 1647
1583074765069 0.01 1648
1583074767225 0.01 1649
1583074769408 0.01 1650
1583074771594 0.01 1651
1583074773771 0.01 1652
1583074775938 0.01 1653
1583074778120 0.01 1654
1583074780286 0.01 1655
1583074782481 0.01 1656
1583074784658 0.01 1657
1583074786828 0.01 1658
1583074789003 0.01 1659
1583074791163 0.01 1660
1583074793341 0.01 1661
1583074795515 0.01 1662
1583074797688 0.01 1663
1583074799855 0.01 1664
1583074802038 0.01 1665
1583074804200 0.01 1666
1583074806367 0.01 1667
1583074808522 0.01 1668
1583074810684 0.01 1669
1583074812855 0.01 1670
1583074815059 0.01 1671
1583074817218 0.01 1672
1583074819391 0.01 1673
1583074821572 0.01 1674
1583074823742 0.01 1675
1583074825866 0.01 1676
1583074828021 0.01 1677
1583074830176 0.01 1678
1583074832352 0.01 1679
1583074834533 0.01 1680
1583074836659 0.01 1681
1583074838801 0.01 1682
1583074840972 0.01 1683
1583074843123 0.01 1684
1583074845267 0.01 1685
1583074847412 0.01 1686
1583074849543 0.01 1687
1583074851751 0.01 1688
1583074853939 0.01 1689
1583074856127 0.01 1690
1583074858320 0.01 1691
1583074860471 0.01 1692
1583074862660 0.01 1693
1583074864825 0.01 1694
1583074867003 0.01 1695
1583074869158 0.01 1696
1583074871339 0.01 1697
1583074873490 0.01 1698
1583074875640 0.01 1699
1583074877810 0.01 1700
1583074880015 0.01 1701
1583074882164 0.01 1702
1583074884349 0.01 1703
1583074886550 0.01 1704
1583074888705 0.01 1705
1583074890881 0.01 1706
1583074893032 0.01 1707
1583074895218 0.01 1708
1583074897365 0.01 1709
1583074899529 0.01 1710
1583074901692 0.01 1711
1583074903825 0.01 1712
1583074906003 0.01 1713
1583074908181 0.01 1714
1583074910359 0.01 1715
1583074912531 0.01 1716
1583074914695 0.01 1717
1583074916832 0.01 1718
1583074919002 0.01 1719
1583074921196 0.01 1720
1583074923355 0.01 1721
1583074925521 0.01 1722
1583074927697 0.01 1723
1583074929855 0.01 1724
1583074932026 0.01 1725
1583074934212 0.01 1726
1583074936394 0.01 1727
1583074938573 0.01 1728
1583074940758 0.01 1729
1583074942929 0.01 1730
1583074945084 0.01 1731
1583074947254 0.01 1732
1583074949431 0.01 1733
1583074951577 0.01 1734
1583074953736 0.01 1735
1583074955906 0.01 1736
1583074958062 0.01 1737
1583074960228 0.01 1738
1583074962371 0.01 1739
1583074964554 0.01 1740
1583074966739 0.01 1741
1583074968910 0.01 1742
1583074971064 0.01 1743
1583074973235 0.01 1744
1583074975416 0.01 1745
1583074977571 0.01 1746
1583074979764 0.01 1747
1583074981928 0.01 1748
1583074984073 0.01 1749
1583074986272 0.01 1750
1583074988464 0.01 1751
1583074990635 0.01 1752
1583074992825 0.01 1753
1583074994953 0.01 1754
1583074997103 0.01 1755
1583074999263 0.01 1756
1583075001432 0.01 1757
1583075003604 0.01 1758
1583075005782 0.01 1759
1583075007925 0.01 1760
1583075010065 0.01 1761
1583075012247 0.01 1762
1583075014436 0.01 1763
1583075016597 0.01 1764
1583075018770 0.01 1765
1583075020930 0.01 1766
1583075023110 0.01 1767
1583075025291 0.01 1768
1583075027464 0.01 1769
1583075029629 0.01 1770
1583075031802 0.01 1771
1583075033965 0.01 1772
1583075036130 0.01 1773
1583075038293 0.01 1774
1583075040462 0.01 1775
1583075042639 0.01 1776
1583075044794 0.01 1777
1583075046982 0.01 1778
1583075049162 0.01 1779
1583075051338 0.01 1780
1583075053488 0.01 1781
1583075055677 0.01 1782
1583075057836 0.01 1783
1583075060039 0.01 1784
1583075062201 0.01 1785
1583075064353 0.01 1786
1583075066506 0.01 1787
1583075068681 0.01 1788
1583075070856 0.01 1789
1583075073019 0.01 1790
1583075075194 0.01 1791
1583075077357 0.01 1792
1583075079535 0.01 1793
1583075081710 0.01 1794
1583075083863 0.01 1795
1583075086027 0.01 1796
1583075088215 0.01 1797
1583075090390 0.01 1798
1583075092552 0.01 1799
1583075094712 0.01 1800
1583075096883 0.01 1801
1583075099055 0.01 1802
1583075101232 0.01 1803
1583075103449 0.01 1804
1583075105610 0.01 1805
1583075107779 0.01 1806
1583075109931 0.01 1807
1583075112090 0.01 1808
1583075114269 0.01 1809
1583075116443 0.01 1810
1583075118587 0.01 1811
1583075120728 0.01 1812
1583075122897 0.01 1813
1583075125071 0.01 1814
1583075127234 0.01 1815
1583075129403 0.01 1816
1583075131592 0.01 1817
1583075133767 0.01 1818
1583075135918 0.01 1819
1583075138103 0.01 1820
1583075140298 0.01 1821
1583075142480 0.01 1822
1583075144660 0.01 1823
1583075146822 0.01 1824
1583075148981 0.01 1825
1583075151143 0.01 1826
1583075153318 0.01 1827
1583075155491 0.01 1828
1583075157695 0.01 1829
1583075159842 0.01 1830
1583075161980 0.01 1831
1583075164149 0.01 1832
1583075166348 0.01 1833
1583075168486 0.01 1834
1583075170657 0.01 1835
1583075172831 0.01 1836
1583075174983 0.01 1837
1583075177162 0.01 1838
1583075179355 0.01 1839
1583075181534 0.01 1840
1583075183710 0.01 1841
1583075185879 0.01 1842
1583075188038 0.01 1843
1583075190199 0.01 1844
1583075192375 0.01 1845
1583075194551 0.01 1846
1583075196710 0.01 1847
1583075198869 0.01 1848
1583075201031 0.01 1849
1583075203200 0.01 1850
1583075205380 0.01 1851
1583075207531 0.01 1852
1583075209714 0.01 1853
1583075211879 0.01 1854
1583075214057 0.01 1855
1583075216227 0.01 1856
1583075218399 0.01 1857
1583075220574 0.01 1858
1583075222743 0.01 1859
1583075224931 0.01 1860
1583075227089 0.01 1861
1583075229282 0.01 1862
1583075231472 0.01 1863
1583075233661 0.01 1864
1583075235846 0.01 1865
1583075238005 0.01 1866
1583075240165 0.01 1867
1583075242345 0.01 1868
1583075244529 0.01 1869
1583075246696 0.01 1870
1583075248859 0.01 1871
1583075251026 0.01 1872
1583075253193 0.01 1873
1583075255353 0.01 1874
1583075257526 0.01 1875
1583075259717 0.01 1876
1583075261888 0.01 1877
1583075264059 0.01 1878
1583075266220 0.01 1879
1583075268390 0.01 1880
1583075270552 0.01 1881
1583075272756 0.01 1882
1583075274926 0.01 1883
1583075277089 0.01 1884
1583075279232 0.01 1885
1583075281400 0.01 1886
1583075283569 0.01 1887
1583075285763 0.01 1888
1583075287924 0.01 1889
1583075290058 0.01 1890
1583075292252 0.01 1891
1583075294443 0.01 1892
1583075296602 0.01 1893
1583075298746 0.01 1894
1583075300914 0.01 1895
1583075303076 0.01 1896
1583075305229 0.01 1897
1583075307370 0.01 1898
1583075309526 0.01 1899
1583075311702 0.01 1900
1583075313854 0.01 1901
1583075315993 0.01 1902
1583075318168 0.01 1903
1583075320359 0.01 1904
1583075322536 0.01 1905
1583075324700 0.01 1906
1583075326876 0.01 1907
1583075329043 0.01 1908
1583075331251 0.01 1909
1583075333423 0.01 1910
1583075335593 0.01 1911
1583075337751 0.01 1912
1583075339921 0.01 1913
1583075342077 0.01 1914
1583075344256 0.01 1915
1583075346439 0.01 1916
1583075348634 0.01 1917
1583075350803 0.01 1918
1583075352980 0.01 1919
1583075355158 0.01 1920
1583075357350 0.01 1921
1583075359543 0.01 1922
1583075361715 0.01 1923
1583075363863 0.01 1924
1583075366045 0.01 1925
1583075368222 0.01 1926
1583075370398 0.01 1927
1583075372580 0.01 1928
1583075374764 0.01 1929
1583075376913 0.01 1930
1583075379099 0.01 1931
1583075381283 0.01 1932
1583075383457 0.01 1933
1583075385638 0.01 1934
1583075387804 0.01 1935
1583075389968 0.01 1936
1583075392134 0.01 1937
1583075394302 0.01 1938
1583075396453 0.01 1939
1583075398641 0.01 1940
1583075400813 0.01 1941
1583075403004 0.01 1942
1583075405185 0.01 1943
1583075407355 0.01 1944
1583075409531 0.01 1945
1583075411716 0.01 1946
1583075413879 0.01 1947
1583075416063 0.01 1948
1583075418220 0.01 1949
1583075420423 0.01 1950
1583075422599 0.01 1951
1583075424765 0.01 1952
1583075426950 0.01 1953
1583075429137 0.01 1954
1583075431296 0.01 1955
1583075433471 0.01 1956
1583075435649 0.01 1957
1583075437829 0.01 1958
1583075439988 0.01 1959
1583075442147 0.01 1960
1583075444297 0.01 1961
1583075446463 0.01 1962
1583075448637 0.01 1963
1583075450835 0.01 1964
1583075453014 0.01 1965
1583075455207 0.01 1966
1583075457400 0.01 1967
1583075459555 0.01 1968
1583075461711 0.01 1969
1583075463865 0.01 1970
1583075466028 0.01 1971
1583075468202 0.01 1972
1583075470379 0.01 1973
1583075472543 0.01 1974
1583075474737 0.01 1975
1583075476903 0.01 1976
1583075479087 0.01 1977
1583075481299 0.01 1978
1583075483509 0.01 1979
1583075485695 0.01 1980
1583075487840 0.01 1981
1583075489993 0.01 1982
1583075492172 0.01 1983
1583075494331 0.01 1984
1583075496500 0.01 1985
1583075498659 0.01 1986
1583075500810 0.01 1987
1583075503001 0.01 1988
1583075505162 0.01 1989
1583075507345 0.01 1990
1583075509508 0.01 1991
1583075511708 0.01 1992
1583075513856 0.01 1993
1583075516021 0.01 1994
1583075518218 0.01 1995
1583075520376 0.01 1996
1583075522550 0.01 1997
1583075524713 0.01 1998
1583075526876 0.01 1999
1583075529020 0.01 2000
