1583071190874 2.0 1
1583071193042 0.0 2
1583071195202 -1.0 3
1583071197317 0.0 4
1583071199445 -2.0 5
1583071201612 1.0 6
1583071203768 0.0 7
1583071205945 -1.0 8
1583071208108 1.0 9
1583071210268 1.0 10
1583071212424 -1.0 11
1583071214605 1.0 12
1583071216799 1.0 13
1583071218983 0.0 14
1583071221160 -1.0 15
1583071223357 2.0 16
1583071225516 -1.0 17
1583071227680 1.0 18
1583071229859 0.0 19
1583071232003 0.0 20
1583071234199 1.0 21
1583071236352 0.0 22
1583071238513 -1.0 23
1583071240670 1.0 24
1583071242823 0.0 25
1583071245009 -1.0 26
1583071247194 0.0 27
1583071249355 0.0 28
1583071251527 0.0 29
1583071253701 1.0 30
1583071255868 2.0 31
1583071258022 -1.0 32
1583071260198 0.0 33
1583071262355 0.0 34
1583071264527 0.0 35
1583071266694 1.0 36
1583071268870 -1.0 37
1583071271035 -1.0 38
1583071273199 -1.0 39
1583071275362 -1.0 40
1583071277535 -2.0 41
1583071279704 1.0 42
1583071281868 -1.0 43
1583071284017 1.0 44
1583071286185 0.0 45
1583071288353 -1.0 46
1583071290502 1.0 47
1583071292669 0.0 48
1583071294820 0.0 49
1583071297001 0.0 50
1583071299144 1.0 51
1583071301313 -1.0 52
1583071303496 0.0 53
1583071305638 -1.0 54
1583071307768 0.0 55
1583071309928 0.0 56
1583071312091 0.0 57
1583071314269 0.0 58
1583071316426 2.0 59
1583071318576 0.0 60
1583071320729 1.0 61
1583071322912 0.0 62
1583071325085 0.0 63
1583071327255 0.0 64
1583071329426 0.0 65
1583071331598 1.0 66
1583071333747 0.0 67
1583071335925 2.0 68
1583071338116 0.0 69
1583071340290 0.0 70
1583071342464 0.0 71
1583071344613 3.0 72
1583071346767 0.0 73
1583071348948 4.0 74
1583071351116 1.0 75
1583071353270 1.0 76
1583071355452 1.0 77
1583071357618 0.0 78
1583071359782 2.0 79
1583071361942 -1.0 80
1583071364091 0.0 81
1583071366236 2.0 82
1583071368385 -1.0 83
1583071370543 2.0 84
1583071372688 -2.0 85
1583071374838 0.0 86
1583071376992 1.0 87
1583071379150 2.0 88
1583071381326 3.0 89
1583071383491 1.0 90
1583071385648 0.0 91
1583071387798 -1.0 92
1583071389951 -1.0 93
1583071392077 2.0 94
1583071394254 0.0 95
1583071396407 1.0 96
1583071398578 2.0 97
1583071400732 2.0 98
1583071402895 0.0 99
1583071405048 2.0 100
1583071407229 3.0 101
1583071409374 2.0 102
1583071411543 1.0 103
1583071413714 2.0 104
1583071415878 0.0 105
1583071418040 0.0 106
1583071420206 2.0 107
1583071422379 0.0 108
1583071424521 0.0 109
1583071426662 1.0 110
1583071428815 1.0 111
1583071430974 2.0 112
1583071433165 4.0 113
1583071435337 4.0 114
1583071437514 4.0 115
1583071439674 -1.0 116
1583071441819 4.0 117
1583071443978 1.0 118
1583071446160 5.0 119
1583071448353 3.0 120
1583071450531 1.0 121
1583071452677 3.0 122
1583071454827 4.0 123
1583071456984 2.0 124
1583071459153 1.0 125
1583071461328 7.0 126
1583071463499 1.0 127
1583071465650 0.0 128
1583071467788 2.0 129
1583071469955 4.0 130
1583071472103 1.0 131
1583071474266 2.0 132
1583071476444 3.0 133
1583071478583 2.0 134
1583071480708 2.0 135
1583071482862 1.0 136
1583071485026 2.0 137
1583071487201 4.0 138
1583071489382 1.0 139
1583071491589 8.0 140
1583071493742 2.0 141
1583071495889 3.0 142
1583071498045 3.0 143
1583071500235 3.0 144
1583071502394 3.0 145
1583071504562 7.0 146
1583071506728 5.0 147
1583071508874 7.0 148
1583071511047 1.0 149
1583071513223 3.0 150
1583071515375 -1.0 151
1583071517546 2.0 152
1583071519744 2.0 153
1583071521901 1.0 154
1583071524055 4.0 155
1583071526226 4.0 156
1583071528372 0.0 157
1583071530529 4.0 158
1583071532677 4.0 159
1583071534819 7.0 160
1583071536987 3.0 161
1583071539124 2.0 162
1583071541321 1.0 163
1583071543502 5.0 164
1583071545666 3.0 165
1583071547846 8.0 166
1583071550001 1.0 167
1583071552162 9.0 168
1583071554311 3.0 169
1583071556486 8.0 170
1583071558670 5.0 171
1583071560822 5.0 172
1583071563003 0.0 173
1583071565179 3.0 174
1583071567341 3.0 175
1583071569512 4.0 176
1583071571679 2.0 177
1583071573840 8.0 178
1583071576006 5.0 179
1583071578166 3.0 180
1583071580324 2.0 181
1583071582509 6.0 182
1583071584689 6.0 183
1583071586851 1.0 184
1583071589017 3.0 185
1583071591171 1.0 186
1583071593317 2.0 187
1583071595468 6.0 188
1583071597633 7.0 189
1583071599808 5.0 190
1583071601979 5.0 191
1583071604177 5.0 192
1583071606348 0.0 193
1583071608521 6.0 194
1583071610697 6.0 195
1583071612843 3.0 196
1583071615003 5.0 197
1583071617172 1.0 198
1583071619354 3.0 199
1583071621524 2.0 200
1583071623709 2.0 201
1583071625886 8.0 202
1583071628055 4.0 203
1583071630218 14.0 204
1583071632378 -1.0 205
1583071634537 0.0 206
1583071636694 7.0 207
1583071638873 6.0 208
1583071641027 7.0 209
1583071643192 6.0 210
1583071645365 11.0 211
1583071647521 9.0 212
1583071649702 3.0 213
1583071651883 13.0 214
1583071654034 2.0 215
1583071656193 10.0 216
1583071658341 4.0 217
1583071660505 2.0 218
1583071662664 3.0 219
1583071664822 8.0 220
1583071666969 4.0 221
1583071669128 9.0 222
1583071671295 3.0 223
1583071673471 2.0 224
1583071675634 2.0 225
1583071677822 8.0 226
1583071679981 9.0 227
1583071682156 7.0 228
1583071684323 4.0 229
1583071686480 8.0 230
1583071688656 10.0 231
1583071690826 6.0 232
1583071692976 5.0 233
1583071695136 13.0 234
1583071697296 11.0 235
1583071699464 9.0 236
1583071701613 9.0 237
1583071703785 0.0 238
1583071705945 11.0 239
1583071708080 3.0 240
1583071710242 7.0 241
1583071712423 7.0 242
1583071714567 5.0 243
1583071716746 11.0 244
1583071718921 8.0 245
1583071721100 14.0 246
1583071723249 3.0 247
1583071725437 10.0 248
1583071727594 7.0 249
1583071729758 6.0 250
1583071731910 5.0 251
1583071734095 5.0 252
1583071736282 12.0 253
1583071738455 13.0 254
1583071740637 9.0 255
1583071742798 9.0 256
1583071744950 4.0 257
1583071747123 9.0 258
1583071749285 12.0 259
1583071751447 5.0 260
1583071753612 5.0 261
1583071755805 7.0 262
1583071757962 7.0 263
1583071760160 9.0 264
1583071762352 7.0 265
1583071764562 7.0 266
1583071766722 7.0 267
1583071768878 3.0 268
1583071771047 10.0 269
1583071773192 9.0 270
1583071775359 8.0 271
1583071777502 10.0 272
1583071779667 6.0 273
1583071781839 6.0 274
1583071784009 12.0 275
1583071786177 7.0 276
1583071788374 6.0 277
1583071790567 8.0 278
1583071792722 14.0 279
1583071794886 4.0 280
1583071797066 10.0 281
1583071799236 8.0 282
1583071801395 6.0 283
1583071803549 11.0 284
1583071805719 6.0 285
1583071807877 6.0 286
1583071810027 8.0 287
1583071812174 8.0 288
1583071814346 9.0 289
1583071816511 12.0 290
1583071818692 8.0 291
1583071820838 9.0 292
1583071822996 11.0 293
1583071825163 12.0 294
1583071827337 10.0 295
1583071829501 10.0 296
1583071831661 6.0 297
1583071833817 11.0 298
1583071835977 12.0 299
1583071838159 7.0 300
1583071840328 7.0 301
1583071842492 11.0 302
1583071844683 12.0 303
1583071846847 9.0 304
1583071849046 10.0 305
1583071851229 7.0 306
1583071853391 12.0 307
1583071855576 8.0 308
1583071857776 9.0 309
1583071859932 9.0 310
1583071862095 8.0 311
1583071864252 7.0 312
1583071866413 12.0 313
1583071868594 13.0 314
1583071870747 5.0 315
1583071872925 7.0 316
1583071875095 8.0 317
1583071877263 8.0 318
1583071879409 14.0 319
1583071881590 16.0 320
1583071883737 16.0 321
1583071885898 10.0 322
1583071888050 14.0 323
1583071890222 7.0 324
1583071892379 7.0 325
1583071894565 13.0 326
1583071896736 11.0 327
1583071898916 12.0 328
1583071901097 14.0 329
1583071903253 10.0 330
1583071905417 7.0 331
1583071907606 5.0 332
1583071909774 9.0 333
1583071911946 3.0 334
1583071914102 8.0 335
1583071916254 6.0 336
1583071918452 9.0 337
1583071920619 2.0 338
1583071922773 10.0 339
1583071924944 14.0 340
1583071927116 10.0 341
1583071929282 9.0 342
1583071931446 8.0 343
1583071933642 11.0 344
1583071935822 6.0 345
1583071937977 13.0 346
1583071940129 13.0 347
1583071942290 9.0 348
1583071944464 8.0 349
1583071946610 10.0 350
1583071948763 9.0 351
1583071950918 10.0 352
1583071953038 12.0 353
1583071955208 13.0 354
1583071957391 6.0 355
1583071959545 6.0 356
1583071961699 5.0 357
1583071963869 13.0 358
1583071966038 14.0 359
1583071968219 12.0 360
1583071970368 12.0 361
1583071972527 13.0 362
1583071974675 9.0 363
1583071976857 12.0 364
1583071979026 13.0 365
1583071981196 7.0 366
1583071983354 13.0 367
1583071985504 16.0 368
1583071987669 9.0 369
1583071989828 13.0 370
1583071991925 8.0 371
1583071994064 8.0 372
1583071996244 7.0 373
1583071998393 10.0 374
1583072000611 14.0 375
1583072002776 9.0 376
1583072004953 9.0 377
1583072007137 9.0 378
1583072009321 12.0 379
1583072011479 12.0 380
1583072013648 8.0 381
1583072015817 12.0 382
1583072017968 4.0 383
1583072020120 14.0 384
1583072022286 10.0 385
1583072024443 13.0 386
1583072026620 11.0 387
1583072028757 9.0 388
1583072030915 5.0 389
1583072033107 15.0 390
1583072035289 11.0 391
1583072037435 17.0 392
1583072039578 2.0 393
1583072041781 10.0 394
1583072043954 11.0 395
1583072046126 14.0 396
1583072048280 14.0 397
1583072050398 8.0 398
1583072052556 8.0 399
1583072054721 11.0 400
1583072056895 11.0 401
1583072059076 13.0 402
1583072061215 10.0 403
1583072063375 13.0 404
1583072065543 11.0 405
1583072067712 12.0 406
1583072069885 3.0 407
1583072072084 9.0 408
1583072074253 15.0 409
1583072076425 12.0 410
1583072078579 14.0 411
1583072080745 4.0 412
1583072082900 8.0 413
1583072085083 13.0 414
1583072087271 7.0 415
1583072089431 7.0 416
1583072091598 12.0 417
1583072093765 9.0 418
1583072095954 13.0 419
1583072098151 13.0 420
1583072100332 14.0 421
1583072102491 9.0 422
1583072104672 11.0 423
1583072106843 16.0 424
1583072109017 8.0 425
1583072111211 16.0 426
1583072113396 12.0 427
1583072115562 13.0 428
1583072117737 14.0 429
1583072119914 14.0 430
1583072122067 12.0 431
1583072124242 4.0 432
1583072126402 11.0 433
1583072128580 17.0 434
1583072130750 7.0 435
1583072132899 14.0 436
1583072135063 12.0 437
1583072137251 14.0 438
1583072139423 15.0 439
1583072141615 12.0 440
1583072143769 4.0 441
1583072145947 3.0 442
1583072148120 13.0 443
1583072150282 10.0 444
1583072152474 18.0 445
1583072154675 6.0 446
1583072156833 9.0 447
1583072159009 12.0 448
1583072161174 12.0 449
1583072163350 10.0 450
1583072165525 14.0 451
1583072167715 7.0 452
1583072169884 15.0 453
1583072172062 15.0 454
1583072174237 13.0 455
1583072176398 13.0 456
1583072178554 11.0 457
1583072180766 8.0 458
1583072182931 8.0 459
1583072185113 11.0 460
1583072187280 13.0 461
1583072189436 11.0 462
1583072191634 11.0 463
1583072193824 10.0 464
1583072195987 9.0 465
1583072198178 13.0 466
1583072200334 14.0 467
1583072202498 12.0 468
1583072204657 14.0 469
1583072206824 14.0 470
1583072208996 13.0 471
1583072211165 11.0 472
1583072213350 11.0 473
1583072215514 13.0 474
1583072217671 15.0 475
1583072219856 14.0 476
1583072222043 10.0 477
1583072224196 15.0 478
1583072226377 9.0 479
1583072228526 13.0 480
1583072230730 17.0 481
1583072232939 10.0 482
1583072235133 16.0 483
1583072237307 15.0 484
1583072239466 11.0 485
1583072241631 15.0 486
1583072243837 15.0 487
1583072246016 16.0 488
1583072248185 14.0 489
1583072250351 16.0 490
1583072252533 13.0 491
1583072254696 14.0 492
1583072256859 9.0 493
1583072259041 13.0 494
1583072261214 17.0 495
1583072263396 16.0 496
1583072265593 22.0 497
1583072267749 14.0 498
1583072269937 15.0 499
1583072272113 14.0 500
1583072274279 16.0 501
1583072276461 7.0 502
1583072278640 8.0 503
1583072280795 5.0 504
1583072282975 10.0 505
1583072285137 13.0 506
1583072287330 14.0 507
1583072289504 12.0 508
1583072291670 11.0 509
1583072293827 9.0 510
1583072296012 8.0 511
1583072298194 19.0 512
1583072300359 19.0 513
1583072302515 12.0 514
1583072304670 15.0 515
1583072306878 16.0 516
1583072309027 13.0 517
1583072311193 22.0 518
1583072313376 20.0 519
1583072315569 7.0 520
1583072317749 8.0 521
1583072319902 10.0 522
1583072322084 11.0 523
1583072324264 12.0 524
1583072326451 10.0 525
1583072328618 15.0 526
1583072330774 13.0 527
1583072332939 15.0 528
1583072335144 12.0 529
1583072337312 7.0 530
1583072339486 9.0 531
1583072341660 9.0 532
1583072343833 19.0 533
1583072345993 18.0 534
1583072348149 7.0 535
1583072350319 17.0 536
1583072352494 18.0 537
1583072354649 7.0 538
1583072356820 9.0 539
1583072358995 6.0 540
1583072361171 14.0 541
1583072363343 15.0 542
1583072365521 10.0 543
1583072367710 12.0 544
1583072369896 11.0 545
1583072372065 14.0 546
1583072374242 -1.0 547
1583072376404 16.0 548
1583072378565 16.0 549
1583072380739 11.0 550
1583072382906 8.0 551
1583072385094 19.0 552
1583072387278 15.0 553
1583072389434 12.0 554
1583072391614 12.0 555
1583072393779 15.0 556
1583072395971 20.0 557
1583072398190 14.0 558
1583072400342 15.0 559
1583072402526 20.0 560
1583072404704 6.0 561
1583072406871 15.0 562
1583072409047 7.0 563
1583072411219 16.0 564
1583072413415 3.0 565
1583072415596 12.0 566
1583072417759 18.0 567
1583072419932 19.0 568
1583072422089 20.0 569
1583072424265 11.0 570
1583072426465 15.0 571
1583072428624 9.0 572
1583072430791 15.0 573
1583072432970 14.0 574
1583072435150 2.0 575
1583072437325 11.0 576
1583072439510 17.0 577
1583072441686 15.0 578
1583072443826 13.0 579
1583072446005 10.0 580
1583072448183 17.0 581
1583072450347 10.0 582
1583072452515 13.0 583
1583072454680 12.0 584
1583072456855 13.0 585
1583072459041 8.0 586
1583072461239 13.0 587
1583072463413 13.0 588
1583072465609 16.0 589
1583072467755 16.0 590
1583072469907 22.0 591
1583072472107 10.0 592
1583072474292 15.0 593
1583072476472 14.0 594
1583072478648 17.0 595
1583072480826 13.0 596
1583072482988 16.0 597
1583072485170 19.0 598
1583072487357 12.0 599
1583072489565 11.0 600
1583072491741 15.0 601
1583072493904 11.0 602
1583072496083 13.0 603
1583072498253 20.0 604
1583072500439 13.0 605
1583072502597 13.0 606
1583072504768 10.0 607
1583072506947 17.0 608
1583072509121 5.0 609
1583072511271 12.0 610
1583072513437 14.0 611
1583072515609 18.0 612
1583072517790 12.0 613
1583072519964 11.0 614
1583072522139 14.0 615
1583072524300 10.0 616
1583072526472 21.0 617
1583072528632 17.0 618
1583072530775 7.0 619
1583072532935 13.0 620
1583072535114 8.0 621
1583072537270 15.0 622
1583072539480 10.0 623
1583072541668 14.0 624
1583072543840 17.0 625
1583072546014 19.0 626
1583072548191 13.0 627
1583072550361 11.0 628
1583072552539 16.0 629
1583072554700 16.0 630
1583072556864 20.0 631
1583072559039 19.0 632
1583072561219 19.0 633
1583072563381 9.0 634
1583072565551 21.0 635
1583072567720 14.0 636
1583072569891 11.0 637
1583072572061 11.0 638
1583072574201 20.0 639
1583072576384 18.0 640
1583072578561 17.0 641
1583072580702 14.0 642
1583072582842 14.0 643
1583072585007 16.0 644
1583072587186 14.0 645
1583072589391 18.0 646
1583072591514 9.0 647
1583072593673 15.0 648
1583072595833 16.0 649
1583072597994 19.0 650
1583072600124 9.0 651
1583072602298 8.0 652
1583072604480 12.0 653
1583072606668 15.0 654
1583072608864 19.0 655
1583072611045 9.0 656
1583072613216 14.0 657
1583072615396 10.0 658
1583072617549 16.0 659
1583072619686 12.0 660
1583072621829 13.0 661
1583072623982 12.0 662
1583072626195 15.0 663
1583072628370 12.0 664
1583072631003 14.0 665
1583072633563 12.0 666
1583072635732 15.0 667
1583072637877 22.0 668
1583072640047 12.0 669
1583072642215 16.0 670
1583072644401 13.0 671
1583072646621 2.0 672
1583072648811 19.0 673
1583072650963 12.0 674
1583072653137 19.0 675
1583072655254 15.0 676
1583072657395 14.0 677
1583072659538 14.0 678
1583072661702 12.0 679
1583072663842 13.0 680
1583072666008 18.0 681
1583072668173 10.0 682
1583072670332 15.0 683
1583072672491 10.0 684
1583072674640 20.0 685
1583072676824 18.0 686
1583072679017 22.0 687
1583072681218 19.0 688
1583072683396 12.0 689
1583072685584 11.0 690
1583072687746 11.0 691
1583072689902 16.0 692
1583072692095 13.0 693
1583072694262 11.0 694
1583072696413 13.0 695
1583072698575 13.0 696
1583072700732 10.0 697
1583072702909 13.0 698
1583072705084 17.0 699
1583072707267 19.0 700
1583072709446 13.0 701
1583072711614 14.0 702
1583072713765 15.0 703
1583072715946 17.0 704
1583072718123 19.0 705
1583072720300 15.0 706
1583072722478 20.0 707
1583072724639 11.0 708
1583072726799 11.0 709
1583072728977 15.0 710
1583072731159 19.0 711
1583072733330 11.0 712
1583072735497 12.0 713
1583072737695 15.0 714
1583072739846 16.0 715
1583072742014 18.0 716
1583072744232 12.0 717
1583072746404 14.0 718
1583072748563 16.0 719
1583072750716 17.0 720
1583072752896 0.0 721
1583072755061 13.0 722
1583072757223 14.0 723
1583072759433 16.0 724
1583072761629 7.0 725
1583072763782 16.0 726
1583072765940 15.0 727
1583072768112 23.0 728
1583072770292 23.0 729
1583072772448 14.0 730
1583072774615 14.0 731
1583072776779 18.0 732
1583072778966 17.0 733
1583072781150 9.0 734
1583072783321 16.0 735
1583072785488 13.0 736
1583072787642 5.0 737
1583072789835 16.0 738
1583072792020 5.0 739
1583072794236 15.0 740
1583072796418 15.0 741
1583072798571 12.0 742
1583072800758 22.0 743
1583072802939 19.0 744
1583072805103 12.0 745
1583072807274 15.0 746
1583072809407 9.0 747
1583072811602 19.0 748
1583072813769 13.0 749
1583072815941 18.0 750
1583072818134 12.0 751
1583072820284 17.0 752
1583072822476 21.0 753
1583072824663 13.0 754
1583072826847 19.0 755
1583072829029 13.0 756
1583072831202 16.0 757
1583072833373 14.0 758
1583072835516 17.0 759
1583072837659 16.0 760
1583072839818 23.0 761
1583072841971 16.0 762
1583072844090 18.0 763
1583072846265 6.0 764
1583072848440 13.0 765
1583072850626 11.0 766
1583072852751 18.0 767
1583072854917 20.0 768
1583072857059 20.0 769
1583072859231 13.0 770
1583072861390 24.0 771
1583072863554 18.0 772
1583072865708 16.0 773
1583072867877 15.0 774
1583072870047 17.0 775
1583072872201 22.0 776
1583072874370 16.0 777
1583072876548 13.0 778
1583072878700 10.0 779
1583072880869 18.0 780
1583072883055 10.0 781
1583072885241 13.0 782
1583072887418 24.0 783
1583072889613 7.0 784
1583072891784 14.0 785
1583072893939 14.0 786
1583072896124 22.0 787
1583072898266 14.0 788
1583072900438 16.0 789
1583072902622 18.0 790
1583072904821 9.0 791
1583072907010 13.0 792
1583072909178 16.0 793
1583072911363 14.0 794
1583072913552 17.0 795
1583072915734 15.0 796
1583072917914 18.0 797
1583072920082 16.0 798
1583072922231 17.0 799
1583072924421 17.0 800
1583072926604 14.0 801
1583072928777 13.0 802
1583072930930 12.0 803
1583072933095 20.0 804
1583072935295 11.0 805
1583072937486 12.0 806
1583072939689 13.0 807
1583072941882 9.0 808
1583072944080 18.0 809
1583072946278 20.0 810
1583072948476 13.0 811
1583072950651 16.0 812
1583072952808 20.0 813
1583072954969 17.0 814
1583072957135 15.0 815
1583072959316 13.0 816
1583072961480 13.0 817
1583072963645 14.0 818
1583072965800 18.0 819
1583072967968 16.0 820
1583072970143 18.0 821
1583072972297 22.0 822
1583072974464 22.0 823
1583072976645 22.0 824
1583072978821 23.0 825
1583072981002 11.0 826
1583072983163 10.0 827
1583072985361 15.0 828
1583072987549 11.0 829
1583072989703 15.0 830
1583072991848 14.0 831
1583072994025 20.0 832
1583072996217 13.0 833
1583072998398 17.0 834
1583073000518 16.0 835
1583073002685 14.0 836
1583073004855 17.0 837
1583073007018 12.0 838
1583073009204 9.0 839
1583073011376 20.0 840
1583073013525 10.0 841
1583073015691 10.0 842
1583073017857 16.0 843
1583073020047 17.0 844
1583073022232 14.0 845
1583073024414 11.0 846
1583073026579 20.0 847
1583073028737 17.0 848
1583073030907 18.0 849
1583073033092 17.0 850
1583073035273 16.0 851
1583073037449 25.0 852
1583073039627 14.0 853
1583073041796 22.0 854
1583073043953 13.0 855
1583073046132 19.0 856
1583073048294 16.0 857
1583073050487 9.0 858
1583073052658 15.0 859
1583073054821 10.0 860
1583073056972 20.0 861
1583073059139 20.0 862
1583073061340 7.0 863
1583073063539 22.0 864
1583073065699 18.0 865
1583073067862 19.0 866
1583073070030 12.0 867
1583073072191 18.0 868
1583073074364 16.0 869
1583073076554 16.0 870
1583073078720 21.0 871
1583073080889 12.0 872
1583073083058 17.0 873
1583073085240 16.0 874
1583073087412 8.0 875
1583073089588 19.0 876
1583073091753 9.0 877
1583073093913 11.0 878
1583073096046 20.0 879
1583073098203 19.0 880
1583073100372 16.0 881
1583073102575 24.0 882
1583073104767 16.0 883
1583073106930 14.0 884
1583073109113 14.0 885
1583073111274 15.0 886
1583073113443 19.0 887
1583073115633 16.0 888
1583073117794 8.0 889
1583073119967 20.0 890
1583073122151 16.0 891
1583073124315 9.0 892
1583073126507 17.0 893
1583073128668 17.0 894
1583073130840 18.0 895
1583073132998 11.0 896
1583073135166 5.0 897
1583073137346 15.0 898
1583073139529 14.0 899
1583073141703 14.0 900
1583073143865 13.0 901
1583073146053 17.0 902
1583073148233 11.0 903
1583073150396 17.0 904
1583073152575 9.0 905
1583073154725 17.0 906
1583073156872 13.0 907
1583073159049 9.0 908
1583073161235 12.0 909
1583073163401 17.0 910
1583073165574 10.0 911
1583073167774 13.0 912
1583073169956 9.0 913
1583073172135 17.0 914
1583073174315 6.0 915
1583073176498 13.0 916
1583073178665 16.0 917
1583073180825 18.0 918
1583073183002 20.0 919
1583073185206 13.0 920
1583073187380 21.0 921
1583073189555 15.0 922
1583073191706 12.0 923
1583073193825 16.0 924
1583073195991 14.0 925
1583073198178 8.0 926
1583073200340 18.0 927
1583073202524 20.0 928
1583073204677 17.0 929
1583073206819 20.0 930
1583073208989 11.0 931
1583073211176 18.0 932
1583073213358 22.0 933
1583073215521 15.0 934
1583073217672 19.0 935
1583073219824 17.0 936
1583073221996 19.0 937
1583073224158 18.0 938
1583073226323 16.0 939
1583073228498 18.0 940
1583073230673 16.0 941
1583073232836 20.0 942
1583073235009 14.0 943
1583073237220 15.0 944
1583073239398 18.0 945
1583073241562 16.0 946
1583073243739 16.0 947
1583073245901 20.0 948
1583073248081 16.0 949
1583073250262 18.0 950
1583073252474 8.0 951
1583073254663 17.0 952
1583073256852 19.0 953
1583073259037 18.0 954
1583073261212 14.0 955
1583073263377 20.0 956
1583073265585 8.0 957
1583073267754 12.0 958
1583073269948 16.0 959
1583073272122 23.0 960
1583073274287 20.0 961
1583073276461 17.0 962
1583073278655 9.0 963
1583073280858 11.0 964
1583073283040 6.0 965
1583073285227 20.0 966
1583073287400 20.0 967
1583073289592 19.0 968
1583073291801 17.0 969
1583073293962 14.0 970
1583073296144 18.0 971
1583073298309 26.0 972
1583073300462 10.0 973
1583073302635 17.0 974
1583073304778 18.0 975
1583073306935 20.0 976
1583073309124 15.0 977
1583073311314 15.0 978
1583073313455 15.0 979
1583073315632 8.0 980
1583073317780 28.0 981
1583073319928 9.0 982
1583073322111 18.0 983
1583073324275 16.0 984
1583073326435 22.0 985
1583073328623 15.0 986
1583073330794 18.0 987
1583073332985 9.0 988
1583073335165 18.0 989
1583073337348 18.0 990
1583073339516 19.0 991
1583073341676 18.0 992
1583073343830 18.0 993
1583073345992 15.0 994
1583073348152 14.0 995
1583073350325 9.0 996
1583073352496 14.0 997
1583073354664 21.0 998
1583073356836 18.0 999
1583073359003 18.0 1000
1583073361210 17.0 1001
1583073363405 20.0 1002
1583073365597 14.0 1003
1583073367764 18.0 1004
1583073369934 17.0 1005
1583073372133 11.0 1006
1583073374322 14.0 1007
1583073376475 19.0 1008
1583073378645 15.0 1009
1583073380803 15.0 1010
1583073382974 15.0 1011
1583073385171 16.0 1012
1583073387368 18.0 1013
1583073389532 16.0 1014
1583073391714 14.0 1015
1583073393900 19.0 1016
1583073396078 16.0 1017
1583073398267 17.0 1018
1583073400442 21.0 1019
1583073402648 12.0 1020
1583073404832 17.0 1021
1583073407007 17.0 1022
1583073409159 14.0 1023
1583073411352 17.0 1024
1583073413548 20.0 1025
1583073415736 16.0 1026
1583073417925 15.0 1027
1583073420098 22.0 1028
1583073422283 18.0 1029
1583073424461 7.0 1030
1583073426611 20.0 1031
1583073428778 22.0 1032
1583073430940 11.0 1033
1583073433120 21.0 1034
1583073435299 17.0 1035
1583073437485 7.0 1036
1583073439657 17.0 1037
1583073441822 18.0 1038
1583073444012 14.0 1039
1583073446199 13.0 1040
1583073448360 14.0 1041
1583073450516 14.0 1042
1583073452696 19.0 1043
1583073454866 22.0 1044
1583073457028 15.0 1045
1583073459217 22.0 1046
1583073461377 19.0 1047
1583073463535 20.0 1048
1583073465719 19.0 1049
1583073467885 23.0 1050
1583073470049 16.0 1051
1583073472218 14.0 1052
1583073474391 29.0 1053
1583073476566 22.0 1054
1583073478729 10.0 1055
1583073480880 13.0 1056
1583073483042 17.0 1057
1583073485218 16.0 1058
1583073487380 20.0 1059
1583073489563 16.0 1060
1583073491735 20.0 1061
1583073493892 19.0 1062
1583073496069 20.0 1063
1583073498234 19.0 1064
1583073500413 17.0 1065
1583073502598 20.0 1066
1583073504745 15.0 1067
1583073506930 15.0 1068
1583073509087 18.0 1069
1583073511256 12.0 1070
1583073513453 17.0 1071
1583073515612 16.0 1072
1583073517767 11.0 1073
1583073519929 19.0 1074
1583073522097 19.0 1075
1583073524276 14.0 1076
1583073526433 14.0 1077
1583073528571 22.0 1078
1583073530741 20.0 1079
1583073532910 20.0 1080
1583073535079 19.0 1081
1583073537232 16.0 1082
1583073539408 17.0 1083
1583073541577 23.0 1084
1583073543754 13.0 1085
1583073545920 11.0 1086
1583073548087 21.0 1087
1583073550248 23.0 1088
1583073552414 21.0 1089
1583073554586 21.0 1090
1583073556768 16.0 1091
1583073558949 20.0 1092
1583073561153 20.0 1093
1583073563315 18.0 1094
1583073565517 8.0 1095
1583073567696 19.0 1096
1583073569865 16.0 1097
1583073572028 15.0 1098
1583073574211 20.0 1099
1583073576390 11.0 1100
1583073578539 21.0 1101
1583073580732 12.0 1102
1583073582920 14.0 1103
1583073585084 15.0 1104
1583073587235 20.0 1105
1583073589403 20.0 1106
1583073591598 19.0 1107
1583073593797 19.0 1108
1583073595973 17.0 1109
1583073598118 14.0 1110
1583073600289 18.0 1111
1583073602472 22.0 1112
1583073604666 19.0 1113
1583073606840 10.0 1114
1583073608989 17.0 1115
1583073611164 17.0 1116
1583073613318 20.0 1117
1583073615507 15.0 1118
1583073617663 15.0 1119
1583073619832 11.0 1120
1583073621992 14.0 1121
1583073624154 17.0 1122
1583073626319 20.0 1123
1583073628481 18.0 1124
1583073630633 21.0 1125
1583073632802 16.0 1126
1583073634983 15.0 1127
1583073637188 13.0 1128
1583073639368 17.0 1129
1583073641543 20.0 1130
1583073643728 16.0 1131
1583073645908 16.0 1132
1583073648070 18.0 1133
1583073650228 11.0 1134
1583073652407 19.0 1135
1583073654576 23.0 1136
1583073656729 14.0 1137
1583073658874 19.0 1138
1583073661045 22.0 1139
1583073663212 15.0 1140
1583073665396 21.0 1141
1583073667563 11.0 1142
1583073669722 20.0 1143
1583073671883 19.0 1144
1583073674059 19.0 1145
1583073676247 16.0 1146
1583073678417 16.0 1147
1583073680603 18.0 1148
1583073682755 17.0 1149
1583073684937 21.0 1150
1583073687124 18.0 1151
1583073689310 20.0 1152
1583073691475 21.0 1153
1583073693625 11.0 1154
1583073695780 14.0 1155
1583073697954 16.0 1156
1583073700153 16.0 1157
1583073702349 10.0 1158
1583073704535 19.0 1159
1583073706694 22.0 1160
1583073708863 17.0 1161
1583073711053 21.0 1162
1583073713242 15.0 1163
1583073715421 20.0 1164
1583073717600 18.0 1165
1583073719782 14.0 1166
1583073721932 15.0 1167
1583073724102 8.0 1168
1583073726297 15.0 1169
1583073728453 18.0 1170
1583073730628 18.0 1171
1583073732780 16.0 1172
1583073734911 13.0 1173
1583073737090 22.0 1174
1583073739242 20.0 1175
1583073741384 18.0 1176
1583073743521 23.0 1177
1583073745670 21.0 1178
1583073747806 3.0 1179
1583073749952 17.0 1180
1583073752114 15.0 1181
1583073754300 15.0 1182
1583073756472 16.0 1183
1583073758634 18.0 1184
1583073760802 13.0 1185
1583073762951 17.0 1186
1583073765133 16.0 1187
1583073767314 21.0 1188
1583073769481 19.0 1189
1583073771681 14.0 1190
1583073773863 18.0 1191
1583073776018 19.0 1192
1583073778192 26.0 1193
1583073780384 9.0 1194
1583073782553 18.0 1195
1583073784733 18.0 1196
1583073786897 17.0 1197
1583073789056 15.0 1198
1583073791228 26.0 1199
1583073793333 22.0 1200
1583073795492 15.0 1201
1583073797650 14.0 1202
1583073799835 19.0 1203
1583073801989 24.0 1204
1583073804141 17.0 1205
1583073806290 17.0 1206
1583073808465 18.0 1207
1583073810656 17.0 1208
1583073812815 16.0 1209
1583073815012 20.0 1210
1583073817170 17.0 1211
1583073819303 17.0 1212
1583073821517 20.0 1213
1583073823687 22.0 1214
1583073825865 13.0 1215
1583073828055 18.0 1216
1583073830216 18.0 1217
1583073832382 21.0 1218
1583073834547 15.0 1219
1583073836722 15.0 1220
1583073838894 20.0 1221
1583073841071 18.0 1222
1583073843245 19.0 1223
1583073845404 22.0 1224
1583073847603 18.0 1225
1583073849803 14.0 1226
1583073851987 21.0 1227
1583073854169 10.0 1228
1583073856336 18.0 1229
1583073858525 17.0 1230
1583073860705 17.0 1231
1583073862875 20.0 1232
1583073865023 15.0 1233
1583073867201 15.0 1234
1583073869359 8.0 1235
1583073871524 20.0 1236
1583073873705 11.0 1237
1583073875878 22.0 1238
1583073878076 19.0 1239
1583073880247 14.0 1240
1583073882406 23.0 1241
1583073884571 17.0 1242
1583073886723 24.0 1243
1583073888885 7.0 1244
1583073891058 17.0 1245
1583073893246 12.0 1246
1583073895413 20.0 1247
1583073897586 17.0 1248
1583073899778 16.0 1249
1583073901944 15.0 1250
1583073904104 15.0 1251
1583073906290 22.0 1252
1583073908465 14.0 1253
1583073910628 17.0 1254
1583073912795 15.0 1255
1583073914936 19.0 1256
1583073917116 14.0 1257
1583073919300 18.0 1258
1583073921454 23.0 1259
1583073923611 19.0 1260
1583073925749 18.0 1261
1583073927913 18.0 1262
1583073930087 23.0 1263
1583073932248 17.0 1264
1583073934433 18.0 1265
1583073936604 21.0 1266
1583073938769 15.0 1267
1583073940935 15.0 1268
1583073943099 14.0 1269
1583073945262 16.0 1270
1583073947443 18.0 1271
1583073949597 14.0 1272
1583073951779 13.0 1273
1583073953944 22.0 1274
1583073956127 15.0 1275
1583073958313 19.0 1276
1583073960475 27.0 1277
1583073962652 23.0 1278
1583073964820 14.0 1279
1583073966994 12.0 1280
1583073969162 23.0 1281
1583073971310 18.0 1282
1583073973497 18.0 1283
1583073975677 19.0 1284
1583073977823 24.0 1285
1583073979973 19.0 1286
1583073982144 20.0 1287
1583073984330 16.0 1288
1583073986504 12.0 1289
1583073988683 13.0 1290
1583073990881 12.0 1291
1583073993045 14.0 1292
1583073995191 22.0 1293
1583073997365 10.0 1294
1583073999547 18.0 1295
1583074001752 17.0 1296
1583074003933 5.0 1297
1583074006091 20.0 1298
1583074008250 10.0 1299
1583074010417 18.0 1300
1583074012593 18.0 1301
1583074014781 17.0 1302
1583074016949 12.0 1303
1583074019105 19.0 1304
1583074021247 16.0 1305
1583074023409 18.0 1306
1583074025591 16.0 1307
1583074027759 20.0 1308
1583074029902 24.0 1309
1583074032073 18.0 1310
1583074034243 11.0 1311
1583074036434 16.0 1312
1583074038625 18.0 1313
1583074040802 14.0 1314
1583074042986 19.0 1315
1583074045177 16.0 1316
1583074047385 10.0 1317
1583074049547 17.0 1318
1583074051723 20.0 1319
1583074053869 9.0 1320
1583074056029 17.0 1321
1583074058213 17.0 1322
1583074060397 21.0 1323
1583074062586 20.0 1324
1583074064749 18.0 1325
1583074066927 23.0 1326
1583074069107 19.0 1327
1583074071296 14.0 1328
1583074073461 14.0 1329
1583074075636 15.0 1330
1583074077803 19.0 1331
1583074079968 17.0 1332
1583074082166 9.0 1333
1583074084328 19.0 1334
1583074086491 14.0 1335
1583074088647 19.0 1336
1583074090811 16.0 1337
1583074092979 19.0 1338
1583074095163 20.0 1339
1583074097368 16.0 1340
1583074099539 17.0 1341
1583074101722 16.0 1342
1583074103874 13.0 1343
1583074106051 14.0 1344
1583074108201 21.0 1345
1583074110372 18.0 1346
1583074112548 20.0 1347
1583074114703 20.0 1348
1583074116887 15.0 1349
1583074119061 16.0 1350
1583074121246 18.0 1351
1583074123404 12.0 1352
1583074125597 16.0 1353
1583074127764 22.0 1354
1583074129940 15.0 1355
1583074132107 20.0 1356
1583074134294 12.0 1357
1583074136498 16.0 1358
1583074138663 19.0 1359
1583074140842 13.0 1360
1583074143002 16.0 1361
1583074145205 12.0 1362
1583074147398 16.0 1363
1583074149589 11.0 1364
1583074151776 17.0 1365
1583074153954 16.0 1366
1583074156143 19.0 1367
1583074158316 19.0 1368
1583074160485 16.0 1369
1583074162682 14.0 1370
1583074164890 19.0 1371
1583074167066 18.0 1372
1583074169242 15.0 1373
1583074171430 14.0 1374
1583074173626 10.0 1375
1583074175843 20.0 1376
1583074178015 21.0 1377
1583074180211 13.0 1378
1583074182402 15.0 1379
1583074184595 14.0 1380
1583074186782 10.0 1381
1583074188954 17.0 1382
1583074191136 12.0 1383
1583074193299 14.0 1384
1583074195487 17.0 1385
1583074197687 22.0 1386
1583074199867 18.0 1387
1583074202041 17.0 1388
1583074204249 17.0 1389
1583074206426 16.0 1390
1583074208573 21.0 1391
1583074210746 22.0 1392
1583074212903 18.0 1393
1583074215097 22.0 1394
1583074217293 19.0 1395
1583074219448 18.0 1396
1583074221650 14.0 1397
1583074223806 17.0 1398
1583074226002 16.0 1399
1583074228178 16.0 1400
1583074230316 14.0 1401
1583074232499 23.0 1402
1583074234681 14.0 1403
1583074236848 4.0 1404
1583074239021 2.0 1405
1583074241201 17.0 1406
1583074243361 20.0 1407
1583074245541 14.0 1408
1583074247704 15.0 1409
1583074249873 14.0 1410
1583074252025 24.0 1411
1583074254199 8.0 1412
1583074256378 16.0 1413
1583074258558 8.0 1414
1583074260752 12.0 1415
1583074262936 10.0 1416
1583074265100 16.0 1417
1583074267263 21.0 1418
1583074269451 20.0 1419
1583074271645 17.0 1420
1583074273821 18.0 1421
1583074275993 18.0 1422
1583074278184 8.0 1423
1583074280380 14.0 1424
1583074282586 17.0 1425
1583074284778 21.0 1426
1583074286959 18.0 1427
1583074289159 9.0 1428
1583074291346 20.0 1429
1583074293516 12.0 1430
1583074295711 10.0 1431
1583074297888 23.0 1432
1583074300056 18.0 1433
1583074302236 17.0 1434
1583074304407 23.0 1435
1583074306555 14.0 1436
1583074308717 15.0 1437
1583074310888 23.0 1438
1583074313071 14.0 1439
1583074315252 20.0 1440
1583074317416 20.0 1441
1583074319602 15.0 1442
1583074321766 18.0 1443
1583074323934 15.0 1444
1583074326114 14.0 1445
1583074328268 23.0 1446
1583074330444 10.0 1447
1583074332598 18.0 1448
1583074334803 14.0 1449
1583074336973 20.0 1450
1583074339174 9.0 1451
1583074341357 21.0 1452
1583074343526 21.0 1453
1583074345680 20.0 1454
1583074347838 12.0 1455
1583074349988 19.0 1456
1583074352149 20.0 1457
1583074354316 10.0 1458
1583074356481 15.0 1459
1583074358653 13.0 1460
1583074360809 20.0 1461
1583074362983 15.0 1462
1583074365174 16.0 1463
1583074367346 20.0 1464
1583074369548 13.0 1465
1583074371744 13.0 1466
1583074373886 18.0 1467
1583074376050 19.0 1468
1583074378227 12.0 1469
1583074380398 14.0 1470
1583074382566 22.0 1471
1583074384718 16.0 1472
1583074386882 6.0 1473
1583074389042 10.0 1474
1583074391221 13.0 1475
1583074393400 20.0 1476
1583074395521 23.0 1477
1583074397680 22.0 1478
1583074399869 5.0 1479
1583074402028 15.0 1480
1583074404175 10.0 1481
1583074406344 14.0 1482
1583074408513 14.0 1483
1583074410702 17.0 1484
1583074412875 20.0 1485
1583074415029 27.0 1486
1583074417208 15.0 1487
1583074419382 11.0 1488
1583074421575 17.0 1489
1583074423755 16.0 1490
1583074425927 17.0 1491
1583074428108 15.0 1492
1583074430270 13.0 1493
1583074432438 16.0 1494
1583074434587 15.0 1495
1583074436755 18.0 1496
1583074438912 15.0 1497
1583074441077 16.0 1498
1583074443252 17.0 1499
1583074445415 15.0 1500
1583074447593 13.0 1501
1583074449767 15.0 1502
1583074451927 19.0 1503
1583074454094 20.0 1504
1583074456244 19.0 1505
1583074458400 15.0 1506
1583074460603 19.0 1507
1583074462771 18.0 1508
1583074464936 24.0 1509
1583074467088 0.0 1510
1583074469247 6.0 1511
1583074471424 19.0 1512
1583074473599 18.0 1513
1583074475759 16.0 1514
1583074477916 17.0 1515
1583074480087 14.0 1516
1583074482261 18.0 1517
1583074484425 22.0 1518
1583074486593 15.0 1519
1583074488799 17.0 1520
1583074490988 19.0 1521
1583074493155 11.0 1522
1583074495323 20.0 1523
1583074497499 14.0 1524
1583074499677 11.0 1525
1583074501863 19.0 1526
1583074504034 14.0 1527
1583074506193 17.0 1528
1583074508383 19.0 1529
1583074510539 8.0 1530
1583074512694 16.0 1531
1583074514857 20.0 1532
1583074517031 20.0 1533
1583074519184 16.0 1534
1583074521344 24.0 1535
1583074523536 14.0 1536
1583074525712 19.0 1537
1583074527894 17.0 1538
1583074530098 20.0 1539
1583074532272 14.0 1540
1583074534480 19.0 1541
1583074536628 19.0 1542
1583074538826 17.0 1543
1583074540994 13.0 1544
1583074543206 7.0 1545
1583074545383 17.0 1546
1583074547557 17.0 1547
1583074549723 17.0 1548
1583074551892 16.0 1549
1583074554062 13.0 1550
1583074556248 23.0 1551
1583074558424 9.0 1552
1583074560612 18.0 1553
1583074562794 9.0 1554
1583074564950 19.0 1555
1583074567105 15.0 1556
1583074569274 11.0 1557
1583074571465 14.0 1558
1583074573625 23.0 1559
1583074575799 19.0 1560
1583074577952 20.0 1561
1583074580127 15.0 1562
1583074582292 17.0 1563
1583074584481 17.0 1564
1583074586648 22.0 1565
1583074588827 17.0 1566
1583074591012 14.0 1567
1583074593178 18.0 1568
1583074595330 16.0 1569
1583074597510 19.0 1570
1583074599693 15.0 1571
1583074601847 19.0 1572
1583074604001 21.0 1573
1583074606178 17.0 1574
1583074608346 19.0 1575
1583074610501 14.0 1576
1583074612676 16.0 1577
1583074614836 20.0 1578
1583074617000 10.0 1579
1583074619172 19.0 1580
1583074621343 16.0 1581
1583074623507 17.0 1582
1583074625682 17.0 1583
1583074627844 17.0 1584
1583074630009 16.0 1585
1583074632189 19.0 1586
1583074634387 23.0 1587
1583074636550 18.0 1588
1583074638751 14.0 1589
1583074640904 11.0 1590
1583074643069 21.0 1591
1583074645248 21.0 1592
1583074647420 21.0 1593
1583074649591 21.0 1594
1583074651767 11.0 1595
1583074653961 14.0 1596
1583074656120 18.0 1597
1583074658277 18.0 1598
1583074660469 17.0 1599
1583074662639 18.0 1600
1583074664828 21.0 1601
1583074667000 12.0 1602
1583074669181 15.0 1603
1583074671346 19.0 1604
1583074673525 17.0 1605
1583074675691 24.0 1606
1583074677837 17.0 1607
1583074680012 12.0 1608
1583074682189 18.0 1609
1583074684347 21.0 1610
1583074686514 14.0 1611
1583074688688 15.0 1612
1583074690846 18.0 1613
1583074693032 25.0 1614
1583074695224 16.0 1615
1583074697452 17.0 1616
1583074699599 18.0 1617
1583074701816 19.0 1618
1583074703989 9.0 1619
1583074706166 13.0 1620
1583074708342 17.0 1621
1583074710500 22.0 1622
1583074712672 19.0 1623
1583074714837 17.0 1624
1583074717001 16.0 1625
1583074719194 13.0 1626
1583074721401 16.0 1627
1583074723572 18.0 1628
1583074725752 9.0 1629
1583074727917 18.0 1630
1583074730091 18.0 1631
1583074732289 18.0 1632
1583074734465 9.0 1633
1583074736631 19.0 1634
1583074738791 20.0 1635
1583074740991 14.0 1636
1583074743179 19.0 1637
1583074745364 14.0 1638
1583074747535 20.0 1639
1583074749736 22.0 1640
1583074751927 18.0 1641
1583074754110 15.0 1642
1583074756304 18.0 1643
1583074758514 17.0 1644
1583074760710 23.0 1645
1583074762898 21.0 1646
1583074765058 17.0 1647
1583074767215 23.0 1648
1583074769398 11.0 1649
1583074771584 12.0 1650
1583074773759 5.0 1651
1583074775929 13.0 1652
1583074778108 16.0 1653
1583074780273 16.0 1654
1583074782470 21.0 1655
1583074784646 15.0 1656
1583074786818 20.0 1657
1583074788993 16.0 1658
1583074791154 15.0 1659
1583074793331 16.0 1660
1583074795504 18.0 1661
1583074797677 8.0 1662
1583074799840 21.0 1663
1583074802029 13.0 1664
1583074804191 21.0 1665
1583074806356 10.0 1666
1583074808512 18.0 1667
1583074810674 21.0 1668
1583074812842 16.0 1669
1583074815048 18.0 1670
1583074817206 17.0 1671
1583074819379 14.0 1672
1583074821560 17.0 1673
1583074823730 21.0 1674
1583074825854 14.0 1675
1583074828010 21.0 1676
1583074830163 15.0 1677
1583074832339 9.0 1678
1583074834521 16.0 1679
1583074836645 20.0 1680
1583074838788 12.0 1681
1583074840959 19.0 1682
1583074843111 22.0 1683
1583074845254 19.0 1684
1583074847400 8.0 1685
1583074849532 19.0 1686
1583074851735 11.0 1687
1583074853928 15.0 1688
1583074856115 14.0 1689
1583074858309 22.0 1690
1583074860461 21.0 1691
1583074862649 13.0 1692
1583074864813 20.0 1693
1583074866992 23.0 1694
1583074869149 8.0 1695
1583074871327 16.0 1696
1583074873480 12.0 1697
1583074875630 13.0 1698
1583074877800 15.0 1699
1583074880003 23.0 1700
1583074882152 15.0 1701
1583074884340 22.0 1702
1583074886538 19.0 1703
1583074888697 18.0 1704
1583074890873 21.0 1705
1583074893021 19.0 1706
1583074895209 15.0 1707
1583074897355 17.0 1708
1583074899518 20.0 1709
1583074901681 1.0 1710
1583074903814 14.0 1711
1583074905990 12.0 1712
1583074908170 15.0 1713
1583074910348 20.0 1714
1583074912520 16.0 1715
1583074914684 22.0 1716
1583074916821 13.0 1717
1583074918994 18.0 1718
1583074921184 27.0 1719
1583074923345 19.0 1720
1583074925511 17.0 1721
1583074927688 23.0 1722
1583074929844 10.0 1723
1583074932009 16.0 1724
1583074934200 17.0 1725
1583074936383 16.0 1726
1583074938561 15.0 1727
1583074940747 19.0 1728
1583074942918 17.0 1729
1583074945073 18.0 1730
1583074947244 16.0 1731
1583074949421 10.0 1732
1583074951568 16.0 1733
1583074953725 13.0 1734
1583074955895 20.0 1735
1583074958051 21.0 1736
1583074960217 17.0 1737
1583074962360 15.0 1738
1583074964542 10.0 1739
1583074966728 11.0 1740
1583074968899 6.0 1741
1583074971054 19.0 1742
1583074973225 12.0 1743
1583074975409 12.0 1744
1583074977560 14.0 1745
1583074979753 18.0 1746
1583074981918 18.0 1747
1583074984063 17.0 1748
1583074986259 14.0 1749
1583074988452 16.0 1750
1583074990626 13.0 1751
1583074992814 16.0 1752
1583074994940 18.0 1753
1583074997093 14.0 1754
1583074999253 13.0 1755
1583075001420 15.0 1756
1583075003594 18.0 1757
1583075005770 11.0 1758
1583075007915 18.0 1759
1583075010056 19.0 1760
1583075012235 11.0 1761
1583075014422 22.0 1762
1583075016584 15.0 1763
1583075018759 15.0 1764
1583075020920 19.0 1765
1583075023099 23.0 1766
1583075025279 18.0 1767
1583075027454 19.0 1768
1583075029618 20.0 1769
1583075031792 21.0 1770
1583075033954 16.0 1771
1583075036123 21.0 1772
1583075038284 16.0 1773
1583075040447 23.0 1774
1583075042628 14.0 1775
1583075044785 12.0 1776
1583075046971 15.0 1777
1583075049149 8.0 1778
1583075051327 11.0 1779
1583075053477 20.0 1780
1583075055667 16.0 1781
1583075057825 15.0 1782
1583075060027 21.0 1783
1583075062189 24.0 1784
1583075064342 15.0 1785
1583075066496 16.0 1786
1583075068670 17.0 1787
1583075070843 20.0 1788
1583075073007 25.0 1789
1583075075184 7.0 1790
1583075077348 15.0 1791
1583075079523 14.0 1792
1583075081700 12.0 1793
1583075083852 15.0 1794
1583075086017 15.0 1795
1583075088203 18.0 1796
1583075090380 24.0 1797
1583075092542 19.0 1798
1583075094703 19.0 1799
1583075096870 18.0 1800
1583075099044 14.0 1801
1583075101223 13.0 1802
1583075103438 14.0 1803
1583075105601 14.0 1804
1583075107767 18.0 1805
1583075109920 18.0 1806
1583075112079 16.0 1807
1583075114257 22.0 1808
1583075116433 13.0 1809
1583075118574 7.0 1810
1583075120717 19.0 1811
1583075122886 12.0 1812
1583075125062 15.0 1813
1583075127223 13.0 1814
1583075129392 15.0 1815
1583075131582 22.0 1816
1583075133755 18.0 1817
1583075135906 13.0 1818
1583075138094 24.0 1819
1583075140284 14.0 1820
1583075142467 21.0 1821
1583075144649 23.0 1822
1583075146813 16.0 1823
1583075148968 13.0 1824
1583075151133 12.0 1825
1583075153306 17.0 1826
1583075155480 11.0 1827
1583075157684 15.0 1828
1583075159831 14.0 1829
1583075161968 21.0 1830
1583075164138 17.0 1831
1583075166336 11.0 1832
1583075168475 14.0 1833
1583075170644 16.0 1834
1583075172820 19.0 1835
1583075174972 24.0 1836
1583075177151 24.0 1837
1583075179342 20.0 1838
1583075181523 19.0 1839
1583075183699 16.0 1840
1583075185868 14.0 1841
1583075188029 17.0 1842
1583075190189 6.0 1843
1583075192360 11.0 1844
1583075194542 14.0 1845
1583075196698 17.0 1846
1583075198858 17.0 1847
1583075201020 16.0 1848
1583075203190 12.0 1849
1583075205369 24.0 1850
1583075207520 17.0 1851
1583075209702 20.0 1852
1583075211869 19.0 1853
1583075214046 17.0 1854
1583075216214 16.0 1855
1583075218389 21.0 1856
1583075220564 14.0 1857
1583075222732 21.0 1858
1583075224919 14.0 1859
1583075227078 20.0 1860
1583075229269 16.0 1861
1583075231462 17.0 1862
1583075233648 18.0 1863
1583075235835 12.0 1864
1583075237993 19.0 1865
1583075240156 21.0 1866
1583075242334 17.0 1867
1583075244516 20.0 1868
1583075246688 9.0 1869
1583075248848 18.0 1870
1583075251015 23.0 1871
1583075253184 17.0 1872
1583075255342 18.0 1873
1583075257515 22.0 1874
1583075259707 11.0 1875
1583075261876 18.0 1876
1583075264048 18.0 1877
1583075266207 14.0 1878
1583075268378 20.0 1879
1583075270539 18.0 1880
1583075272744 17.0 1881
1583075274913 22.0 1882
1583075277078 21.0 1883
1583075279221 15.0 1884
1583075281389 11.0 1885
1583075283559 17.0 1886
1583075285753 17.0 1887
1583075287914 20.0 1888
1583075290048 18.0 1889
1583075292240 20.0 1890
1583075294430 23.0 1891
1583075296591 21.0 1892
1583075298736 23.0 1893
1583075300904 14.0 1894
1583075303065 22.0 1895
1583075305219 19.0 1896
1583075307359 21.0 1897
1583075309517 20.0 1898
1583075311691 19.0 1899
1583075313843 15.0 1900
1583075315981 17.0 1901
1583075318158 16.0 1902
1583075320349 13.0 1903
1583075322525 16.0 1904
1583075324691 19.0 1905
1583075326863 15.0 1906
1583075329031 17.0 1907
1583075331240 18.0 1908
1583075333412 19.0 1909
1583075335582 19.0 1910
1583075337741 18.0 1911
1583075339912 5.0 1912
1583075342066 15.0 1913
1583075344247 11.0 1914
1583075346427 19.0 1915
1583075348623 18.0 1916
1583075350792 22.0 1917
1583075352967 17.0 1918
1583075355145 23.0 1919
1583075357339 19.0 1920
1583075359535 18.0 1921
1583075361704 18.0 1922
1583075363852 18.0 1923
1583075366032 14.0 1924
1583075368209 19.0 1925
1583075370386 18.0 1926
1583075372569 19.0 1927
1583075374753 11.0 1928
1583075376903 20.0 1929
1583075379086 9.0 1930
1583075381271 14.0 1931
1583075383450 20.0 1932
1583075385629 13.0 1933
1583075387795 18.0 1934
1583075389959 11.0 1935
1583075392123 20.0 1936
1583075394292 15.0 1937
1583075396445 18.0 1938
1583075398630 15.0 1939
1583075400802 20.0 1940
1583075402992 20.0 1941
1583075405175 15.0 1942
1583075407343 10.0 1943
1583075409522 16.0 1944
1583075411705 13.0 1945
1583075413868 15.0 1946
1583075416054 11.0 1947
1583075418206 16.0 1948
1583075420413 19.0 1949
1583075422588 15.0 1950
1583075424756 12.0 1951
1583075426937 20.0 1952
1583075429124 21.0 1953
1583075431287 16.0 1954
1583075433460 13.0 1955
1583075435638 19.0 1956
1583075437818 14.0 1957
1583075439979 15.0 1958
1583075442137 19.0 1959
1583075444286 19.0 1960
1583075446453 13.0 1961
1583075448627 21.0 1962
1583075450822 24.0 1963
1583075453003 18.0 1964
1583075455196 12.0 1965
1583075457389 18.0 1966
1583075459544 12.0 1967
1583075461703 11.0 1968
1583075463855 15.0 1969
1583075466016 18.0 1970
1583075468193 16.0 1971
1583075470371 8.0 1972
1583075472533 11.0 1973
1583075474725 19.0 1974
1583075476890 17.0 1975
1583075479077 15.0 1976
1583075481288 16.0 1977
1583075483497 19.0 1978
1583075485685 19.0 1979
1583075487827 22.0 1980
1583075489981 21.0 1981
1583075492162 18.0 1982
1583075494321 14.0 1983
1583075496492 22.0 1984
1583075498649 14.0 1985
1583075500799 13.0 1986
1583075502990 17.0 1987
1583075505152 21.0 1988
1583075507336 16.0 1989
1583075509499 19.0 1990
1583075511700 24.0 1991
1583075513847 17.0 1992
1583075516012 17.0 1993
1583075518210 20.0 1994
1583075520365 15.0 1995
1583075522542 13.0 1996
1583075524702 13.0 1997
1583075526865 17.0 1998
1583075529012 18.0 1999
1583075531193 14.0 2000
