1583071190881 2.0 1
1583071193068 1.0 2
1583071195208 0.3333333333333333 3
1583071197323 0.25 4
1583071199451 -0.2 5
1583071201616 0.0 6
1583071203772 0.0 7
1583071205950 -0.125 8
1583071208114 0.0 9
1583071210273 0.1 10
1583071212430 0.0 11
1583071214611 0.08333333333333333 12
1583071216805 0.15384615384615385 13
1583071218987 0.14285714285714285 14
1583071221165 0.06666666666666667 15
1583071223364 0.1875 16
1583071225521 0.11764705882352941 17
1583071227687 0.16666666666666666 18
1583071229863 0.15789473684210525 19
1583071232007 0.15 20
1583071234204 0.19047619047619047 21
1583071236358 0.18181818181818182 22
1583071238519 0.13043478260869565 23
1583071240674 0.16666666666666666 24
1583071242830 0.16 25
1583071245014 0.11538461538461539 26
1583071247200 0.1111111111111111 27
1583071249360 0.10714285714285714 28
1583071251532 0.10344827586206896 29
1583071253706 0.13333333333333333 30
1583071255872 0.1935483870967742 31
1583071258028 0.15625 32
1583071260203 0.15151515151515152 33
1583071262358 0.14705882352941177 34
1583071264533 0.14285714285714285 35
1583071266701 0.16666666666666666 36
1583071268876 0.13513513513513514 37
1583071271041 0.10526315789473684 38
1583071273205 0.07692307692307693 39
1583071275369 0.05 40
1583071277542 0.0 41
1583071279710 0.023809523809523808 42
1583071281873 0.0 43
1583071284023 0.022727272727272728 44
1583071286190 0.022222222222222223 45
1583071288358 0.0 46
1583071290506 0.02127659574468085 47
1583071292675 0.020833333333333332 48
1583071294824 0.02040816326530612 49
1583071297004 0.02 50
1583071299150 0.0392156862745098 51
1583071301319 0.019230769230769232 52
1583071303502 0.018867924528301886 53
1583071305644 0.0 54
1583071307774 0.0 55
1583071309934 0.0 56
1583071312097 0.0 57
1583071314275 0.0 58
1583071316430 0.03389830508474576 59
1583071318583 0.03333333333333333 60
1583071320735 0.04918032786885246 61
1583071322918 0.04838709677419355 62
1583071325091 0.047619047619047616 63
1583071327261 0.046875 64
1583071329432 0.046153846153846156 65
1583071331603 0.06060606060606061 66
1583071333752 0.05970149253731343 67
1583071335930 0.08823529411764706 68
1583071338122 0.08695652173913043 69
1583071340296 0.08571428571428572 70
1583071342469 0.08450704225352113 71
1583071344618 0.125 72
1583071346772 0.1232876712328767 73
1583071348954 0.17567567567567569 74
1583071351122 0.18666666666666668 75
1583071353275 0.19736842105263158 76
1583071355458 0.2077922077922078 77
1583071357623 0.20512820512820512 78
1583071359785 0.22784810126582278 79
1583071361949 0.2125 80
1583071364097 0.20987654320987653 81
1583071366239 0.23170731707317074 82
1583071368391 0.21686746987951808 83
1583071370547 0.23809523809523808 84
1583071372692 0.21176470588235294 85
1583071374844 0.20930232558139536 86
1583071376997 0.21839080459770116 87
1583071379156 0.23863636363636365 88
1583071381331 0.2696629213483146 89
1583071383496 0.2777777777777778 90
1583071385655 0.27472527472527475 91
1583071387804 0.2608695652173913 92
1583071389958 0.24731182795698925 93
1583071392084 0.26595744680851063 94
1583071394260 0.2631578947368421 95
1583071396412 0.2708333333333333 96
1583071398584 0.28865979381443296 97
1583071400739 0.30612244897959184 98
1583071402901 0.30303030303030304 99
1583071405054 0.32 100
1583071407235 0.33 101
1583071409381 0.35 102
1583071411548 0.37 103
1583071413720 0.39 104
1583071415881 0.41 105
1583071418046 0.4 106
1583071420212 0.42 107
1583071422383 0.43 108
1583071424525 0.42 109
1583071426667 0.42 110
1583071428820 0.44 111
1583071430979 0.45 112
1583071433171 0.48 113
1583071435343 0.52 114
1583071437520 0.57 115
1583071439680 0.54 116
1583071441825 0.59 117
1583071443984 0.59 118
1583071446165 0.64 119
1583071448359 0.67 120
1583071450537 0.67 121
1583071452683 0.7 122
1583071454830 0.75 123
1583071456990 0.76 124
1583071459156 0.77 125
1583071461333 0.85 126
1583071463504 0.86 127
1583071465654 0.86 128
1583071467793 0.88 129
1583071469961 0.91 130
1583071472107 0.9 131
1583071474272 0.93 132
1583071476449 0.96 133
1583071478589 0.98 134
1583071480712 1.0 135
1583071482869 1.0 136
1583071485032 1.03 137
1583071487207 1.08 138
1583071489388 1.1 139
1583071491595 1.19 140
1583071493746 1.23 141
1583071495895 1.25 142
1583071498052 1.29 143
1583071500240 1.31 144
1583071502399 1.34 145
1583071504568 1.42 146
1583071506734 1.46 147
1583071508879 1.53 148
1583071511053 1.54 149
1583071513228 1.57 150
1583071515381 1.55 151
1583071517553 1.58 152
1583071519749 1.6 153
1583071521907 1.62 154
1583071524061 1.66 155
1583071526232 1.7 156
1583071528377 1.7 157
1583071530535 1.74 158
1583071532683 1.76 159
1583071534826 1.83 160
1583071536990 1.85 161
1583071539181 1.87 162
1583071541327 1.88 163
1583071543506 1.93 164
1583071545672 1.96 165
1583071547852 2.03 166
1583071550007 2.04 167
1583071552168 2.11 168
1583071554316 2.14 169
1583071556490 2.22 170
1583071558676 2.27 171
1583071560829 2.29 172
1583071563009 2.29 173
1583071565184 2.28 174
1583071567346 2.3 175
1583071569517 2.33 176
1583071571686 2.34 177
1583071573846 2.42 178
1583071576012 2.45 179
1583071578171 2.49 180
1583071580329 2.51 181
1583071582515 2.55 182
1583071584694 2.62 183
1583071586858 2.61 184
1583071589021 2.66 185
1583071591176 2.67 186
1583071593323 2.68 187
1583071595474 2.72 188
1583071597638 2.76 189
1583071599814 2.8 190
1583071601984 2.85 191
1583071604182 2.91 192
1583071606354 2.92 193
1583071608527 2.96 194
1583071610702 3.02 195
1583071612847 3.04 196
1583071615008 3.07 197
1583071617176 3.06 198
1583071619358 3.09 199
1583071621528 3.09 200
1583071623715 3.08 201
1583071625893 3.14 202
1583071628061 3.17 203
1583071630224 3.29 204
1583071632383 3.28 205
1583071634543 3.28 206
1583071636699 3.33 207
1583071638878 3.39 208
1583071641033 3.46 209
1583071643198 3.51 210
1583071645371 3.61 211
1583071647527 3.68 212
1583071649708 3.67 213
1583071651888 3.76 214
1583071654040 3.74 215
1583071656199 3.85 216
1583071658347 3.85 217
1583071660511 3.86 218
1583071662669 3.84 219
1583071664826 3.89 220
1583071666976 3.92 221
1583071669135 3.98 222
1583071671301 3.97 223
1583071673474 3.97 224
1583071675638 3.98 225
1583071677827 3.99 226
1583071679986 4.07 227
1583071682161 4.14 228
1583071684329 4.16 229
1583071686485 4.2 230
1583071688661 4.29 231
1583071690833 4.33 232
1583071692981 4.35 233
1583071695141 4.46 234
1583071697302 4.55 235
1583071699470 4.63 236
1583071701618 4.7 237
1583071703790 4.66 238
1583071705949 4.76 239
1583071708086 4.71 240
1583071710248 4.76 241
1583071712429 4.8 242
1583071714571 4.82 243
1583071716754 4.9 244
1583071718927 4.95 245
1583071721105 5.02 246
1583071723255 5.0 247
1583071725443 5.03 248
1583071727600 5.09 249
1583071729762 5.12 250
1583071731916 5.18 251
1583071734101 5.21 252
1583071736288 5.31 253
1583071738462 5.43 254
1583071740643 5.48 255
1583071742804 5.53 256
1583071744956 5.57 257
1583071747128 5.62 258
1583071749291 5.7 259
1583071751452 5.68 260
1583071753618 5.7 261
1583071755809 5.75 262
1583071757968 5.81 263
1583071760165 5.85 264
1583071762358 5.89 265
1583071764568 5.88 266
1583071766727 5.94 267
1583071768884 5.88 268
1583071771050 5.95 269
1583071773197 5.96 270
1583071775365 5.99 271
1583071777508 6.04 272
1583071779673 6.1 273
1583071781845 6.13 274
1583071784015 6.22 275
1583071786184 6.25 276
1583071788380 6.29 277
1583071790573 6.29 278
1583071792728 6.38 279
1583071794892 6.39 280
1583071797072 6.47 281
1583071799241 6.49 282
1583071801401 6.49 283
1583071803555 6.59 284
1583071805724 6.62 285
1583071807883 6.67 286
1583071810031 6.73 287
1583071812178 6.75 288
1583071814351 6.77 289
1583071816516 6.84 290
1583071818699 6.87 291
1583071820843 6.91 292
1583071823001 7.02 293
1583071825167 7.08 294
1583071827343 7.12 295
1583071829507 7.19 296
1583071831667 7.2 297
1583071833823 7.3 298
1583071835983 7.39 299
1583071838167 7.44 300
1583071840333 7.49 301
1583071842496 7.52 302
1583071844688 7.6 303
1583071846853 7.55 304
1583071849051 7.66 305
1583071851235 7.73 306
1583071853397 7.78 307
1583071855580 7.8 308
1583071857782 7.82 309
1583071859938 7.85 310
1583071862100 7.82 311
1583071864258 7.8 312
1583071866419 7.89 313
1583071868599 7.89 314
1583071870753 7.92 315
1583071872931 7.89 316
1583071875101 7.93 317
1583071877268 7.99 318
1583071879415 8.1 319
1583071881595 8.18 320
1583071883742 8.3 321
1583071885904 8.31 322
1583071888055 8.42 323
1583071890227 8.47 324
1583071892384 8.52 325
1583071894568 8.57 326
1583071896741 8.59 327
1583071898921 8.64 328
1583071901102 8.74 329
1583071903259 8.76 330
1583071905424 8.73 331
1583071907612 8.72 332
1583071909779 8.76 333
1583071911952 8.66 334
1583071914108 8.63 335
1583071916261 8.6 336
1583071918459 8.6 337
1583071920623 8.62 338
1583071922778 8.61 339
1583071924949 8.72 340
1583071927122 8.75 341
1583071929288 8.77 342
1583071931453 8.8 343
1583071933647 8.8 344
1583071935827 8.78 345
1583071937983 8.77 346
1583071940134 8.87 347
1583071942296 8.86 348
1583071944469 8.87 349
1583071946616 8.91 350
1583071948768 8.95 351
1583071950923 9.0 352
1583071953043 9.0 353
1583071955215 9.0 354
1583071957396 8.97 355
1583071959550 8.94 356
1583071961704 8.95 357
1583071963875 8.99 358
1583071966044 9.01 359
1583071968225 9.08 360
1583071970374 9.15 361
1583071972532 9.21 362
1583071974681 9.23 363
1583071976862 9.26 364
1583071979032 9.32 365
1583071981201 9.32 366
1583071983360 9.38 367
1583071985510 9.51 368
1583071987673 9.5 369
1583071989833 9.54 370
1583071991931 9.54 371
1583071994085 9.52 372
1583071996250 9.53 373
1583071998399 9.57 374
1583072000616 9.59 375
1583072002783 9.61 376
1583072004958 9.64 377
1583072007142 9.65 378
1583072009326 9.63 379
1583072011484 9.71 380
1583072013654 9.69 381
1583072015824 9.73 382
1583072017974 9.71 383
1583072020124 9.74 384
1583072022291 9.78 385
1583072024448 9.85 386
1583072026627 9.88 387
1583072028761 9.89 388
1583072030919 9.85 389
1583072033114 9.88 390
1583072035294 9.91 391
1583072037440 9.99 392
1583072039584 9.9 393
1583072041785 9.88 394
1583072043960 9.89 395
1583072046134 9.93 396
1583072048286 10.01 397
1583072050404 9.98 398
1583072052561 9.94 399
1583072054727 9.98 400
1583072056901 10.02 401
1583072059082 10.04 402
1583072061222 10.02 403
1583072063381 10.06 404
1583072065549 10.07 405
1583072067717 10.12 406
1583072069891 10.03 407
1583072072090 10.04 408
1583072074257 10.1 409
1583072076430 10.13 410
1583072078585 10.19 411
1583072080751 10.16 412
1583072082906 10.12 413
1583072085089 10.12 414
1583072087276 10.14 415
1583072089437 10.14 416
1583072091604 10.18 417
1583072093771 10.19 418
1583072095960 10.18 419
1583072098157 10.15 420
1583072100336 10.13 421
1583072102496 10.12 422
1583072104677 10.09 423
1583072106849 10.18 424
1583072109023 10.19 425
1583072111218 10.22 426
1583072113402 10.23 427
1583072115568 10.24 428
1583072117748 10.24 429
1583072119920 10.28 430
1583072122072 10.33 431
1583072124249 10.32 432
1583072126407 10.34 433
1583072128585 10.48 434
1583072130757 10.47 435
1583072132904 10.55 436
1583072135068 10.58 437
1583072137256 10.7 438
1583072139429 10.75 439
1583072141622 10.73 440
1583072143775 10.67 441
1583072145953 10.61 442
1583072148126 10.66 443
1583072150286 10.65 444
1583072152480 10.77 445
1583072154682 10.7 446
1583072156840 10.66 447
1583072159014 10.69 448
1583072161180 10.73 449
1583072163356 10.73 450
1583072165531 10.78 451
1583072167720 10.75 452
1583072169890 10.78 453
1583072172068 10.8 454
1583072174242 10.87 455
1583072176404 10.94 456
1583072178576 11.0 457
1583072180771 10.95 458
1583072182936 10.89 459
1583072185119 10.88 460
1583072187286 10.89 461
1583072189443 10.87 462
1583072191640 10.89 463
1583072193829 10.87 464
1583072195992 10.83 465
1583072198183 10.89 466
1583072200339 10.9 467
1583072202504 10.86 468
1583072204662 10.91 469
1583072206828 10.92 470
1583072209002 10.97 471
1583072211171 11.0 472
1583072213355 11.04 473
1583072215519 11.07 474
1583072217675 11.08 475
1583072219862 11.13 476
1583072222049 11.14 477
1583072224199 11.2 478
1583072226382 11.17 479
1583072228531 11.18 480
1583072230735 11.27 481
1583072232944 11.25 482
1583072235138 11.37 483
1583072237312 11.38 484
1583072239472 11.39 485
1583072241636 11.41 486
1583072243844 11.45 487
1583072246021 11.52 488
1583072248191 11.61 489
1583072250357 11.62 490
1583072252538 11.64 491
1583072254702 11.61 492
1583072256865 11.68 493
1583072259048 11.71 494
1583072261219 11.77 495
1583072263402 11.79 496
1583072265600 11.87 497
1583072267754 11.93 498
1583072269943 12.0 499
1583072272119 12.03 500
1583072274285 12.08 501
1583072276468 12.02 502
1583072278645 12.0 503
1583072280801 11.92 504
1583072282980 11.91 505
1583072285142 11.92 506
1583072287336 12.03 507
1583072289510 12.06 508
1583072291676 12.02 509
1583072293833 11.99 510
1583072296018 11.93 511
1583072298199 12.08 512
1583072300363 12.19 513
1583072302519 12.18 514
1583072304675 12.26 515
1583072306884 12.35 516
1583072309033 12.36 517
1583072311199 12.49 518
1583072313382 12.56 519
1583072315574 12.5 520
1583072317755 12.44 521
1583072319908 12.45 522
1583072322088 12.45 523
1583072324270 12.41 524
1583072326455 12.43 525
1583072328624 12.42 526
1583072330780 12.43 527
1583072332946 12.45 528
1583072335150 12.43 529
1583072337318 12.36 530
1583072339492 12.33 531
1583072341666 12.38 532
1583072343840 12.46 533
1583072345998 12.47 534
1583072348155 12.47 535
1583072350323 12.5 536
1583072352499 12.56 537
1583072354656 12.49 538
1583072356826 12.43 539
1583072359000 12.37 540
1583072361177 12.47 541
1583072363348 12.59 542
1583072365525 12.56 543
1583072367716 12.58 544
1583072369902 12.51 545
1583072372071 12.59 546
1583072374248 12.49 547
1583072376410 12.53 548
1583072378570 12.57 549
1583072380744 12.58 550
1583072382911 12.52 551
1583072385098 12.64 552
1583072387284 12.64 553
1583072389440 12.61 554
1583072391619 12.6 555
1583072393785 12.62 556
1583072395978 12.71 557
1583072398197 12.77 558
1583072400348 12.84 559
1583072402532 12.93 560
1583072404709 12.86 561
1583072406877 12.9 562
1583072409051 12.86 563
1583072411225 12.92 564
1583072413420 12.86 565
1583072415601 12.85 566
1583072417765 12.89 567
1583072419939 12.96 568
1583072422095 13.02 569
1583072424268 12.99 570
1583072426472 13.01 571
1583072428631 12.99 572
1583072430796 13.03 573
1583072432976 13.04 574
1583072435155 12.91 575
1583072437331 12.88 576
1583072439515 12.95 577
1583072441691 12.95 578
1583072443832 12.99 579
1583072446009 12.96 580
1583072448189 12.96 581
1583072450352 12.96 582
1583072452521 12.93 583
1583072454686 12.9 584
1583072456860 12.92 585
1583072459048 12.85 586
1583072461245 12.83 587
1583072463418 12.8 588
1583072465615 12.82 589
1583072467760 12.82 590
1583072469913 12.91 591
1583072472112 12.87 592
1583072474300 12.93 593
1583072476477 12.94 594
1583072478654 12.94 595
1583072480832 12.91 596
1583072482995 12.85 597
1583072485175 12.9 598
1583072487364 12.87 599
1583072489585 12.84 600
1583072491747 12.83 601
1583072493908 12.87 602
1583072496089 12.92 603
1583072498258 13.07 604
1583072500444 13.1 605
1583072502602 13.1 606
1583072504773 13.06 607
1583072506953 13.11 608
1583072509126 13.05 609
1583072511276 13.08 610
1583072513443 13.14 611
1583072515613 13.13 612
1583072517796 13.06 613
1583072519971 13.05 614
1583072522144 13.04 615
1583072524305 12.98 616
1583072526478 13.06 617
1583072528637 13.01 618
1583072530780 12.88 619
1583072532940 12.94 620
1583072535120 12.94 621
1583072537276 12.99 622
1583072539487 12.98 623
1583072541674 13.0 624
1583072543845 13.07 625
1583072546020 13.11 626
1583072548196 13.11 627
1583072550367 13.07 628
1583072552543 13.11 629
1583072554706 13.2 630
1583072556870 13.31 631
1583072559044 13.41 632
1583072561223 13.41 633
1583072563386 13.32 634
1583072565556 13.46 635
1583072567726 13.43 636
1583072569896 13.36 637
1583072572066 13.4 638
1583072574205 13.51 639
1583072576390 13.63 640
1583072578565 13.66 641
1583072580708 13.65 642
1583072582849 13.69 643
1583072585013 13.73 644
1583072587192 13.76 645
1583072589395 13.8 646
1583072591520 13.9 647
1583072593678 13.89 648
1583072595839 13.89 649
1583072597999 13.97 650
1583072600129 13.98 651
1583072602304 13.87 652
1583072604486 13.84 653
1583072606675 13.87 654
1583072608869 13.94 655
1583072611049 13.88 656
1583072613221 13.82 657
1583072615403 13.78 658
1583072617554 13.79 659
1583072619692 13.71 660
1583072621836 13.78 661
1583072623988 13.75 662
1583072626201 13.83 663
1583072628376 13.79 664
1583072631010 13.9 665
1583072633570 13.9 666
1583072635739 13.87 667
1583072637883 13.9 668
1583072640054 13.82 669
1583072642219 13.87 670
1583072644406 13.85 671
1583072646627 13.78 672
1583072648816 13.82 673
1583072650968 13.8 674
1583072653144 13.97 675
1583072655261 14.01 676
1583072657401 13.98 677
1583072659545 13.97 678
1583072661708 13.96 679
1583072663848 13.99 680
1583072666014 14.0 681
1583072668179 14.0 682
1583072670338 14.02 683
1583072672497 14.0 684
1583072674646 14.07 685
1583072676830 14.17 686
1583072679023 14.26 687
1583072681224 14.32 688
1583072683401 14.28 689
1583072685589 14.23 690
1583072687752 14.12 691
1583072689908 14.18 692
1583072692101 14.16 693
1583072694268 14.13 694
1583072696419 14.09 695
1583072698581 14.09 696
1583072700738 14.03 697
1583072702916 13.97 698
1583072705089 14.02 699
1583072707271 14.1 700
1583072709451 14.08 701
1583072711620 14.11 702
1583072713771 14.13 703
1583072715952 14.1 704
1583072718130 14.16 705
1583072720305 14.18 706
1583072722484 14.28 707
1583072724644 14.22 708
1583072726805 14.28 709
1583072728983 14.31 710
1583072731164 14.36 711
1583072733335 14.29 712
1583072735503 14.29 713
1583072737700 14.33 714
1583072739852 14.35 715
1583072742020 14.43 716
1583072744237 14.34 717
1583072746409 14.31 718
1583072748568 14.4 719
1583072750721 14.44 720
1583072752902 14.36 721
1583072755067 14.34 722
1583072757229 14.38 723
1583072759438 14.4 724
1583072761633 14.3 725
1583072763786 14.27 726
1583072765943 14.29 727
1583072768118 14.41 728
1583072770298 14.48 729
1583072772453 14.46 730
1583072774621 14.4 731
1583072776786 14.39 732
1583072778977 14.37 733
1583072781157 14.37 734
1583072783327 14.32 735
1583072785495 14.31 736
1583072787648 14.25 737
1583072789840 14.3 738
1583072792026 14.15 739
1583072794241 14.12 740
1583072796423 14.1 741
1583072798577 14.08 742
1583072800765 14.16 743
1583072802943 14.19 744
1583072805109 14.17 745
1583072807279 14.14 746
1583072809412 14.14 747
1583072811607 14.18 748
1583072813773 14.15 749
1583072815947 14.14 750
1583072818139 14.17 751
1583072820290 14.26 752
1583072822482 14.35 753
1583072824669 14.33 754
1583072826853 14.33 755
1583072829034 14.37 756
1583072831207 14.39 757
1583072833378 14.43 758
1583072835523 14.44 759
1583072837664 14.48 760
1583072839824 14.58 761
1583072841978 14.62 762
1583072844111 14.65 763
1583072846270 14.59 764
1583072848447 14.58 765
1583072850632 14.57 766
1583072852757 14.6 767
1583072854922 14.58 768
1583072857065 14.66 769
1583072859236 14.63 770
1583072861396 14.74 771
1583072863560 14.9 772
1583072865712 14.87 773
1583072867883 14.9 774
1583072870053 14.88 775
1583072872206 14.95 776
1583072874375 14.97 777
1583072876553 14.96 778
1583072878706 14.94 779
1583072880876 14.99 780
1583072883061 14.91 781
1583072885247 14.94 782
1583072887427 15.03 783
1583072889620 15.0 784
1583072891789 14.94 785
1583072893945 14.9 786
1583072896130 14.9 787
1583072898271 14.85 788
1583072900444 14.89 789
1583072902629 14.96 790
1583072904827 14.94 791
1583072907016 14.91 792
1583072909184 14.94 793
1583072911369 14.97 794
1583072913557 15.01 795
1583072915740 15.03 796
1583072917919 15.11 797
1583072920087 15.14 798
1583072922237 15.14 799
1583072924426 15.12 800
1583072926609 15.13 801
1583072928781 15.12 802
1583072930936 15.09 803
1583072933102 15.12 804
1583072935302 15.04 805
1583072937492 15.01 806
1583072939695 14.94 807
1583072941888 14.92 808
1583072944087 14.99 809
1583072946284 15.04 810
1583072948480 14.98 811
1583072950655 15.03 812
1583072952813 15.11 813
1583072954974 15.13 814
1583072957141 15.12 815
1583072959321 15.07 816
1583072961486 15.08 817
1583072963650 15.08 818
1583072965807 15.1 819
1583072967974 15.09 820
1583072970149 15.27 821
1583072972303 15.36 822
1583072974469 15.44 823
1583072976650 15.5 824
1583072978828 15.66 825
1583072981008 15.61 826
1583072983168 15.56 827
1583072985366 15.48 828
1583072987555 15.36 829
1583072989709 15.37 830
1583072991854 15.37 831
1583072994031 15.39 832
1583072996223 15.35 833
1583072998404 15.43 834
1583073000523 15.43 835
1583073002692 15.44 836
1583073004862 15.56 837
1583073007024 15.52 838
1583073009209 15.56 839
1583073011380 15.61 840
1583073013531 15.56 841
1583073015696 15.54 842
1583073017862 15.48 843
1583073020053 15.46 844
1583073022239 15.48 845
1583073024419 15.44 846
1583073026585 15.55 847
1583073028742 15.53 848
1583073030913 15.58 849
1583073033098 15.57 850
1583073035277 15.61 851
1583073037455 15.69 852
1583073039631 15.62 853
1583073041801 15.71 854
1583073043959 15.65 855
1583073046139 15.71 856
1583073048301 15.71 857
1583073050492 15.66 858
1583073052661 15.64 859
1583073054824 15.58 860
1583073056978 15.55 861
1583073059145 15.59 862
1583073061345 15.48 863
1583073063544 15.64 864
1583073065704 15.69 865
1583073067868 15.77 866
1583073070034 15.71 867
1583073072196 15.69 868
1583073074371 15.65 869
1583073076560 15.68 870
1583073078725 15.65 871
1583073080894 15.59 872
1583073083065 15.6 873
1583073085246 15.61 874
1583073087417 15.52 875
1583073089591 15.49 876
1583073091759 15.42 877
1583073093919 15.4 878
1583073096050 15.5 879
1583073098209 15.51 880
1583073100378 15.57 881
1583073102580 15.68 882
1583073104773 15.6 883
1583073106936 15.67 884
1583073109118 15.67 885
1583073111280 15.68 886
1583073113447 15.65 887
1583073115640 15.67 888
1583073117800 15.59 889
1583073119973 15.61 890
1583073122157 15.68 891
1583073124321 15.64 892
1583073126513 15.65 893
1583073128673 15.68 894
1583073130845 15.69 895
1583073133004 15.65 896
1583073135170 15.52 897
1583073137352 15.51 898
1583073139534 15.48 899
1583073141708 15.45 900
1583073143871 15.44 901
1583073146059 15.48 902
1583073148238 15.47 903
1583073150402 15.44 904
1583073152581 15.42 905
1583073154731 15.47 906
1583073156877 15.47 907
1583073159054 15.47 908
1583073161241 15.41 909
1583073163407 15.38 910
1583073165579 15.35 911
1583073167782 15.32 912
1583073169961 15.21 913
1583073172141 15.21 914
1583073174320 15.12 915
1583073176504 15.12 916
1583073178670 15.15 917
1583073180832 15.19 918
1583073183008 15.21 919
1583073185212 15.18 920
1583073187385 15.21 921
1583073189560 15.14 922
1583073191712 15.04 923
1583073193831 14.98 924
1583073195996 14.89 925
1583073198184 14.86 926
1583073200346 14.94 927
1583073202530 14.99 928
1583073204683 15.05 929
1583073206824 15.1 930
1583073208994 15.07 931
1583073211182 15.05 932
1583073213364 15.14 933
1583073215525 15.12 934
1583073217678 15.15 935
1583073219830 15.18 936
1583073221999 15.2 937
1583073224163 15.26 938
1583073226329 15.33 939
1583073228502 15.31 940
1583073230678 15.37 941
1583073232841 15.47 942
1583073235016 15.45 943
1583073237226 15.43 944
1583073239403 15.47 945
1583073241568 15.52 946
1583073243745 15.48 947
1583073245907 15.51 948
1583073248086 15.49 949
1583073250267 15.5 950
1583073252480 15.42 951
1583073254668 15.34 952
1583073256857 15.39 953
1583073259042 15.35 954
1583073261216 15.36 955
1583073263383 15.37 956
1583073265590 15.29 957
1583073267758 15.32 958
1583073269954 15.33 959
1583073272127 15.46 960
1583073274292 15.46 961
1583073276466 15.43 962
1583073278660 15.45 963
1583073280864 15.34 964
1583073283045 15.22 965
1583073285233 15.23 966
1583073287404 15.31 967
1583073289599 15.32 968
1583073291807 15.33 969
1583073293968 15.31 970
1583073296150 15.28 971
1583073298315 15.42 972
1583073300466 15.35 973
1583073302641 15.36 974
1583073304783 15.46 975
1583073306941 15.47 976
1583073309130 15.53 977
1583073311319 15.57 978
1583073313461 15.52 979
1583073315638 15.41 980
1583073317786 15.53 981
1583073319933 15.38 982
1583073322118 15.4 983
1583073324281 15.42 984
1583073326439 15.5 985
1583073328626 15.5 986
1583073330800 15.49 987
1583073332991 15.42 988
1583073335170 15.52 989
1583073337353 15.5 990
1583073339521 15.53 991
1583073341681 15.62 992
1583073343833 15.63 993
1583073345997 15.61 994
1583073348158 15.57 995
1583073350331 15.55 996
1583073352502 15.64 997
1583073354670 15.7 998
1583073356841 15.74 999
1583073359009 15.78 1000
1583073361216 15.82 1001
1583073363410 15.85 1002
1583073365619 15.88 1003
1583073367769 15.89 1004
1583073369939 15.97 1005
1583073372138 15.91 1006
1583073374327 15.92 1007
1583073376480 16.02 1008
1583073378650 16.05 1009
1583073380809 16.03 1010
1583073382981 16.08 1011
1583073385176 16.11 1012
1583073387374 16.2 1013
1583073389538 16.19 1014
1583073391719 16.27 1015
1583073393906 16.33 1016
1583073396083 16.33 1017
1583073398272 16.32 1018
1583073400448 16.33 1019
1583073402653 16.32 1020
1583073404837 16.28 1021
1583073407013 16.3 1022
1583073409166 16.32 1023
1583073411359 16.33 1024
1583073413552 16.39 1025
1583073415741 16.47 1026
1583073417929 16.44 1027
1583073420104 16.46 1028
1583073422288 16.47 1029
1583073424465 16.34 1030
1583073426617 16.43 1031
1583073428784 16.47 1032
1583073430946 16.36 1033
1583073433126 16.42 1034
1583073435304 16.4 1035
1583073437490 16.3 1036
1583073439663 16.28 1037
1583073441827 16.28 1038
1583073444019 16.26 1039
1583073446204 16.21 1040
1583073448364 16.19 1041
1583073450520 16.13 1042
1583073452702 16.18 1043
1583073454871 16.25 1044
1583073457034 16.22 1045
1583073459222 16.28 1046
1583073461381 16.31 1047
1583073463541 16.31 1048
1583073465724 16.34 1049
1583073467891 16.39 1050
1583073470054 16.47 1051
1583073472223 16.44 1052
1583073474396 16.54 1053
1583073476572 16.58 1054
1583073478735 16.54 1055
1583073480886 16.47 1056
1583073483047 16.56 1057
1583073485224 16.6 1058
1583073487385 16.64 1059
1583073489569 16.57 1060
1583073491740 16.57 1061
1583073493898 16.59 1062
1583073496074 16.7 1063
1583073498240 16.78 1064
1583073500418 16.89 1065
1583073502604 16.89 1066
1583073504751 16.84 1067
1583073506934 16.8 1068
1583073509090 16.81 1069
1583073511262 16.79 1070
1583073513458 16.78 1071
1583073515617 16.68 1072
1583073517774 16.69 1073
1583073519933 16.71 1074
1583073522103 16.72 1075
1583073524281 16.66 1076
1583073526439 16.65 1077
1583073528577 16.72 1078
1583073530747 16.77 1079
1583073532916 16.89 1080
1583073535084 16.8 1081
1583073537238 16.87 1082
1583073539414 16.86 1083
1583073541583 16.93 1084
1583073543759 16.84 1085
1583073545926 16.8 1086
1583073548093 16.83 1087
1583073550255 16.97 1088
1583073552419 17.0 1089
1583073554592 17.03 1090
1583073556774 17.0 1091
1583073558955 17.02 1092
1583073561159 17.04 1093
1583073563321 17.07 1094
1583073565523 17.01 1095
1583073567702 17.11 1096
1583073569871 17.13 1097
1583073572034 17.07 1098
1583073574217 17.09 1099
1583073576396 17.02 1100
1583073578543 17.06 1101
1583073580736 16.98 1102
1583073582927 16.98 1103
1583073585089 16.95 1104
1583073587243 16.98 1105
1583073589409 17.07 1106
1583073591603 17.12 1107
1583073593802 17.12 1108
1583073595976 17.14 1109
1583073598124 17.13 1110
1583073600294 17.16 1111
1583073602478 17.22 1112
1583073604672 17.23 1113
1583073606844 17.17 1114
1583073608993 17.2 1115
1583073611169 17.18 1116
1583073613323 17.22 1117
1583073615512 17.2 1118
1583073617669 17.14 1119
1583073619838 17.13 1120
1583073621998 17.1 1121
1583073624160 17.1 1122
1583073626325 17.16 1123
1583073628487 17.17 1124
1583073630639 17.18 1125
1583073632807 17.18 1126
1583073634990 17.18 1127
1583073637193 17.09 1128
1583073639374 17.08 1129
1583073641549 17.21 1130
1583073643735 17.17 1131
1583073645914 17.11 1132
1583073648076 17.18 1133
1583073650233 17.08 1134
1583073652410 17.1 1135
1583073654582 17.26 1136
1583073656735 17.23 1137
1583073658879 17.24 1138
1583073661050 17.32 1139
1583073663217 17.34 1140
1583073665401 17.41 1141
1583073667569 17.38 1142
1583073669727 17.39 1143
1583073671889 17.36 1144
1583073674065 17.4 1145
1583073676253 17.34 1146
1583073678423 17.31 1147
1583073680606 17.29 1148
1583073682762 17.27 1149
1583073684942 17.25 1150
1583073687130 17.27 1151
1583073689316 17.33 1152
1583073691479 17.25 1153
1583073693631 17.14 1154
1583073695786 17.18 1155
1583073697961 17.21 1156
1583073700160 17.2 1157
1583073702354 17.14 1158
1583073704540 17.13 1159
1583073706700 17.19 1160
1583073708867 17.16 1161
1583073711059 17.18 1162
1583073713247 17.13 1163
1583073715425 17.14 1164
1583073717605 17.15 1165
1583073719788 17.09 1166
1583073721937 17.09 1167
1583073724108 17.02 1168
1583073726303 16.99 1169
1583073728458 17.05 1170
1583073730634 17.06 1171
1583073732787 17.06 1172
1583073734917 17.08 1173
1583073737095 17.11 1174
1583073739249 17.12 1175
1583073741390 17.16 1176
1583073743527 17.25 1177
1583073745676 17.24 1178
1583073747813 17.07 1179
1583073749958 17.04 1180
1583073752121 17.0 1181
1583073754306 16.99 1182
1583073756477 16.98 1183
1583073758640 16.93 1184
1583073760809 16.93 1185
1583073762957 16.99 1186
1583073765139 16.94 1187
1583073767319 16.92 1188
1583073769486 16.9 1189
1583073771687 16.83 1190
1583073773867 16.85 1191
1583073776022 16.84 1192
1583073778198 16.9 1193
1583073780391 16.81 1194
1583073782560 16.91 1195
1583073784738 16.9 1196
1583073786901 16.91 1197
1583073789059 16.91 1198
1583073791234 16.97 1199
1583073793339 17.08 1200
1583073795496 17.02 1201
1583073797655 17.04 1202
1583073799840 17.09 1203
1583073801993 17.18 1204
1583073804147 17.15 1205
1583073806296 17.12 1206
1583073808470 17.11 1207
1583073810662 17.09 1208
1583073812821 17.08 1209
1583073815016 17.14 1210
1583073817174 17.13 1211
1583073819309 17.08 1212
1583073821521 17.09 1213
1583073823693 17.21 1214
1583073825869 17.17 1215
1583073828059 17.18 1216
1583073830222 17.16 1217
1583073832387 17.22 1218
1583073834553 17.22 1219
1583073836729 17.26 1220
1583073838900 17.32 1221
1583073841078 17.33 1222
1583073843250 17.32 1223
1583073845409 17.36 1224
1583073847607 17.33 1225
1583073849809 17.31 1226
1583073851993 17.37 1227
1583073854175 17.34 1228
1583073856342 17.35 1229
1583073858530 17.32 1230
1583073860710 17.33 1231
1583073862881 17.37 1232
1583073865029 17.34 1233
1583073867206 17.38 1234
1583073869364 17.27 1235
1583073871529 17.24 1236
1583073873710 17.21 1237
1583073875884 17.24 1238
1583073878081 17.21 1239
1583073880254 17.2 1240
1583073882410 17.22 1241
1583073884575 17.28 1242
1583073886728 17.32 1243
1583073888891 17.2 1244
1583073891064 17.18 1245
1583073893251 17.14 1246
1583073895418 17.18 1247
1583073897595 17.17 1248
1583073899783 17.16 1249
1583073901950 17.1 1250
1583073904110 17.07 1251
1583073906295 17.09 1252
1583073908470 17.02 1253
1583073910634 17.08 1254
1583073912801 17.09 1255
1583073914941 17.12 1256
1583073917127 17.1 1257
1583073919306 17.18 1258
1583073921460 17.22 1259
1583073923617 17.19 1260
1583073925754 17.2 1261
1583073927920 17.17 1262
1583073930093 17.25 1263
1583073932254 17.22 1264
1583073934440 17.22 1265
1583073936610 17.29 1266
1583073938776 17.29 1267
1583073940940 17.36 1268
1583073943105 17.35 1269
1583073945268 17.33 1270
1583073947449 17.33 1271
1583073949602 17.31 1272
1583073951785 17.31 1273
1583073953949 17.31 1274
1583073956132 17.26 1275
1583073958319 17.27 1276
1583073960481 17.31 1277
1583073962657 17.33 1278
1583073964825 17.44 1279
1583073967000 17.39 1280
1583073969166 17.47 1281
1583073971316 17.5 1282
1583073973504 17.52 1283
1583073975682 17.53 1284
1583073977827 17.64 1285
1583073979978 17.66 1286
1583073982149 17.7 1287
1583073984337 17.65 1288
1583073986510 17.58 1289
1583073988688 17.57 1290
1583073990886 17.51 1291
1583073993050 17.46 1292
1583073995196 17.42 1293
1583073997370 17.43 1294
1583073999552 17.43 1295
1583074001758 17.42 1296
1583074003939 17.3 1297
1583074006097 17.35 1298
1583074008255 17.19 1299
1583074010422 17.15 1300
1583074012599 17.18 1301
1583074014785 17.21 1302
1583074016954 17.14 1303
1583074019111 17.09 1304
1583074021252 17.08 1305
1583074023415 17.09 1306
1583074025597 17.07 1307
1583074027764 17.1 1308
1583074029908 17.18 1309
1583074032079 17.16 1310
1583074034251 17.1 1311
1583074036440 17.09 1312
1583074038631 17.07 1313
1583074040808 16.99 1314
1583074042991 17.05 1315
1583074045184 17.03 1316
1583074047391 16.95 1317
1583074049553 16.91 1318
1583074051729 16.96 1319
1583074053875 16.9 1320
1583074056034 16.87 1321
1583074058219 16.86 1322
1583074060403 16.88 1323
1583074062591 16.86 1324
1583074064753 16.86 1325
1583074066933 16.95 1326
1583074069112 16.93 1327
1583074071301 16.97 1328
1583074073467 16.93 1329
1583074075641 16.91 1330
1583074077807 16.93 1331
1583074079973 16.9 1332
1583074082172 16.84 1333
1583074084333 16.88 1334
1583074086498 16.94 1335
1583074088652 16.93 1336
1583074090815 16.98 1337
1583074092985 16.95 1338
1583074095168 16.96 1339
1583074097373 16.98 1340
1583074099544 16.92 1341
1583074101726 16.91 1342
1583074103879 16.8 1343
1583074106056 16.87 1344
1583074108206 16.91 1345
1583074110379 16.97 1346
1583074112554 16.97 1347
1583074114709 17.0 1348
1583074116893 16.99 1349
1583074119066 17.0 1350
1583074121252 17.03 1351
1583074123409 16.93 1352
1583074125603 16.95 1353
1583074127770 17.0 1354
1583074129946 17.0 1355
1583074132113 17.01 1356
1583074134299 16.99 1357
1583074136503 16.97 1358
1583074138668 16.93 1359
1583074140846 16.87 1360
1583074143008 16.85 1361
1583074145211 16.79 1362
1583074147405 16.72 1363
1583074149594 16.66 1364
1583074151782 16.65 1365
1583074153960 16.6 1366
1583074156148 16.64 1367
1583074158319 16.68 1368
1583074160489 16.7 1369
1583074162688 16.68 1370
1583074164896 16.69 1371
1583074167071 16.73 1372
1583074169248 16.75 1373
1583074171433 16.67 1374
1583074173632 16.62 1375
1583074175849 16.63 1376
1583074178020 16.57 1377
1583074180217 16.47 1378
1583074182406 16.48 1379
1583074184601 16.5 1380
1583074186788 16.37 1381
1583074188960 16.36 1382
1583074191141 16.3 1383
1583074193303 16.25 1384
1583074195493 16.18 1385
1583074197694 16.21 1386
1583074199873 16.19 1387
1583074202047 16.2 1388
1583074204256 16.25 1389
1583074206432 16.28 1390
1583074208578 16.37 1391
1583074210752 16.45 1392
1583074212906 16.41 1393
1583074215103 16.53 1394
1583074217299 16.54 1395
1583074219452 16.55 1396
1583074221654 16.64 1397
1583074223812 16.61 1398
1583074226006 16.67 1399
1583074228181 16.65 1400
1583074230321 16.61 1401
1583074232503 16.67 1402
1583074234688 16.69 1403
1583074236854 16.54 1404
1583074239026 16.4 1405
1583074241206 16.39 1406
1583074243367 16.43 1407
1583074245546 16.37 1408
1583074247709 16.28 1409
1583074249878 16.24 1410
1583074252030 16.37 1411
1583074254206 16.29 1412
1583074256383 16.27 1413
1583074258564 16.21 1414
1583074260758 16.14 1415
1583074262941 16.08 1416
1583074265104 16.14 1417
1583074267267 16.18 1418
1583074269457 16.18 1419
1583074271649 16.26 1420
1583074273824 16.27 1421
1583074275999 16.28 1422
1583074278189 16.15 1423
1583074280387 16.09 1424
1583074282590 16.08 1425
1583074284784 16.06 1426
1583074286964 16.05 1427
1583074289165 16.0 1428
1583074291351 16.06 1429
1583074293521 16.03 1430
1583074295717 15.94 1431
1583074297893 16.0 1432
1583074300060 16.09 1433
1583074302243 16.07 1434
1583074304413 16.16 1435
1583074306561 16.11 1436
1583074308724 16.1 1437
1583074310892 16.14 1438
1583074313076 16.08 1439
1583074315256 16.12 1440
1583074317421 16.15 1441
1583074319607 16.14 1442
1583074321772 16.19 1443
1583074323939 16.2 1444
1583074326119 16.13 1445
1583074328274 16.18 1446
1583074330450 16.08 1447
1583074332604 16.06 1448
1583074334808 16.05 1449
1583074336981 16.09 1450
1583074339180 16.0 1451
1583074341363 16.09 1452
1583074343531 16.14 1453
1583074345685 16.12 1454
1583074347844 16.09 1455
1583074349995 16.08 1456
1583074352153 16.16 1457
1583074354322 16.1 1458
1583074356485 16.06 1459
1583074358658 16.06 1460
1583074360816 16.1 1461
1583074362988 16.13 1462
1583074365180 16.13 1463
1583074367352 16.22 1464
1583074369556 16.18 1465
1583074371750 16.15 1466
1583074373892 16.14 1467
1583074376056 16.14 1468
1583074378233 16.1 1469
1583074380403 16.1 1470
1583074382571 16.13 1471
1583074384724 16.11 1472
1583074386888 16.02 1473
1583074389047 15.98 1474
1583074391227 16.01 1475
1583074393406 16.01 1476
1583074395527 16.03 1477
1583074397685 16.12 1478
1583074399875 16.02 1479
1583074402032 16.03 1480
1583074404179 16.03 1481
1583074406349 16.0 1482
1583074408519 16.02 1483
1583074410708 16.05 1484
1583074412880 16.08 1485
1583074415035 16.13 1486
1583074417214 16.1 1487
1583074419388 16.04 1488
1583074421582 16.04 1489
1583074423761 16.04 1490
1583074425933 16.0 1491
1583074428114 15.93 1492
1583074430275 15.88 1493
1583074432443 15.82 1494
1583074434592 15.78 1495
1583074436761 15.78 1496
1583074438916 15.79 1497
1583074441083 15.78 1498
1583074443257 15.79 1499
1583074445421 15.78 1500
1583074447598 15.77 1501
1583074449773 15.69 1502
1583074451931 15.74 1503
1583074454100 15.9 1504
1583074456248 16.07 1505
1583074458406 16.05 1506
1583074460609 16.04 1507
1583074462778 16.08 1508
1583074464941 16.17 1509
1583074467093 16.03 1510
1583074469254 15.85 1511
1583074471430 15.96 1512
1583074473603 15.98 1513
1583074475763 16.06 1514
1583074477922 16.11 1515
1583074480091 16.15 1516
1583074482266 16.17 1517
1583074484430 16.18 1518
1583074486600 16.13 1519
1583074488805 16.13 1520
1583074490993 16.14 1521
1583074493161 16.07 1522
1583074495327 16.19 1523
1583074497506 16.19 1524
1583074499680 16.13 1525
1583074501869 16.11 1526
1583074504039 16.07 1527
1583074506200 16.15 1528
1583074508389 16.14 1529
1583074510544 16.1 1530
1583074512700 16.16 1531
1583074514863 16.13 1532
1583074517035 16.15 1533
1583074519189 16.14 1534
1583074521351 16.15 1535
1583074523541 16.15 1536
1583074525718 16.19 1537
1583074527901 16.13 1538
1583074530105 16.19 1539
1583074532278 16.13 1540
1583074534486 16.12 1541
1583074536634 16.16 1542
1583074538832 16.15 1543
1583074541000 16.13 1544
1583074543212 16.06 1545
1583074545387 16.0 1546
1583074547563 16.07 1547
1583074549728 16.06 1548
1583074551897 16.08 1549
1583074554068 16.01 1550
1583074556254 16.15 1551
1583074558430 16.03 1552
1583074560618 16.0 1553
1583074562799 15.89 1554
1583074564955 15.96 1555
1583074567110 15.92 1556
1583074569279 15.83 1557
1583074571471 15.87 1558
1583074573630 15.95 1559
1583074575803 16.01 1560
1583074577958 16.01 1561
1583074580133 16.01 1562
1583074582297 16.02 1563
1583074584484 15.99 1564
1583074586651 16.08 1565
1583074588833 16.12 1566
1583074591018 16.08 1567
1583074593183 16.07 1568
1583074595336 16.11 1569
1583074597516 16.16 1570
1583074599699 16.09 1571
1583074601851 16.12 1572
1583074604007 16.27 1573
1583074606184 16.34 1574
1583074608351 16.4 1575
1583074610506 16.34 1576
1583074612681 16.27 1577
1583074614842 16.25 1578
1583074617006 16.3 1579
1583074619178 16.34 1580
1583074621349 16.4 1581
1583074623512 16.43 1582
1583074625688 16.46 1583
1583074627850 16.46 1584
1583074630015 16.42 1585
1583074632199 16.34 1586
1583074634393 16.42 1587
1583074636556 16.49 1588
1583074638756 16.46 1589
1583074640910 16.41 1590
1583074643075 16.45 1591
1583074645252 16.51 1592
1583074647424 16.59 1593
1583074649596 16.64 1594
1583074651773 16.6 1595
1583074653967 16.56 1596
1583074656126 16.59 1597
1583074658283 16.61 1598
1583074660474 16.61 1599
1583074662645 16.64 1600
1583074664835 16.72 1601
1583074667007 16.69 1602
1583074669187 16.65 1603
1583074671351 16.64 1604
1583074673531 16.62 1605
1583074675696 16.71 1606
1583074677843 16.69 1607
1583074680018 16.63 1608
1583074682196 16.57 1609
1583074684352 16.78 1610
1583074686520 16.86 1611
1583074688693 16.82 1612
1583074690852 16.82 1613
1583074693037 16.91 1614
1583074695228 16.9 1615
1583074697457 16.93 1616
1583074699605 16.93 1617
1583074701821 16.9 1618
1583074703995 16.84 1619
1583074706170 16.8 1620
1583074708346 16.78 1621
1583074710507 16.89 1622
1583074712678 16.88 1623
1583074714843 16.91 1624
1583074717007 16.96 1625
1583074719201 16.9 1626
1583074721408 16.92 1627
1583074723577 16.93 1628
1583074725757 16.83 1629
1583074727922 16.93 1630
1583074730097 16.95 1631
1583074732296 16.93 1632
1583074734470 16.82 1633
1583074736636 16.85 1634
1583074738798 16.81 1635
1583074740997 16.81 1636
1583074743185 16.81 1637
1583074745368 16.78 1638
1583074747540 16.78 1639
1583074749743 16.86 1640
1583074751933 16.85 1641
1583074754115 16.81 1642
1583074756310 16.82 1643
1583074758520 16.86 1644
1583074760717 17.02 1645
1583074762903 17.06 1646
1583074765064 17.06 1647
1583074767221 17.12 1648
1583074769403 17.07 1649
1583074771589 17.06 1650
1583074773765 16.88 1651
1583074775934 16.92 1652
1583074778114 16.9 1653
1583074780280 16.97 1654
1583074782475 16.99 1655
1583074784652 16.99 1656
1583074786824 17.08 1657
1583074788996 17.1 1658
1583074791158 17.02 1659
1583074793335 16.99 1660
1583074795509 16.97 1661
1583074797682 16.9 1662
1583074799847 16.94 1663
1583074802033 16.9 1664
1583074804194 16.89 1665
1583074806362 16.82 1666
1583074808518 16.86 1667
1583074810679 16.89 1668
1583074812849 16.89 1669
1583074815054 16.88 1670
1583074817212 16.9 1671
1583074819386 16.85 1672
1583074821565 16.81 1673
1583074823736 16.85 1674
1583074825860 16.8 1675
1583074828016 16.87 1676
1583074830169 16.86 1677
1583074832345 16.75 1678
1583074834527 16.81 1679
1583074836651 16.82 1680
1583074838795 16.78 1681
1583074840966 16.8 1682
1583074843117 16.85 1683
1583074845261 16.87 1684
1583074847406 16.79 1685
1583074849538 16.79 1686
1583074851743 16.67 1687
1583074853933 16.64 1688
1583074856121 16.64 1689
1583074858314 16.75 1690
1583074860467 16.75 1691
1583074862655 16.67 1692
1583074864819 16.66 1693
1583074866997 16.68 1694
1583074869153 16.65 1695
1583074871333 16.67 1696
1583074873484 16.61 1697
1583074875636 16.56 1698
1583074877806 16.54 1699
1583074880009 16.59 1700
1583074882158 16.53 1701
1583074884344 16.63 1702
1583074886544 16.67 1703
1583074888702 16.66 1704
1583074890877 16.7 1705
1583074893027 16.65 1706
1583074895214 16.63 1707
1583074897359 16.68 1708
1583074899523 16.7 1709
1583074901687 16.5 1710
1583074903819 16.5 1711
1583074905996 16.47 1712
1583074908176 16.44 1713
1583074910353 16.39 1714
1583074912526 16.39 1715
1583074914690 16.44 1716
1583074916827 16.39 1717
1583074918998 16.38 1718
1583074921191 16.56 1719
1583074923351 16.62 1720
1583074925516 16.62 1721
1583074927693 16.63 1722
1583074929850 16.54 1723
1583074932020 16.53 1724
1583074934205 16.54 1725
1583074936389 16.57 1726
1583074938567 16.56 1727
1583074940753 16.57 1728
1583074942924 16.65 1729
1583074945079 16.65 1730
1583074947248 16.63 1731
1583074949427 16.55 1732
1583074951572 16.62 1733
1583074953731 16.56 1734
1583074955900 16.56 1735
1583074958056 16.63 1736
1583074960222 16.61 1737
1583074962365 16.62 1738
1583074964548 16.52 1739
1583074966733 16.41 1740
1583074968904 16.29 1741
1583074971058 16.33 1742
1583074973229 16.27 1743
1583074975412 16.22 1744
1583074977565 16.13 1745
1583074979758 16.1 1746
1583074981923 16.11 1747
1583074984068 16.05 1748
1583074986265 16.08 1749
1583074988458 16.12 1750
1583074990631 16.2 1751
1583074992820 16.23 1752
1583074994946 16.25 1753
1583074997099 16.23 1754
1583074999257 16.15 1755
1583075001426 16.15 1756
1583075003599 16.13 1757
1583075005776 16.08 1758
1583075007921 16.11 1759
1583075010060 16.14 1760
1583075012241 16.07 1761
1583075014429 16.21 1762
1583075016591 16.15 1763
1583075018765 16.17 1764
1583075020925 16.15 1765
1583075023105 16.28 1766
1583075025285 16.28 1767
1583075027460 16.26 1768
1583075029623 16.3 1769
1583075031797 16.33 1770
1583075033959 16.32 1771
1583075036126 16.39 1772
1583075038288 16.38 1773
1583075040454 16.4 1774
1583075042633 16.4 1775
1583075044791 16.31 1776
1583075046977 16.31 1777
1583075049155 16.3 1778
1583075051332 16.25 1779
1583075053482 16.25 1780
1583075055671 16.29 1781
1583075057831 16.25 1782
1583075060033 16.24 1783
1583075062195 16.29 1784
1583075064348 16.36 1785
1583075066502 16.33 1786
1583075068676 16.39 1787
1583075070849 16.44 1788
1583075073013 16.55 1789
1583075075190 16.4 1790
1583075077351 16.34 1791
1583075079529 16.35 1792
1583075081706 16.27 1793
1583075083858 16.19 1794
1583075086022 16.26 1795
1583075088209 16.28 1796
1583075090384 16.4 1797
1583075092548 16.46 1798
1583075094707 16.5 1799
1583075096876 16.45 1800
1583075099050 16.44 1801
1583075101227 16.35 1802
1583075103443 16.3 1803
1583075105606 16.26 1804
1583075107773 16.23 1805
1583075109926 16.22 1806
1583075112085 16.23 1807
1583075114263 16.28 1808
1583075116437 16.21 1809
1583075118581 16.27 1810
1583075120723 16.32 1811
1583075122892 16.32 1812
1583075125066 16.32 1813
1583075127229 16.25 1814
1583075129398 16.24 1815
1583075131587 16.24 1816
1583075133761 16.29 1817
1583075135912 16.24 1818
1583075138099 16.21 1819
1583075140289 16.16 1820
1583075142473 16.2 1821
1583075144654 16.2 1822
1583075146818 16.26 1823
1583075148974 16.23 1824
1583075151138 16.18 1825
1583075153312 16.19 1826
1583075155486 16.15 1827
1583075157690 16.11 1828
1583075159836 16.08 1829
1583075161974 16.11 1830
1583075164144 16.12 1831
1583075166342 16.13 1832
1583075168481 16.11 1833
1583075170649 16.14 1834
1583075172825 16.13 1835
1583075174977 16.16 1836
1583075177156 16.23 1837
1583075179348 16.28 1838
1583075181529 16.37 1839
1583075183704 16.42 1840
1583075185873 16.5 1841
1583075188032 16.48 1842
1583075190195 16.42 1843
1583075192367 16.41 1844
1583075194546 16.41 1845
1583075196704 16.4 1846
1583075198864 16.39 1847
1583075201026 16.38 1848
1583075203195 16.36 1849
1583075205374 16.44 1850
1583075207526 16.48 1851
1583075209707 16.52 1852
1583075211874 16.53 1853
1583075214051 16.56 1854
1583075216221 16.59 1855
1583075218394 16.65 1856
1583075220569 16.61 1857
1583075222738 16.71 1858
1583075224925 16.67 1859
1583075227084 16.68 1860
1583075229276 16.73 1861
1583075231467 16.68 1862
1583075233655 16.71 1863
1583075235841 16.68 1864
1583075237999 16.68 1865
1583075240160 16.66 1866
1583075242340 16.65 1867
1583075244523 16.66 1868
1583075246692 16.55 1869
1583075248854 16.52 1870
1583075251021 16.59 1871
1583075253189 16.55 1872
1583075255347 16.57 1873
1583075257521 16.56 1874
1583075259712 16.53 1875
1583075261882 16.59 1876
1583075264054 16.62 1877
1583075266214 16.68 1878
1583075268384 16.77 1879
1583075270545 16.75 1880
1583075272750 16.76 1881
1583075274920 16.83 1882
1583075277084 16.83 1883
1583075279226 16.74 1884
1583075281395 16.7 1885
1583075283564 16.71 1886
1583075285757 16.71 1887
1583075287920 16.71 1888
1583075290053 16.64 1889
1583075292246 16.77 1890
1583075294437 16.85 1891
1583075296597 16.92 1892
1583075298742 17.03 1893
1583075300910 17.02 1894
1583075303070 17.09 1895
1583075305224 17.1 1896
1583075307364 17.07 1897
1583075309521 17.08 1898
1583075311697 17.08 1899
1583075313849 17.05 1900
1583075315987 17.08 1901
1583075318164 17.11 1902
1583075320354 17.1 1903
1583075322531 17.12 1904
1583075324696 17.13 1905
1583075326870 17.1 1906
1583075329037 17.11 1907
1583075331246 17.07 1908
1583075333418 17.13 1909
1583075335587 17.25 1910
1583075337746 17.24 1911
1583075339918 17.17 1912
1583075342071 17.17 1913
1583075344251 17.15 1914
1583075346433 17.19 1915
1583075348629 17.15 1916
1583075350798 17.19 1917
1583075352974 17.23 1918
1583075355152 17.22 1919
1583075357344 17.27 1920
1583075359538 17.24 1921
1583075361709 17.19 1922
1583075363858 17.21 1923
1583075366039 17.22 1924
1583075368215 17.29 1925
1583075370391 17.3 1926
1583075372574 17.38 1927
1583075374758 17.34 1928
1583075376908 17.4 1929
1583075379092 17.28 1930
1583075381277 17.25 1931
1583075383453 17.34 1932
1583075385633 17.33 1933
1583075387800 17.35 1934
1583075389963 17.27 1935
1583075392128 17.23 1936
1583075394297 17.14 1937
1583075396449 17.12 1938
1583075398635 17.08 1939
1583075400807 17.12 1940
1583075402998 17.18 1941
1583075405180 17.16 1942
1583075407349 17.2 1943
1583075409527 17.25 1944
1583075411711 17.24 1945
1583075413874 17.22 1946
1583075416059 17.16 1947
1583075418213 17.16 1948
1583075420418 17.23 1949
1583075422594 17.14 1950
1583075424760 17.09 1951
1583075426943 17.09 1952
1583075429130 17.11 1953
1583075431291 17.1 1954
1583075433466 17.07 1955
1583075435644 17.05 1956
1583075437823 17.05 1957
1583075439985 16.99 1958
1583075442142 17.04 1959
1583075444291 17.03 1960
1583075446458 17.0 1961
1583075448632 17.04 1962
1583075450828 17.1 1963
1583075453008 17.16 1964
1583075455201 17.09 1965
1583075457395 17.06 1966
1583075459550 17.01 1967
1583075461707 16.92 1968
1583075463860 16.98 1969
1583075466022 16.98 1970
1583075468197 16.91 1971
1583075470375 16.82 1972
1583075472537 16.75 1973
1583075474731 16.72 1974
1583075476897 16.78 1975
1583075479082 16.75 1976
1583075481293 16.73 1977
1583075483503 16.78 1978
1583075485689 16.77 1979
1583075487834 16.81 1980
1583075489987 16.85 1981
1583075492167 16.81 1982
1583075494325 16.74 1983
1583075496496 16.81 1984
1583075498654 16.84 1985
1583075500805 16.8 1986
1583075502996 16.8 1987
1583075505156 16.81 1988
1583075507341 16.79 1989
1583075509503 16.78 1990
1583075511704 16.79 1991
1583075513851 16.75 1992
1583075516015 16.69 1993
1583075518213 16.75 1994
1583075520371 16.68 1995
1583075522546 16.62 1996
1583075524708 16.54 1997
1583075526871 16.51 1998
1583075529016 16.5 1999
1583075531198 16.49 2000
