1584641594472 1 1
1584641597112 1 2
1584641599534 1 3
1584641602022 1 4
1584641604564 1 5
1584641607066 1 6
1584641609368 1 7
1584641611709 1 8
1584641614128 1 9
1584641616601 1 10
1584641618886 1 11
1584641621142 1 12
1584641623593 1 13
1584641626028 1 14
1584641628470 1 15
1584641630738 1 16
1584641633042 1 17
1584641635256 1 18
1584641637533 1 19
1584641639799 1 20
1584641642064 1 21
1584641644381 1 22
1584641646667 1 23
1584641648937 1 24
1584641651225 1 25
1584641653504 1 26
1584641655795 1 27
1584641658041 1 28
1584641660295 1 29
1584641662572 1 30
1584641664899 1 31
1584641667182 1 32
1584641669392 1 33
1584641671636 1 34
1584641673942 1 35
1584641676187 1 36
1584641678488 1 37
1584641680754 1 38
1584641683220 1 39
1584641685553 1 40
1584641687834 1 41
1584641690097 1 42
1584641692306 1 43
1584641694562 1 44
1584641696772 1 45
1584641699097 1 46
1584641701387 1 47
1584641703809 1 48
1584641706064 1 49
1584641708414 1 50
1584641710707 1 51
1584641712980 1 52
1584641715297 1 53
1584641717548 1 54
1584641719785 1 55
1584641722048 1 56
1584641724386 1 57
1584641726623 1 58
1584641728877 1 59
1584641731125 1 60
1584641733403 1 61
1584641735648 1 62
1584641737894 1 63
1584641740185 1 64
1584641742443 1 65
1584641744783 1 66
1584641747076 1 67
1584641749333 1 68
1584641751569 1 69
1584641753875 1 70
1584641756159 1 71
1584641758422 1 72
1584641760684 1 73
1584641763484 1 74
1584641765769 1 75
1584641768035 1 76
1584641770286 1 77
1584641772528 1 78
1584641774912 1 79
1584641777209 1 80
1584641779763 1 81
1584641782029 1 82
1584641784328 1 83
1584641786569 1 84
1584641788798 1 85
1584641791062 1 86
1584641793325 1 87
1584641795594 1 88
1584641797866 1 89
1584641800120 1 90
1584641802400 1 91
1584641804701 1 92
1584641806962 1 93
1584641809211 1 94
1584641811571 1 95
1584641814031 1 96
1584641816282 1 97
1584641818535 1 98
1584641820806 1 99
1584641823177 1 100
1584641825499 1 101
1584641827782 1 102
1584641830045 1 103
1584641832314 1 104
1584641834626 1 105
1584641836974 1 106
1584641839230 1 107
1584641841744 1 108
1584641844572 1 109
1584641846877 1 110
1584641849155 1 111
1584641851439 1 112
1584641853704 1 113
1584641855952 1 114
1584641858214 1 115
1584641860491 1 116
1584641862824 1 117
1584641865104 1 118
1584641867382 1 119
1584641869642 1 120
1584641871968 1 121
1584641874276 1 122
1584641876858 1 123
1584641879098 1 124
1584641881381 1 125
1584641883775 1 126
1584641886079 1 127
1584641888334 1 128
1584641890586 1 129
1584641892858 1 130
1584641895136 1 131
1584641897409 1 132
1584641899654 1 133
1584641902076 1 134
1584641904453 1 135
1584641906749 1 136
1584641909563 1 137
1584641911862 1 138
1584641914257 1 139
1584641916550 1 140
1584641918852 1 141
1584641921118 1 142
1584641923378 1 143
1584641925644 1 144
1584641927953 1 145
1584641930332 1 146
1584641932636 1 147
1584641934911 1 148
1584641937303 1 149
1584641939578 1 150
1584641941948 1 151
1584641944335 1 152
1584641946585 1 153
1584641948840 1 154
1584641951148 1 155
1584641953437 1 156
1584641955749 1 157
1584641958049 1 158
1584641960286 1 159
1584641962558 1 160
1584641964898 1 161
1584641967227 1 162
1584641969473 1 163
1584641971802 1 164
1584641974305 1 165
1584641976598 1 166
1584641978877 1 167
1584641981208 1 168
1584641983503 1 169
1584641985797 1 170
1584641988086 1 171
1584641990335 1 172
1584641992598 1 173
1584641994873 1 174
1584641997168 1 175
1584641999544 1 176
1584642001888 1 177
1584642005057 1 178
1584642007322 1 179
1584642009719 1 180
1584642012038 1 181
1584642014357 1 182
1584642016635 1 183
1584642018931 1 184
1584642021203 1 185
1584642023463 1 186
1584642025742 1 187
1584642028059 1 188
1584642030345 1 189
1584642032616 1 190
1584642034996 1 191
1584642037276 1 192
1584642039562 1 193
1584642041867 1 194
1584642044174 1 195
1584642046463 1 196
1584642048765 1 197
1584642051067 1 198
1584642053389 1 199
1584642055659 1 200
1584642058039 1 201
1584642060348 1 202
1584642062773 1 203
1584642065158 1 204
1584642067439 1 205
1584642070139 1 206
1584642072453 1 207
1584642074781 1 208
1584642077080 1 209
1584642079389 1 210
1584642081766 1 211
1584642084136 1 212
1584642086404 1 213
1584642088732 1 214
1584642091031 1 215
1584642093345 1 216
1584642095610 1 217
1584642097859 1 218
1584642100169 1 219
1584642102428 1 220
1584642104764 1 221
1584642107088 1 222
1584642109363 1 223
1584642111611 1 224
1584642113941 1 225
1584642116230 1 226
1584642118514 1 227
1584642120812 1 228
1584642123216 1 229
1584642125509 1 230
1584642127793 1 231
1584642130119 1 232
1584642132419 1 233
1584642134749 1 234
1584642137085 1 235
1584642139375 1 236
1584642141649 1 237
1584642144265 1 238
1584642146553 1 239
1584642148838 1 240
1584642151203 1 241
1584642153533 1 242
1584642155851 1 243
1584642158152 1 244
1584642160480 1 245
1584642162780 1 246
1584642165061 1 247
1584642167627 1 248
1584642169931 1 249
1584642172221 1 250
1584642174576 1 251
1584642176914 1 252
1584642179228 1 253
1584642181577 1 254
1584642184188 1 255
1584642186496 1 256
1584642188782 1 257
1584642191082 1 258
1584642193375 1 259
1584642195683 1 260
1584642198336 1 261
1584642200645 1 262
1584642202961 1 263
1584642205347 1 264
1584642207957 1 265
1584642210602 1 266
1584642212994 1 267
1584642215690 1 268
1584642218244 1 269
1584642220575 1 270
1584642222962 1 271
1584642225329 1 272
1584642228029 1 273
1584642230464 1 274
1584642232796 1 275
1584642235151 1 276
1584642237541 1 277
1584642239836 1 278
1584642242209 1 279
1584642244582 1 280
1584642246896 1 281
1584642249257 1 282
1584642251537 1 283
1584642253897 1 284
1584642256208 1 285
1584642258620 1 286
1584642260994 1 287
1584642263716 1 288
1584642266175 1 289
1584642268490 1 290
1584642270757 1 291
1584642273185 1 292
1584642275515 1 293
1584642277770 1 294
1584642280086 1 295
1584642282370 1 296
1584642284730 1 297
1584642287023 1 298
1584642289346 1 299
1584642291631 1 300
1584642294130 1 301
1584642296404 1 302
1584642298748 1 303
1584642301133 1 304
1584642303988 1 305
1584642306294 1 306
1584642308628 1 307
1584642310940 1 308
1584642313246 1 309
1584642315555 1 310
1584642317858 1 311
1584642320121 1 312
1584642322458 1 313
1584642324817 1 314
1584642327153 1 315
1584642329530 1 316
1584642331932 1 317
1584642334248 1 318
1584642336601 1 319
1584642338897 1 320
1584642341200 1 321
1584642343517 1 322
1584642345830 1 323
1584642348161 1 324
1584642350481 1 325
1584642352800 1 326
1584642355177 1 327
1584642357477 1 328
1584642359991 1 329
1584642362312 1 330
1584642364645 1 331
1584642366918 1 332
1584642369184 1 333
1584642371458 1 334
1584642373742 1 335
1584642376053 1 336
1584642378388 1 337
1584642380711 1 338
1584642383007 1 339
1584642385301 1 340
1584642387619 1 341
1584642390137 1 342
1584642392441 1 343
1584642394797 1 344
1584642397122 1 345
1584642399410 1 346
1584642401726 1 347
1584642404030 1 348
1584642406314 1 349
1584642408610 1 350
1584642410878 1 351
1584642413155 1 352
1584642415409 1 353
1584642417717 1 354
1584642420019 1 355
1584642422348 1 356
1584642424824 1 357
1584642427134 1 358
1584642429427 1 359
1584642431747 1 360
1584642434059 1 361
1584642436316 1 362
1584642438597 1 363
1584642440884 1 364
1584642443147 1 365
1584642445479 1 366
1584642447776 1 367
1584642450071 1 368
1584642452373 1 369
1584642454692 1 370
1584642457264 1 371
1584642459528 1 372
1584642461830 1 373
1584642464098 1 374
1584642466350 1 375
1584642468639 1 376
1584642470956 1 377
1584642473227 1 378
1584642475527 1 379
1584642477840 1 380
1584642480145 1 381
1584642482472 1 382
1584642484853 1 383
1584642487155 1 384
1584642489431 1 385
1584642491724 1 386
1584642494038 1 387
1584642496322 1 388
1584642498644 1 389
1584642500927 1 390
1584642503207 1 391
1584642505498 1 392
1584642507754 1 393
1584642510069 1 394
1584642512348 1 395
1584642514631 1 396
1584642516999 1 397
1584642519289 1 398
1584642521555 1 399
1584642523958 1 400
1584642526315 1 401
1584642528615 1 402
1584642530950 1 403
1584642533247 1 404
1584642535513 1 405
1584642537795 1 406
1584642540081 1 407
1584642542395 1 408
1584642544978 1 409
1584642547312 1 410
1584642549612 1 411
1584642551999 1 412
1584642554583 1 413
1584642556896 1 414
1584642559210 1 415
1584642561549 1 416
1584642563875 1 417
1584642566209 1 418
1584642568525 1 419
1584642570845 1 420
1584642573207 1 421
1584642575558 1 422
1584642577970 1 423
1584642580297 1 424
1584642582609 1 425
1584642585022 1 426
1584642587490 1 427
1584642589832 1 428
1584642592124 1 429
1584642594422 1 430
1584642596751 1 431
1584642599072 1 432
1584642601593 1 433
1584642603985 1 434
1584642606306 1 435
1584642608629 1 436
1584642610930 1 437
1584642613338 1 438
1584642615631 1 439
1584642617928 1 440
1584642620221 1 441
1584642622475 1 442
1584642624797 1 443
1584642627075 1 444
1584642629397 1 445
1584642631705 1 446
1584642634017 1 447
1584642636303 1 448
1584642638637 1 449
1584642640973 1 450
1584642643310 1 451
1584642645622 1 452
1584642647970 1 453
1584642650488 1 454
1584642652812 1 455
1584642655169 1 456
1584642657489 1 457
1584642659806 1 458
1584642662126 1 459
1584642664594 1 460
1584642666916 1 461
1584642669238 1 462
1584642671572 1 463
1584642673888 1 464
1584642676230 1 465
1584642678549 1 466
1584642680916 1 467
1584642683212 1 468
1584642685540 1 469
1584642687853 1 470
1584642690138 1 471
1584642692398 1 472
1584642694677 1 473
1584642696954 1 474
1584642699263 1 475
1584642701590 1 476
1584642703932 1 477
1584642706211 1 478
1584642708480 1 479
1584642710805 1 480
1584642713110 1 481
1584642715407 1 482
1584642717780 1 483
1584642720126 1 484
1584642722394 1 485
1584642724823 1 486
1584642727246 1 487
1584642729503 1 488
1584642731854 1 489
1584642734177 1 490
1584642736511 1 491
1584642738827 1 492
1584642741225 1 493
1584642743473 1 494
1584642745942 1 495
1584642748277 1 496
1584642750535 1 497
1584642752889 1 498
1584642755160 1 499
1584642757447 1 500
1584642759837 1 501
1584642762216 1 502
1584642764512 1 503
1584642766811 1 504
1584642769088 1 505
1584642772169 1 506
1584642775023 1 507
1584642782777 1 508
1584642785701 1 509
1584642788059 1 510
1584642790431 1 511
1584642793073 1 512
1584642795396 1 513
1584642797711 1 514
1584642800072 1 515
1584642802772 1 516
1584642805302 1 517
1584642807812 1 518
1584642811843 1 519
1584642814337 1 520
1584642817679 1 521
1584642819966 1 522
1584642822370 1 523
1584642824763 1 524
1584642827158 1 525
1584642829514 1 526
1584642831898 1 527
1584642834256 1 528
1584642836898 1 529
1584642839433 1 530
1584642841901 1 531
1584642844969 1 532
1584642847368 1 533
1584642849706 1 534
1584642852066 1 535
1584642854544 1 536
1584642857017 1 537
1584642859296 1 538
1584642861578 1 539
1584642863914 1 540
1584642866265 1 541
1584642868578 1 542
1584642870898 1 543
1584642873266 1 544
1584642875694 1 545
1584642877997 1 546
1584642880332 1 547
1584642882664 1 548
1584642885027 1 549
1584642887371 1 550
1584642889696 1 551
1584642892055 1 552
1584642894409 1 553
1584642896749 1 554
1584642899063 1 555
1584642901636 1 556
1584642905624 1 557
1584642908274 1 558
1584642911229 1 559
1584642915040 1 560
1584642919275 1 561
1584642922211 1 562
1584642926037 1 563
1584642929216 1 564
1584642932654 1 565
1584642936439 1 566
1584642939962 1 567
1584642943759 1 568
1584642946512 1 569
1584642949756 1 570
1584642953235 1 571
1584642956491 1 572
1584642959259 1 573
1584642962375 1 574
1584642965714 1 575
1584642968374 1 576
1584642971167 1 577
1584642974019 1 578
1584642977435 1 579
1584642980477 1 580
1584642983260 1 581
1584642985854 1 582
1584642988515 1 583
1584642991663 1 584
1584642994422 1 585
1584642997352 1 586
1584643000667 1 587
1584643003982 1 588
1584643006411 1 589
1584643009365 1 590
1584643012269 1 591
1584643015008 1 592
1584643017880 1 593
1584643021877 1 594
1584643025684 1 595
1584643028712 1 596
1584643031467 1 597
1584643034119 1 598
1584643036587 1 599
1584643039934 1 600
1584643042709 1 601
1584643045316 1 602
1584643048091 1 603
1584643051070 1 604
1584643053775 1 605
1584643056920 1 606
1584643059760 1 607
1584643062880 1 608
1584643066062 1 609
1584643068717 1 610
1584643071242 1 611
1584643074470 1 612
1584643077426 1 613
1584643079944 1 614
1584643083376 1 615
1584643086471 1 616
1584643089163 1 617
1584643092082 1 618
1584643094990 1 619
1584643098361 1 620
1584643101205 1 621
1584643104252 1 622
1584643107086 1 623
1584643109780 1 624
1584643112766 1 625
1584643115577 1 626
1584643118957 1 627
1584643121764 1 628
1584643124240 1 629
1584643126926 1 630
1584643129989 1 631
1584643132754 1 632
1584643136485 1 633
1584643139209 1 634
1584643142208 1 635
1584643145677 1 636
1584643148490 1 637
1584643151109 1 638
1584643153690 1 639
1584643156194 1 640
1584643158799 1 641
1584643161395 1 642
1584643163850 1 643
1584643166404 1 644
1584643169505 1 645
1584643172174 1 646
1584643175355 1 647
1584643178201 1 648
1584643180886 1 649
1584643183637 1 650
1584643186285 1 651
1584643188879 1 652
1584643191644 1 653
1584643194418 1 654
1584643197711 1 655
1584643200917 1 656
1584643204228 1 657
1584643207057 1 658
1584643209489 1 659
1584643212187 1 660
1584643215153 1 661
1584643217631 1 662
1584643220141 1 663
1584643222806 1 664
1584643226045 1 665
1584643229401 1 666
1584643232111 1 667
1584643235490 1 668
1584643238391 1 669
1584643241326 1 670
1584643243919 1 671
1584643246726 1 672
1584643250029 1 673
1584643253015 1 674
1584643255943 1 675
1584643259160 1 676
1584643262023 1 677
1584643266198 1 678
1584643269503 1 679
1584643272741 1 680
1584643275512 1 681
1584643278593 1 682
1584643283530 1 683
1584643288236 1 684
1584643291760 1 685
1584643295302 1 686
1584643298630 1 687
1584643302135 1 688
1584643305200 1 689
1584643308273 1 690
1584643311682 1 691
1584643314971 1 692
1584643318173 1 693
1584643321715 1 694
1584643325905 1 695
1584643328997 1 696
1584643333778 1 697
1584643336997 1 698
1584643339831 1 699
1584643342790 1 700
1584643346040 1 701
1584643348953 1 702
1584643352272 1 703
1584643355656 1 704
1584643358644 1 705
1584643361576 1 706
1584643364836 1 707
1584643368052 1 708
1584643371290 1 709
1584643374374 1 710
1584643377608 1 711
1584643380764 1 712
1584643384829 1 713
1584643388983 1 714
1584643392867 1 715
1584643396159 1 716
1584643399574 1 717
1584643402455 1 718
1584643405231 1 719
1584643407878 1 720
1584643411388 1 721
1584643414714 1 722
1584643418189 1 723
1584643421200 1 724
1584643424449 1 725
1584643427427 1 726
1584643430971 1 727
1584643434305 1 728
1584643437302 1 729
1584643440020 1 730
1584643443276 1 731
1584643446491 1 732
1584643451087 1 733
1584643454393 1 734
1584643457485 1 735
1584643461195 1 736
1584643464063 1 737
1584643467027 1 738
1584643470306 1 739
1584643473704 1 740
1584643476869 1 741
1584643479726 1 742
1584643482658 1 743
1584643485320 1 744
1584643488240 1 745
1584643491027 1 746
1584643493697 1 747
1584643496477 1 748
1584643499354 1 749
1584643502652 1 750
1584643505868 1 751
1584643508706 1 752
1584643511621 1 753
1584643514514 1 754
1584643517678 1 755
1584643521143 1 756
1584643524258 1 757
1584643527398 1 758
1584643530022 1 759
1584643533038 1 760
1584643536302 1 761
1584643539192 1 762
1584643541889 1 763
1584643544679 1 764
1584643548363 1 765
1584643551214 1 766
1584643553992 1 767
1584643556946 1 768
1584643560114 1 769
1584643564185 1 770
1584643567658 1 771
1584643570966 1 772
1584643574645 1 773
1584643577794 1 774
1584643581630 1 775
1584643587107 1 776
1584643591617 1 777
1584643595872 1 778
1584643599098 1 779
1584643602417 1 780
1584643605318 1 781
1584643608665 1 782
1584643611809 1 783
1584643614763 1 784
1584643617870 1 785
1584643621602 1 786
1584643625296 1 787
1584643628462 1 788
1584643631734 1 789
1584643634894 1 790
1584643638580 1 791
1584643641669 1 792
1584643645430 1 793
1584643648427 1 794
1584643652228 1 795
1584643655576 1 796
1584643658436 1 797
1584643660971 1 798
1584643663373 1 799
1584643665742 1 800
1584643668277 1 801
1584643670687 1 802
1584643673056 1 803
1584643675441 1 804
1584643677801 1 805
1584643680256 1 806
1584643682728 1 807
1584643685128 1 808
1584643687582 1 809
1584643689938 1 810
1584643692443 1 811
1584643694845 1 812
1584643697190 1 813
1584643699533 1 814
1584643701909 1 815
1584643704349 1 816
1584643709386 1 817
1584643712971 1 818
1584643715866 1 819
1584643718503 1 820
1584643721315 1 821
1584643724190 1 822
1584643726795 1 823
1584643729338 1 824
1584643731801 1 825
1584643734303 1 826
1584643736758 1 827
1584643739210 1 828
1584643741659 1 829
1584643744232 1 830
1584643746588 1 831
1584643749057 1 832
1584643751430 1 833
1584643754237 1 834
1584643756774 1 835
1584643759906 1 836
1584643762283 1 837
1584643764777 1 838
1584643767219 1 839
1584643769684 1 840
1584643772490 1 841
1584643775137 1 842
1584643777702 1 843
1584643780410 1 844
1584643783275 1 845
1584643786692 1 846
1584643789826 1 847
1584643792931 1 848
1584643800323 1 849
1584643804853 1 850
1584643807247 1 851
1584643809632 1 852
1584643812044 1 853
1584643815683 1 854
1584643818742 1 855
1584643821660 1 856
1584643826017 1 857
1584643828845 1 858
1584643831836 1 859
1584643834544 1 860
1584643837063 1 861
1584643840116 1 862
1584643842965 1 863
1584643845729 1 864
1584643848420 1 865
1584643851314 1 866
1584643854508 1 867
1584643857161 1 868
1584643859667 1 869
1584643862061 1 870
1584643864586 1 871
1584643866932 1 872
1584643869305 1 873
1584643871882 1 874
1584643874489 1 875
1584643877186 1 876
1584643879559 1 877
1584643882012 1 878
1584643884694 1 879
1584643887241 1 880
1584643889727 1 881
1584643892611 1 882
1584643894980 1 883
1584643897502 1 884
1584643900104 1 885
1584643902804 1 886
1584643905735 1 887
1584643908201 1 888
1584643910802 1 889
1584643913616 1 890
1584643916202 1 891
1584643918593 1 892
1584643921349 1 893
1584643923956 1 894
1584643926555 1 895
1584643929036 1 896
1584643931785 1 897
1584643934621 1 898
1584643937391 1 899
1584643939978 1 900
1584643942736 1 901
1584643945208 1 902
1584643947691 1 903
1584643950080 1 904
1584643952680 1 905
1584643955297 1 906
1584643958326 1 907
1584643960861 1 908
1584643963437 1 909
1584643966001 1 910
1584643968634 1 911
1584643971012 1 912
1584643973408 1 913
1584643975792 1 914
1584643978317 1 915
1584643980670 1 916
1584643983205 1 917
1584643985564 1 918
1584643987923 1 919
1584643990258 1 920
1584643993019 1 921
1584643995668 1 922
1584643998311 1 923
1584644001116 1 924
1584644004348 1 925
1584644007452 1 926
1584644009840 1 927
1584644012497 1 928
1584644015021 1 929
1584644017419 1 930
1584644019881 1 931
1584644022265 1 932
1584644024637 1 933
1584644026961 1 934
1584644029252 1 935
1584644031520 1 936
1584644033896 1 937
1584644036268 1 938
1584644038776 1 939
1584644041318 1 940
1584644043993 1 941
1584644046336 1 942
1584644048684 1 943
1584644051040 1 944
1584644053474 1 945
1584644055902 1 946
1584644058579 1 947
1584644061104 1 948
1584644063380 1 949
1584644065854 1 950
1584644068466 1 951
1584644071148 1 952
1584644073602 1 953
1584644076035 1 954
1584644079116 1 955
1584644081668 1 956
1584644084322 1 957
1584644086727 1 958
1584644089069 1 959
1584644091539 1 960
1584644094195 1 961
1584644096710 1 962
1584644099035 1 963
1584644101537 1 964
1584644106177 1 965
1584644110846 1 966
1584644116546 1 967
1584644120602 1 968
1584644123741 1 969
1584644126866 1 970
1584644129699 1 971
1584644133528 1 972
1584644137728 1 973
1584644140166 1 974
1584644143305 1 975
1584644145844 1 976
1584644148696 1 977
1584644151632 1 978
1584644154610 1 979
1584644159349 1 980
1584644162126 1 981
1584644164707 1 982
1584644167077 1 983
1584644169452 1 984
1584644171934 1 985
1584644174304 1 986
1584644176687 1 987
1584644179141 1 988
1584644181560 1 989
1584644184005 1 990
1584644186436 1 991
1584644188854 1 992
1584644191563 1 993
1584644194279 1 994
1584644196895 1 995
1584644199569 1 996
1584644202158 1 997
1584644204612 1 998
1584644207527 1 999
1584644210112 1 1000
1584644212756 1 1001
1584644215175 1 1002
1584644217584 1 1003
1584644220783 1 1004
1584644223410 1 1005
1584644226164 1 1006
1584644228831 1 1007
1584644231529 1 1008
1584644234020 1 1009
1584644236433 1 1010
1584644239265 1 1011
1584644242111 1 1012
1584644244869 1 1013
1584644247543 1 1014
1584644250091 1 1015
1584644252767 1 1016
1584644255683 1 1017
1584644258378 1 1018
1584644260903 1 1019
1584644263470 1 1020
1584644266027 1 1021
1584644268757 1 1022
1584644271408 1 1023
1584644274058 1 1024
1584644276801 1 1025
1584644279396 1 1026
1584644282160 1 1027
1584644284854 1 1028
1584644287387 1 1029
1584644289740 1 1030
1584644292117 1 1031
1584644294954 1 1032
1584644297343 1 1033
1584644300003 1 1034
1584644302665 1 1035
1584644305805 1 1036
1584644308264 1 1037
1584644310902 1 1038
1584644313365 1 1039
1584644316000 1 1040
1584644318607 1 1041
1584644321194 1 1042
1584644323820 1 1043
1584644326293 1 1044
1584644329011 1 1045
1584644331605 1 1046
1584644334242 1 1047
1584644337481 1 1048
1584644339959 1 1049
1584644342489 1 1050
1584644345272 1 1051
1584644347842 1 1052
1584644350564 1 1053
1584644353168 1 1054
1584644355733 1 1055
1584644358283 1 1056
1584644360954 1 1057
1584644363595 1 1058
1584644366442 1 1059
1584644369009 1 1060
1584644371652 1 1061
1584644374171 1 1062
1584644376910 1 1063
1584644379413 1 1064
1584644382426 1 1065
1584644385091 1 1066
1584644387506 1 1067
1584644389853 1 1068
1584644392358 1 1069
1584644394947 1 1070
1584644397662 1 1071
1584644400358 1 1072
1584644403575 1 1073
1584644406380 1 1074
1584644408989 1 1075
1584644411453 1 1076
1584644414359 1 1077
1584644416857 1 1078
1584644419511 1 1079
1584644421961 1 1080
1584644424402 1 1081
1584644426785 1 1082
1584644429145 1 1083
1584644431503 1 1084
1584644434113 1 1085
1584644436692 1 1086
1584644438990 1 1087
1584644441375 1 1088
1584644443801 1 1089
1584644446092 1 1090
1584644448461 1 1091
1584644450809 1 1092
1584644453131 1 1093
1584644455558 1 1094
1584644457909 1 1095
1584644460279 1 1096
1584644462727 1 1097
1584644465597 1 1098
1584644467994 1 1099
1584644470434 1 1100
1584644473264 1 1101
1584644475942 1 1102
1584644478277 1 1103
1584644480662 1 1104
1584644483021 1 1105
1584644485441 1 1106
1584644487884 1 1107
1584644490286 1 1108
1584644492744 1 1109
1584644495064 1 1110
1584644497383 1 1111
1584644500067 1 1112
1584644502460 1 1113
1584644504938 1 1114
1584644507355 1 1115
1584644509713 1 1116
1584644512309 1 1117
1584644514685 1 1118
1584644516984 1 1119
1584644519363 1 1120
1584644521901 1 1121
1584644524785 1 1122
1584644527170 1 1123
1584644530161 1 1124
1584644533301 1 1125
1584644535684 1 1126
1584644538108 1 1127
1584644540505 1 1128
1584644542827 1 1129
1584644545265 1 1130
1584644547612 1 1131
1584644549951 1 1132
1584644552357 1 1133
1584644554734 1 1134
1584644557110 1 1135
1584644559512 1 1136
1584644561829 1 1137
1584644564221 1 1138
1584644566618 1 1139
1584644568978 1 1140
1584644571376 1 1141
1584644573758 1 1142
1584644576301 1 1143
1584644578627 1 1144
1584644580989 1 1145
1584644583495 1 1146
1584644585895 1 1147
1584644589061 1 1148
1584644591480 1 1149
1584644593910 1 1150
1584644596629 1 1151
1584644599011 1 1152
1584644601367 1 1153
1584644603787 1 1154
1584644606212 1 1155
1584644608585 1 1156
1584644610890 1 1157
1584644613319 1 1158
1584644615673 1 1159
1584644618086 1 1160
1584644620445 1 1161
1584644622852 1 1162
1584644625272 1 1163
1584644627692 1 1164
1584644630059 1 1165
1584644632466 1 1166
1584644634764 1 1167
1584644637193 1 1168
1584644639551 1 1169
1584644641988 1 1170
1584644644606 1 1171
1584644647261 1 1172
1584644650186 1 1173
1584644653253 1 1174
1584644655911 1 1175
1584644658482 1 1176
1584644661166 1 1177
1584644663690 1 1178
1584644666436 1 1179
1584644669049 1 1180
1584644671729 1 1181
1584644674515 1 1182
1584644677120 1 1183
1584644679639 1 1184
1584644682067 1 1185
1584644684669 1 1186
1584644687548 1 1187
1584644690049 1 1188
1584644692681 1 1189
1584644695175 1 1190
1584644697973 1 1191
1584644700656 1 1192
1584644703758 1 1193
1584644706359 1 1194
1584644709036 1 1195
1584644711707 1 1196
1584644714858 1 1197
1584644718201 1 1198
1584644720871 1 1199
1584644724124 1 1200
1584644727872 1 1201
1584644730798 1 1202
1584644733527 1 1203
1584644735911 1 1204
1584644738342 1 1205
1584644740734 1 1206
1584644743514 1 1207
1584644746108 1 1208
1584644748517 1 1209
1584644750901 1 1210
1584644753672 1 1211
1584644756203 1 1212
1584644758647 1 1213
1584644761055 1 1214
1584644763554 1 1215
1584644766057 1 1216
1584644768439 1 1217
1584644770774 1 1218
1584644773155 1 1219
1584644775577 1 1220
1584644777971 1 1221
1584644780409 1 1222
1584644782932 1 1223
1584644785846 1 1224
1584644789038 1 1225
1584644792068 1 1226
1584644794510 1 1227
1584644797272 1 1228
1584644799623 1 1229
1584644802022 1 1230
1584644804481 1 1231
1584644807049 1 1232
1584644809570 1 1233
1584644812181 1 1234
1584644814874 1 1235
1584644817605 1 1236
1584644820438 1 1237
1584644823707 1 1238
1584644826279 1 1239
1584644828667 1 1240
1584644831516 1 1241
1584644834087 1 1242
1584644836722 1 1243
1584644839477 1 1244
1584644842026 1 1245
1584644846360 1 1246
1584644849417 1 1247
1584644852270 1 1248
1584644855906 1 1249
1584644859704 1 1250
1584644863162 1 1251
1584644867139 1 1252
1584644870891 1 1253
1584644874193 1 1254
1584644877524 1 1255
1584644880969 1 1256
1584644884494 1 1257
1584644887615 1 1258
1584644890466 1 1259
1584644893076 1 1260
1584644895871 1 1261
1584644899254 1 1262
1584644902238 1 1263
1584644905145 1 1264
1584644908055 1 1265
1584644910776 1 1266
1584644913649 1 1267
1584644916073 1 1268
1584644918696 1 1269
1584644921294 1 1270
1584644924288 1 1271
1584644927528 1 1272
1584644930595 1 1273
1584644933340 1 1274
1584644936008 1 1275
1584644939094 1 1276
1584644941811 1 1277
1584644945083 1 1278
1584644948397 1 1279
1584644951250 1 1280
1584644954184 1 1281
1584644956996 1 1282
1584644959486 1 1283
1584644962203 1 1284
1584644964700 1 1285
1584644967192 1 1286
1584644969672 1 1287
1584644972334 1 1288
1584644974820 1 1289
1584644977422 1 1290
1584644979864 1 1291
1584644982567 1 1292
1584644985271 1 1293
1584644988118 1 1294
1584644991207 1 1295
1584644993996 1 1296
1584644996905 1 1297
1584645000435 1 1298
1584645003507 1 1299
1584645006414 1 1300
1584645010315 1 1301
1584645015381 1 1302
1584645018167 1 1303
1584645021254 1 1304
1584645024331 1 1305
1584645027331 1 1306
1584645030979 1 1307
1584645034110 1 1308
1584645037249 1 1309
1584645039824 1 1310
1584645042601 1 1311
1584645045974 1 1312
1584645048740 1 1313
1584645051333 1 1314
1584645053931 1 1315
1584645056779 1 1316
1584645059868 1 1317
1584645063343 1 1318
1584645066318 1 1319
1584645069502 1 1320
1584645072405 1 1321
1584645075626 1 1322
1584645078853 1 1323
1584645082719 1 1324
1584645085611 1 1325
1584645088669 1 1326
1584645091689 1 1327
1584645095234 1 1328
1584645098380 1 1329
1584645102994 1 1330
1584645106294 1 1331
1584645109555 1 1332
1584645112392 1 1333
1584645115637 1 1334
1584645119227 1 1335
1584645125331 1 1336
1584645131457 1 1337
1584645134243 1 1338
1584645136754 1 1339
1584645139530 1 1340
1584645144415 1 1341
1584645151225 1 1342
1584645157110 1 1343
1584645159987 1 1344
1584645162876 1 1345
1584645165484 1 1346
1584645168591 1 1347
1584645171597 1 1348
1584645174316 1 1349
1584645178785 1 1350
1584645186852 1 1351
1584645195586 1 1352
1584645199853 1 1353
1584645202706 1 1354
1584645206941 1 1355
1584645210234 1 1356
1584645213028 1 1357
1584645215670 1 1358
1584645219075 1 1359
1584645223950 1 1360
1584645226968 1 1361
1584645229779 1 1362
1584645232834 1 1363
1584645237160 1 1364
1584645241825 1 1365
1584645244691 1 1366
1584645247519 1 1367
1584645250470 1 1368
1584645253657 1 1369
1584645256647 1 1370
1584645259603 1 1371
1584645262587 1 1372
1584645265610 1 1373
1584645268643 1 1374
1584645271707 1 1375
1584645274971 1 1376
1584645278621 1 1377
1584645281539 1 1378
1584645284545 1 1379
1584645287502 1 1380
1584645290555 1 1381
1584645293419 1 1382
1584645296330 1 1383
1584645299222 1 1384
1584645302338 1 1385
1584645305570 1 1386
1584645308828 1 1387
1584645311695 1 1388
1584645314649 1 1389
1584645317652 1 1390
1584645320544 1 1391
1584645323430 1 1392
1584645326352 1 1393
1584645329316 1 1394
1584645332557 1 1395
1584645335502 1 1396
1584645338889 1 1397
1584645341823 1 1398
1584645344898 1 1399
1584645348842 1 1400
1584645352900 1 1401
1584645356403 1 1402
1584645359465 1 1403
1584645362525 1 1404
1584645365520 1 1405
1584645368493 1 1406
1584645371474 1 1407
1584645375023 1 1408
1584645377923 1 1409
1584645380811 1 1410
1584645383882 1 1411
1584645386974 1 1412
1584645389976 1 1413
1584645393071 1 1414
1584645396041 1 1415
1584645398896 1 1416
1584645401922 1 1417
1584645404938 1 1418
1584645407789 1 1419
1584645410714 1 1420
1584645413573 1 1421
1584645416645 1 1422
1584645419679 1 1423
1584645422733 1 1424
1584645428356 1 1425
1584645434096 1 1426
1584645437632 1 1427
1584645440516 1 1428
1584645443763 1 1429
1584645446855 1 1430
1584645449877 1 1431
1584645452842 1 1432
1584645455787 1 1433
1584645458865 1 1434
1584645461752 1 1435
1584645464864 1 1436
1584645467989 1 1437
1584645471585 1 1438
1584645474611 1 1439
1584645477712 1 1440
1584645480728 1 1441
1584645483912 1 1442
1584645486888 1 1443
1584645489900 1 1444
1584645492947 1 1445
1584645495790 1 1446
1584645498792 1 1447
1584645501828 1 1448
1584645504848 1 1449
1584645508257 1 1450
1584645511146 1 1451
1584645514245 1 1452
1584645517269 1 1453
1584645520214 1 1454
1584645523271 1 1455
1584645526203 1 1456
1584645529196 1 1457
1584645532423 1 1458
1584645535337 1 1459
1584645538228 1 1460
1584645541376 1 1461
1584645545185 1 1462
1584645548145 1 1463
1584645551097 1 1464
1584645554067 1 1465
1584645557078 1 1466
1584645560235 1 1467
1584645563454 1 1468
1584645567110 1 1469
1584645570700 1 1470
1584645573837 1 1471
1584645577208 1 1472
1584645580318 1 1473
1584645583469 1 1474
1584645586496 1 1475
1584645589561 1 1476
1584645592636 1 1477
1584645595653 1 1478
1584645598891 1 1479
1584645602286 1 1480
1584645605588 1 1481
1584645608569 1 1482
1584645611490 1 1483
1584645614731 1 1484
1584645617728 1 1485
1584645620649 1 1486
1584645623572 1 1487
1584645626605 1 1488
1584645629845 1 1489
1584645632780 1 1490
1584645635905 1 1491
1584645639169 1 1492
1584645642220 1 1493
1584645645238 1 1494
1584645648349 1 1495
1584645651454 1 1496
1584645654534 1 1497
1584645657674 1 1498
1584645660719 1 1499
1584645664590 1 1500
1584645669571 1 1501
1584645673982 1 1502
1584645677882 1 1503
1584645681702 1 1504
1584645685677 1 1505
1584645689741 1 1506
1584645692900 1 1507
1584645695995 1 1508
1584645699394 1 1509
1584645702955 1 1510
1584645707803 1 1511
1584645715435 1 1512
1584645718713 1 1513
1584645721801 1 1514
1584645725108 1 1515
1584645728437 1 1516
1584645731440 1 1517
1584645734431 1 1518
1584645737645 1 1519
1584645740769 1 1520
1584645743743 1 1521
1584645746914 1 1522
1584645750015 1 1523
1584645752968 1 1524
1584645756302 1 1525
1584645759371 1 1526
1584645762363 1 1527
1584645766004 1 1528
1584645769106 1 1529
1584645772087 1 1530
1584645775245 1 1531
1584645778340 1 1532
1584645781298 1 1533
1584645784639 1 1534
1584645787615 1 1535
1584645790740 1 1536
1584645793855 1 1537
1584645797030 1 1538
1584645799838 1 1539
1584645802926 1 1540
1584645806044 1 1541
1584645809120 1 1542
1584645812245 1 1543
1584645815107 1 1544
1584645818138 1 1545
1584645821054 1 1546
1584645824081 1 1547
1584645827344 1 1548
1584645830378 1 1549
1584645833344 1 1550
1584645836386 1 1551
1584645839563 1 1552
1584645842639 1 1553
1584645845731 1 1554
1584645848905 1 1555
1584645853614 1 1556
1584645856878 1 1557
1584645861296 1 1558
1584645865879 1 1559
1584645868798 1 1560
1584645871757 1 1561
1584645874747 1 1562
1584645877586 1 1563
1584645880529 1 1564
1584645884063 1 1565
1584645887335 1 1566
1584645890628 1 1567
1584645894394 1 1568
1584645897239 1 1569
1584645900019 1 1570
1584645902918 1 1571
1584645906668 1 1572
1584645909372 1 1573
1584645912111 1 1574
1584645914965 1 1575
1584645917821 1 1576
1584645920562 1 1577
1584645923605 1 1578
1584645926433 1 1579
1584645929283 1 1580
1584645932313 1 1581
1584645935497 1 1582
1584645938689 1 1583
1584645941541 1 1584
1584645944212 1 1585
1584645947050 1 1586
1584645949755 1 1587
1584645952533 1 1588
1584645955320 1 1589
1584645958112 1 1590
1584645961390 1 1591
1584645964251 1 1592
1584645966971 1 1593
1584645969696 1 1594
1584645972463 1 1595
1584645975262 1 1596
1584645978185 1 1597
1584645980780 1 1598
1584645983932 1 1599
1584645986934 1 1600
1584645991081 1 1601
1584645995279 1 1602
1584646000466 1 1603
1584646004359 1 1604
1584646007157 1 1605
1584646009943 1 1606
1584646012810 1 1607
1584646015675 1 1608
1584646018571 1 1609
1584646021430 1 1610
1584646024465 1 1611
1584646027212 1 1612
1584646030120 1 1613
1584646032835 1 1614
1584646035736 1 1615
1584646038494 1 1616
1584646041634 1 1617
1584646044465 1 1618
1584646047420 1 1619
1584646050127 1 1620
1584646053066 1 1621
1584646055945 1 1622
1584646059090 1 1623
1584646061902 1 1624
1584646064740 1 1625
1584646067429 1 1626
1584646070278 1 1627
1584646073081 1 1628
1584646075861 1 1629
1584646078586 1 1630
1584646081567 1 1631
1584646084747 1 1632
1584646087439 1 1633
1584646090511 1 1634
1584646093319 1 1635
1584646095989 1 1636
1584646099032 1 1637
1584646101676 1 1638
1584646104451 1 1639
1584646107233 1 1640
1584646110118 1 1641
1584646113064 1 1642
1584646115899 1 1643
1584646118847 1 1644
1584646121919 1 1645
1584646124618 1 1646
1584646127384 1 1647
1584646130110 1 1648
1584646132887 1 1649
1584646135945 1 1650
1584646138657 1 1651
1584646141537 1 1652
1584646145273 1 1653
1584646148681 1 1654
1584646152459 1 1655
1584646156088 1 1656
1584646158682 1 1657
1584646161374 1 1658
1584646164056 1 1659
1584646166961 1 1660
1584646169677 1 1661
1584646172547 1 1662
1584646175241 1 1663
1584646178080 1 1664
1584646180986 1 1665
1584646183701 1 1666
1584646186557 1 1667
1584646189199 1 1668
1584646191797 1 1669
1584646194492 1 1670
1584646196856 1 1671
1584646199185 1 1672
1584646201662 1 1673
1584646204209 1 1674
1584646206704 1 1675
1584646209041 1 1676
1584646211388 1 1677
1584646213807 1 1678
1584646216278 1 1679
1584646218588 1 1680
1584646220937 1 1681
1584646223286 1 1682
1584646225591 1 1683
1584646227977 1 1684
1584646230331 1 1685
1584646232699 1 1686
1584646235005 1 1687
1584646237355 1 1688
1584646239675 1 1689
1584646241976 1 1690
1584646244306 1 1691
1584646246676 1 1692
1584646249037 1 1693
1584646251527 1 1694
1584646254031 1 1695
1584646256363 1 1696
1584646258716 1 1697
1584646261070 1 1698
1584646263711 1 1699
1584646266100 1 1700
1584646268616 1 1701
1584646270979 1 1702
1584646273362 1 1703
1584646275644 1 1704
1584646278011 1 1705
1584646280358 1 1706
1584646282864 1 1707
1584646285222 1 1708
1584646287557 1 1709
1584646289854 1 1710
1584646292218 1 1711
1584646294650 1 1712
1584646297006 1 1713
1584646299366 1 1714
1584646301654 1 1715
1584646304071 1 1716
1584646306431 1 1717
1584646308764 1 1718
1584646311058 1 1719
1584646313460 1 1720
1584646315759 1 1721
1584646318110 1 1722
1584646320439 1 1723
1584646323197 1 1724
1584646325592 1 1725
1584646328030 1 1726
1584646330404 1 1727
1584646332761 1 1728
1584646335158 1 1729
1584646337606 1 1730
1584646339930 1 1731
1584646342298 1 1732
1584646344675 1 1733
1584646346991 1 1734
1584646349653 1 1735
1584646352076 1 1736
1584646354411 1 1737
1584646356673 1 1738
1584646359011 1 1739
1584646361352 1 1740
1584646363711 1 1741
1584646366019 1 1742
1584646368325 1 1743
1584646370643 1 1744
1584646372991 1 1745
1584646375383 1 1746
1584646377723 1 1747
1584646380170 1 1748
1584646382524 1 1749
1584646384932 1 1750
1584646387229 1 1751
1584646389553 1 1752
1584646391835 1 1753
1584646394209 1 1754
1584646396530 1 1755
1584646398816 1 1756
1584646401178 1 1757
1584646403487 1 1758
1584646405843 1 1759
1584646408191 1 1760
1584646410595 1 1761
1584646412922 1 1762
1584646415263 1 1763
1584646417610 1 1764
1584646419948 1 1765
1584646422295 1 1766
1584646424613 1 1767
1584646426859 1 1768
1584646429199 1 1769
1584646431492 1 1770
1584646433855 1 1771
1584646436184 1 1772
1584646438534 1 1773
1584646441672 1 1774
1584646444991 1 1775
1584646448078 1 1776
1584646450763 1 1777
1584646453587 1 1778
1584646456392 1 1779
1584646459270 1 1780
1584646462075 1 1781
1584646465017 1 1782
1584646467734 1 1783
1584646470322 1 1784
1584646473233 1 1785
1584646475883 1 1786
1584646478744 1 1787
1584646481528 1 1788
1584646484346 1 1789
1584646487103 1 1790
1584646489844 1 1791
1584646492665 1 1792
1584646495484 1 1793
1584646498337 1 1794
1584646501117 1 1795
1584646504464 1 1796
1584646507562 1 1797
1584646512362 1 1798
1584646517852 1 1799
1584646520906 1 1800
1584646524219 1 1801
1584646527204 1 1802
1584646530011 1 1803
1584646533198 1 1804
1584646536011 1 1805
1584646538730 1 1806
1584646541530 1 1807
1584646544921 1 1808
1584646547686 1 1809
1584646550611 1 1810
1584646553381 1 1811
1584646556457 1 1812
1584646559297 1 1813
1584646562106 1 1814
1584646564892 1 1815
1584646567629 1 1816
1584646570468 1 1817
1584646573641 1 1818
1584646576450 1 1819
1584646579090 1 1820
1584646581955 1 1821
1584646585092 1 1822
1584646588287 1 1823
1584646591345 1 1824
1584646594271 1 1825
1584646596992 1 1826
1584646599671 1 1827
1584646602419 1 1828
1584646605255 1 1829
1584646607965 1 1830
1584646610700 1 1831
1584646613387 1 1832
1584646616375 1 1833
1584646619029 1 1834
1584646621867 1 1835
1584646625309 1 1836
1584646628053 1 1837
1584646630787 1 1838
1584646633558 1 1839
1584646636444 1 1840
1584646639223 1 1841
1584646642724 1 1842
1584646645342 1 1843
1584646648143 1 1844
1584646650937 1 1845
1584646653876 1 1846
1584646656561 1 1847
1584646659159 1 1848
1584646662207 1 1849
1584646665330 1 1850
1584646668288 1 1851
1584646671201 1 1852
1584646674269 1 1853
1584646676953 1 1854
1584646679527 1 1855
1584646682397 1 1856
1584646685314 1 1857
1584646687897 1 1858
1584646690442 1 1859
1584646693062 1 1860
1584646695901 1 1861
1584646698776 1 1862
1584646701621 1 1863
1584646704358 1 1864
1584646707194 1 1865
1584646709967 1 1866
1584646712872 1 1867
1584646715731 1 1868
1584646718495 1 1869
1584646721226 1 1870
1584646724027 1 1871
1584646726692 1 1872
1584646729381 1 1873
1584646732217 1 1874
1584646734959 1 1875
1584646738326 1 1876
1584646741170 1 1877
1584646744604 1 1878
1584646747934 1 1879
1584646752771 1 1880
1584646755700 1 1881
1584646758471 1 1882
1584646762198 1 1883
1584646766250 1 1884
1584646769264 1 1885
1584646772401 1 1886
1584646775300 1 1887
1584646778252 1 1888
1584646781171 1 1889
1584646784144 1 1890
1584646787034 1 1891
1584646790750 1 1892
1584646793727 1 1893
1584646796701 1 1894
1584646800357 1 1895
1584646804140 1 1896
1584646807866 1 1897
1584646810749 1 1898
1584646813641 1 1899
1584646816513 1 1900
1584646819801 1 1901
1584646822926 1 1902
1584646826075 1 1903
1584646829016 1 1904
1584646831930 1 1905
1584646835425 1 1906
1584646838404 1 1907
1584646841217 1 1908
1584646844006 1 1909
1584646846878 1 1910
1584646849756 1 1911
1584646852687 1 1912
1584646855610 1 1913
1584646858391 1 1914
1584646861213 1 1915
1584646864293 1 1916
1584646867535 1 1917
1584646870530 1 1918
1584646873349 1 1919
1584646876220 1 1920
1584646879121 1 1921
1584646882131 1 1922
1584646884985 1 1923
1584646888031 1 1924
1584646890781 1 1925
1584646893832 1 1926
1584646900632 1 1927
1584646903980 1 1928
1584646907331 1 1929
1584646911079 1 1930
1584646915329 1 1931
1584646924242 1 1932
1584646927095 1 1933
1584646930013 1 1934
1584646933160 1 1935
1584646942182 1 1936
1584646947473 1 1937
1584646951096 1 1938
1584646954208 1 1939
1584646959194 1 1940
1584646964395 1 1941
1584646968079 1 1942
1584646971899 1 1943
1584646975375 1 1944
1584646978522 1 1945
1584646981313 1 1946
1584646984861 1 1947
1584646987748 1 1948
1584646990199 1 1949
1584646993351 1 1950
1584646996594 1 1951
1584647001083 1 1952
1584647008696 1 1953
1584647011689 1 1954
1584647014913 1 1955
1584647017338 1 1956
1584647023047 1 1957
1584647026609 1 1958
1584647029695 1 1959
1584647032435 1 1960
1584647035155 1 1961
1584647038055 1 1962
1584647040688 1 1963
1584647043502 1 1964
1584647046107 1 1965
1584647049679 1 1966
1584647052563 1 1967
1584647055163 1 1968
1584647058033 1 1969
1584647061723 1 1970
1584647064427 1 1971
1584647067067 1 1972
1584647069738 1 1973
1584647072461 1 1974
1584647075044 1 1975
1584647077673 1 1976
1584647080340 1 1977
1584647083050 1 1978
1584647085682 1 1979
1584647088266 1 1980
1584647090887 1 1981
1584647093443 1 1982
1584647096045 1 1983
1584647098671 1 1984
1584647101219 1 1985
1584647103918 1 1986
1584647106701 1 1987
1584647109431 1 1988
1584647112055 1 1989
1584647114714 1 1990
1584647117616 1 1991
1584647120314 1 1992
1584647123031 1 1993
1584647125790 1 1994
1584647128892 1 1995
1584647131588 1 1996
1584647134206 1 1997
1584647136776 1 1998
1584647139461 1 1999
1584647142102 1 2000
