1584641594472 -1.0 1
1584641597112 0.0 2
1584641599534 0.0 3
1584641602022 -1.0 4
1584641604564 -1.0 5
1584641607066 -1.0 6
1584641609368 0.0 7
1584641611709 0.0 8
1584641614128 1.0 9
1584641616601 0.0 10
1584641618886 0.0 11
1584641621142 1.0 12
1584641623593 4.0 13
1584641626028 -1.0 14
1584641628470 0.0 15
1584641630738 0.0 16
1584641633042 0.0 17
1584641635256 -1.0 18
1584641637533 0.0 19
1584641639799 1.0 20
1584641642064 0.0 21
1584641644381 0.0 22
1584641646667 -1.0 23
1584641648937 0.0 24
1584641651225 0.0 25
1584641653504 0.0 26
1584641655795 0.0 27
1584641658041 -2.0 28
1584641660295 2.0 29
1584641662572 0.0 30
1584641664899 -1.0 31
1584641667182 1.0 32
1584641669392 1.0 33
1584641671636 0.0 34
1584641673942 0.0 35
1584641676187 1.0 36
1584641678488 0.0 37
1584641680754 0.0 38
1584641683220 0.0 39
1584641685553 0.0 40
1584641687834 0.0 41
1584641690097 -1.0 42
1584641692306 2.0 43
1584641694562 3.0 44
1584641696772 0.0 45
1584641699097 -1.0 46
1584641701387 -2.0 47
1584641703809 0.0 48
1584641706064 -1.0 49
1584641708414 1.0 50
1584641710707 0.0 51
1584641712980 2.0 52
1584641715297 0.0 53
1584641717548 1.0 54
1584641719785 1.0 55
1584641722048 1.0 56
1584641724386 1.0 57
1584641726623 0.0 58
1584641728877 -1.0 59
1584641731125 1.0 60
1584641733403 0.0 61
1584641735648 -3.0 62
1584641737894 0.0 63
1584641740185 2.0 64
1584641742443 0.0 65
1584641744783 1.0 66
1584641747076 0.0 67
1584641749333 1.0 68
1584641751569 0.0 69
1584641753875 0.0 70
1584641756159 2.0 71
1584641758422 -1.0 72
1584641760684 -1.0 73
1584641763484 -1.0 74
1584641765769 0.0 75
1584641768035 -1.0 76
1584641770286 1.0 77
1584641772528 0.0 78
1584641774912 -1.0 79
1584641777209 -2.0 80
1584641779763 -1.0 81
1584641782029 0.0 82
1584641784328 -1.0 83
1584641786569 1.0 84
1584641788798 -1.0 85
1584641791062 2.0 86
1584641793325 0.0 87
1584641795594 0.0 88
1584641797866 0.0 89
1584641800120 1.0 90
1584641802400 1.0 91
1584641804701 0.0 92
1584641806962 0.0 93
1584641809211 1.0 94
1584641811571 -2.0 95
1584641814031 2.0 96
1584641816282 3.0 97
1584641818535 0.0 98
1584641820806 0.0 99
1584641823177 2.0 100
1584641825499 0.0 101
1584641827782 1.0 102
1584641830045 1.0 103
1584641832314 1.0 104
1584641834626 -1.0 105
1584641836974 -1.0 106
1584641839230 1.0 107
1584641841744 0.0 108
1584641844572 0.0 109
1584641846877 0.0 110
1584641849155 2.0 111
1584641851439 3.0 112
1584641853704 -1.0 113
1584641855952 1.0 114
1584641858214 -1.0 115
1584641860491 0.0 116
1584641862824 0.0 117
1584641865104 -2.0 118
1584641867382 0.0 119
1584641869642 2.0 120
1584641871968 -1.0 121
1584641874276 -1.0 122
1584641876858 0.0 123
1584641879098 0.0 124
1584641881381 -1.0 125
1584641883775 -1.0 126
1584641886079 1.0 127
1584641888334 2.0 128
1584641890586 1.0 129
1584641892858 1.0 130
1584641895136 0.0 131
1584641897409 -1.0 132
1584641899654 0.0 133
1584641902076 0.0 134
1584641904453 2.0 135
1584641906749 0.0 136
1584641909563 1.0 137
1584641911862 1.0 138
1584641914257 1.0 139
1584641916550 0.0 140
1584641918852 1.0 141
1584641921118 0.0 142
1584641923378 1.0 143
1584641925644 0.0 144
1584641927953 0.0 145
1584641930332 -1.0 146
1584641932636 0.0 147
1584641934911 0.0 148
1584641937303 -1.0 149
1584641939578 0.0 150
1584641941948 0.0 151
1584641944335 0.0 152
1584641946585 0.0 153
1584641948840 0.0 154
1584641951148 1.0 155
1584641953437 -2.0 156
1584641955749 0.0 157
1584641958049 1.0 158
1584641960286 -1.0 159
1584641962558 2.0 160
1584641964898 -2.0 161
1584641967227 0.0 162
1584641969473 1.0 163
1584641971802 -1.0 164
1584641974305 0.0 165
1584641976598 -1.0 166
1584641978877 0.0 167
1584641981208 -2.0 168
1584641983503 0.0 169
1584641985797 0.0 170
1584641988086 2.0 171
1584641990335 1.0 172
1584641992598 1.0 173
1584641994873 1.0 174
1584641997168 -1.0 175
1584641999544 0.0 176
1584642001888 -1.0 177
1584642005057 -2.0 178
1584642007322 1.0 179
1584642009719 1.0 180
1584642012038 -1.0 181
1584642014357 3.0 182
1584642016635 -3.0 183
1584642018931 1.0 184
1584642021203 2.0 185
1584642023463 -1.0 186
1584642025742 -1.0 187
1584642028059 -1.0 188
1584642030345 -1.0 189
1584642032616 0.0 190
1584642034996 -1.0 191
1584642037276 3.0 192
1584642039562 -1.0 193
1584642041867 0.0 194
1584642044174 -1.0 195
1584642046463 -1.0 196
1584642048765 1.0 197
1584642051067 0.0 198
1584642053389 0.0 199
1584642055659 0.0 200
1584642058039 0.0 201
1584642060348 0.0 202
1584642062773 1.0 203
1584642065158 1.0 204
1584642067439 0.0 205
1584642070139 0.0 206
1584642072453 1.0 207
1584642074781 -1.0 208
1584642077080 3.0 209
1584642079389 1.0 210
1584642081766 -2.0 211
1584642084136 0.0 212
1584642086404 1.0 213
1584642088732 2.0 214
1584642091031 1.0 215
1584642093345 -3.0 216
1584642095610 1.0 217
1584642097859 4.0 218
1584642100169 1.0 219
1584642102428 -3.0 220
1584642104764 1.0 221
1584642107088 0.0 222
1584642109363 2.0 223
1584642111611 1.0 224
1584642113941 0.0 225
1584642116230 0.0 226
1584642118514 1.0 227
1584642120812 -1.0 228
1584642123216 0.0 229
1584642125509 1.0 230
1584642127793 -1.0 231
1584642130119 -1.0 232
1584642132419 3.0 233
1584642134749 0.0 234
1584642137085 1.0 235
1584642139375 0.0 236
1584642141649 1.0 237
1584642144265 2.0 238
1584642146553 -1.0 239
1584642148838 0.0 240
1584642151203 0.0 241
1584642153533 0.0 242
1584642155851 1.0 243
1584642158152 0.0 244
1584642160480 3.0 245
1584642162780 1.0 246
1584642165061 1.0 247
1584642167627 1.0 248
1584642169931 0.0 249
1584642172221 0.0 250
1584642174576 -3.0 251
1584642176914 -1.0 252
1584642179228 -1.0 253
1584642181577 0.0 254
1584642184188 1.0 255
1584642186496 -1.0 256
1584642188782 0.0 257
1584642191082 0.0 258
1584642193375 0.0 259
1584642195683 0.0 260
1584642198336 1.0 261
1584642200645 -2.0 262
1584642202961 0.0 263
1584642205347 -1.0 264
1584642207957 1.0 265
1584642210602 1.0 266
1584642212994 2.0 267
1584642215690 0.0 268
1584642218244 0.0 269
1584642220575 -1.0 270
1584642222962 1.0 271
1584642225329 0.0 272
1584642228029 1.0 273
1584642230464 0.0 274
1584642232796 0.0 275
1584642235151 1.0 276
1584642237541 -2.0 277
1584642239836 0.0 278
1584642242209 -1.0 279
1584642244582 1.0 280
1584642246896 0.0 281
1584642249257 1.0 282
1584642251537 0.0 283
1584642253897 1.0 284
1584642256208 0.0 285
1584642258620 1.0 286
1584642260994 2.0 287
1584642263716 -1.0 288
1584642266175 0.0 289
1584642268490 -2.0 290
1584642270757 -1.0 291
1584642273185 -1.0 292
1584642275515 0.0 293
1584642277770 2.0 294
1584642280086 -2.0 295
1584642282370 4.0 296
1584642284730 -2.0 297
1584642287023 1.0 298
1584642289346 1.0 299
1584642291631 2.0 300
1584642294130 -1.0 301
1584642296404 1.0 302
1584642298748 0.0 303
1584642301133 1.0 304
1584642303988 1.0 305
1584642306294 1.0 306
1584642308628 1.0 307
1584642310940 0.0 308
1584642313246 2.0 309
1584642315555 3.0 310
1584642317858 0.0 311
1584642320121 2.0 312
1584642322458 1.0 313
1584642324817 -1.0 314
1584642327153 3.0 315
1584642329530 -2.0 316
1584642331932 1.0 317
1584642334248 0.0 318
1584642336601 -2.0 319
1584642338897 0.0 320
1584642341200 0.0 321
1584642343517 1.0 322
1584642345830 1.0 323
1584642348161 1.0 324
1584642350481 -2.0 325
1584642352800 0.0 326
1584642355177 0.0 327
1584642357477 1.0 328
1584642359991 0.0 329
1584642362312 -1.0 330
1584642364645 0.0 331
1584642366918 0.0 332
1584642369184 1.0 333
1584642371458 1.0 334
1584642373742 1.0 335
1584642376053 1.0 336
1584642378388 1.0 337
1584642380711 2.0 338
1584642383007 2.0 339
1584642385301 1.0 340
1584642387619 1.0 341
1584642390137 3.0 342
1584642392441 -2.0 343
1584642394797 2.0 344
1584642397122 1.0 345
1584642399410 0.0 346
1584642401726 2.0 347
1584642404030 2.0 348
1584642406314 -1.0 349
1584642408610 1.0 350
1584642410878 0.0 351
1584642413155 -1.0 352
1584642415409 1.0 353
1584642417717 1.0 354
1584642420019 2.0 355
1584642422348 -1.0 356
1584642424824 1.0 357
1584642427134 2.0 358
1584642429427 3.0 359
1584642431747 -2.0 360
1584642434059 2.0 361
1584642436316 0.0 362
1584642438597 -1.0 363
1584642440884 1.0 364
1584642443147 1.0 365
1584642445479 0.0 366
1584642447776 2.0 367
1584642450071 3.0 368
1584642452373 1.0 369
1584642454692 4.0 370
1584642457264 0.0 371
1584642459528 0.0 372
1584642461830 2.0 373
1584642464098 1.0 374
1584642466350 0.0 375
1584642468639 0.0 376
1584642470956 1.0 377
1584642473227 2.0 378
1584642475527 1.0 379
1584642477840 1.0 380
1584642480145 1.0 381
1584642482472 3.0 382
1584642484853 2.0 383
1584642487155 0.0 384
1584642489431 -1.0 385
1584642491724 2.0 386
1584642494038 0.0 387
1584642496322 0.0 388
1584642498644 1.0 389
1584642500927 1.0 390
1584642503207 4.0 391
1584642505498 0.0 392
1584642507754 1.0 393
1584642510069 0.0 394
1584642512348 1.0 395
1584642514631 1.0 396
1584642516999 1.0 397
1584642519289 1.0 398
1584642521555 0.0 399
1584642523958 3.0 400
1584642526315 3.0 401
1584642528615 2.0 402
1584642530950 2.0 403
1584642533247 0.0 404
1584642535513 2.0 405
1584642537795 0.0 406
1584642540081 -1.0 407
1584642542395 3.0 408
1584642544978 1.0 409
1584642547312 1.0 410
1584642549612 1.0 411
1584642551999 1.0 412
1584642554583 3.0 413
1584642556896 0.0 414
1584642559210 0.0 415
1584642561549 2.0 416
1584642563875 5.0 417
1584642566209 2.0 418
1584642568525 1.0 419
1584642570845 1.0 420
1584642573207 1.0 421
1584642575558 0.0 422
1584642577970 3.0 423
1584642580297 1.0 424
1584642582609 -1.0 425
1584642585022 4.0 426
1584642587490 2.0 427
1584642589832 0.0 428
1584642592124 0.0 429
1584642594422 -2.0 430
1584642596751 1.0 431
1584642599072 2.0 432
1584642601593 3.0 433
1584642603985 2.0 434
1584642606306 0.0 435
1584642608629 0.0 436
1584642610930 1.0 437
1584642613338 4.0 438
1584642615631 2.0 439
1584642617928 2.0 440
1584642620221 2.0 441
1584642622475 1.0 442
1584642624797 0.0 443
1584642627075 2.0 444
1584642629397 2.0 445
1584642631705 1.0 446
1584642634017 2.0 447
1584642636303 2.0 448
1584642638637 0.0 449
1584642640973 3.0 450
1584642643310 1.0 451
1584642645622 0.0 452
1584642647970 2.0 453
1584642650488 1.0 454
1584642652812 0.0 455
1584642655169 1.0 456
1584642657489 0.0 457
1584642659806 3.0 458
1584642662126 3.0 459
1584642664594 -2.0 460
1584642666916 6.0 461
1584642669238 2.0 462
1584642671572 2.0 463
1584642673888 1.0 464
1584642676230 2.0 465
1584642678549 -1.0 466
1584642680916 4.0 467
1584642683212 1.0 468
1584642685540 1.0 469
1584642687853 3.0 470
1584642690138 2.0 471
1584642692398 2.0 472
1584642694677 -1.0 473
1584642696954 3.0 474
1584642699263 1.0 475
1584642701590 5.0 476
1584642703932 0.0 477
1584642706211 2.0 478
1584642708480 4.0 479
1584642710805 1.0 480
1584642713110 2.0 481
1584642715407 2.0 482
1584642717780 2.0 483
1584642720126 2.0 484
1584642722394 2.0 485
1584642724823 1.0 486
1584642727246 -1.0 487
1584642729503 -2.0 488
1584642731854 3.0 489
1584642734177 1.0 490
1584642736511 1.0 491
1584642738827 2.0 492
1584642741225 2.0 493
1584642743473 2.0 494
1584642745942 2.0 495
1584642748277 0.0 496
1584642750535 0.0 497
1584642752889 1.0 498
1584642755160 1.0 499
1584642757447 2.0 500
1584642759837 0.0 501
1584642762216 0.0 502
1584642764512 1.0 503
1584642766811 2.0 504
1584642769088 4.0 505
1584642772169 1.0 506
1584642775023 -1.0 507
1584642782777 2.0 508
1584642785701 1.0 509
1584642788059 0.0 510
1584642790431 1.0 511
1584642793073 1.0 512
1584642795396 2.0 513
1584642797711 1.0 514
1584642800072 -1.0 515
1584642802772 2.0 516
1584642805302 2.0 517
1584642807812 3.0 518
1584642811843 1.0 519
1584642814337 1.0 520
1584642817679 1.0 521
1584642819966 3.0 522
1584642822370 2.0 523
1584642824763 0.0 524
1584642827158 1.0 525
1584642829514 1.0 526
1584642831898 2.0 527
1584642834256 3.0 528
1584642836898 2.0 529
1584642839433 3.0 530
1584642841901 0.0 531
1584642844969 0.0 532
1584642847368 3.0 533
1584642849706 1.0 534
1584642852066 2.0 535
1584642854544 5.0 536
1584642857017 2.0 537
1584642859296 2.0 538
1584642861578 4.0 539
1584642863914 -1.0 540
1584642866265 0.0 541
1584642868578 3.0 542
1584642870898 4.0 543
1584642873266 2.0 544
1584642875694 5.0 545
1584642877997 4.0 546
1584642880332 3.0 547
1584642882664 2.0 548
1584642885027 0.0 549
1584642887371 3.0 550
1584642889696 0.0 551
1584642892055 2.0 552
1584642894409 0.0 553
1584642896749 1.0 554
1584642899063 1.0 555
1584642901636 4.0 556
1584642905624 3.0 557
1584642908274 1.0 558
1584642911229 2.0 559
1584642915040 5.0 560
1584642919275 4.0 561
1584642922211 2.0 562
1584642926037 1.0 563
1584642929216 4.0 564
1584642932654 1.0 565
1584642936439 1.0 566
1584642939962 2.0 567
1584642943759 1.0 568
1584642946512 2.0 569
1584642949756 0.0 570
1584642953235 2.0 571
1584642956491 2.0 572
1584642959259 0.0 573
1584642962375 -1.0 574
1584642965714 3.0 575
1584642968374 1.0 576
1584642971167 2.0 577
1584642974019 5.0 578
1584642977435 1.0 579
1584642980477 1.0 580
1584642983260 2.0 581
1584642985854 1.0 582
1584642988515 5.0 583
1584642991663 2.0 584
1584642994422 -1.0 585
1584642997352 3.0 586
1584643000667 4.0 587
1584643003982 3.0 588
1584643006411 3.0 589
1584643009365 4.0 590
1584643012269 3.0 591
1584643015008 -1.0 592
1584643017880 6.0 593
1584643021877 2.0 594
1584643025684 1.0 595
1584643028712 4.0 596
1584643031467 1.0 597
1584643034119 2.0 598
1584643036587 2.0 599
1584643039934 2.0 600
1584643042709 2.0 601
1584643045316 -3.0 602
1584643048091 5.0 603
1584643051070 1.0 604
1584643053775 3.0 605
1584643056920 5.0 606
1584643059760 6.0 607
1584643062880 4.0 608
1584643066062 -1.0 609
1584643068717 3.0 610
1584643071242 0.0 611
1584643074470 2.0 612
1584643077426 0.0 613
1584643079944 2.0 614
1584643083376 0.0 615
1584643086471 2.0 616
1584643089163 1.0 617
1584643092082 2.0 618
1584643094990 3.0 619
1584643098361 3.0 620
1584643101205 5.0 621
1584643104252 0.0 622
1584643107086 2.0 623
1584643109780 1.0 624
1584643112766 1.0 625
1584643115577 3.0 626
1584643118957 1.0 627
1584643121764 5.0 628
1584643124240 2.0 629
1584643126926 5.0 630
1584643129989 6.0 631
1584643132754 5.0 632
1584643136485 4.0 633
1584643139209 1.0 634
1584643142208 2.0 635
1584643145677 6.0 636
1584643148490 3.0 637
1584643151109 1.0 638
1584643153690 4.0 639
1584643156194 2.0 640
1584643158799 3.0 641
1584643161395 5.0 642
1584643163850 5.0 643
1584643166404 -1.0 644
1584643169505 5.0 645
1584643172174 4.0 646
1584643175355 3.0 647
1584643178201 6.0 648
1584643180886 3.0 649
1584643183637 4.0 650
1584643186285 3.0 651
1584643188879 1.0 652
1584643191644 4.0 653
1584643194418 -1.0 654
1584643197711 1.0 655
1584643200917 2.0 656
1584643204228 4.0 657
1584643207057 7.0 658
1584643209489 1.0 659
1584643212187 5.0 660
1584643215153 2.0 661
1584643217631 6.0 662
1584643220141 1.0 663
1584643222806 2.0 664
1584643226045 2.0 665
1584643229401 0.0 666
1584643232111 -1.0 667
1584643235490 2.0 668
1584643238391 4.0 669
1584643241326 3.0 670
1584643243919 2.0 671
1584643246726 2.0 672
1584643250029 1.0 673
1584643253015 4.0 674
1584643255943 7.0 675
1584643259160 4.0 676
1584643262023 0.0 677
1584643266198 2.0 678
1584643269503 5.0 679
1584643272741 2.0 680
1584643275512 3.0 681
1584643278593 6.0 682
1584643283530 6.0 683
1584643288236 0.0 684
1584643291760 2.0 685
1584643295302 0.0 686
1584643298630 1.0 687
1584643302135 6.0 688
1584643305200 6.0 689
1584643308273 2.0 690
1584643311682 0.0 691
1584643314971 3.0 692
1584643318173 1.0 693
1584643321715 2.0 694
1584643325905 1.0 695
1584643328997 3.0 696
1584643333778 4.0 697
1584643336997 2.0 698
1584643339831 2.0 699
1584643342790 3.0 700
1584643346040 1.0 701
1584643348953 2.0 702
1584643352272 2.0 703
1584643355656 2.0 704
1584643358644 2.0 705
1584643361576 3.0 706
1584643364836 1.0 707
1584643368052 5.0 708
1584643371290 2.0 709
1584643374374 7.0 710
1584643377608 6.0 711
1584643380764 5.0 712
1584643384829 3.0 713
1584643388983 -1.0 714
1584643392867 -1.0 715
1584643396159 4.0 716
1584643399574 5.0 717
1584643402455 3.0 718
1584643405231 2.0 719
1584643407878 1.0 720
1584643411388 3.0 721
1584643414714 0.0 722
1584643418189 7.0 723
1584643421200 0.0 724
1584643424449 1.0 725
1584643427427 0.0 726
1584643430971 3.0 727
1584643434305 6.0 728
1584643437302 4.0 729
1584643440020 2.0 730
1584643443276 3.0 731
1584643446491 5.0 732
1584643451087 6.0 733
1584643454393 3.0 734
1584643457485 3.0 735
1584643461195 5.0 736
1584643464063 2.0 737
1584643467027 4.0 738
1584643470306 0.0 739
1584643473704 3.0 740
1584643476869 7.0 741
1584643479726 0.0 742
1584643482658 3.0 743
1584643485320 5.0 744
1584643488240 3.0 745
1584643491027 3.0 746
1584643493697 6.0 747
1584643496477 2.0 748
1584643499354 5.0 749
1584643502652 3.0 750
1584643505868 4.0 751
1584643508706 0.0 752
1584643511621 1.0 753
1584643514514 0.0 754
1584643517678 4.0 755
1584643521143 2.0 756
1584643524258 2.0 757
1584643527398 4.0 758
1584643530022 3.0 759
1584643533038 5.0 760
1584643536302 3.0 761
1584643539192 3.0 762
1584643541889 3.0 763
1584643544679 5.0 764
1584643548363 6.0 765
1584643551214 1.0 766
1584643553992 8.0 767
1584643556946 6.0 768
1584643560114 4.0 769
1584643564185 3.0 770
1584643567658 3.0 771
1584643570966 3.0 772
1584643574645 3.0 773
1584643577794 7.0 774
1584643581630 3.0 775
1584643587107 -1.0 776
1584643591617 4.0 777
1584643595872 2.0 778
1584643599098 -1.0 779
1584643602417 2.0 780
1584643605318 5.0 781
1584643608665 1.0 782
1584643611809 2.0 783
1584643614763 -1.0 784
1584643617870 2.0 785
1584643621602 3.0 786
1584643625296 1.0 787
1584643628462 3.0 788
1584643631734 3.0 789
1584643634894 6.0 790
1584643638580 -1.0 791
1584643641669 3.0 792
1584643645430 6.0 793
1584643648427 1.0 794
1584643652228 1.0 795
1584643655576 0.0 796
1584643658436 6.0 797
1584643660971 3.0 798
1584643663373 2.0 799
1584643665742 1.0 800
1584643668277 1.0 801
1584643670687 5.0 802
1584643673056 6.0 803
1584643675441 3.0 804
1584643677801 -1.0 805
1584643680256 8.0 806
1584643682728 4.0 807
1584643685128 5.0 808
1584643687582 1.0 809
1584643689938 3.0 810
1584643692443 3.0 811
1584643694845 5.0 812
1584643697190 4.0 813
1584643699533 9.0 814
1584643701909 3.0 815
1584643704349 4.0 816
1584643709386 6.0 817
1584643712971 2.0 818
1584643715866 4.0 819
1584643718503 7.0 820
1584643721315 1.0 821
1584643724190 1.0 822
1584643726795 1.0 823
1584643729338 1.0 824
1584643731801 10.0 825
1584643734303 5.0 826
1584643736758 2.0 827
1584643739210 5.0 828
1584643741659 1.0 829
1584643744232 5.0 830
1584643746588 1.0 831
1584643749057 4.0 832
1584643751430 5.0 833
1584643754237 2.0 834
1584643756774 4.0 835
1584643759906 2.0 836
1584643762283 1.0 837
1584643764777 4.0 838
1584643767219 5.0 839
1584643769684 2.0 840
1584643772490 4.0 841
1584643775137 6.0 842
1584643777702 5.0 843
1584643780410 2.0 844
1584643783275 4.0 845
1584643786692 6.0 846
1584643789826 8.0 847
1584643792931 3.0 848
1584643800323 5.0 849
1584643804853 5.0 850
1584643807247 4.0 851
1584643809632 5.0 852
1584643812044 4.0 853
1584643815683 4.0 854
1584643818742 0.0 855
1584643821660 0.0 856
1584643826017 3.0 857
1584643828845 5.0 858
1584643831836 6.0 859
1584643834544 4.0 860
1584643837063 3.0 861
1584643840116 7.0 862
1584643842965 1.0 863
1584643845729 6.0 864
1584643848420 6.0 865
1584643851314 0.0 866
1584643854508 3.0 867
1584643857161 6.0 868
1584643859667 6.0 869
1584643862061 1.0 870
1584643864586 2.0 871
1584643866932 5.0 872
1584643869305 3.0 873
1584643871882 3.0 874
1584643874489 4.0 875
1584643877186 3.0 876
1584643879559 5.0 877
1584643882012 4.0 878
1584643884694 0.0 879
1584643887241 5.0 880
1584643889727 3.0 881
1584643892611 3.0 882
1584643894980 5.0 883
1584643897502 6.0 884
1584643900104 8.0 885
1584643902804 3.0 886
1584643905735 6.0 887
1584643908201 9.0 888
1584643910802 8.0 889
1584643913616 9.0 890
1584643916202 1.0 891
1584643918593 2.0 892
1584643921349 5.0 893
1584643923956 5.0 894
1584643926555 6.0 895
1584643929036 4.0 896
1584643931785 4.0 897
1584643934621 3.0 898
1584643937391 6.0 899
1584643939978 2.0 900
1584643942736 4.0 901
1584643945208 3.0 902
1584643947691 1.0 903
1584643950080 6.0 904
1584643952680 0.0 905
1584643955297 5.0 906
1584643958326 1.0 907
1584643960861 1.0 908
1584643963437 5.0 909
1584643966001 2.0 910
1584643968634 3.0 911
1584643971012 2.0 912
1584643973408 5.0 913
1584643975792 1.0 914
1584643978317 2.0 915
1584643980670 5.0 916
1584643983205 5.0 917
1584643985564 3.0 918
1584643987923 5.0 919
1584643990258 3.0 920
1584643993019 4.0 921
1584643995668 2.0 922
1584643998311 3.0 923
1584644001116 4.0 924
1584644004348 2.0 925
1584644007452 1.0 926
1584644009840 2.0 927
1584644012497 7.0 928
1584644015021 5.0 929
1584644017419 8.0 930
1584644019881 3.0 931
1584644022265 4.0 932
1584644024637 7.0 933
1584644026961 4.0 934
1584644029252 5.0 935
1584644031520 5.0 936
1584644033896 1.0 937
1584644036268 6.0 938
1584644038776 3.0 939
1584644041318 6.0 940
1584644043993 7.0 941
1584644046336 2.0 942
1584644048684 4.0 943
1584644051040 4.0 944
1584644053474 4.0 945
1584644055902 5.0 946
1584644058579 5.0 947
1584644061104 9.0 948
1584644063380 0.0 949
1584644065854 6.0 950
1584644068466 9.0 951
1584644071148 3.0 952
1584644073602 3.0 953
1584644076035 5.0 954
1584644079116 0.0 955
1584644081668 4.0 956
1584644084322 1.0 957
1584644086727 4.0 958
1584644089069 1.0 959
1584644091539 5.0 960
1584644094195 5.0 961
1584644096710 5.0 962
1584644099035 3.0 963
1584644101537 3.0 964
1584644106177 4.0 965
1584644110846 5.0 966
1584644116546 3.0 967
1584644120602 3.0 968
1584644123741 4.0 969
1584644126866 2.0 970
1584644129699 3.0 971
1584644133528 3.0 972
1584644137728 1.0 973
1584644140166 1.0 974
1584644143305 2.0 975
1584644145844 1.0 976
1584644148696 5.0 977
1584644151632 5.0 978
1584644154610 3.0 979
1584644159349 2.0 980
1584644162126 8.0 981
1584644164707 4.0 982
1584644167077 2.0 983
1584644169452 4.0 984
1584644171934 1.0 985
1584644174304 2.0 986
1584644176687 6.0 987
1584644179141 6.0 988
1584644181560 5.0 989
1584644184005 5.0 990
1584644186436 4.0 991
1584644188854 3.0 992
1584644191563 5.0 993
1584644194279 6.0 994
1584644196895 6.0 995
1584644199569 4.0 996
1584644202158 7.0 997
1584644204612 5.0 998
1584644207527 4.0 999
1584644210112 6.0 1000
1584644212756 2.0 1001
1584644215175 3.0 1002
1584644217584 6.0 1003
1584644220783 0.0 1004
1584644223410 2.0 1005
1584644226164 7.0 1006
1584644228831 4.0 1007
1584644231529 5.0 1008
1584644234020 2.0 1009
1584644236433 2.0 1010
1584644239265 1.0 1011
1584644242111 0.0 1012
1584644244869 6.0 1013
1584644247543 6.0 1014
1584644250091 3.0 1015
1584644252767 1.0 1016
1584644255683 4.0 1017
1584644258378 5.0 1018
1584644260903 2.0 1019
1584644263470 6.0 1020
1584644266027 2.0 1021
1584644268757 5.0 1022
1584644271408 6.0 1023
1584644274058 2.0 1024
1584644276801 5.0 1025
1584644279396 4.0 1026
1584644282160 2.0 1027
1584644284854 3.0 1028
1584644287387 6.0 1029
1584644289740 5.0 1030
1584644292117 3.0 1031
1584644294954 6.0 1032
1584644297343 10.0 1033
1584644300003 4.0 1034
1584644302665 6.0 1035
1584644305805 4.0 1036
1584644308264 5.0 1037
1584644310902 3.0 1038
1584644313365 5.0 1039
1584644316000 3.0 1040
1584644318607 1.0 1041
1584644321194 4.0 1042
1584644323820 11.0 1043
1584644326293 2.0 1044
1584644329011 2.0 1045
1584644331605 0.0 1046
1584644334242 4.0 1047
1584644337481 3.0 1048
1584644339959 0.0 1049
1584644342489 4.0 1050
1584644345272 2.0 1051
1584644347842 6.0 1052
1584644350564 5.0 1053
1584644353168 4.0 1054
1584644355733 2.0 1055
1584644358283 5.0 1056
1584644360954 14.0 1057
1584644363595 6.0 1058
1584644366442 0.0 1059
1584644369009 7.0 1060
1584644371652 5.0 1061
1584644374171 5.0 1062
1584644376910 9.0 1063
1584644379413 4.0 1064
1584644382426 5.0 1065
1584644385091 5.0 1066
1584644387506 2.0 1067
1584644389853 4.0 1068
1584644392358 8.0 1069
1584644394947 5.0 1070
1584644397662 4.0 1071
1584644400358 2.0 1072
1584644403575 2.0 1073
1584644406380 4.0 1074
1584644408989 3.0 1075
1584644411453 4.0 1076
1584644414359 4.0 1077
1584644416857 6.0 1078
1584644419511 3.0 1079
1584644421961 5.0 1080
1584644424402 4.0 1081
1584644426785 6.0 1082
1584644429145 3.0 1083
1584644431503 1.0 1084
1584644434113 4.0 1085
1584644436692 3.0 1086
1584644438990 8.0 1087
1584644441375 4.0 1088
1584644443801 8.0 1089
1584644446092 3.0 1090
1584644448461 4.0 1091
1584644450809 2.0 1092
1584644453131 7.0 1093
1584644455558 1.0 1094
1584644457909 5.0 1095
1584644460279 6.0 1096
1584644462727 5.0 1097
1584644465597 9.0 1098
1584644467994 4.0 1099
1584644470434 3.0 1100
1584644473264 3.0 1101
1584644475942 6.0 1102
1584644478277 7.0 1103
1584644480662 3.0 1104
1584644483021 4.0 1105
1584644485441 5.0 1106
1584644487884 8.0 1107
1584644490286 9.0 1108
1584644492744 4.0 1109
1584644495064 2.0 1110
1584644497383 4.0 1111
1584644500067 4.0 1112
1584644502460 6.0 1113
1584644504938 4.0 1114
1584644507355 4.0 1115
1584644509713 3.0 1116
1584644512309 6.0 1117
1584644514685 7.0 1118
1584644516984 0.0 1119
1584644519363 1.0 1120
1584644521901 2.0 1121
1584644524785 5.0 1122
1584644527170 2.0 1123
1584644530161 4.0 1124
1584644533301 5.0 1125
1584644535684 4.0 1126
1584644538108 5.0 1127
1584644540505 5.0 1128
1584644542827 7.0 1129
1584644545265 9.0 1130
1584644547612 5.0 1131
1584644549951 8.0 1132
1584644552357 10.0 1133
1584644554734 4.0 1134
1584644557110 10.0 1135
1584644559512 6.0 1136
1584644561829 6.0 1137
1584644564221 5.0 1138
1584644566618 6.0 1139
1584644568978 10.0 1140
1584644571376 3.0 1141
1584644573758 6.0 1142
1584644576301 4.0 1143
1584644578627 3.0 1144
1584644580989 5.0 1145
1584644583495 7.0 1146
1584644585895 4.0 1147
1584644589061 1.0 1148
1584644591480 5.0 1149
1584644593910 3.0 1150
1584644596629 2.0 1151
1584644599011 7.0 1152
1584644601367 1.0 1153
1584644603787 4.0 1154
1584644606212 3.0 1155
1584644608585 6.0 1156
1584644610890 8.0 1157
1584644613319 3.0 1158
1584644615673 4.0 1159
1584644618086 2.0 1160
1584644620445 5.0 1161
1584644622852 5.0 1162
1584644625272 5.0 1163
1584644627692 1.0 1164
1584644630059 5.0 1165
1584644632466 0.0 1166
1584644634764 4.0 1167
1584644637193 7.0 1168
1584644639551 6.0 1169
1584644641988 5.0 1170
1584644644606 4.0 1171
1584644647261 4.0 1172
1584644650186 4.0 1173
1584644653253 8.0 1174
1584644655911 5.0 1175
1584644658482 1.0 1176
1584644661166 6.0 1177
1584644663690 4.0 1178
1584644666436 5.0 1179
1584644669049 5.0 1180
1584644671729 5.0 1181
1584644674515 2.0 1182
1584644677120 7.0 1183
1584644679639 3.0 1184
1584644682067 0.0 1185
1584644684669 7.0 1186
1584644687548 1.0 1187
1584644690049 8.0 1188
1584644692681 7.0 1189
1584644695175 3.0 1190
1584644697973 7.0 1191
1584644700656 7.0 1192
1584644703758 4.0 1193
1584644706359 5.0 1194
1584644709036 9.0 1195
1584644711707 2.0 1196
1584644714858 5.0 1197
1584644718201 -2.0 1198
1584644720871 4.0 1199
1584644724124 2.0 1200
1584644727872 2.0 1201
1584644730798 12.0 1202
1584644733527 4.0 1203
1584644735911 2.0 1204
1584644738342 6.0 1205
1584644740734 9.0 1206
1584644743514 3.0 1207
1584644746108 7.0 1208
1584644748517 3.0 1209
1584644750901 4.0 1210
1584644753672 3.0 1211
1584644756203 6.0 1212
1584644758647 4.0 1213
1584644761055 5.0 1214
1584644763554 4.0 1215
1584644766057 6.0 1216
1584644768439 1.0 1217
1584644770774 4.0 1218
1584644773155 9.0 1219
1584644775577 5.0 1220
1584644777971 3.0 1221
1584644780409 5.0 1222
1584644782932 7.0 1223
1584644785846 1.0 1224
1584644789038 1.0 1225
1584644792068 6.0 1226
1584644794510 5.0 1227
1584644797272 2.0 1228
1584644799623 6.0 1229
1584644802022 2.0 1230
1584644804481 5.0 1231
1584644807049 6.0 1232
1584644809570 7.0 1233
1584644812181 3.0 1234
1584644814874 5.0 1235
1584644817605 1.0 1236
1584644820438 7.0 1237
1584644823707 9.0 1238
1584644826279 3.0 1239
1584644828667 4.0 1240
1584644831516 7.0 1241
1584644834087 7.0 1242
1584644836722 4.0 1243
1584644839477 9.0 1244
1584644842026 9.0 1245
1584644846360 5.0 1246
1584644849417 2.0 1247
1584644852270 6.0 1248
1584644855906 3.0 1249
1584644859704 3.0 1250
1584644863162 5.0 1251
1584644867139 2.0 1252
1584644870891 6.0 1253
1584644874193 2.0 1254
1584644877524 8.0 1255
1584644880969 11.0 1256
1584644884494 7.0 1257
1584644887615 8.0 1258
1584644890466 6.0 1259
1584644893076 5.0 1260
1584644895871 5.0 1261
1584644899254 4.0 1262
1584644902238 4.0 1263
1584644905145 3.0 1264
1584644908055 5.0 1265
1584644910776 5.0 1266
1584644913649 2.0 1267
1584644916073 6.0 1268
1584644918696 9.0 1269
1584644921294 4.0 1270
1584644924288 3.0 1271
1584644927528 7.0 1272
1584644930595 5.0 1273
1584644933340 5.0 1274
1584644936008 3.0 1275
1584644939094 7.0 1276
1584644941811 2.0 1277
1584644945083 7.0 1278
1584644948397 10.0 1279
1584644951250 4.0 1280
1584644954184 7.0 1281
1584644956996 4.0 1282
1584644959486 5.0 1283
1584644962203 8.0 1284
1584644964700 5.0 1285
1584644967192 6.0 1286
1584644969672 8.0 1287
1584644972334 1.0 1288
1584644974820 3.0 1289
1584644977422 5.0 1290
1584644979864 6.0 1291
1584644982567 3.0 1292
1584644985271 7.0 1293
1584644988118 7.0 1294
1584644991207 3.0 1295
1584644993996 2.0 1296
1584644996905 3.0 1297
1584645000435 2.0 1298
1584645003507 1.0 1299
1584645006414 5.0 1300
1584645010315 5.0 1301
1584645015381 6.0 1302
1584645018167 7.0 1303
1584645021254 8.0 1304
1584645024331 4.0 1305
1584645027331 1.0 1306
1584645030979 2.0 1307
1584645034110 2.0 1308
1584645037249 9.0 1309
1584645039824 5.0 1310
1584645042601 5.0 1311
1584645045974 4.0 1312
1584645048740 3.0 1313
1584645051333 9.0 1314
1584645053931 4.0 1315
1584645056779 3.0 1316
1584645059868 6.0 1317
1584645063343 6.0 1318
1584645066318 8.0 1319
1584645069502 5.0 1320
1584645072405 3.0 1321
1584645075626 3.0 1322
1584645078853 2.0 1323
1584645082719 10.0 1324
1584645085611 5.0 1325
1584645088669 7.0 1326
1584645091689 6.0 1327
1584645095234 4.0 1328
1584645098380 7.0 1329
1584645102994 4.0 1330
1584645106294 1.0 1331
1584645109555 7.0 1332
1584645112392 5.0 1333
1584645115637 6.0 1334
1584645119227 2.0 1335
1584645125331 6.0 1336
1584645131457 6.0 1337
1584645134243 6.0 1338
1584645136754 10.0 1339
1584645139530 2.0 1340
1584645144415 6.0 1341
1584645151225 9.0 1342
1584645157110 4.0 1343
1584645159987 6.0 1344
1584645162876 6.0 1345
1584645165484 4.0 1346
1584645168591 4.0 1347
1584645171597 6.0 1348
1584645174316 6.0 1349
1584645178785 3.0 1350
1584645186852 8.0 1351
1584645195586 7.0 1352
1584645199853 6.0 1353
1584645202706 5.0 1354
1584645206941 9.0 1355
1584645210234 5.0 1356
1584645213028 6.0 1357
1584645215670 7.0 1358
1584645219075 6.0 1359
1584645223950 10.0 1360
1584645226968 4.0 1361
1584645229779 4.0 1362
1584645232834 5.0 1363
1584645237160 4.0 1364
1584645241825 7.0 1365
1584645244691 9.0 1366
1584645247519 3.0 1367
1584645250470 8.0 1368
1584645253657 9.0 1369
1584645256647 6.0 1370
1584645259603 6.0 1371
1584645262587 9.0 1372
1584645265610 7.0 1373
1584645268643 0.0 1374
1584645271707 1.0 1375
1584645274971 8.0 1376
1584645278621 10.0 1377
1584645281539 2.0 1378
1584645284545 9.0 1379
1584645287502 9.0 1380
1584645290555 3.0 1381
1584645293419 4.0 1382
1584645296330 4.0 1383
1584645299222 2.0 1384
1584645302338 7.0 1385
1584645305570 2.0 1386
1584645308828 6.0 1387
1584645311695 6.0 1388
1584645314649 -1.0 1389
1584645317652 5.0 1390
1584645320544 6.0 1391
1584645323430 2.0 1392
1584645326352 6.0 1393
1584645329316 10.0 1394
1584645332557 8.0 1395
1584645335502 6.0 1396
1584645338889 5.0 1397
1584645341823 4.0 1398
1584645344898 11.0 1399
1584645348842 9.0 1400
1584645352900 7.0 1401
1584645356403 2.0 1402
1584645359465 3.0 1403
1584645362525 6.0 1404
1584645365520 9.0 1405
1584645368493 2.0 1406
1584645371474 8.0 1407
1584645375023 7.0 1408
1584645377923 11.0 1409
1584645380811 4.0 1410
1584645383882 10.0 1411
1584645386974 7.0 1412
1584645389976 1.0 1413
1584645393071 4.0 1414
1584645396041 6.0 1415
1584645398896 5.0 1416
1584645401922 8.0 1417
1584645404938 3.0 1418
1584645407789 9.0 1419
1584645410714 12.0 1420
1584645413573 6.0 1421
1584645416645 10.0 1422
1584645419679 6.0 1423
1584645422733 2.0 1424
1584645428356 4.0 1425
1584645434096 8.0 1426
1584645437632 6.0 1427
1584645440516 6.0 1428
1584645443763 8.0 1429
1584645446855 8.0 1430
1584645449877 7.0 1431
1584645452842 4.0 1432
1584645455787 2.0 1433
1584645458865 0.0 1434
1584645461752 2.0 1435
1584645464864 4.0 1436
1584645467989 6.0 1437
1584645471585 9.0 1438
1584645474611 3.0 1439
1584645477712 7.0 1440
1584645480728 5.0 1441
1584645483912 8.0 1442
1584645486888 8.0 1443
1584645489900 7.0 1444
1584645492947 3.0 1445
1584645495790 9.0 1446
1584645498792 8.0 1447
1584645501828 4.0 1448
1584645504848 6.0 1449
1584645508257 3.0 1450
1584645511146 7.0 1451
1584645514245 7.0 1452
1584645517269 8.0 1453
1584645520214 7.0 1454
1584645523271 7.0 1455
1584645526203 8.0 1456
1584645529196 8.0 1457
1584645532423 4.0 1458
1584645535337 9.0 1459
1584645538228 2.0 1460
1584645541376 10.0 1461
1584645545185 5.0 1462
1584645548145 6.0 1463
1584645551097 9.0 1464
1584645554067 7.0 1465
1584645557078 9.0 1466
1584645560235 8.0 1467
1584645563454 9.0 1468
1584645567110 5.0 1469
1584645570700 11.0 1470
1584645573837 8.0 1471
1584645577208 6.0 1472
1584645580318 7.0 1473
1584645583469 10.0 1474
1584645586496 0.0 1475
1584645589561 6.0 1476
1584645592636 8.0 1477
1584645595653 11.0 1478
1584645598891 5.0 1479
1584645602286 3.0 1480
1584645605588 2.0 1481
1584645608569 4.0 1482
1584645611490 8.0 1483
1584645614731 5.0 1484
1584645617728 5.0 1485
1584645620649 9.0 1486
1584645623572 5.0 1487
1584645626605 7.0 1488
1584645629845 1.0 1489
1584645632780 3.0 1490
1584645635905 3.0 1491
1584645639169 5.0 1492
1584645642220 6.0 1493
1584645645238 5.0 1494
1584645648349 3.0 1495
1584645651454 8.0 1496
1584645654534 7.0 1497
1584645657674 8.0 1498
1584645660719 7.0 1499
1584645664590 9.0 1500
1584645669571 4.0 1501
1584645673982 4.0 1502
1584645677882 2.0 1503
1584645681702 9.0 1504
1584645685677 6.0 1505
1584645689741 9.0 1506
1584645692900 7.0 1507
1584645695995 4.0 1508
1584645699394 9.0 1509
1584645702955 6.0 1510
1584645707803 5.0 1511
1584645715435 7.0 1512
1584645718713 7.0 1513
1584645721801 8.0 1514
1584645725108 12.0 1515
1584645728437 9.0 1516
1584645731440 4.0 1517
1584645734431 11.0 1518
1584645737645 7.0 1519
1584645740769 6.0 1520
1584645743743 10.0 1521
1584645746914 6.0 1522
1584645750015 6.0 1523
1584645752968 9.0 1524
1584645756302 12.0 1525
1584645759371 7.0 1526
1584645762363 5.0 1527
1584645766004 4.0 1528
1584645769106 0.0 1529
1584645772087 7.0 1530
1584645775245 6.0 1531
1584645778340 3.0 1532
1584645781298 13.0 1533
1584645784639 5.0 1534
1584645787615 5.0 1535
1584645790740 6.0 1536
1584645793855 6.0 1537
1584645797030 6.0 1538
1584645799838 11.0 1539
1584645802926 3.0 1540
1584645806044 7.0 1541
1584645809120 10.0 1542
1584645812245 8.0 1543
1584645815107 6.0 1544
1584645818138 6.0 1545
1584645821054 0.0 1546
1584645824081 6.0 1547
1584645827344 6.0 1548
1584645830378 6.0 1549
1584645833344 3.0 1550
1584645836386 4.0 1551
1584645839563 2.0 1552
1584645842639 5.0 1553
1584645845731 10.0 1554
1584645848905 7.0 1555
1584645853614 2.0 1556
1584645856878 9.0 1557
1584645861296 11.0 1558
1584645865879 9.0 1559
1584645868798 6.0 1560
1584645871757 9.0 1561
1584645874747 6.0 1562
1584645877586 4.0 1563
1584645880529 5.0 1564
1584645884063 4.0 1565
1584645887335 4.0 1566
1584645890628 9.0 1567
1584645894394 7.0 1568
1584645897239 4.0 1569
1584645900019 9.0 1570
1584645902918 11.0 1571
1584645906668 8.0 1572
1584645909372 8.0 1573
1584645912111 9.0 1574
1584645914965 9.0 1575
1584645917821 3.0 1576
1584645920562 4.0 1577
1584645923605 7.0 1578
1584645926433 8.0 1579
1584645929283 9.0 1580
1584645932313 5.0 1581
1584645935497 8.0 1582
1584645938689 8.0 1583
1584645941541 7.0 1584
1584645944212 7.0 1585
1584645947050 10.0 1586
1584645949755 6.0 1587
1584645952533 12.0 1588
1584645955320 6.0 1589
1584645958112 12.0 1590
1584645961390 4.0 1591
1584645964251 3.0 1592
1584645966971 10.0 1593
1584645969696 7.0 1594
1584645972463 9.0 1595
1584645975262 11.0 1596
1584645978185 5.0 1597
1584645980780 9.0 1598
1584645983932 7.0 1599
1584645986934 6.0 1600
1584645991081 7.0 1601
1584645995279 4.0 1602
1584646000466 8.0 1603
1584646004359 9.0 1604
1584646007157 7.0 1605
1584646009943 5.0 1606
1584646012810 6.0 1607
1584646015675 8.0 1608
1584646018571 8.0 1609
1584646021430 5.0 1610
1584646024465 8.0 1611
1584646027212 8.0 1612
1584646030120 6.0 1613
1584646032835 9.0 1614
1584646035736 8.0 1615
1584646038494 5.0 1616
1584646041634 8.0 1617
1584646044465 10.0 1618
1584646047420 8.0 1619
1584646050127 1.0 1620
1584646053066 4.0 1621
1584646055945 8.0 1622
1584646059090 6.0 1623
1584646061902 7.0 1624
1584646064740 6.0 1625
1584646067429 2.0 1626
1584646070278 9.0 1627
1584646073081 6.0 1628
1584646075861 7.0 1629
1584646078586 8.0 1630
1584646081567 4.0 1631
1584646084747 6.0 1632
1584646087439 4.0 1633
1584646090511 10.0 1634
1584646093319 7.0 1635
1584646095989 10.0 1636
1584646099032 9.0 1637
1584646101676 7.0 1638
1584646104451 10.0 1639
1584646107233 12.0 1640
1584646110118 9.0 1641
1584646113064 6.0 1642
1584646115899 5.0 1643
1584646118847 10.0 1644
1584646121919 11.0 1645
1584646124618 1.0 1646
1584646127384 8.0 1647
1584646130110 8.0 1648
1584646132887 8.0 1649
1584646135945 4.0 1650
1584646138657 2.0 1651
1584646141537 8.0 1652
1584646145273 10.0 1653
1584646148681 6.0 1654
1584646152459 5.0 1655
1584646156088 8.0 1656
1584646158682 7.0 1657
1584646161374 1.0 1658
1584646164056 11.0 1659
1584646166961 10.0 1660
1584646169677 10.0 1661
1584646172547 6.0 1662
1584646175241 5.0 1663
1584646178080 7.0 1664
1584646180986 11.0 1665
1584646183701 6.0 1666
1584646186557 9.0 1667
1584646189199 9.0 1668
1584646191797 3.0 1669
1584646194492 7.0 1670
1584646196856 1.0 1671
1584646199185 6.0 1672
1584646201662 11.0 1673
1584646204209 9.0 1674
1584646206704 7.0 1675
1584646209041 7.0 1676
1584646211388 7.0 1677
1584646213807 10.0 1678
1584646216278 6.0 1679
1584646218588 5.0 1680
1584646220937 8.0 1681
1584646223286 8.0 1682
1584646225591 8.0 1683
1584646227977 4.0 1684
1584646230331 6.0 1685
1584646232699 7.0 1686
1584646235005 13.0 1687
1584646237355 6.0 1688
1584646239675 6.0 1689
1584646241976 7.0 1690
1584646244306 8.0 1691
1584646246676 2.0 1692
1584646249037 7.0 1693
1584646251527 2.0 1694
1584646254031 3.0 1695
1584646256363 0.0 1696
1584646258716 4.0 1697
1584646261070 3.0 1698
1584646263711 7.0 1699
1584646266100 2.0 1700
1584646268616 10.0 1701
1584646270979 2.0 1702
1584646273362 8.0 1703
1584646275644 4.0 1704
1584646278011 7.0 1705
1584646280358 8.0 1706
1584646282864 10.0 1707
1584646285222 7.0 1708
1584646287557 4.0 1709
1584646289854 5.0 1710
1584646292218 4.0 1711
1584646294650 6.0 1712
1584646297006 3.0 1713
1584646299366 11.0 1714
1584646301654 12.0 1715
1584646304071 9.0 1716
1584646306431 12.0 1717
1584646308764 5.0 1718
1584646311058 12.0 1719
1584646313460 10.0 1720
1584646315759 5.0 1721
1584646318110 11.0 1722
1584646320439 10.0 1723
1584646323197 1.0 1724
1584646325592 5.0 1725
1584646328030 7.0 1726
1584646330404 11.0 1727
1584646332761 12.0 1728
1584646335158 8.0 1729
1584646337606 9.0 1730
1584646339930 4.0 1731
1584646342298 7.0 1732
1584646344675 12.0 1733
1584646346991 7.0 1734
1584646349653 9.0 1735
1584646352076 6.0 1736
1584646354411 8.0 1737
1584646356673 4.0 1738
1584646359011 7.0 1739
1584646361352 3.0 1740
1584646363711 4.0 1741
1584646366019 5.0 1742
1584646368325 8.0 1743
1584646370643 5.0 1744
1584646372991 10.0 1745
1584646375383 10.0 1746
1584646377723 10.0 1747
1584646380170 2.0 1748
1584646382524 4.0 1749
1584646384932 5.0 1750
1584646387229 4.0 1751
1584646389553 8.0 1752
1584646391835 10.0 1753
1584646394209 10.0 1754
1584646396530 9.0 1755
1584646398816 0.0 1756
1584646401178 9.0 1757
1584646403487 2.0 1758
1584646405843 9.0 1759
1584646408191 5.0 1760
1584646410595 12.0 1761
1584646412922 10.0 1762
1584646415263 11.0 1763
1584646417610 8.0 1764
1584646419948 9.0 1765
1584646422295 4.0 1766
1584646424613 13.0 1767
1584646426859 7.0 1768
1584646429199 12.0 1769
1584646431492 5.0 1770
1584646433855 11.0 1771
1584646436184 9.0 1772
1584646438534 8.0 1773
1584646441672 12.0 1774
1584646444991 7.0 1775
1584646448078 6.0 1776
1584646450763 8.0 1777
1584646453587 4.0 1778
1584646456392 9.0 1779
1584646459270 6.0 1780
1584646462075 5.0 1781
1584646465017 11.0 1782
1584646467734 7.0 1783
1584646470322 6.0 1784
1584646473233 7.0 1785
1584646475883 9.0 1786
1584646478744 8.0 1787
1584646481528 6.0 1788
1584646484346 2.0 1789
1584646487103 5.0 1790
1584646489844 9.0 1791
1584646492665 2.0 1792
1584646495484 8.0 1793
1584646498337 0.0 1794
1584646501117 11.0 1795
1584646504464 7.0 1796
1584646507562 3.0 1797
1584646512362 9.0 1798
1584646517852 5.0 1799
1584646520906 3.0 1800
1584646524219 9.0 1801
1584646527204 4.0 1802
1584646530011 2.0 1803
1584646533198 11.0 1804
1584646536011 3.0 1805
1584646538730 12.0 1806
1584646541530 10.0 1807
1584646544921 7.0 1808
1584646547686 5.0 1809
1584646550611 10.0 1810
1584646553381 8.0 1811
1584646556457 7.0 1812
1584646559297 7.0 1813
1584646562106 3.0 1814
1584646564892 9.0 1815
1584646567629 7.0 1816
1584646570468 9.0 1817
1584646573641 7.0 1818
1584646576450 8.0 1819
1584646579090 9.0 1820
1584646581955 8.0 1821
1584646585092 5.0 1822
1584646588287 12.0 1823
1584646591345 7.0 1824
1584646594271 5.0 1825
1584646596992 8.0 1826
1584646599671 9.0 1827
1584646602419 9.0 1828
1584646605255 9.0 1829
1584646607965 4.0 1830
1584646610700 10.0 1831
1584646613387 7.0 1832
1584646616375 12.0 1833
1584646619029 12.0 1834
1584646621867 6.0 1835
1584646625309 15.0 1836
1584646628053 11.0 1837
1584646630787 9.0 1838
1584646633558 8.0 1839
1584646636444 15.0 1840
1584646639223 8.0 1841
1584646642724 8.0 1842
1584646645342 3.0 1843
1584646648143 8.0 1844
1584646650937 12.0 1845
1584646653876 4.0 1846
1584646656561 13.0 1847
1584646659159 3.0 1848
1584646662207 7.0 1849
1584646665330 8.0 1850
1584646668288 3.0 1851
1584646671201 7.0 1852
1584646674269 12.0 1853
1584646676953 9.0 1854
1584646679527 8.0 1855
1584646682397 6.0 1856
1584646685314 9.0 1857
1584646687897 6.0 1858
1584646690442 13.0 1859
1584646693062 9.0 1860
1584646695901 9.0 1861
1584646698776 2.0 1862
1584646701621 9.0 1863
1584646704358 12.0 1864
1584646707194 6.0 1865
1584646709967 9.0 1866
1584646712872 4.0 1867
1584646715731 5.0 1868
1584646718495 10.0 1869
1584646721226 8.0 1870
1584646724027 8.0 1871
1584646726692 9.0 1872
1584646729381 11.0 1873
1584646732217 9.0 1874
1584646734959 3.0 1875
1584646738326 2.0 1876
1584646741170 7.0 1877
1584646744604 8.0 1878
1584646747934 6.0 1879
1584646752771 9.0 1880
1584646755700 4.0 1881
1584646758471 3.0 1882
1584646762198 5.0 1883
1584646766250 10.0 1884
1584646769264 11.0 1885
1584646772401 8.0 1886
1584646775300 7.0 1887
1584646778252 6.0 1888
1584646781171 11.0 1889
1584646784144 9.0 1890
1584646787034 10.0 1891
1584646790750 8.0 1892
1584646793727 12.0 1893
1584646796701 7.0 1894
1584646800357 3.0 1895
1584646804140 6.0 1896
1584646807866 6.0 1897
1584646810749 9.0 1898
1584646813641 8.0 1899
1584646816513 13.0 1900
1584646819801 10.0 1901
1584646822926 6.0 1902
1584646826075 8.0 1903
1584646829016 10.0 1904
1584646831930 9.0 1905
1584646835425 6.0 1906
1584646838404 3.0 1907
1584646841217 8.0 1908
1584646844006 5.0 1909
1584646846878 11.0 1910
1584646849756 10.0 1911
1584646852687 7.0 1912
1584646855610 9.0 1913
1584646858391 3.0 1914
1584646861213 5.0 1915
1584646864293 9.0 1916
1584646867535 10.0 1917
1584646870530 4.0 1918
1584646873349 12.0 1919
1584646876220 8.0 1920
1584646879121 6.0 1921
1584646882131 12.0 1922
1584646884985 9.0 1923
1584646888031 11.0 1924
1584646890781 7.0 1925
1584646893832 9.0 1926
1584646900632 3.0 1927
1584646903980 8.0 1928
1584646907331 12.0 1929
1584646911079 5.0 1930
1584646915329 9.0 1931
1584646924242 8.0 1932
1584646927095 13.0 1933
1584646930013 16.0 1934
1584646933160 6.0 1935
1584646942182 7.0 1936
1584646947473 3.0 1937
1584646951096 11.0 1938
1584646954208 6.0 1939
1584646959194 12.0 1940
1584646964395 7.0 1941
1584646968079 8.0 1942
1584646971899 3.0 1943
1584646975375 12.0 1944
1584646978522 3.0 1945
1584646981313 7.0 1946
1584646984861 8.0 1947
1584646987748 3.0 1948
1584646990199 9.0 1949
1584646993351 7.0 1950
1584646996594 7.0 1951
1584647001083 8.0 1952
1584647008696 8.0 1953
1584647011689 3.0 1954
1584647014913 7.0 1955
1584647017338 7.0 1956
1584647023047 8.0 1957
1584647026609 10.0 1958
1584647029695 6.0 1959
1584647032435 10.0 1960
1584647035155 9.0 1961
1584647038055 4.0 1962
1584647040688 10.0 1963
1584647043502 12.0 1964
1584647046107 15.0 1965
1584647049679 7.0 1966
1584647052563 9.0 1967
1584647055163 3.0 1968
1584647058033 5.0 1969
1584647061723 5.0 1970
1584647064427 7.0 1971
1584647067067 10.0 1972
1584647069738 11.0 1973
1584647072461 13.0 1974
1584647075044 1.0 1975
1584647077673 8.0 1976
1584647080340 4.0 1977
1584647083050 7.0 1978
1584647085682 9.0 1979
1584647088266 7.0 1980
1584647090887 2.0 1981
1584647093443 7.0 1982
1584647096045 12.0 1983
1584647098671 8.0 1984
1584647101219 12.0 1985
1584647103918 9.0 1986
1584647106701 9.0 1987
1584647109431 5.0 1988
1584647112055 8.0 1989
1584647114714 7.0 1990
1584647117616 10.0 1991
1584647120314 3.0 1992
1584647123031 11.0 1993
1584647125790 4.0 1994
1584647128892 5.0 1995
1584647131588 7.0 1996
1584647134206 4.0 1997
1584647136776 6.0 1998
1584647139461 12.0 1999
1584647142102 7.0 2000
