1584700534135 300 1
1584700536367 300 2
1584700538562 300 3
1584700540774 300 4
1584700542936 300 5
1584700545153 300 6
1584700547409 300 7
1584700549652 300 8
1584700551880 300 9
1584700554154 300 10
1584700556577 300 11
1584700558817 300 12
1584700561044 300 13
1584700563233 300 14
1584700565464 300 15
1584700567842 300 16
1584700570214 300 17
1584700572399 300 18
1584700574585 300 19
1584700576760 300 20
1584700578961 300 21
1584700581160 300 22
1584700583344 300 23
1584700585575 300 24
1584700587764 300 25
1584700589936 300 26
1584700592146 300 27
1584700594319 300 28
1584700596498 300 29
1584700598653 300 30
1584700600812 300 31
1584700602975 300 32
1584700605132 300 33
1584700607319 300 34
1584700609499 300 35
1584700611691 300 36
1584700613865 300 37
1584700616073 300 38
1584700618253 300 39
1584700620438 300 40
1584700622646 300 41
1584700625135 300 42
1584700627342 300 43
1584700629568 300 44
1584700631787 300 45
1584700633973 300 46
1584700636146 300 47
1584700638333 300 48
1584700640501 300 49
1584700642684 300 50
1584700644890 300 51
1584700647120 300 52
1584700649300 300 53
1584700651481 300 54
1584700654018 300 55
1584700656216 300 56
1584700658393 300 57
1584700660563 300 58
1584700663325 300 59
1584700665497 300 60
1584700667690 300 61
1584700669883 300 62
1584700672098 300 63
1584700674292 300 64
1584700676521 300 65
1584700678690 300 66
1584700680876 300 67
1584700683215 300 68
1584700685420 300 69
1584700687616 300 70
1584700689781 300 71
1584700691945 300 72
1584700694166 300 73
1584700696340 300 74
1584700698544 300 75
1584700700725 300 76
1584700702943 300 77
1584700705154 300 78
1584700707351 300 79
1584700709543 300 80
1584700711761 300 81
1584700714036 300 82
1584700716266 300 83
1584700718473 300 84
1584700720653 300 85
1584700722843 300 86
1584700725035 300 87
1584700727252 300 88
1584700729467 300 89
1584700731631 300 90
1584700733842 300 91
1584700736030 300 92
1584700738222 300 93
1584700740396 300 94
1584700742616 300 95
1584700744835 300 96
1584700747004 300 97
1584700749194 300 98
1584700751381 300 99
1584700753575 300 100
1584700755842 300 101
1584700758030 300 102
1584700760241 300 103
1584700762419 300 104
1584700764608 300 105
1584700766803 300 106
1584700768999 300 107
1584700771183 300 108
1584700773423 300 109
1584700775611 300 110
1584700777810 300 111
1584700780078 300 112
1584700782256 300 113
1584700784435 300 114
1584700786628 300 115
1584700788834 300 116
1584700791057 300 117
1584700793282 300 118
1584700795473 300 119
1584700797657 300 120
1584700799856 300 121
1584700802076 300 122
1584700804288 300 123
1584700806487 300 124
1584700808681 300 125
1584700810912 300 126
1584700813127 300 127
1584700815326 300 128
1584700817551 300 129
1584700819779 300 130
1584700821982 300 131
1584700824182 300 132
1584700826351 300 133
1584700828533 300 134
1584700830718 300 135
1584700832976 300 136
1584700835225 300 137
1584700837414 300 138
1584700839628 300 139
1584700841834 300 140
1584700844072 300 141
1584700846253 300 142
1584700848426 300 143
1584700850624 300 144
1584700852828 300 145
1584700855033 300 146
1584700857268 300 147
1584700859473 300 148
1584700861679 300 149
1584700863871 300 150
1584700866118 300 151
1584700868367 300 152
1584700870544 300 153
1584700872767 300 154
1584700874980 300 155
1584700877220 300 156
1584700879427 300 157
1584700881606 300 158
1584700883795 300 159
1584700885989 300 160
1584700888177 300 161
1584700890368 300 162
1584700892596 300 163
1584700894786 300 164
1584700897014 300 165
1584700899213 300 166
1584700901398 300 167
1584700903615 300 168
1584700905840 300 169
1584700908022 300 170
1584700910217 300 171
1584700912432 300 172
1584700914634 300 173
1584700916832 300 174
1584700919044 300 175
1584700921254 300 176
1584700923468 300 177
1584700925692 300 178
1584700927916 300 179
1584700930115 300 180
1584700932316 300 181
1584700934815 300 182
1584700937085 300 183
1584700939300 300 184
1584700941529 300 185
1584700943699 300 186
1584700945893 300 187
1584700948116 300 188
1584700950320 300 189
1584700952512 300 190
1584700954727 300 191
1584700956934 300 192
1584700959121 300 193
1584700961313 300 194
1584700963488 300 195
1584700965708 300 196
1584700967898 300 197
1584700970088 300 198
1584700972342 300 199
1584700974537 300 200
1584700976804 300 201
1584700979026 300 202
1584700981260 300 203
1584700983486 300 204
1584700985681 300 205
1584700987887 300 206
1584700990068 300 207
1584700992298 300 208
1584700994498 300 209
1584700996692 300 210
1584700998907 300 211
1584701001116 300 212
1584701003341 300 213
1584701005519 300 214
1584701007717 300 215
1584701009935 300 216
1584701012180 300 217
1584701014588 300 218
1584701016820 300 219
1584701019025 300 220
1584701021232 300 221
1584701023430 300 222
1584701025619 300 223
1584701027878 300 224
1584701030085 300 225
1584701032330 300 226
1584701034542 300 227
1584701036742 300 228
1584701038926 300 229
1584701041119 300 230
1584701043323 300 231
1584701045509 300 232
1584701047699 300 233
1584701049891 300 234
1584701052095 300 235
1584701054272 300 236
1584701056474 300 237
1584701058675 300 238
1584701060876 300 239
1584701063077 300 240
1584701065292 300 241
1584701067527 300 242
1584701069791 300 243
1584701072013 300 244
1584701074299 300 245
1584701076492 300 246
1584701078680 300 247
1584701080870 300 248
1584701083097 300 249
1584701085314 300 250
1584701087510 300 251
1584701089725 300 252
1584701091951 300 253
1584701094172 300 254
1584701096390 300 255
1584701098622 300 256
1584701100832 300 257
1584701103049 300 258
1584701105276 300 259
1584701107465 300 260
1584701109637 300 261
1584701111829 300 262
1584701114037 300 263
1584701116213 300 264
1584701118393 300 265
1584701120608 300 266
1584701122789 300 267
1584701124998 300 268
1584701127193 300 269
1584701129380 300 270
1584701131567 300 271
1584701133806 300 272
1584701136166 300 273
1584701138406 300 274
1584701140627 300 275
1584701142857 300 276
1584701145101 300 277
1584701147321 300 278
1584701149526 300 279
1584701151754 300 280
1584701153938 300 281
1584701156143 300 282
1584701158350 300 283
1584701160623 300 284
1584701162834 300 285
1584701165064 300 286
1584701167291 300 287
1584701169507 300 288
1584701171723 300 289
1584701173976 300 290
1584701176191 300 291
1584701178408 300 292
1584701180593 300 293
1584701182807 300 294
1584701185008 300 295
1584701187227 300 296
1584701189410 300 297
1584701191608 300 298
1584701193824 300 299
1584701196053 300 300
1584701198337 300 301
1584701200512 300 302
1584701202687 300 303
1584701204905 300 304
1584701207120 300 305
1584701209320 300 306
1584701211522 300 307
1584701213698 300 308
1584701215906 300 309
1584701218128 300 310
1584701220348 300 311
1584701222614 300 312
1584701224867 300 313
1584701227145 300 314
1584701229359 300 315
1584701231549 300 316
1584701233742 300 317
1584701235919 300 318
1584701238108 300 319
1584701240307 300 320
1584701242488 300 321
1584701244671 300 322
1584701246881 300 323
1584701249116 300 324
1584701251303 300 325
1584701253569 300 326
1584701255787 300 327
1584701257984 300 328
1584701260750 300 329
1584701263050 300 330
1584701265276 300 331
1584701267442 300 332
1584701269890 300 333
1584701272423 300 334
1584701274601 300 335
1584701276770 300 336
1584701278974 300 337
1584701281216 300 338
1584701283443 300 339
1584701285651 300 340
1584701287823 300 341
1584701290014 300 342
1584701292217 300 343
1584701294405 300 344
1584701296601 300 345
1584701298809 300 346
1584701300982 300 347
1584701303165 300 348
1584701305373 300 349
1584701307572 300 350
1584701309757 300 351
1584701311954 300 352
1584701314224 300 353
1584701316405 300 354
1584701318602 300 355
1584701320811 300 356
1584701323004 300 357
1584701325249 300 358
1584701327450 300 359
1584701329641 300 360
1584701331835 300 361
1584701334031 300 362
1584701336208 300 363
1584701338420 300 364
1584701340611 300 365
1584701342828 300 366
1584701345011 300 367
1584701347187 300 368
1584701349360 300 369
1584701351541 300 370
1584701353788 300 371
1584701355974 300 372
1584701358256 300 373
1584701360452 300 374
1584701362630 300 375
1584701364845 300 376
1584701367062 300 377
1584701369285 300 378
1584701371446 300 379
1584701374122 300 380
1584701376826 300 381
1584701379318 300 382
1584701381573 300 383
1584701384126 300 384
1584701387263 300 385
1584701389577 300 386
1584701391989 300 387
1584701394231 300 388
1584701396468 300 389
1584701398642 300 390
1584701400893 300 391
1584701403127 300 392
1584701405286 300 393
1584701407448 300 394
1584701409661 300 395
1584701411879 300 396
1584701414087 300 397
1584701416300 300 398
1584701418530 300 399
1584701420829 300 400
1584701423138 300 401
1584701425526 300 402
1584701428009 300 403
1584701430301 300 404
1584701432615 300 405
1584701434949 300 406
1584701437241 300 407
1584701439413 300 408
1584701441598 300 409
1584701443836 300 410
1584701446008 300 411
1584701448217 300 412
1584701450643 300 413
1584701452980 300 414
1584701455453 300 415
1584701457790 300 416
1584701460104 300 417
1584701462515 300 418
1584701464775 300 419
1584701467045 300 420
1584701469286 300 421
1584701471478 300 422
1584701473752 300 423
1584701476124 300 424
1584701478456 300 425
1584701480818 300 426
1584701483012 300 427
1584701485464 300 428
1584701487836 300 429
1584701490108 300 430
1584701492350 300 431
1584701494669 300 432
1584701496910 300 433
1584701499136 300 434
1584701501478 300 435
1584701503658 300 436
1584701505857 300 437
1584701508052 300 438
1584701510265 300 439
1584701512440 300 440
1584701514628 300 441
1584701516888 300 442
1584701519426 300 443
1584701521640 300 444
1584701523877 300 445
1584701526056 300 446
1584701528245 300 447
1584701530414 300 448
1584701532587 300 449
1584701534788 300 450
1584701536963 300 451
1584701539182 300 452
1584701541355 300 453
1584701543555 300 454
1584701545795 300 455
1584701547968 300 456
1584701550440 300 457
1584701552990 300 458
1584701555337 300 459
1584701557632 300 460
1584701559892 300 461
1584701562203 300 462
1584701564446 300 463
1584701566755 300 464
1584701569238 300 465
1584701571468 300 466
1584701573825 300 467
1584701576095 300 468
1584701578378 300 469
1584701580600 300 470
1584701582908 300 471
1584701585136 300 472
1584701587336 300 473
1584701589537 300 474
1584701591747 300 475
1584701593954 300 476
1584701596176 300 477
1584701598376 300 478
1584701600583 300 479
1584701602798 300 480
1584701604978 300 481
1584701607192 300 482
1584701609400 300 483
1584701611559 300 484
1584701613850 300 485
1584701616047 300 486
1584701618273 300 487
1584701620452 300 488
1584701622653 300 489
1584701624854 300 490
1584701627038 300 491
1584701629240 300 492
1584701631445 300 493
1584701633629 300 494
1584701635828 300 495
1584701638021 300 496
1584701640186 300 497
1584701642410 300 498
1584701644617 300 499
1584701646811 300 500
1584701649205 300 501
1584701651384 300 502
1584701653584 300 503
1584701655796 300 504
1584701658033 300 505
1584701660368 300 506
1584701662558 300 507
1584701664752 300 508
1584701666936 300 509
1584701669142 300 510
1584701671337 300 511
1584701673863 300 512
1584701676061 300 513
1584701678243 300 514
1584701680471 300 515
1584701682653 300 516
1584701684885 300 517
1584701687094 300 518
1584701689290 300 519
1584701691494 300 520
1584701693666 300 521
1584701695880 300 522
1584701698045 300 523
1584701700305 300 524
1584701702634 300 525
1584701704899 300 526
1584701707146 300 527
1584701709375 300 528
1584701711627 300 529
1584701713891 300 530
1584701716123 300 531
1584701718326 300 532
1584701720511 300 533
1584701722705 300 534
1584701724906 300 535
1584701727089 300 536
1584701729326 300 537
1584701731525 300 538
1584701733750 300 539
1584701736038 300 540
1584701738252 300 541
1584701740485 300 542
1584701742706 300 543
1584701744991 300 544
1584701747237 300 545
1584701749483 300 546
1584701751676 300 547
1584701753857 300 548
1584701756037 300 549
1584701758240 300 550
1584701760452 300 551
1584701762656 300 552
1584701764866 300 553
1584701767090 300 554
1584701769304 300 555
1584701771496 300 556
1584701773860 300 557
1584701776055 300 558
1584701778227 300 559
1584701780405 300 560
1584701782656 300 561
1584701784928 300 562
1584701787286 300 563
1584701789605 300 564
1584701791808 300 565
1584701794060 300 566
1584701796286 300 567
1584701798456 300 568
1584701800662 300 569
1584701802847 300 570
1584701805057 300 571
1584701807261 300 572
1584701809455 300 573
1584701811653 300 574
1584701813850 300 575
1584701816057 300 576
1584701818279 300 577
1584701820465 300 578
1584701822661 300 579
1584701824869 300 580
1584701827086 300 581
1584701829304 300 582
1584701831534 300 583
1584701833742 300 584
1584701836063 300 585
1584701838259 300 586
1584701840443 300 587
1584701842858 300 588
1584701845078 300 589
1584701847275 300 590
1584701849471 300 591
1584701851644 300 592
1584701853879 300 593
1584701856060 300 594
1584701858240 300 595
1584701860428 300 596
1584701862657 300 597
1584701864840 300 598
1584701867168 300 599
1584701869777 300 600
1584701872089 300 601
1584701874355 300 602
1584701876563 300 603
1584701878787 300 604
1584701880969 300 605
1584701883194 300 606
1584701885368 300 607
1584701887562 300 608
1584701889753 300 609
1584701891942 300 610
1584701894163 300 611
1584701896366 300 612
1584701898600 300 613
1584701900814 300 614
1584701903009 300 615
1584701905183 300 616
1584701907405 300 617
1584701909613 300 618
1584701911810 300 619
1584701914048 300 620
1584701916262 300 621
1584701918445 300 622
1584701920643 300 623
1584701922839 300 624
1584701925032 300 625
1584701927224 300 626
1584701929419 300 627
1584701931654 300 628
1584701933883 300 629
1584701936114 300 630
1584701938317 300 631
1584701940561 300 632
1584701942752 300 633
1584701944981 300 634
1584701947185 300 635
1584701949389 300 636
1584701951589 300 637
1584701953826 300 638
1584701956071 300 639
1584701958282 300 640
1584701960480 300 641
1584701962666 300 642
1584701964878 300 643
1584701967069 300 644
1584701969308 300 645
1584701971527 300 646
1584701973748 300 647
1584701975948 300 648
1584701978134 300 649
1584701980300 300 650
1584701982514 300 651
1584701984714 300 652
1584701986928 300 653
1584701989092 300 654
1584701991316 300 655
1584701993496 300 656
1584701995688 300 657
1584701997902 300 658
1584702000136 300 659
1584702002306 300 660
1584702004518 300 661
1584702006686 300 662
1584702008904 300 663
1584702011141 300 664
1584702013326 300 665
1584702015496 300 666
1584702017664 300 667
1584702019849 300 668
1584702022048 300 669
1584702024256 300 670
1584702026501 300 671
1584702028686 300 672
1584702030903 300 673
1584702033454 300 674
1584702035755 300 675
1584702037993 300 676
1584702040206 300 677
1584702042385 300 678
1584702044601 300 679
1584702046815 300 680
1584702049014 300 681
1584702051199 300 682
1584702053398 300 683
1584702055568 300 684
1584702057760 300 685
1584702059968 300 686
1584702062178 300 687
1584702064851 300 688
1584702067186 300 689
1584702069450 300 690
1584702071716 300 691
1584702073934 300 692
1584702076119 300 693
1584702078386 300 694
1584702080560 300 695
1584702082758 300 696
1584702084982 300 697
1584702087201 300 698
1584702089410 300 699
1584702091612 300 700
1584702093869 300 701
1584702096089 300 702
1584702098323 300 703
1584702100514 300 704
1584702102711 300 705
1584702104940 300 706
1584702107144 300 707
1584702109353 300 708
1584702111569 300 709
1584702113769 300 710
1584702115957 300 711
1584702118213 300 712
1584702120427 300 713
1584702122683 300 714
1584702124881 300 715
1584702127146 300 716
1584702129332 300 717
1584702131537 300 718
1584702133817 300 719
1584702136022 300 720
1584702138227 300 721
1584702140424 300 722
1584702142618 300 723
1584702144821 300 724
1584702147019 300 725
1584702149260 300 726
1584702151465 300 727
1584702153687 300 728
1584702155891 300 729
1584702158095 300 730
1584702160286 300 731
1584702162504 300 732
1584702164724 300 733
1584702166948 300 734
1584702169137 300 735
1584702171340 300 736
1584702173590 300 737
1584702175786 300 738
1584702177999 300 739
1584702180215 300 740
1584702182430 300 741
1584702184667 300 742
1584702186872 300 743
1584702189089 300 744
1584702191272 300 745
1584702193475 300 746
1584702195695 300 747
1584702197931 300 748
1584702200149 300 749
1584702202346 300 750
1584702204581 300 751
1584702206791 300 752
1584702208992 300 753
1584702211184 300 754
1584702213418 300 755
1584702215630 300 756
1584702217836 300 757
1584702220058 300 758
1584702222252 300 759
1584702224482 300 760
1584702226666 300 761
1584702228954 300 762
1584702231178 300 763
1584702233347 300 764
1584702235581 300 765
1584702237782 300 766
1584702239972 300 767
1584702242208 300 768
1584702244387 300 769
1584702246680 300 770
1584702248848 300 771
1584702251044 300 772
1584702253226 300 773
1584702255527 300 774
1584702258006 300 775
1584702260286 300 776
1584702262507 300 777
1584702264705 300 778
1584702266910 300 779
1584702269183 300 780
1584702271401 300 781
1584702273619 300 782
1584702275838 300 783
1584702278041 300 784
1584702280266 300 785
1584702282455 300 786
1584702284672 300 787
1584702286922 300 788
1584702289195 300 789
1584702291388 300 790
1584702293600 300 791
1584702295831 300 792
1584702298017 300 793
1584702300221 300 794
1584702302453 300 795
1584702304681 300 796
1584702306909 300 797
1584702309128 300 798
1584702311337 300 799
1584702313557 300 800
1584702315843 300 801
1584702318055 300 802
1584702320280 300 803
1584702322471 300 804
1584702324702 300 805
1584702327134 300 806
1584702329415 300 807
1584702331787 300 808
1584702334019 300 809
1584702336219 300 810
1584702338444 300 811
1584702340644 300 812
1584702342858 300 813
1584702345078 300 814
1584702347322 300 815
1584702349532 300 816
1584702351760 300 817
1584702353957 300 818
1584702356184 300 819
1584702358366 300 820
1584702360584 300 821
1584702362793 300 822
1584702365004 300 823
1584702367222 300 824
1584702369409 300 825
1584702371632 300 826
1584702373856 300 827
1584702376078 300 828
1584702378276 300 829
1584702380465 300 830
1584702382657 300 831
1584702384881 300 832
1584702387118 300 833
1584702389324 300 834
1584702391512 300 835
1584702393742 300 836
1584702395964 300 837
1584702398175 300 838
1584702400375 300 839
1584702402571 300 840
1584702404766 300 841
1584702407026 300 842
1584702409251 300 843
1584702411472 300 844
1584702413672 300 845
1584702416043 300 846
1584702418291 300 847
1584702420502 300 848
1584702422812 300 849
1584702425030 300 850
1584702427243 300 851
1584702429447 300 852
1584702431651 300 853
1584702433871 300 854
1584702436089 300 855
1584702438277 300 856
1584702440491 300 857
1584702442958 300 858
1584702445159 300 859
1584702447351 300 860
1584702449566 300 861
1584702451751 300 862
1584702454029 300 863
1584702456239 300 864
1584702458439 300 865
1584702460627 300 866
1584702462834 300 867
1584702465042 300 868
1584702467274 300 869
1584702469496 300 870
1584702471704 300 871
1584702473903 300 872
1584702476082 300 873
1584702478305 300 874
1584702480514 300 875
1584702482712 300 876
1584702484912 300 877
1584702487133 300 878
1584702489469 300 879
1584702491691 300 880
1584702493932 300 881
1584702496126 300 882
1584702498323 300 883
1584702500503 300 884
1584702502714 300 885
1584702504936 300 886
1584702507164 300 887
1584702509367 300 888
1584702511575 300 889
1584702513868 300 890
1584702516064 300 891
1584702518317 300 892
1584702520548 300 893
1584702522757 300 894
1584702524976 300 895
1584702527213 300 896
1584702529420 300 897
1584702531636 300 898
1584702533871 300 899
1584702536059 300 900
1584702538336 300 901
1584702540553 300 902
1584702542830 300 903
1584702545046 300 904
1584702547268 300 905
1584702549465 300 906
1584702551704 300 907
1584702553896 300 908
1584702556164 300 909
1584702558622 300 910
1584702560834 300 911
1584702563043 300 912
1584702565260 300 913
1584702567448 300 914
1584702569646 300 915
1584702571849 300 916
1584702574189 300 917
1584702576402 300 918
1584702578591 300 919
1584702580857 300 920
1584702583057 300 921
1584702585293 300 922
1584702587525 300 923
1584702589751 300 924
1584702591999 300 925
1584702594234 300 926
1584702596420 300 927
1584702598646 300 928
1584702600853 300 929
1584702603099 300 930
1584702605293 300 931
1584702607508 300 932
1584702609763 300 933
1584702611966 300 934
1584702614236 300 935
1584702616519 300 936
1584702618779 300 937
1584702621009 300 938
1584702623212 300 939
1584702625449 300 940
1584702627647 300 941
1584702629840 300 942
1584702632047 300 943
1584702634395 300 944
1584702636655 300 945
1584702638897 300 946
1584702641098 300 947
1584702643346 300 948
1584702645558 300 949
1584702647769 300 950
1584702649984 300 951
1584702652223 300 952
1584702654438 300 953
1584702656661 300 954
1584702658847 300 955
1584702661029 300 956
1584702663240 300 957
1584702665457 300 958
1584702667671 300 959
1584702669891 300 960
1584702672134 300 961
1584702674348 300 962
1584702676554 300 963
1584702678765 300 964
1584702680973 300 965
1584702683205 300 966
1584702685407 300 967
1584702687622 300 968
1584702689835 300 969
1584702692051 300 970
1584702694305 300 971
1584702696534 300 972
1584702698757 300 973
1584702700967 300 974
1584702703174 300 975
1584702705378 300 976
1584702707599 300 977
1584702709770 300 978
1584702712079 300 979
1584702714382 300 980
1584702716611 300 981
1584702718839 300 982
1584702721079 300 983
1584702723326 300 984
1584702725568 300 985
1584702727755 300 986
1584702729973 300 987
1584702732187 300 988
1584702734375 300 989
1584702736607 300 990
1584702738840 300 991
1584702741055 300 992
1584702743250 300 993
1584702745477 300 994
1584702747667 300 995
1584702749992 300 996
1584702752197 300 997
1584702754428 300 998
1584702756628 300 999
1584702759002 300 1000
1584702761426 300 1001
1584702763784 300 1002
1584702766037 300 1003
1584702768264 300 1004
1584702770449 300 1005
1584702772733 300 1006
1584702774918 300 1007
1584702777144 300 1008
1584702779368 300 1009
1584702781586 300 1010
1584702783784 300 1011
1584702785982 300 1012
1584702788220 300 1013
1584702790424 300 1014
1584702792657 300 1015
1584702794881 300 1016
1584702797092 300 1017
1584702799323 300 1018
1584702801523 300 1019
1584702803721 300 1020
1584702805922 300 1021
1584702808174 300 1022
1584702810420 300 1023
1584702812608 300 1024
1584702815249 300 1025
1584702817452 300 1026
1584702819678 300 1027
1584702821868 300 1028
1584702824098 300 1029
1584702826291 300 1030
1584702828468 300 1031
1584702830716 300 1032
1584702832932 300 1033
1584702835163 300 1034
1584702837343 300 1035
1584702839602 300 1036
1584702841810 300 1037
1584702844013 300 1038
1584702846229 300 1039
1584702848447 300 1040
1584702850675 300 1041
1584702852920 300 1042
1584702855141 300 1043
1584702857347 300 1044
1584702859569 300 1045
1584702861771 300 1046
1584702864000 300 1047
1584702866248 300 1048
1584702868470 300 1049
1584702870691 300 1050
1584702872935 300 1051
1584702875171 300 1052
1584702877413 300 1053
1584702879624 300 1054
1584702881834 300 1055
1584702884114 300 1056
1584702886314 300 1057
1584702888526 300 1058
1584702890796 300 1059
1584702892975 300 1060
1584702895191 300 1061
1584702897385 300 1062
1584702899584 300 1063
1584702901793 300 1064
1584702904071 300 1065
1584702906372 300 1066
1584702908579 300 1067
1584702910756 300 1068
1584702913000 300 1069
1584702915225 300 1070
1584702917446 300 1071
1584702919622 300 1072
1584702921791 300 1073
1584702924003 300 1074
1584702926230 300 1075
1584702928454 300 1076
1584702930640 300 1077
1584702932868 300 1078
1584702935141 300 1079
1584702937443 300 1080
1584702939638 300 1081
1584702941864 300 1082
1584702944120 300 1083
1584702946386 300 1084
1584702948588 300 1085
1584702950771 300 1086
1584702952993 300 1087
1584702955200 300 1088
1584702957411 300 1089
1584702959627 300 1090
1584702961823 300 1091
1584702964009 300 1092
1584702966261 300 1093
1584702968461 300 1094
1584702970675 300 1095
1584702972857 300 1096
1584702975082 300 1097
1584702977296 300 1098
1584702979501 300 1099
1584702981681 300 1100
1584702983992 300 1101
1584702986194 300 1102
1584702988385 300 1103
1584702990700 300 1104
1584702992936 300 1105
1584702995191 300 1106
1584702997419 300 1107
1584702999613 300 1108
1584703001955 300 1109
1584703004178 300 1110
1584703006374 300 1111
1584703008560 300 1112
1584703010752 300 1113
1584703012979 300 1114
1584703015210 300 1115
1584703017441 300 1116
1584703019657 300 1117
1584703021836 300 1118
1584703024022 300 1119
1584703026220 300 1120
1584703028437 300 1121
1584703030663 300 1122
1584703032899 300 1123
1584703035097 300 1124
1584703037332 300 1125
1584703039528 300 1126
1584703041728 300 1127
1584703043949 300 1128
1584703046214 300 1129
1584703048406 300 1130
1584703050767 300 1131
1584703053008 300 1132
1584703055234 300 1133
1584703057486 300 1134
1584703059783 300 1135
1584703062020 300 1136
1584703064293 300 1137
1584703066479 300 1138
1584703068676 300 1139
1584703070889 300 1140
1584703073095 300 1141
1584703075298 300 1142
1584703077507 300 1143
1584703079696 300 1144
1584703081889 300 1145
1584703084106 300 1146
1584703086303 300 1147
1584703088520 300 1148
1584703090748 300 1149
1584703093137 300 1150
1584703095366 300 1151
1584703097637 300 1152
1584703100041 300 1153
1584703102240 300 1154
1584703104442 300 1155
1584703106631 300 1156
1584703108825 300 1157
1584703111049 300 1158
1584703113266 300 1159
1584703115473 300 1160
1584703117656 300 1161
1584703119843 300 1162
1584703122049 300 1163
1584703124256 300 1164
1584703126490 300 1165
1584703128695 300 1166
1584703130927 300 1167
1584703133165 300 1168
1584703135389 300 1169
1584703137593 300 1170
1584703139779 300 1171
1584703141994 300 1172
1584703144192 300 1173
1584703146396 300 1174
1584703148586 300 1175
1584703150800 300 1176
1584703152998 300 1177
1584703155235 300 1178
1584703157472 300 1179
1584703159684 300 1180
1584703161891 300 1181
1584703164081 300 1182
1584703166292 300 1183
1584703168489 300 1184
1584703170649 300 1185
1584703173120 300 1186
1584703175371 300 1187
1584703177589 300 1188
1584703179793 300 1189
1584703181997 300 1190
1584703184279 300 1191
1584703186505 300 1192
1584703188706 300 1193
1584703190897 300 1194
1584703193108 300 1195
1584703195346 300 1196
1584703197584 300 1197
1584703199777 300 1198
1584703202027 300 1199
1584703204239 300 1200
1584703206599 300 1201
1584703208782 300 1202
1584703210957 300 1203
1584703213183 300 1204
1584703215395 300 1205
1584703217633 300 1206
1584703219835 300 1207
1584703222029 300 1208
1584703224267 300 1209
1584703226487 300 1210
1584703228687 300 1211
1584703230899 300 1212
1584703233125 300 1213
1584703235362 300 1214
1584703237590 300 1215
1584703239803 300 1216
1584703242005 300 1217
1584703244208 300 1218
1584703246428 300 1219
1584703248641 300 1220
1584703250853 300 1221
1584703253092 300 1222
1584703255351 300 1223
1584703257567 300 1224
1584703259780 300 1225
1584703261966 300 1226
1584703264198 300 1227
1584703266401 300 1228
1584703268608 300 1229
1584703270809 300 1230
1584703273282 300 1231
1584703275535 300 1232
1584703277736 300 1233
1584703279913 300 1234
1584703282099 300 1235
1584703284291 300 1236
1584703286491 300 1237
1584703288686 300 1238
1584703290850 300 1239
1584703293214 300 1240
1584703295440 300 1241
1584703297663 300 1242
1584703299872 300 1243
1584703302056 300 1244
1584703304288 300 1245
1584703306505 300 1246
1584703308702 300 1247
1584703310903 300 1248
1584703313097 300 1249
1584703315334 300 1250
1584703317516 300 1251
1584703319735 300 1252
1584703321955 300 1253
1584703324209 300 1254
1584703326420 300 1255
1584703328609 300 1256
1584703330798 300 1257
1584703332986 300 1258
1584703335185 300 1259
1584703337407 300 1260
1584703339650 300 1261
1584703341835 300 1262
1584703344038 300 1263
1584703346210 300 1264
1584703348409 300 1265
1584703350620 300 1266
1584703352841 300 1267
1584703355075 300 1268
1584703357308 300 1269
1584703359524 300 1270
1584703361747 300 1271
1584703363972 300 1272
1584703366244 300 1273
1584703368464 300 1274
1584703370685 300 1275
1584703372896 300 1276
1584703375087 300 1277
1584703377290 300 1278
1584703379481 300 1279
1584703381681 300 1280
1584703383921 300 1281
1584703386103 300 1282
1584703388311 300 1283
1584703390558 300 1284
1584703392742 300 1285
1584703394982 300 1286
1584703397208 300 1287
1584703399402 300 1288
1584703401605 300 1289
1584703403792 300 1290
1584703406016 300 1291
1584703408218 300 1292
1584703410406 300 1293
1584703412643 300 1294
1584703414845 300 1295
1584703417052 300 1296
1584703419298 300 1297
1584703421483 300 1298
1584703423671 300 1299
1584703425868 300 1300
1584703428159 300 1301
1584703430383 300 1302
1584703432607 300 1303
1584703434830 300 1304
1584703437042 300 1305
1584703439254 300 1306
1584703441438 300 1307
1584703443662 300 1308
1584703445869 300 1309
1584703448129 300 1310
1584703450404 300 1311
1584703452887 300 1312
1584703455218 300 1313
1584703457450 300 1314
1584703460152 300 1315
1584703462346 300 1316
1584703464535 300 1317
1584703466747 300 1318
1584703468953 300 1319
1584703471153 300 1320
1584703473374 300 1321
1584703475607 300 1322
1584703477768 300 1323
1584703479950 300 1324
1584703482129 300 1325
1584703484306 300 1326
1584703486609 300 1327
1584703488769 300 1328
1584703491021 300 1329
1584703493234 300 1330
1584703495399 300 1331
1584703497584 300 1332
1584703499737 300 1333
1584703502092 300 1334
1584703504309 300 1335
1584703506616 300 1336
1584703508839 300 1337
1584703511069 300 1338
1584703513262 300 1339
1584703515492 300 1340
1584703517728 300 1341
1584703519980 300 1342
1584703522184 300 1343
1584703524408 300 1344
1584703526628 300 1345
1584703528851 300 1346
1584703531045 300 1347
1584703533311 300 1348
1584703535517 300 1349
1584703537778 300 1350
1584703540114 300 1351
1584703542783 300 1352
1584703545474 300 1353
1584703547857 300 1354
1584703550050 300 1355
1584703553449 300 1356
1584703556101 300 1357
1584703558354 300 1358
1584703560535 300 1359
1584703562736 300 1360
1584703564923 300 1361
1584703567133 300 1362
1584703569693 300 1363
1584703571892 300 1364
1584703574100 300 1365
1584703576294 300 1366
1584703578528 300 1367
1584703580715 300 1368
1584703583002 300 1369
1584703585211 300 1370
1584703587426 300 1371
1584703589632 300 1372
1584703591856 300 1373
1584703594162 300 1374
1584703596369 300 1375
1584703598549 300 1376
1584703600739 300 1377
1584703602922 300 1378
1584703605133 300 1379
1584703607336 300 1380
1584703609557 300 1381
1584703611807 300 1382
1584703614076 300 1383
1584703616294 300 1384
1584703618603 300 1385
1584703621169 300 1386
1584703623436 300 1387
1584703625666 300 1388
1584703627898 300 1389
1584703630131 300 1390
1584703632381 300 1391
1584703634585 300 1392
1584703636804 300 1393
1584703639042 300 1394
1584703641306 300 1395
1584703643559 300 1396
1584703645834 300 1397
1584703648041 300 1398
1584703650218 300 1399
1584703652429 300 1400
1584703654778 300 1401
1584703657157 300 1402
1584703659391 300 1403
1584703661989 300 1404
1584703664411 300 1405
1584703666803 300 1406
1584703669441 300 1407
1584703672274 300 1408
1584703674581 300 1409
1584703676800 300 1410
1584703679025 300 1411
1584703681309 300 1412
1584703683557 300 1413
1584703685821 300 1414
1584703688053 300 1415
1584703690283 300 1416
1584703692514 300 1417
1584703694737 300 1418
1584703696963 300 1419
1584703699212 300 1420
1584703701429 300 1421
1584703703655 300 1422
1584703705874 300 1423
1584703708082 300 1424
1584703710361 300 1425
1584703712579 300 1426
1584703714848 300 1427
1584703717069 300 1428
1584703719309 300 1429
1584703721549 300 1430
1584703723766 300 1431
1584703725987 300 1432
1584703728210 300 1433
1584703730460 300 1434
1584703732659 300 1435
1584703734875 300 1436
1584703737108 300 1437
1584703739352 300 1438
1584703741554 300 1439
1584703743794 300 1440
1584703746030 300 1441
1584703748276 300 1442
1584703750474 300 1443
1584703752692 300 1444
1584703754910 300 1445
1584703757109 300 1446
1584703759327 300 1447
1584703761514 300 1448
1584703763708 300 1449
1584703765908 300 1450
1584703768164 300 1451
1584703770419 300 1452
1584703772675 300 1453
1584703774925 300 1454
1584703777194 300 1455
1584703779400 300 1456
1584703781599 300 1457
1584703783818 300 1458
1584703786032 300 1459
1584703788242 300 1460
1584703790444 300 1461
1584703792649 300 1462
1584703794876 300 1463
1584703797099 300 1464
1584703799339 300 1465
1584703801553 300 1466
1584703803767 300 1467
1584703806026 300 1468
1584703808264 300 1469
1584703810480 300 1470
1584703812679 300 1471
1584703814911 300 1472
1584703817153 300 1473
1584703819375 300 1474
1584703821590 300 1475
1584703823792 300 1476
1584703826007 300 1477
1584703828256 300 1478
1584703830492 300 1479
1584703832774 300 1480
1584703835024 300 1481
1584703837256 300 1482
1584703839445 300 1483
1584703841682 300 1484
1584703843897 300 1485
1584703846120 300 1486
1584703848392 300 1487
1584703850659 300 1488
1584703852882 300 1489
1584703855087 300 1490
1584703857307 300 1491
1584703859516 300 1492
1584703861723 300 1493
1584703863930 300 1494
1584703866166 300 1495
1584703868373 300 1496
1584703870571 300 1497
1584703872858 300 1498
1584703875084 300 1499
1584703877298 300 1500
1584703879595 300 1501
1584703881760 300 1502
1584703883963 300 1503
1584703886174 300 1504
1584703888379 300 1505
1584703890598 300 1506
1584703892947 300 1507
1584703895216 300 1508
1584703897415 300 1509
1584703899619 300 1510
1584703901849 300 1511
1584703904104 300 1512
1584703906302 300 1513
1584703908492 300 1514
1584703910710 300 1515
1584703912895 300 1516
1584703915123 300 1517
1584703917357 300 1518
1584703919554 300 1519
1584703921803 300 1520
1584703924030 300 1521
1584703926228 300 1522
1584703928436 300 1523
1584703930627 300 1524
1584703932844 300 1525
1584703935067 300 1526
1584703937283 300 1527
1584703939533 300 1528
1584703941748 300 1529
1584703943946 300 1530
1584703946170 300 1531
1584703948375 300 1532
1584703950591 300 1533
1584703952822 300 1534
1584703955083 300 1535
1584703957334 300 1536
1584703959551 300 1537
1584703961757 300 1538
1584703964022 300 1539
1584703966246 300 1540
1584703968532 300 1541
1584703970762 300 1542
1584703972998 300 1543
1584703975219 300 1544
1584703977462 300 1545
1584703979681 300 1546
1584703981908 300 1547
1584703984128 300 1548
1584703986363 300 1549
1584703988575 300 1550
1584703990813 300 1551
1584703993008 300 1552
1584703995275 300 1553
1584703997534 300 1554
1584703999874 300 1555
1584704002119 300 1556
1584704004346 300 1557
1584704006554 300 1558
1584704008743 300 1559
1584704010956 300 1560
1584704013195 300 1561
1584704015433 300 1562
1584704017803 300 1563
1584704020061 300 1564
1584704022311 300 1565
1584704024538 300 1566
1584704026771 300 1567
1584704028982 300 1568
1584704031196 300 1569
1584704033412 300 1570
1584704035607 300 1571
1584704037826 300 1572
1584704040080 300 1573
1584704042301 300 1574
1584704044520 300 1575
1584704046740 300 1576
1584704048938 300 1577
1584704051182 300 1578
1584704053400 300 1579
1584704055645 300 1580
1584704057905 300 1581
1584704060132 300 1582
1584704062327 300 1583
1584704064537 300 1584
1584704066773 300 1585
1584704069017 300 1586
1584704071282 300 1587
1584704073574 300 1588
1584704075812 300 1589
1584704078052 300 1590
1584704080297 300 1591
1584704082521 300 1592
1584704084708 300 1593
1584704086936 300 1594
1584704089178 300 1595
1584704091371 300 1596
1584704093578 300 1597
1584704095822 300 1598
1584704098053 300 1599
1584704100267 300 1600
1584704102587 300 1601
1584704104819 300 1602
1584704107026 300 1603
1584704109246 300 1604
1584704111479 300 1605
1584704113718 300 1606
1584704115971 300 1607
1584704118191 300 1608
1584704120391 300 1609
1584704122568 300 1610
1584704124773 300 1611
1584704127073 300 1612
1584704129290 300 1613
1584704131489 300 1614
1584704133713 300 1615
1584704135995 300 1616
1584704138252 300 1617
1584704140473 300 1618
1584704142675 300 1619
1584704144913 300 1620
1584704147150 300 1621
1584704149361 300 1622
1584704151605 300 1623
1584704153831 300 1624
1584704156057 300 1625
1584704158278 300 1626
1584704160502 300 1627
1584704162796 300 1628
1584704165006 300 1629
1584704167225 300 1630
1584704169432 300 1631
1584704171656 300 1632
1584704173887 300 1633
1584704176103 300 1634
1584704178305 300 1635
1584704180468 300 1636
1584704182675 300 1637
1584704184909 300 1638
1584704187131 300 1639
1584704189346 300 1640
1584704191560 300 1641
1584704193803 300 1642
1584704196053 300 1643
1584704198258 300 1644
1584704200462 300 1645
1584704202673 300 1646
1584704204923 300 1647
1584704207107 300 1648
1584704209337 300 1649
1584704211593 300 1650
1584704213806 300 1651
1584704216069 300 1652
1584704218348 300 1653
1584704220604 300 1654
1584704222833 300 1655
1584704225051 300 1656
1584704227245 300 1657
1584704229473 300 1658
1584704231696 300 1659
1584704233923 300 1660
1584704236114 300 1661
1584704238329 300 1662
1584704240528 300 1663
1584704242740 300 1664
1584704244969 300 1665
1584704247203 300 1666
1584704249426 300 1667
1584704251647 300 1668
1584704254158 300 1669
1584704256354 300 1670
1584704258625 300 1671
1584704260837 300 1672
1584704263086 300 1673
1584704265298 300 1674
1584704267507 300 1675
1584704269763 300 1676
1584704272007 300 1677
1584704274248 300 1678
1584704276487 300 1679
1584704278677 300 1680
1584704280881 300 1681
1584704283182 300 1682
1584704285404 300 1683
1584704287732 300 1684
1584704290003 300 1685
1584704292271 300 1686
1584704294493 300 1687
1584704296709 300 1688
1584704298933 300 1689
1584704301175 300 1690
1584704303375 300 1691
1584704305613 300 1692
1584704307802 300 1693
1584704310018 300 1694
1584704312263 300 1695
1584704314494 300 1696
1584704316684 300 1697
1584704318902 300 1698
1584704321090 300 1699
1584704323289 300 1700
1584704325611 300 1701
1584704327809 300 1702
1584704330024 300 1703
1584704332281 300 1704
1584704334532 300 1705
1584704336762 300 1706
1584704338962 300 1707
1584704341215 300 1708
1584704343487 300 1709
1584704345725 300 1710
1584704347926 300 1711
1584704350165 300 1712
1584704352396 300 1713
1584704354655 300 1714
1584704356882 300 1715
1584704359115 300 1716
1584704361346 300 1717
1584704363577 300 1718
1584704365780 300 1719
1584704368001 300 1720
1584704370233 300 1721
1584704372433 300 1722
1584704374654 300 1723
1584704376891 300 1724
1584704379100 300 1725
1584704381317 300 1726
1584704383497 300 1727
1584704385692 300 1728
1584704387891 300 1729
1584704390105 300 1730
1584704392315 300 1731
1584704394504 300 1732
1584704396719 300 1733
1584704398939 300 1734
1584704401178 300 1735
1584704403427 300 1736
1584704405654 300 1737
1584704407877 300 1738
1584704410129 300 1739
1584704412345 300 1740
1584704414558 300 1741
1584704416803 300 1742
1584704419004 300 1743
1584704421206 300 1744
1584704423428 300 1745
1584704425635 300 1746
1584704427848 300 1747
1584704430074 300 1748
1584704432328 300 1749
1584704434589 300 1750
1584704436861 300 1751
1584704439086 300 1752
1584704441318 300 1753
1584704443502 300 1754
1584704445679 300 1755
1584704447902 300 1756
1584704450116 300 1757
1584704452463 300 1758
1584704454682 300 1759
1584704456892 300 1760
1584704459142 300 1761
1584704461367 300 1762
1584704463609 300 1763
1584704465812 300 1764
1584704468028 300 1765
1584704470243 300 1766
1584704472452 300 1767
1584704474651 300 1768
1584704476841 300 1769
1584704479077 300 1770
1584704481359 300 1771
1584704483601 300 1772
1584704485783 300 1773
1584704487990 300 1774
1584704490223 300 1775
1584704492446 300 1776
1584704494711 300 1777
1584704496918 300 1778
1584704499102 300 1779
1584704501348 300 1780
1584704503579 300 1781
1584704505796 300 1782
1584704507995 300 1783
1584704510220 300 1784
1584704512417 300 1785
1584704514583 300 1786
1584704516808 300 1787
1584704519026 300 1788
1584704521261 300 1789
1584704523529 300 1790
1584704525726 300 1791
1584704527959 300 1792
1584704530207 300 1793
1584704532460 300 1794
1584704534684 300 1795
1584704536903 300 1796
1584704539125 300 1797
1584704541351 300 1798
1584704543585 300 1799
1584704545783 300 1800
1584704548105 300 1801
1584704550294 300 1802
1584704552485 300 1803
1584704554733 300 1804
1584704556943 300 1805
1584704559218 300 1806
1584704561419 300 1807
1584704563652 300 1808
1584704565889 300 1809
1584704568111 300 1810
1584704570333 300 1811
1584704572544 300 1812
1584704574759 300 1813
1584704576986 300 1814
1584704579228 300 1815
1584704581466 300 1816
1584704583795 300 1817
1584704586048 300 1818
1584704588262 300 1819
1584704590496 300 1820
1584704592797 300 1821
1584704595103 300 1822
1584704597520 300 1823
1584704599781 300 1824
1584704601984 300 1825
1584704604228 300 1826
1584704606442 300 1827
1584704608671 300 1828
1584704610884 300 1829
1584704613202 300 1830
1584704615411 300 1831
1584704617604 300 1832
1584704619823 300 1833
1584704622009 300 1834
1584704624255 300 1835
1584704626474 300 1836
1584704628693 300 1837
1584704630898 300 1838
1584704633110 300 1839
1584704635330 300 1840
1584704637534 300 1841
1584704639802 300 1842
1584704642045 300 1843
1584704644318 300 1844
1584704646524 300 1845
1584704648716 300 1846
1584704650923 300 1847
1584704653127 300 1848
1584704655329 300 1849
1584704657541 300 1850
1584704659747 300 1851
1584704661939 300 1852
1584704664153 300 1853
1584704666392 300 1854
1584704668583 300 1855
1584704670766 300 1856
1584704673007 300 1857
1584704675292 300 1858
1584704677507 300 1859
1584704679729 300 1860
1584704681929 300 1861
1584704684125 300 1862
1584704686345 300 1863
1584704688539 300 1864
1584704690756 300 1865
1584704692942 300 1866
1584704695199 300 1867
1584704697407 300 1868
1584704699633 300 1869
1584704702173 300 1870
1584704704540 300 1871
1584704706887 300 1872
1584704709162 300 1873
1584704711422 300 1874
1584704713671 300 1875
1584704715897 300 1876
1584704718107 300 1877
1584704720313 300 1878
1584704722504 300 1879
1584704724713 300 1880
1584704726920 300 1881
1584704729132 300 1882
1584704731363 300 1883
1584704733587 300 1884
1584704735861 300 1885
1584704738094 300 1886
1584704740358 300 1887
1584704742614 300 1888
1584704744831 300 1889
1584704747092 300 1890
1584704749303 300 1891
1584704751519 300 1892
1584704753717 300 1893
1584704755911 300 1894
1584704758156 300 1895
1584704760400 300 1896
1584704762613 300 1897
1584704764786 300 1898
1584704766983 300 1899
1584704769208 300 1900
1584704771536 300 1901
1584704773734 300 1902
1584704775965 300 1903
1584704778195 300 1904
1584704780387 300 1905
1584704782609 300 1906
1584704784795 300 1907
1584704786979 300 1908
1584704789190 300 1909
1584704791402 300 1910
1584704793674 300 1911
1584704795871 300 1912
1584704798083 300 1913
1584704800269 300 1914
1584704802506 300 1915
1584704804726 300 1916
1584704806924 300 1917
1584704809134 300 1918
1584704811380 300 1919
1584704813599 300 1920
1584704815843 300 1921
1584704818072 300 1922
1584704820315 300 1923
1584704822528 300 1924
1584704824757 300 1925
1584704826953 300 1926
1584704829142 300 1927
1584704831398 300 1928
1584704833579 300 1929
1584704835781 300 1930
1584704838082 300 1931
1584704840287 300 1932
1584704842480 300 1933
1584704844688 300 1934
1584704846894 300 1935
1584704849095 300 1936
1584704851322 300 1937
1584704853637 300 1938
1584704855856 300 1939
1584704858041 300 1940
1584704860304 300 1941
1584704862537 300 1942
1584704864786 300 1943
1584704866986 300 1944
1584704869227 300 1945
1584704871428 300 1946
1584704873634 300 1947
1584704875809 300 1948
1584704878011 300 1949
1584704880223 300 1950
1584704882461 300 1951
1584704884676 300 1952
1584704886874 300 1953
1584704889055 300 1954
1584704891296 300 1955
1584704893526 300 1956
1584704895917 300 1957
1584704898188 300 1958
1584704900416 300 1959
1584704902645 300 1960
1584704904856 300 1961
1584704907073 300 1962
1584704909318 300 1963
1584704911527 300 1964
1584704913825 300 1965
1584704916025 300 1966
1584704918258 300 1967
1584704920457 300 1968
1584704922648 300 1969
1584704924906 300 1970
1584704927116 300 1971
1584704929374 300 1972
1584704931565 300 1973
1584704933828 300 1974
1584704936055 300 1975
1584704938271 300 1976
1584704940479 300 1977
1584704942675 300 1978
1584704944900 300 1979
1584704947100 300 1980
1584704949332 300 1981
1584704951536 300 1982
1584704953739 300 1983
1584704955965 300 1984
1584704958172 300 1985
1584704960393 300 1986
1584704962595 300 1987
1584704964841 300 1988
1584704967042 300 1989
1584704969258 300 1990
1584704971460 300 1991
1584704974063 300 1992
1584704976286 300 1993
1584704978479 300 1994
1584704980679 300 1995
1584704982892 300 1996
1584704985110 300 1997
1584704987309 300 1998
1584704989514 300 1999
1584704991752 300 2000
