1584691745274 1 1
1584691747586 0.995 2
1584691749913 0.990025 3
1584691752141 0.985074875 4
1584691754524 0.9801495006250001 5
1584691756768 0.9752487531218751 6
1584691759097 0.9703725093562657 7
1584691761369 0.9655206468094844 8
1584691763733 0.960693043575437 9
1584691766048 0.9558895783575597 10
1584691768551 0.9511101304657719 11
1584691770904 0.946354579813443 12
1584691773268 0.9416228069143757 13
1584691775592 0.9369146928798039 14
1584691778081 0.9322301194154049 15
1584691781411 0.9275689688183278 16
1584691784368 0.9229311239742362 17
1584691786938 0.918316468354365 18
1584691789529 0.9137248860125932 19
1584691791807 0.9091562615825302 20
1584691794357 0.9046104802746175 21
1584691796926 0.9000874278732445 22
1584691799229 0.8955869907338783 23
1584691801638 0.8911090557802088 24
1584691803916 0.8866535105013078 25
1584691806137 0.8822202429488013 26
1584691808375 0.8778091417340573 27
1584691810625 0.8734200960253871 28
1584691813241 0.8690529955452602 29
1584691815589 0.8647077305675338 30
1584691817969 0.8603841919146962 31
1584691820262 0.8560822709551227 32
1584691822511 0.851801859600347 33
1584691824858 0.8475428503023453 34
1584691827436 0.8433051360508336 35
1584691829732 0.8390886103705794 36
1584691832144 0.8348931673187264 37
1584691834621 0.8307187014821328 38
1584691836895 0.8265651079747222 39
1584691839143 0.8224322824348486 40
1584691841366 0.8183201210226743 41
1584691843615 0.8142285204175609 42
1584691845884 0.810157377815473 43
1584691848109 0.8061065909263957 44
1584691850397 0.8020760579717637 45
1584691852673 0.798065677681905 46
1584691854908 0.7940753492934954 47
1584691857158 0.7901049725470279 48
1584691859396 0.7861544476842928 49
1584691861674 0.7822236754458713 50
1584691863979 0.778312557068642 51
1584691866262 0.7744209942832988 52
1584691868525 0.7705488893118823 53
1584691870788 0.7666961448653229 54
1584691873083 0.7628626641409962 55
1584691875336 0.7590483508202912 56
1584691877566 0.7552531090661897 57
1584691880800 0.7514768435208588 58
1584691883160 0.7477194593032545 59
1584691885969 0.7439808620067382 60
1584691888427 0.7402609576967045 61
1584691890694 0.736559652908221 62
1584691893051 0.7328768546436799 63
1584691895339 0.7292124703704616 64
1584691897568 0.7255664080186093 65
1584691899809 0.7219385759785162 66
1584691902037 0.7183288830986236 67
1584691904289 0.7147372386831305 68
1584691906535 0.7111635524897149 69
1584691908785 0.7076077347272662 70
1584691911038 0.7040696960536299 71
1584691913314 0.7005493475733617 72
1584691915582 0.697046600835495 73
1584691917898 0.6935613678313175 74
1584691920123 0.6900935609921609 75
1584691922467 0.6866430931872001 76
1584691924759 0.6832098777212641 77
1584691927431 0.6797938283326578 78
1584691929913 0.6763948591909945 79
1584691932243 0.6730128848950395 80
1584691934632 0.6696478204705644 81
1584691936913 0.6662995813682115 82
1584691939186 0.6629680834613705 83
1584691941453 0.6596532430440636 84
1584691943727 0.6563549768288433 85
1584691946003 0.653073201944699 86
1584691948349 0.6498078359349755 87
1584691950647 0.6465587967553006 88
1584691953025 0.6433260027715241 89
1584691955318 0.6401093727576664 90
1584691957579 0.6369088258938781 91
1584691959920 0.6337242817644086 92
1584691962167 0.6305556603555866 93
1584691964448 0.6274028820538087 94
1584691967140 0.6242658676435396 95
1584691969901 0.6211445383053219 96
1584691972189 0.6180388156137953 97
1584691974486 0.6149486215357263 98
1584691976937 0.6118738784280476 99
1584691979229 0.6088145090359074 100
1584691981562 0.6057704364907278 101
1584691984138 0.6027415843082742 102
1584691986459 0.5997278763867329 103
1584691988767 0.5967292370047992 104
1584691991099 0.5937455908197752 105
1584691993377 0.5907768628656763 106
1584691995968 0.5878229785513479 107
1584691998400 0.5848838636585911 108
1584692000665 0.5819594443402982 109
1584692003157 0.5790496471185967 110
1584692005796 0.5761543988830038 111
1584692008204 0.5732736268885887 112
1584692010654 0.5704072587541458 113
1584692013075 0.567555222460375 114
1584692015826 0.5647174463480732 115
1584692018272 0.5618938591163328 116
1584692020688 0.5590843898207511 117
1584692023005 0.5562889678716474 118
1584692025364 0.5535075230322891 119
1584692027764 0.5507399854171277 120
1584692030081 0.547986285490042 121
1584692032520 0.5452463540625918 122
1584692035165 0.5425201222922789 123
1584692037583 0.5398075216808175 124
1584692039981 0.5371084840724134 125
1584692042279 0.5344229416520513 126
1584692044640 0.531750826943791 127
1584692046954 0.5290920728090721 128
1584692049242 0.5264466124450268 129
1584692051540 0.5238143793828016 130
1584692054349 0.5211953074858876 131
1584692056750 0.5185893309484582 132
1584692059176 0.5159963842937159 133
1584692061456 0.5134164023722473 134
1584692063751 0.510849320360386 135
1584692066026 0.5082950737585841 136
1584692068321 0.5057535983897912 137
1584692070625 0.5032248303978422 138
1584692073354 0.500708706245853 139
1584692075812 0.4982051627146237 140
1584692078063 0.49571413690105054 141
1584692080604 0.4932355662165453 142
1584692082912 0.4907693883854626 143
1584692085211 0.4883155414435353 144
1584692087890 0.4858739637363176 145
1584692090304 0.483444593917636 146
1584692092779 0.4810273709480478 147
1584692095739 0.47862223409330756 148
1584692098069 0.47622912292284103 149
1584692100435 0.4738479773082268 150
1584692102822 0.47147873742168567 151
1584692105460 0.46912134373457726 152
1584692107795 0.46677573701590436 153
1584692110221 0.46444185833082485 154
1584692112688 0.46211964903917074 155
1584692114959 0.4598090507939749 156
1584692117232 0.457510005540005 157
1584692119525 0.45522245551230495 158
1584692121820 0.4529463432347434 159
1584692124371 0.4506816115185697 160
1584692126688 0.4484282034609769 161
1584692128992 0.446186062443672 162
1584692131290 0.4439551321314536 163
1584692133703 0.4417353564707963 164
1584692135991 0.43952667968844233 165
1584692138252 0.43732904629000013 166
1584692140640 0.4351424010585501 167
1584692142927 0.43296668905325736 168
1584692145234 0.43080185560799106 169
1584692147784 0.4286478463299511 170
1584692150125 0.42650460709830135 171
1584692152464 0.42437208406280985 172
1584692154924 0.4222502236424958 173
1584692157255 0.42013897252428334 174
1584692159569 0.4180382776616619 175
1584692161864 0.4159480862733536 176
1584692164125 0.41386834584198684 177
1584692166395 0.4117990041127769 178
1584692168636 0.40974000909221303 179
1584692170922 0.40769130904675194 180
1584692173183 0.40565285250151817 181
1584692175532 0.4036245882390106 182
1584692177925 0.4016064652978155 183
1584692180189 0.3995984329713264 184
1584692182465 0.3976004408064698 185
1584692184820 0.39561243860243744 186
1584692187100 0.3936343764094253 187
1584692189366 0.39166620452737816 188
1584692191660 0.3897078735047413 189
1584692193992 0.3877593341372176 190
1584692196258 0.3858205374665315 191
1584692198554 0.38389143477919885 192
1584692200866 0.3819719776053028 193
1584692203170 0.3800621177172763 194
1584692205464 0.37816180712868996 195
1584692207827 0.37627099809304654 196
1584692210091 0.3743896431025813 197
1584692212568 0.37251769488706843 198
1584692215120 0.3706551064126331 199
1584692217528 0.36880183088056995 200
1584692220008 0.3669578217261671 201
1584692222820 0.36512303261753626 202
1584692225197 0.3632974174544486 203
1584692227608 0.3614809303671764 204
1584692230275 0.3596735257153405 205
1584692232628 0.3578751580867638 206
1584692235055 0.35608578229633 207
1584692237591 0.3543053533848483 208
1584692239925 0.35253382661792404 209
1584692242205 0.3507711574848344 210
1584692244463 0.34901730169741024 211
1584692246774 0.3472722151889232 212
1584692249065 0.3455358541129786 213
1584692251654 0.3438081748424137 214
1584692254111 0.3420891339682016 215
1584692256829 0.3403786882983606 216
1584692259229 0.3386767948568688 217
1584692261509 0.33698341088258443 218
1584692263940 0.3352984938281715 219
1584692266240 0.33362200135903064 220
1584692268589 0.33195389135223546 221
1584692270859 0.3302941218954743 222
1584692273227 0.32864265128599696 223
1584692275510 0.326999438029567 224
1584692277797 0.3253644408394192 225
1584692280135 0.3237376186352221 226
1584692282458 0.322118930542046 227
1584692284727 0.32050833588933575 228
1584692286974 0.31890579420988907 229
1584692289206 0.3173112652388396 230
1584692291469 0.3157247089126454 231
1584692293747 0.3141460853680822 232
1584692296031 0.3125753549412418 233
1584692298328 0.31101247816653554 234
1584692301173 0.30945741577570285 235
1584692303526 0.3079101286968243 236
1584692305874 0.3063705780533402 237
1584692308536 0.30483872516307353 238
1584692310966 0.3033145315372582 239
1584692313600 0.3017979588795719 240
1584692315937 0.30028896908517405 241
1584692318220 0.2987875242397482 242
1584692320497 0.29729358661854943 243
1584692322773 0.29580711868545667 244
1584692325091 0.2943280830920294 245
1584692327397 0.29285644267656924 246
1584692329714 0.2913921604631864 247
1584692332037 0.28993519966087045 248
1584692334357 0.2884855236625661 249
1584692336658 0.28704309604425327 250
1584692338962 0.285607880564032 251
1584692341219 0.28417984116121187 252
1584692343469 0.2827589419554058 253
1584692345766 0.28134514724562876 254
1584692348225 0.2799384215094006 255
1584692350727 0.27853872940185365 256
1584692353041 0.27714603575484437 257
1584692355378 0.2757603055760701 258
1584692357845 0.2743815040481898 259
1584692360129 0.2730095965279488 260
1584692362507 0.27164454854530906 261
1584692364831 0.2702863258025825 262
1584692367131 0.2689348941735696 263
1584692369576 0.26759021970270175 264
1584692371910 0.2662522686041882 265
1584692374256 0.2649210072611673 266
1584692376577 0.26359640222486147 267
1584692378846 0.26227842021373715 268
1584692381176 0.2609670281126685 269
1584692383448 0.25966219297210513 270
1584692385791 0.2583638820072446 271
1584692388073 0.2570720625972084 272
1584692390344 0.25578670228422234 273
1584692392635 0.25450776877280124 274
1584692395251 0.2532352299289372 275
1584692397588 0.2519690537792925 276
1584692400128 0.2507092085103961 277
1584692402461 0.2494556624678441 278
1584692404770 0.24820838415550486 279
1584692407077 0.24696734223472733 280
1584692409350 0.2457325055235537 281
1584692411639 0.24450384299593592 282
1584692413935 0.24328132378095624 283
1584692416201 0.24206491716205145 284
1584692418469 0.2408545925762412 285
1584692420782 0.23965031961336 286
1584692423058 0.2384520680152932 287
1584692425401 0.23725980767521673 288
1584692427683 0.23607350863684065 289
1584692429985 0.23489314109365644 290
1584692432320 0.23371867538818816 291
1584692435126 0.23255008201124722 292
1584692437421 0.231387331601191 293
1584692439725 0.23023039494318503 294
1584692442027 0.2290792429684691 295
1584692444291 0.22793384675362674 296
1584692446602 0.22679417751985861 297
1584692448961 0.22566020663225933 298
1584692451616 0.22453190559909803 299
1584692454009 0.22340924607110255 300
1584692456400 0.22229219984074702 301
1584692458856 0.2211807388415433 302
1584692461292 0.22007483514733558 303
1584692463626 0.2189744609715989 304
1584692466282 0.2178795886667409 305
1584692468612 0.2167901907234072 306
1584692471351 0.21570623976979014 307
1584692474320 0.21462770857094118 308
1584692476716 0.21355457002808648 309
1584692479444 0.21248679717794605 310
1584692482109 0.21142436319205632 311
1584692484859 0.21036724137609603 312
1584692487334 0.20931540516921554 313
1584692489636 0.20826882814336947 314
1584692491979 0.20722748400265262 315
1584692494293 0.20619134658263935 316
1584692496641 0.20516038984972615 317
1584692498933 0.2041345879004775 318
1584692501214 0.2031139149609751 319
1584692503550 0.20209834538617025 320
1584692505828 0.2010878536592394 321
1584692508122 0.2000824143909432 322
1584692510398 0.19908200231898848 323
1584692512706 0.19808659230739353 324
1584692515030 0.19709615934585656 325
1584692517349 0.19611067854912728 326
1584692519616 0.19513012515638165 327
1584692521917 0.19415447453059972 328
1584692524198 0.19318370215794672 329
1584692526525 0.192217783647157 330
1584692528883 0.1912566947289212 331
1584692531180 0.1903004112552766 332
1584692533502 0.18934890919900021 333
1584692535768 0.18840216465300522 334
1584692538053 0.18746015382974018 335
1584692540340 0.1865228530605915 336
1584692542633 0.18559023879528855 337
1584692544962 0.1846622876013121 338
1584692547388 0.18373897616330553 339
1584692549724 0.182820281282489 340
1584692552005 0.18190617987607657 341
1584692554344 0.18099664897669618 342
1584692556670 0.1800916657318127 343
1584692559292 0.17919120740315364 344
1584692561608 0.17829525136613786 345
1584692564265 0.17740377510930716 346
1584692566604 0.17651675623376062 347
1584692568916 0.1756341724525918 348
1584692571264 0.17475600159032884 349
1584692573541 0.17388222158237718 350
1584692575860 0.1730128104744653 351
1584692578220 0.17214774642209296 352
1584692580693 0.1712870076899825 353
1584692582951 0.17043057265153258 354
1584692585308 0.16957841978827493 355
1584692587668 0.16873052768933355 356
1584692590012 0.1678868750508869 357
1584692592298 0.16704744067563246 358
1584692594659 0.1662122034722543 359
1584692596929 0.16538114245489302 360
1584692599228 0.16455423674261854 361
1584692601538 0.16373146555890544 362
1584692603839 0.16291280823111093 363
1584692606153 0.16209824418995536 364
1584692608424 0.16128775296900558 365
1584692610700 0.16048131420416054 366
1584692613036 0.15967890763313974 367
1584692615325 0.15888051309497406 368
1584692617577 0.1580861105294992 369
1584692619922 0.1572956799768517 370
1584692622208 0.15650920157696743 371
1584692624520 0.1557266555690826 372
1584692626861 0.1549480222912372 373
1584692629149 0.15417328217978102 374
1584692631440 0.1534024157688821 375
1584692633720 0.1526354036900377 376
1584692636020 0.1518722266715875 377
1584692638325 0.15111286553822956 378
1584692640630 0.15035730121053842 379
1584692642988 0.14960551470448571 380
1584692645317 0.14885748713096328 381
1584692647630 0.14811319969530845 382
1584692649926 0.1473726336968319 383
1584692652205 0.14663577052834775 384
1584692654524 0.14590259167570602 385
1584692656795 0.1451730787173275 386
1584692659192 0.14444721332374086 387
1584692661547 0.14372497725712216 388
1584692663854 0.14300635237083656 389
1584692666162 0.14229132060898236 390
1584692668445 0.14157986400593744 391
1584692670748 0.14087196468590776 392
1584692673112 0.14016760486247823 393
1584692675425 0.13946676683816583 394
1584692677745 0.138769433003975 395
1584692680040 0.13807558583895513 396
1584692682353 0.13738520790976036 397
1584692684690 0.13669828187021155 398
1584692686971 0.13601479046086049 399
1584692689269 0.1353347165085562 400
1584692691699 0.1346580429260134 401
1584692694051 0.13398475271138335 402
1584692696357 0.13331482894782642 403
1584692698622 0.13264825480308728 404
1584692700927 0.13198501352907185 405
1584692703247 0.1313250884614265 406
1584692705558 0.13066846301911936 407
1584692707858 0.13001512070402377 408
1584692710132 0.12936504510050365 409
1584692712432 0.12871821987500112 410
1584692714714 0.12807462877562611 411
1584692717133 0.12743425563174798 412
1584692719436 0.12679708435358925 413
1584692721834 0.1261630989318213 414
1584692724147 0.1255322834371622 415
1584692726512 0.12490462201997637 416
1584692728798 0.1242800989098765 417
1584692731100 0.12365869841532712 418
1584692733426 0.12304040492325048 419
1584692735720 0.12242520289863423 420
1584692738028 0.12181307688414106 421
1584692740317 0.12120401149972035 422
1584692742615 0.12059799144222175 423
1584692744922 0.11999500148501063 424
1584692747257 0.11939502647758558 425
1584692749562 0.11879805134519765 426
1584692751964 0.11820406108847166 427
1584692754226 0.1176130407830293 428
1584692756635 0.11702497557911415 429
1584692758921 0.11643985070121858 430
1584692761220 0.11585765144771248 431
1584692763581 0.11527836319047392 432
1584692765923 0.11470197137452155 433
1584692768216 0.11412846151764894 434
1584692770472 0.1135578192100607 435
1584692772789 0.11299003011401039 436
1584692775095 0.11242507996344034 437
1584692777391 0.11186295456362313 438
1584692779713 0.11130363979080501 439
1584692781972 0.11074712159185099 440
1584692784257 0.11019338598389174 441
1584692786585 0.10964241905397228 442
1584692788910 0.10909420695870241 443
1584692791207 0.1085487359239089 444
1584692793580 0.10800599224428936 445
1584692795874 0.10746596228306791 446
1584692798141 0.10692863247165257 447
1584692800407 0.1063939893092943 448
1584692802701 0.10586201936274783 449
1584692805003 0.10533270926593409 450
1584692807306 0.10480604571960442 451
1584692809629 0.1042820154910064 452
1584692811898 0.10376060541355137 453
1584692814164 0.1032418023864836 454
1584692816522 0.10272559337455119 455
1584692818804 0.10221196540767843 456
1584692821081 0.10170090558064004 457
1584692823423 0.10119240105273684 458
1584692825713 0.10068643904747315 459
1584692828051 0.10018300685223579 460
1584692830455 0.0996820918179746 461
1584692832773 0.09918368135888474 462
1584692835036 0.09868776295209031 463
1584692837299 0.09819432413732986 464
1584692839589 0.09770335251664321 465
1584692841879 0.09721483575406 466
1584692844142 0.09672876157528969 467
1584692846425 0.09624511776741324 468
1584692848812 0.09576389217857617 469
1584692851109 0.09528507271768329 470
1584692854006 0.09480864735409487 471
1584692856307 0.0943346041173244 472
1584692858581 0.09386293109673778 473
1584692860888 0.09339361644125409 474
1584692863216 0.09292664835904782 475
1584692865519 0.09246201511725258 476
1584692867797 0.09199970504166631 477
1584692870079 0.09153970651645797 478
1584692872356 0.09108200798387568 479
1584692874649 0.0906265979439563 480
1584692876938 0.09017346495423652 481
1584692879221 0.08972259762946533 482
1584692881485 0.089273984641318 483
1584692883871 0.0888276147181114 484
1584692886147 0.08838347664452084 485
1584692888484 0.08794155926129824 486
1584692890756 0.08750185146499175 487
1584692893036 0.08706434220766679 488
1584692895350 0.08662902049662846 489
1584692897642 0.08619587539414532 490
1584692899962 0.08576489601717459 491
1584692902241 0.08533607153708872 492
1584692904545 0.08490939117940327 493
1584692906851 0.08448484422350626 494
1584692909138 0.08406242000238873 495
1584692911460 0.08364210790237678 496
1584692913874 0.0832238973628649 497
1584692916160 0.08280777787605056 498
1584692918441 0.08239373898667031 499
1584692920730 0.08198177029173696 500
1584692923138 0.08157186144027828 501
1584692925473 0.0811640021330769 502
1584692927819 0.08075818212241151 503
1584692930120 0.08035439121179945 504
1584692932450 0.07995261925574046 505
1584692934773 0.07955285615946175 506
1584692937102 0.07915509187866444 507
1584692939404 0.07875931641927113 508
1584692941711 0.07836551983717477 509
1584692944071 0.07797369223798889 510
1584692946601 0.07758382377679894 511
1584692948941 0.07719590465791494 512
1584692951456 0.07680992513462537 513
1584692953816 0.07642587550895225 514
1584692956115 0.07604374613140748 515
1584692958418 0.07566352740075044 516
1584692960735 0.07528520976374668 517
1584692963068 0.07490878371492794 518
1584692965368 0.0745342397963533 519
1584692967675 0.07416156859737154 520
1584692969987 0.07379076075438468 521
1584692972295 0.07342180695061275 522
1584692974718 0.07305469791585968 523
1584692977068 0.07268942442628039 524
1584692979377 0.07232597730414898 525
1584692981753 0.07196434741762824 526
1584692984081 0.0716045256805401 527
1584692986429 0.0712465030521374 528
1584692988741 0.0708902705368767 529
1584692991027 0.07053581918419231 530
1584692993353 0.07018314008827135 531
1584692995677 0.06983222438783 532
1584692997987 0.06948306326589085 533
1584693000361 0.0691356479495614 534
1584693002694 0.06878996970981359 535
1584693004994 0.06844601986126451 536
1584693007304 0.06810378976195819 537
1584693009581 0.0677632708131484 538
1584693011991 0.06742445445908266 539
1584693014337 0.06708733218678724 540
1584693016657 0.0667518955258533 541
1584693018977 0.06641813604822402 542
1584693021273 0.0660860453679829 543
1584693023587 0.06575561514114299 544
1584693025978 0.06542683706543727 545
1584693028296 0.06509970288011008 546
1584693030601 0.06477420436570952 547
1584693033003 0.06445033334388098 548
1584693035409 0.06412808167716157 549
1584693037699 0.06380744126877576 550
1584693040072 0.06348840406243188 551
1584693042386 0.06317096204211972 552
1584693044724 0.06285510723190912 553
1584693047275 0.06254083169574957 554
1584693049578 0.062228127537270826 555
1584693051927 0.06191698689958447 556
1584693054229 0.061607401965086545 557
1584693056575 0.06129936495526111 558
1584693058892 0.0609928681304848 559
1584693061175 0.060687903789832374 560
1584693063518 0.06038446427088321 561
1584693065846 0.06008254194952879 562
1584693068149 0.05978212923978115 563
1584693070454 0.05948321859358224 564
1584693072780 0.05918580250061433 565
1584693075092 0.058889873488111255 566
1584693077456 0.058595424120670696 567
1584693079784 0.05830244700006734 568
1584693082100 0.058010934765067 569
1584693084398 0.05772088009124167 570
1584693086709 0.05743227569078546 571
1584693089003 0.05714511431233153 572
1584693091295 0.05685938874076987 573
1584693093676 0.056575091797066025 574
1584693095972 0.056292216338080694 575
1584693098274 0.05601075525639029 576
1584693100572 0.05573070148010834 577
1584693102880 0.0554520479727078 578
1584693105216 0.05517478773284426 579
1584693107589 0.05489891379418004 580
1584693109897 0.05462441922520914 581
1584693112219 0.0543512971290831 582
1584693114501 0.05407954064343768 583
1584693116848 0.05380914294022049 584
1584693119134 0.05354009722551939 585
1584693121452 0.05327239673939179 586
1584693123820 0.053006034755694834 587
1584693126122 0.052741004581916356 588
1584693128430 0.052477299559006776 589
1584693130726 0.052214913061211746 590
1584693133111 0.05195383849590569 591
1584693135401 0.05169406930342616 592
1584693137754 0.05143559895690903 593
1584693140061 0.051178420962124486 594
1584693142498 0.05092252885731386 595
1584693144891 0.05066791621302729 596
1584693147216 0.05041457663196215 597
1584693149562 0.050162503748802344 598
1584693151900 0.049911691230058335 599
1584693154369 0.04966213277390804 600
1584693156981 0.0494138221100385 601
1584693159313 0.04916675299948831 602
1584693161627 0.04892091923449087 603
1584693163997 0.04867631463831842 604
1584693166615 0.048432933065126825 605
1584693169169 0.048190768399801194 606
1584693171669 0.04794981455780219 607
1584693174042 0.04771006548501318 608
1584693176343 0.047471515157588115 609
1584693178653 0.047234157581800176 610
1584693181033 0.046997986793891174 611
1584693183361 0.04676299685992172 612
1584693185649 0.04652918187562211 613
1584693187952 0.046296535966244 614
1584693190246 0.046065053286412784 615
1584693192552 0.04583472801998072 616
1584693194868 0.045605554379880814 617
1584693197191 0.04537752660798141 618
1584693199529 0.0451506389749415 619
1584693201819 0.044924885780066794 620
1584693204257 0.04470026135116646 621
1584693206588 0.04447676004441063 622
1584693208918 0.04425437624418858 623
1584693211228 0.04403310436296763 624
1584693213661 0.043812938841152796 625
1584693215967 0.04359387414694703 626
1584693218288 0.043375904776212296 627
1584693220568 0.043159025252331236 628
1584693222860 0.04294323012606958 629
1584693225204 0.04272851397543923 630
1584693227526 0.04251487140556204 631
1584693229851 0.04230229704853423 632
1584693232168 0.04209078556329156 633
1584693234549 0.0418803316354751 634
1584693236881 0.041670929977297724 635
1584693239314 0.04146257532741124 636
1584693241660 0.04125526245077418 637
1584693243986 0.04104898613852031 638
1584693246304 0.04084374120782771 639
1584693248607 0.04063952250178857 640
1584693250914 0.04043632488927963 641
1584693253230 0.04023414326483323 642
1584693255545 0.040032972548509065 643
1584693257833 0.03983280768576652 644
1584693260112 0.03963364364733769 645
1584693262393 0.039435475429100995 646
1584693264744 0.03923829805195549 647
1584693267060 0.03904210656169572 648
1584693269363 0.03884689602888724 649
1584693271738 0.0386526615487428 650
1584693274546 0.03845939824099909 651
1584693276861 0.03826710124979409 652
1584693279162 0.038075765743545126 653
1584693281475 0.0378853869148274 654
1584693283829 0.03769595998025326 655
1584693286155 0.03750748018035199 656
1584693288464 0.037319942779450235 657
1584693290778 0.037133343065552986 658
1584693293088 0.03694767635022522 659
1584693295380 0.036762937968474095 660
1584693297753 0.03657912327863173 661
1584693300120 0.036396227662238566 662
1584693302448 0.03621424652392737 663
1584693304755 0.036033175291307735 664
1584693307097 0.03585300941485119 665
1584693309406 0.035673744367776934 666
1584693311731 0.03549537564593805 667
1584693314075 0.035317898767708356 668
1584693316382 0.03514130927386981 669
1584693318690 0.03496560272750046 670
1584693321013 0.03479077471386296 671
1584693323302 0.03461682084029365 672
1584693325664 0.034443736736092176 673
1584693328007 0.034271518052411715 674
1584693330348 0.034100160462149656 675
1584693332716 0.03392965965983891 676
1584693335146 0.033760011361539714 677
1584693337682 0.03359121130473201 678
1584693339998 0.033423255248208356 679
1584693342304 0.03325613897196732 680
1584693344611 0.03308985827710748 681
1584693346969 0.032924408985721944 682
1584693349273 0.03275978694079333 683
1584693351576 0.032595988006089364 684
1584693353904 0.032433008066058915 685
1584693356205 0.03227084302572862 686
1584693358544 0.032109488810599975 687
1584693360859 0.031948941366546975 688
1584693363392 0.03178919665971424 689
1584693365715 0.03163025067641567 690
1584693368286 0.03147209942303359 691
1584693370738 0.03131473892591842 692
1584693373132 0.031158165231288826 693
1584693375479 0.03100237440513238 694
1584693377873 0.030847362533106718 695
1584693380231 0.030693125720441184 696
1584693382570 0.030539660091838977 697
1584693384891 0.03038696179137978 698
1584693387207 0.030235026982422884 699
1584693389522 0.030083851847510768 700
1584693391959 0.029933432588273214 701
1584693394398 0.029783765425331846 702
1584693396801 0.029634846598205186 703
1584693399151 0.02948667236521416 704
1584693401468 0.029339239003388088 705
1584693403823 0.029192542808371146 706
1584693406136 0.02904658009432929 707
1584693408430 0.028901347193857643 708
1584693410715 0.028756840457888354 709
1584693413084 0.02861305625559891 710
1584693415441 0.028469990974320916 711
1584693417764 0.02832764101944931 712
1584693420101 0.028186002814352063 713
1584693422408 0.0280450728002803 714
1584693424721 0.0279048474362789 715
1584693427115 0.027765323199097504 716
1584693429459 0.027626496583102015 717
1584693433210 0.027488364100186506 718
1584693436164 0.027350922279685573 719
1584693438534 0.027214167668287145 720
1584693440839 0.02707809682994571 721
1584693443134 0.02694270634579598 722
1584693445447 0.026807992814067 723
1584693447851 0.026673952849996664 724
1584693450278 0.02654058308574668 725
1584693452641 0.026407880170317945 726
1584693454985 0.026275840769466357 727
1584693457289 0.026144461565619025 728
1584693459582 0.02601373925779093 729
1584693461906 0.025883670561501974 730
1584693464323 0.025754252208694463 731
1584693466648 0.02562548094765099 732
1584693468957 0.025497353542912736 733
1584693471278 0.02536986677519817 734
1584693473602 0.02524301744132218 735
1584693475892 0.025116802354115567 736
1584693478203 0.024991218342344988 737
1584693480563 0.024866262250633264 738
1584693482949 0.024741930939380097 739
1584693485361 0.024618221284683196 740
1584693487716 0.02449513017825978 741
1584693490042 0.02437265452736848 742
1584693492340 0.024250791254731636 743
1584693495068 0.024129537298457977 744
1584693497414 0.024008889611965685 745
1584693499756 0.023888845163905856 746
1584693502203 0.023769400938086327 747
1584693504666 0.023650553933395897 748
1584693506987 0.023532301163728918 749
1584693509270 0.023414639657910272 750
1584693511655 0.023297566459620722 751
1584693514080 0.023181078627322618 752
1584693516407 0.023065173234186005 753
1584693518729 0.022949847368015076 754
1584693521055 0.022835098131175 755
1584693523380 0.022720922640519125 756
1584693525775 0.02260731802731653 757
1584693528103 0.022494281437179946 758
1584693530556 0.022381810029994047 759
1584693532866 0.022269900979844076 760
1584693535198 0.022158551474944856 761
1584693537549 0.022047758717570132 762
1584693539884 0.021937519923982282 763
1584693542207 0.021827832324362372 764
1584693544571 0.02171869316274056 765
1584693546922 0.021610099696926857 766
1584693549451 0.021502049198442223 767
1584693551761 0.021394538952450012 768
1584693554066 0.02128756625768776 769
1584693556441 0.021181128426399323 770
1584693559282 0.021075222784267326 771
1584693561659 0.020969846670345987 772
1584693563957 0.020864997436994256 773
1584693566283 0.020760672449809284 774
1584693568586 0.020656869087560238 775
1584693570952 0.020553584742122436 776
1584693573330 0.020450816818411825 777
1584693575634 0.020348562734319765 778
1584693577971 0.020246819920648168 779
1584693580290 0.020145585821044927 780
1584693582643 0.020044857891939702 781
1584693584957 0.019944633602480003 782
1584693587331 0.019844910434467605 783
1584693589642 0.019745685882295267 784
1584693592017 0.01964695745288379 785
1584693594334 0.01954872266561937 786
1584693596663 0.019450979052291272 787
1584693598974 0.019353724157029815 788
1584693601298 0.019256955536244666 789
1584693603619 0.019160670758563442 790
1584693605953 0.019064867404770626 791
1584693608272 0.018969543067746772 792
1584693610586 0.018874695352408037 793
1584693612912 0.018780321875645996 794
1584693615214 0.018686420266267767 795
1584693617559 0.018592988164936427 796
1584693619955 0.018500023224111744 797
1584693622415 0.018407523107991184 798
1584693624936 0.01831548549245123 799
1584693627533 0.018223908064988973 800
1584693629972 0.018132788524664028 801
1584693632336 0.018042124582040707 802
1584693634907 0.017951913959130504 803
1584693637216 0.01786215438933485 804
1584693639559 0.017772843617388175 805
1584693641894 0.017683979399301233 806
1584693644250 0.017595559502304726 807
1584693646580 0.0175075817047932 808
1584693648898 0.017420043796269234 809
1584693651227 0.017332943577287888 810
1584693653596 0.01724627885940145 811
1584693655932 0.017160047465104442 812
1584693658298 0.01707424722777892 813
1584693660669 0.016988875991640028 814
1584693663057 0.016903931611681827 815
1584693666487 0.01681941195362342 816
1584693668928 0.016735314893855303 817
1584693671385 0.016651638319386028 818
1584693673761 0.0165683801277891 819
1584693676089 0.016485538227150154 820
1584693678429 0.0164031105360144 821
1584693680748 0.01632109498333433 822
1584693683068 0.016239489508417658 823
1584693685371 0.01615829206087557 824
1584693687725 0.01607750060057119 825
1584693690044 0.015997113097568336 826
1584693692390 0.015917127532080494 827
1584693694747 0.01583754189442009 828
1584693697125 0.01575835418494799 829
1584693699500 0.01567956241402325 830
1584693701882 0.015601164601953134 831
1584693704195 0.015523158778943369 832
1584693706517 0.015445542985048652 833
1584693708833 0.015368315270123408 834
1584693711166 0.01529147369377279 835
1584693713483 0.015215016325303928 836
1584693715792 0.015138941243677408 837
1584693718190 0.01506324653745902 838
1584693720503 0.014987930304771725 839
1584693722989 0.014912990653247866 840
1584693725451 0.014838425699981627 841
1584693727791 0.01476423357148172 842
1584693730112 0.014690412403624311 843
1584693732408 0.01461696034160619 844
1584693734724 0.014543875539898159 845
1584693737061 0.014471156162198668 846
1584693739358 0.014398800381387675 847
1584693741621 0.014326806379480736 848
1584693743941 0.014255172347583332 849
1584693746256 0.014183896485845416 850
1584693748531 0.014112977003416188 851
1584693750837 0.014042412118399107 852
1584693753175 0.013972200057807112 853
1584693755540 0.013902339057518077 854
1584693757806 0.013832827362230486 855
1584693760122 0.013763663225419333 856
1584693762372 0.013694844909292236 857
1584693764686 0.013626370684745774 858
1584693767031 0.013558238831322046 859
1584693769314 0.013490447637165436 860
1584693771586 0.013422995398979608 861
1584693773886 0.01335588042198471 862
1584693776201 0.013289101019874787 863
1584693778542 0.013222655514775413 864
1584693780902 0.013156542237201536 865
1584693783269 0.013090759526015528 866
1584693785654 0.01302530572838545 867
1584693787937 0.012960179199743523 868
1584693790220 0.012895378303744804 869
1584693792480 0.01283090141222608 870
1584693794763 0.012766746905164949 871
1584693797078 0.012702913170639124 872
1584693799407 0.012639398604785928 873
1584693801700 0.012576201611761997 874
1584693804011 0.012513320603703188 875
1584693806287 0.012450754000684672 876
1584693808610 0.012388500230681249 877
1584693810952 0.012326557729527843 878
1584693813269 0.012264924940880204 879
1584693815670 0.012203600316175803 880
1584693818000 0.012142582314594924 881
1584693820515 0.01208186940302195 882
1584693822861 0.01202146005600684 883
1584693825195 0.011961352755726806 884
1584693827478 0.01190154599194817 885
1584693829771 0.01184203826198843 886
1584693832103 0.011782828070678488 887
1584693834375 0.011723913930325095 888
1584693836678 0.01166529436067347 889
1584693838983 0.011606967888870102 890
1584693841299 0.01154893304942575 891
1584693843605 0.011491188384178622 892
1584693845911 0.011433732442257729 893
1584693848185 0.01137656378004644 894
1584693850509 0.011319680961146208 895
1584693852813 0.011263082556340478 896
1584693855132 0.011206767143558775 897
1584693857494 0.011150733307840981 898
1584693859816 0.011094979641301777 899
1584693862147 0.011039504743095268 900
1584693864568 0.01098430721937979 901
1584693866927 0.010929385683282892 902
1584693869238 0.010874738754866477 903
1584693871528 0.010820365061092144 904
1584693873883 0.010766263235786683 905
1584693876409 0.01071243191960775 906
1584693878710 0.010658869760009713 907
1584693881044 0.010605575411209664 908
1584693883341 0.010552547534153616 909
1584693885821 0.010499784796482848 910
1584693888239 0.010447285872500434 911
1584693890785 0.01039504944313793 912
1584693893138 0.010343074195922241 913
1584693895636 0.01029135882494263 914
1584693897913 0.010239902030817916 915
1584693900237 0.010188702520663827 916
1584693902570 0.010137759008060509 917
1584693904865 0.010087070213020206 918
1584693907132 0.010036634861955105 919
1584693909393 0.01 920
1584693911733 0.01 921
1584693914018 0.01 922
1584693916398 0.01 923
1584693918743 0.01 924
1584693921038 0.01 925
1584693923337 0.01 926
1584693925642 0.01 927
1584693927979 0.01 928
1584693930366 0.01 929
