1584691745274 300 1
1584691747586 300 2
1584691749913 300 3
1584691752141 300 4
1584691754524 300 5
1584691756768 300 6
1584691759097 300 7
1584691761369 300 8
1584691763733 300 9
1584691766048 300 10
1584691768551 300 11
1584691770904 300 12
1584691773268 300 13
1584691775592 300 14
1584691778081 300 15
1584691781411 300 16
1584691784368 300 17
1584691786938 300 18
1584691789529 300 19
1584691791807 300 20
1584691794357 300 21
1584691796926 300 22
1584691799229 300 23
1584691801638 300 24
1584691803916 300 25
1584691806137 300 26
1584691808375 300 27
1584691810625 300 28
1584691813241 300 29
1584691815589 300 30
1584691817969 300 31
1584691820262 300 32
1584691822511 300 33
1584691824858 300 34
1584691827436 300 35
1584691829732 300 36
1584691832144 300 37
1584691834621 300 38
1584691836895 300 39
1584691839143 300 40
1584691841366 300 41
1584691843615 300 42
1584691845884 300 43
1584691848109 300 44
1584691850397 300 45
1584691852673 300 46
1584691854908 300 47
1584691857158 300 48
1584691859396 300 49
1584691861674 300 50
1584691863979 300 51
1584691866262 300 52
1584691868525 300 53
1584691870788 300 54
1584691873083 300 55
1584691875336 300 56
1584691877566 300 57
1584691880800 300 58
1584691883160 300 59
1584691885969 300 60
1584691888427 300 61
1584691890694 300 62
1584691893051 300 63
1584691895339 300 64
1584691897568 300 65
1584691899809 300 66
1584691902037 300 67
1584691904289 300 68
1584691906535 300 69
1584691908785 300 70
1584691911038 300 71
1584691913314 300 72
1584691915582 300 73
1584691917898 300 74
1584691920123 300 75
1584691922467 300 76
1584691924759 300 77
1584691927431 300 78
1584691929913 300 79
1584691932243 300 80
1584691934632 300 81
1584691936913 300 82
1584691939186 300 83
1584691941453 300 84
1584691943727 300 85
1584691946003 300 86
1584691948349 300 87
1584691950647 300 88
1584691953025 300 89
1584691955318 300 90
1584691957579 300 91
1584691959920 300 92
1584691962167 300 93
1584691964448 300 94
1584691967140 300 95
1584691969901 300 96
1584691972189 300 97
1584691974486 300 98
1584691976937 300 99
1584691979229 300 100
1584691981562 300 101
1584691984138 300 102
1584691986459 300 103
1584691988767 300 104
1584691991099 300 105
1584691993377 300 106
1584691995968 300 107
1584691998400 300 108
1584692000665 300 109
1584692003157 300 110
1584692005796 300 111
1584692008204 300 112
1584692010654 300 113
1584692013075 300 114
1584692015826 300 115
1584692018272 300 116
1584692020688 300 117
1584692023005 300 118
1584692025364 300 119
1584692027764 300 120
1584692030081 300 121
1584692032520 300 122
1584692035165 300 123
1584692037583 300 124
1584692039981 300 125
1584692042279 300 126
1584692044640 300 127
1584692046954 300 128
1584692049242 300 129
1584692051540 300 130
1584692054349 300 131
1584692056750 300 132
1584692059176 300 133
1584692061456 300 134
1584692063751 300 135
1584692066026 300 136
1584692068321 300 137
1584692070625 300 138
1584692073354 300 139
1584692075812 300 140
1584692078063 300 141
1584692080604 300 142
1584692082912 300 143
1584692085211 300 144
1584692087890 300 145
1584692090304 300 146
1584692092779 300 147
1584692095739 300 148
1584692098069 300 149
1584692100435 300 150
1584692102822 300 151
1584692105460 300 152
1584692107795 300 153
1584692110221 300 154
1584692112688 300 155
1584692114959 300 156
1584692117232 300 157
1584692119525 300 158
1584692121820 300 159
1584692124371 300 160
1584692126688 300 161
1584692128992 300 162
1584692131290 300 163
1584692133703 300 164
1584692135991 300 165
1584692138252 300 166
1584692140640 300 167
1584692142927 300 168
1584692145234 300 169
1584692147784 300 170
1584692150125 300 171
1584692152464 300 172
1584692154924 300 173
1584692157255 300 174
1584692159569 300 175
1584692161864 300 176
1584692164125 300 177
1584692166395 300 178
1584692168636 300 179
1584692170922 300 180
1584692173183 300 181
1584692175532 300 182
1584692177925 300 183
1584692180189 300 184
1584692182465 300 185
1584692184820 300 186
1584692187100 300 187
1584692189366 300 188
1584692191660 300 189
1584692193992 300 190
1584692196258 300 191
1584692198554 300 192
1584692200866 300 193
1584692203170 300 194
1584692205464 300 195
1584692207827 300 196
1584692210091 300 197
1584692212568 300 198
1584692215120 300 199
1584692217528 300 200
1584692220008 300 201
1584692222820 300 202
1584692225197 300 203
1584692227608 300 204
1584692230275 300 205
1584692232628 300 206
1584692235055 300 207
1584692237591 300 208
1584692239925 300 209
1584692242205 300 210
1584692244463 300 211
1584692246774 300 212
1584692249065 300 213
1584692251654 300 214
1584692254111 300 215
1584692256829 300 216
1584692259229 300 217
1584692261509 300 218
1584692263940 300 219
1584692266240 300 220
1584692268589 300 221
1584692270859 300 222
1584692273227 300 223
1584692275510 300 224
1584692277797 300 225
1584692280135 300 226
1584692282458 300 227
1584692284727 300 228
1584692286974 300 229
1584692289206 300 230
1584692291469 300 231
1584692293747 300 232
1584692296031 300 233
1584692298328 300 234
1584692301173 300 235
1584692303526 300 236
1584692305874 300 237
1584692308536 300 238
1584692310966 300 239
1584692313600 300 240
1584692315937 300 241
1584692318220 300 242
1584692320497 300 243
1584692322773 300 244
1584692325091 300 245
1584692327397 300 246
1584692329714 300 247
1584692332037 300 248
1584692334357 300 249
1584692336658 300 250
1584692338962 300 251
1584692341219 300 252
1584692343469 300 253
1584692345766 300 254
1584692348225 300 255
1584692350727 300 256
1584692353041 300 257
1584692355378 300 258
1584692357845 300 259
1584692360129 300 260
1584692362507 300 261
1584692364831 300 262
1584692367131 300 263
1584692369576 300 264
1584692371910 300 265
1584692374256 300 266
1584692376577 300 267
1584692378846 300 268
1584692381176 300 269
1584692383448 300 270
1584692385791 300 271
1584692388073 300 272
1584692390344 300 273
1584692392635 300 274
1584692395251 300 275
1584692397588 300 276
1584692400128 300 277
1584692402461 300 278
1584692404770 300 279
1584692407077 300 280
1584692409350 300 281
1584692411639 300 282
1584692413935 300 283
1584692416201 300 284
1584692418469 300 285
1584692420782 300 286
1584692423058 300 287
1584692425401 300 288
1584692427683 300 289
1584692429985 300 290
1584692432320 300 291
1584692435126 300 292
1584692437421 300 293
1584692439725 300 294
1584692442027 300 295
1584692444291 300 296
1584692446602 300 297
1584692448961 300 298
1584692451616 300 299
1584692454009 300 300
1584692456400 300 301
1584692458856 300 302
1584692461292 300 303
1584692463626 300 304
1584692466282 300 305
1584692468612 300 306
1584692471351 300 307
1584692474320 300 308
1584692476716 300 309
1584692479444 300 310
1584692482109 300 311
1584692484859 300 312
1584692487334 300 313
1584692489636 300 314
1584692491979 300 315
1584692494293 300 316
1584692496641 300 317
1584692498933 300 318
1584692501214 300 319
1584692503550 300 320
1584692505828 300 321
1584692508122 300 322
1584692510398 300 323
1584692512706 300 324
1584692515030 300 325
1584692517349 300 326
1584692519616 300 327
1584692521917 300 328
1584692524198 300 329
1584692526525 300 330
1584692528883 300 331
1584692531180 300 332
1584692533502 300 333
1584692535768 300 334
1584692538053 300 335
1584692540340 300 336
1584692542633 300 337
1584692544962 300 338
1584692547388 300 339
1584692549724 300 340
1584692552005 300 341
1584692554344 300 342
1584692556670 300 343
1584692559292 300 344
1584692561608 300 345
1584692564265 300 346
1584692566604 300 347
1584692568916 300 348
1584692571264 300 349
1584692573541 300 350
1584692575860 300 351
1584692578220 300 352
1584692580693 300 353
1584692582951 300 354
1584692585308 300 355
1584692587668 300 356
1584692590012 300 357
1584692592298 300 358
1584692594659 300 359
1584692596929 300 360
1584692599228 300 361
1584692601538 300 362
1584692603839 300 363
1584692606153 300 364
1584692608424 300 365
1584692610700 300 366
1584692613036 300 367
1584692615325 300 368
1584692617577 300 369
1584692619922 300 370
1584692622208 300 371
1584692624520 300 372
1584692626861 300 373
1584692629149 300 374
1584692631440 300 375
1584692633720 300 376
1584692636020 300 377
1584692638325 300 378
1584692640630 300 379
1584692642988 300 380
1584692645317 300 381
1584692647630 300 382
1584692649926 300 383
1584692652205 300 384
1584692654524 300 385
1584692656795 300 386
1584692659192 300 387
1584692661547 300 388
1584692663854 300 389
1584692666162 300 390
1584692668445 300 391
1584692670748 300 392
1584692673112 300 393
1584692675425 300 394
1584692677745 300 395
1584692680040 300 396
1584692682353 300 397
1584692684690 300 398
1584692686971 300 399
1584692689269 300 400
1584692691699 300 401
1584692694051 300 402
1584692696357 300 403
1584692698622 300 404
1584692700927 300 405
1584692703247 300 406
1584692705558 300 407
1584692707858 300 408
1584692710132 300 409
1584692712432 300 410
1584692714714 300 411
1584692717133 300 412
1584692719436 300 413
1584692721834 300 414
1584692724147 300 415
1584692726512 300 416
1584692728798 300 417
1584692731100 300 418
1584692733426 300 419
1584692735720 300 420
1584692738028 300 421
1584692740317 300 422
1584692742615 300 423
1584692744922 300 424
1584692747257 300 425
1584692749562 300 426
1584692751964 300 427
1584692754226 300 428
1584692756635 300 429
1584692758921 300 430
1584692761220 300 431
1584692763581 300 432
1584692765923 300 433
1584692768216 300 434
1584692770472 300 435
1584692772789 300 436
1584692775095 300 437
1584692777391 300 438
1584692779713 300 439
1584692781972 300 440
1584692784257 300 441
1584692786585 300 442
1584692788910 300 443
1584692791207 300 444
1584692793580 300 445
1584692795874 300 446
1584692798141 300 447
1584692800407 300 448
1584692802701 300 449
1584692805003 300 450
1584692807306 300 451
1584692809629 300 452
1584692811898 300 453
1584692814164 300 454
1584692816522 300 455
1584692818804 300 456
1584692821081 300 457
1584692823423 300 458
1584692825713 300 459
1584692828051 300 460
1584692830455 300 461
1584692832773 300 462
1584692835036 300 463
1584692837299 300 464
1584692839589 300 465
1584692841879 300 466
1584692844142 300 467
1584692846425 300 468
1584692848812 300 469
1584692851109 300 470
1584692854006 300 471
1584692856307 300 472
1584692858581 300 473
1584692860888 300 474
1584692863216 300 475
1584692865519 300 476
1584692867797 300 477
1584692870079 300 478
1584692872356 300 479
1584692874649 300 480
1584692876938 300 481
1584692879221 300 482
1584692881485 300 483
1584692883871 300 484
1584692886147 300 485
1584692888484 300 486
1584692890756 300 487
1584692893036 300 488
1584692895350 300 489
1584692897642 300 490
1584692899962 300 491
1584692902241 300 492
1584692904545 300 493
1584692906851 300 494
1584692909138 300 495
1584692911460 300 496
1584692913874 300 497
1584692916160 300 498
1584692918441 300 499
1584692920730 300 500
1584692923138 300 501
1584692925473 300 502
1584692927819 300 503
1584692930120 300 504
1584692932450 300 505
1584692934773 300 506
1584692937102 300 507
1584692939404 300 508
1584692941711 300 509
1584692944071 300 510
1584692946601 300 511
1584692948941 300 512
1584692951456 300 513
1584692953816 300 514
1584692956115 300 515
1584692958418 300 516
1584692960735 300 517
1584692963068 300 518
1584692965368 300 519
1584692967675 300 520
1584692969987 300 521
1584692972295 300 522
1584692974718 300 523
1584692977068 300 524
1584692979377 300 525
1584692981753 300 526
1584692984081 300 527
1584692986429 300 528
1584692988741 300 529
1584692991027 300 530
1584692993353 300 531
1584692995677 300 532
1584692997987 300 533
1584693000361 300 534
1584693002694 300 535
1584693004994 300 536
1584693007304 300 537
1584693009581 300 538
1584693011991 300 539
1584693014337 300 540
1584693016657 300 541
1584693018977 300 542
1584693021273 300 543
1584693023587 300 544
1584693025978 300 545
1584693028296 300 546
1584693030601 300 547
1584693033003 300 548
1584693035409 300 549
1584693037699 300 550
1584693040072 300 551
1584693042386 300 552
1584693044724 300 553
1584693047275 300 554
1584693049578 300 555
1584693051927 300 556
1584693054229 300 557
1584693056575 300 558
1584693058892 300 559
1584693061175 300 560
1584693063518 300 561
1584693065846 300 562
1584693068149 300 563
1584693070454 300 564
1584693072780 300 565
1584693075092 300 566
1584693077456 300 567
1584693079784 300 568
1584693082100 300 569
1584693084398 300 570
1584693086709 300 571
1584693089003 300 572
1584693091295 300 573
1584693093676 300 574
1584693095972 300 575
1584693098274 300 576
1584693100572 300 577
1584693102880 300 578
1584693105216 300 579
1584693107589 300 580
1584693109897 300 581
1584693112219 300 582
1584693114501 300 583
1584693116848 300 584
1584693119134 300 585
1584693121452 300 586
1584693123820 300 587
1584693126122 300 588
1584693128430 300 589
1584693130726 300 590
1584693133111 300 591
1584693135401 300 592
1584693137754 300 593
1584693140061 300 594
1584693142498 300 595
1584693144891 300 596
1584693147216 300 597
1584693149562 300 598
1584693151900 300 599
1584693154369 300 600
1584693156981 300 601
1584693159313 300 602
1584693161627 300 603
1584693163997 300 604
1584693166615 300 605
1584693169169 300 606
1584693171669 300 607
1584693174042 300 608
1584693176343 300 609
1584693178653 300 610
1584693181033 300 611
1584693183361 300 612
1584693185649 300 613
1584693187952 300 614
1584693190246 300 615
1584693192552 300 616
1584693194868 300 617
1584693197191 300 618
1584693199529 300 619
1584693201819 300 620
1584693204257 300 621
1584693206588 300 622
1584693208918 300 623
1584693211228 300 624
1584693213661 300 625
1584693215967 300 626
1584693218288 300 627
1584693220568 300 628
1584693222860 300 629
1584693225204 300 630
1584693227526 300 631
1584693229851 300 632
1584693232168 300 633
1584693234549 300 634
1584693236881 300 635
1584693239314 300 636
1584693241660 300 637
1584693243986 300 638
1584693246304 300 639
1584693248607 300 640
1584693250914 300 641
1584693253230 300 642
1584693255545 300 643
1584693257833 300 644
1584693260112 300 645
1584693262393 300 646
1584693264744 300 647
1584693267060 300 648
1584693269363 300 649
1584693271738 300 650
1584693274546 300 651
1584693276861 300 652
1584693279162 300 653
1584693281475 300 654
1584693283829 300 655
1584693286155 300 656
1584693288464 300 657
1584693290778 300 658
1584693293088 300 659
1584693295380 300 660
1584693297753 300 661
1584693300120 300 662
1584693302448 300 663
1584693304755 300 664
1584693307097 300 665
1584693309406 300 666
1584693311731 300 667
1584693314075 300 668
1584693316382 300 669
1584693318690 300 670
1584693321013 300 671
1584693323302 300 672
1584693325664 300 673
1584693328007 300 674
1584693330348 300 675
1584693332716 300 676
1584693335146 300 677
1584693337682 300 678
1584693339998 300 679
1584693342304 300 680
1584693344611 300 681
1584693346969 300 682
1584693349273 300 683
1584693351576 300 684
1584693353904 300 685
1584693356205 300 686
1584693358544 300 687
1584693360859 300 688
1584693363392 300 689
1584693365715 300 690
1584693368286 300 691
1584693370738 300 692
1584693373132 300 693
1584693375479 300 694
1584693377873 300 695
1584693380231 300 696
1584693382570 300 697
1584693384891 300 698
1584693387207 300 699
1584693389522 300 700
1584693391959 300 701
1584693394398 300 702
1584693396801 300 703
1584693399151 300 704
1584693401468 300 705
1584693403823 300 706
1584693406136 300 707
1584693408430 300 708
1584693410715 300 709
1584693413084 300 710
1584693415441 300 711
1584693417764 300 712
1584693420101 300 713
1584693422408 300 714
1584693424721 300 715
1584693427115 300 716
1584693429459 300 717
1584693433210 300 718
1584693436164 300 719
1584693438534 300 720
1584693440839 300 721
1584693443134 300 722
1584693445447 300 723
1584693447851 300 724
1584693450278 300 725
1584693452641 300 726
1584693454985 300 727
1584693457289 300 728
1584693459582 300 729
1584693461906 300 730
1584693464323 300 731
1584693466648 300 732
1584693468957 300 733
1584693471278 300 734
1584693473602 300 735
1584693475892 300 736
1584693478203 300 737
1584693480563 300 738
1584693482949 300 739
1584693485361 300 740
1584693487716 300 741
1584693490042 300 742
1584693492340 300 743
1584693495068 300 744
1584693497414 300 745
1584693499756 300 746
1584693502203 300 747
1584693504666 300 748
1584693506987 300 749
1584693509270 300 750
1584693511655 300 751
1584693514080 300 752
1584693516407 300 753
1584693518729 300 754
1584693521055 300 755
1584693523380 300 756
1584693525775 300 757
1584693528103 300 758
1584693530556 300 759
1584693532866 300 760
1584693535198 300 761
1584693537549 300 762
1584693539884 300 763
1584693542207 300 764
1584693544571 300 765
1584693546922 300 766
1584693549451 300 767
1584693551761 300 768
1584693554066 300 769
1584693556441 300 770
1584693559282 300 771
1584693561659 300 772
1584693563957 300 773
1584693566283 300 774
1584693568586 300 775
1584693570952 300 776
1584693573330 300 777
1584693575634 300 778
1584693577971 300 779
1584693580290 300 780
1584693582643 300 781
1584693584957 300 782
1584693587331 300 783
1584693589642 300 784
1584693592017 300 785
1584693594334 300 786
1584693596663 300 787
1584693598974 300 788
1584693601298 300 789
1584693603619 300 790
1584693605953 300 791
1584693608272 300 792
1584693610586 300 793
1584693612912 300 794
1584693615214 300 795
1584693617559 300 796
1584693619955 300 797
1584693622415 300 798
1584693624936 300 799
1584693627533 300 800
1584693629972 300 801
1584693632336 300 802
1584693634907 300 803
1584693637216 300 804
1584693639559 300 805
1584693641894 300 806
1584693644250 300 807
1584693646580 300 808
1584693648898 300 809
1584693651227 300 810
1584693653596 300 811
1584693655932 300 812
1584693658298 300 813
1584693660669 300 814
1584693663057 300 815
1584693666487 300 816
1584693668928 300 817
1584693671385 300 818
1584693673761 300 819
1584693676089 300 820
1584693678429 300 821
1584693680748 300 822
1584693683068 300 823
1584693685371 300 824
1584693687725 300 825
1584693690044 300 826
1584693692390 300 827
1584693694747 300 828
1584693697125 300 829
1584693699500 300 830
1584693701882 300 831
1584693704195 300 832
1584693706517 300 833
1584693708833 300 834
1584693711166 300 835
1584693713483 300 836
1584693715792 300 837
1584693718190 300 838
1584693720503 300 839
1584693722989 300 840
1584693725451 300 841
1584693727791 300 842
1584693730112 300 843
1584693732408 300 844
1584693734724 300 845
1584693737061 300 846
1584693739358 300 847
1584693741621 300 848
1584693743941 300 849
1584693746256 300 850
1584693748531 300 851
1584693750837 300 852
1584693753175 300 853
1584693755540 300 854
1584693757806 300 855
1584693760122 300 856
1584693762372 300 857
1584693764686 300 858
1584693767031 300 859
1584693769314 300 860
1584693771586 300 861
1584693773886 300 862
1584693776201 300 863
1584693778542 300 864
1584693780902 300 865
1584693783269 300 866
1584693785654 300 867
1584693787937 300 868
1584693790220 300 869
1584693792480 300 870
1584693794763 300 871
1584693797078 300 872
1584693799407 300 873
1584693801700 300 874
1584693804011 300 875
1584693806287 300 876
1584693808610 300 877
1584693810952 300 878
1584693813269 300 879
1584693815670 300 880
1584693818000 300 881
1584693820515 300 882
1584693822861 300 883
1584693825195 300 884
1584693827478 300 885
1584693829771 300 886
1584693832103 300 887
1584693834375 300 888
1584693836678 300 889
1584693838983 300 890
1584693841299 300 891
1584693843605 300 892
1584693845911 300 893
1584693848185 300 894
1584693850509 300 895
1584693852813 300 896
1584693855132 300 897
1584693857494 300 898
1584693859816 300 899
1584693862147 300 900
1584693864568 300 901
1584693866927 300 902
1584693869238 300 903
1584693871528 300 904
1584693873883 300 905
1584693876409 300 906
1584693878710 300 907
1584693881044 300 908
1584693883341 300 909
1584693885821 300 910
1584693888239 300 911
1584693890785 300 912
1584693893138 300 913
1584693895636 300 914
1584693897913 300 915
1584693900237 300 916
1584693902570 300 917
1584693904865 300 918
1584693907132 300 919
1584693909393 300 920
1584693911733 300 921
1584693914018 300 922
1584693916398 300 923
1584693918743 300 924
1584693921038 300 925
1584693923337 300 926
1584693925642 300 927
1584693927979 300 928
1584693930366 300 929
