1584691745274 1.0 1
1584691747586 0.0 2
1584691749913 -2.0 3
1584691752141 1.0 4
1584691754524 0.0 5
1584691756768 -1.0 6
1584691759097 1.0 7
1584691761369 -1.0 8
1584691763733 2.0 9
1584691766048 0.0 10
1584691768551 1.0 11
1584691770904 -2.0 12
1584691773268 2.0 13
1584691775592 0.0 14
1584691778081 0.0 15
1584691781411 -1.0 16
1584691784368 0.0 17
1584691786938 -1.0 18
1584691789529 -2.0 19
1584691791807 0.0 20
1584691794357 0.0 21
1584691796926 0.0 22
1584691799229 0.0 23
1584691801638 0.0 24
1584691803916 0.0 25
1584691806137 -2.0 26
1584691808375 0.0 27
1584691810625 -2.0 28
1584691813241 1.0 29
1584691815589 0.0 30
1584691817969 0.0 31
1584691820262 0.0 32
1584691822511 1.0 33
1584691824858 0.0 34
1584691827436 -1.0 35
1584691829732 -1.0 36
1584691832144 0.0 37
1584691834621 2.0 38
1584691836895 1.0 39
1584691839143 2.0 40
1584691841366 -1.0 41
1584691843615 0.0 42
1584691845884 3.0 43
1584691848109 0.0 44
1584691850397 1.0 45
1584691852673 2.0 46
1584691854908 2.0 47
1584691857158 0.0 48
1584691859396 0.0 49
1584691861674 -1.0 50
1584691863979 -1.0 51
1584691866262 0.0 52
1584691868525 2.0 53
1584691870788 -1.0 54
1584691873083 -2.0 55
1584691875336 1.0 56
1584691877566 1.0 57
1584691880800 2.0 58
1584691883160 2.0 59
1584691885969 1.0 60
1584691888427 1.0 61
1584691890694 -2.0 62
1584691893051 2.0 63
1584691895339 2.0 64
1584691897568 2.0 65
1584691899809 -1.0 66
1584691902037 0.0 67
1584691904289 -1.0 68
1584691906535 -1.0 69
1584691908785 -1.0 70
1584691911038 2.0 71
1584691913314 0.0 72
1584691915582 0.0 73
1584691917898 -1.0 74
1584691920123 -1.0 75
1584691922467 1.0 76
1584691924759 -2.0 77
1584691927431 1.0 78
1584691929913 1.0 79
1584691932243 -1.0 80
1584691934632 0.0 81
1584691936913 2.0 82
1584691939186 -1.0 83
1584691941453 1.0 84
1584691943727 -1.0 85
1584691946003 3.0 86
1584691948349 3.0 87
1584691950647 0.0 88
1584691953025 0.0 89
1584691955318 2.0 90
1584691957579 2.0 91
1584691959920 1.0 92
1584691962167 0.0 93
1584691964448 -1.0 94
1584691967140 0.0 95
1584691969901 6.0 96
1584691972189 -1.0 97
1584691974486 0.0 98
1584691976937 3.0 99
1584691979229 1.0 100
1584691981562 1.0 101
1584691984138 1.0 102
1584691986459 -2.0 103
1584691988767 0.0 104
1584691991099 0.0 105
1584691993377 1.0 106
1584691995968 0.0 107
1584691998400 5.0 108
1584692000665 2.0 109
1584692003157 0.0 110
1584692005796 1.0 111
1584692008204 2.0 112
1584692010654 1.0 113
1584692013075 2.0 114
1584692015826 1.0 115
1584692018272 2.0 116
1584692020688 -2.0 117
1584692023005 -1.0 118
1584692025364 0.0 119
1584692027764 -1.0 120
1584692030081 0.0 121
1584692032520 1.0 122
1584692035165 1.0 123
1584692037583 -1.0 124
1584692039981 0.0 125
1584692042279 4.0 126
1584692044640 2.0 127
1584692046954 0.0 128
1584692049242 3.0 129
1584692051540 2.0 130
1584692054349 0.0 131
1584692056750 0.0 132
1584692059176 1.0 133
1584692061456 0.0 134
1584692063751 2.0 135
1584692066026 3.0 136
1584692068321 1.0 137
1584692070625 -2.0 138
1584692073354 1.0 139
1584692075812 1.0 140
1584692078063 1.0 141
1584692080604 0.0 142
1584692082912 0.0 143
1584692085211 -2.0 144
1584692087890 -3.0 145
1584692090304 5.0 146
1584692092779 1.0 147
1584692095739 5.0 148
1584692098069 4.0 149
1584692100435 0.0 150
1584692102822 0.0 151
1584692105460 13.0 152
1584692107795 2.0 153
1584692110221 3.0 154
1584692112688 0.0 155
1584692114959 1.0 156
1584692117232 5.0 157
1584692119525 4.0 158
1584692121820 0.0 159
1584692124371 3.0 160
1584692126688 0.0 161
1584692128992 1.0 162
1584692131290 0.0 163
1584692133703 2.0 164
1584692135991 4.0 165
1584692138252 8.0 166
1584692140640 1.0 167
1584692142927 3.0 168
1584692145234 1.0 169
1584692147784 7.0 170
1584692150125 5.0 171
1584692152464 2.0 172
1584692154924 3.0 173
1584692157255 0.0 174
1584692159569 10.0 175
1584692161864 1.0 176
1584692164125 4.0 177
1584692166395 2.0 178
1584692168636 3.0 179
1584692170922 3.0 180
1584692173183 4.0 181
1584692175532 5.0 182
1584692177925 0.0 183
1584692180189 0.0 184
1584692182465 0.0 185
1584692184820 4.0 186
1584692187100 6.0 187
1584692189366 -1.0 188
1584692191660 7.0 189
1584692193992 4.0 190
1584692196258 1.0 191
1584692198554 0.0 192
1584692200866 2.0 193
1584692203170 4.0 194
1584692205464 5.0 195
1584692207827 6.0 196
1584692210091 4.0 197
1584692212568 3.0 198
1584692215120 6.0 199
1584692217528 6.0 200
1584692220008 3.0 201
1584692222820 5.0 202
1584692225197 11.0 203
1584692227608 5.0 204
1584692230275 8.0 205
1584692232628 7.0 206
1584692235055 5.0 207
1584692237591 1.0 208
1584692239925 6.0 209
1584692242205 3.0 210
1584692244463 9.0 211
1584692246774 5.0 212
1584692249065 2.0 213
1584692251654 6.0 214
1584692254111 4.0 215
1584692256829 10.0 216
1584692259229 0.0 217
1584692261509 5.0 218
1584692263940 6.0 219
1584692266240 12.0 220
1584692268589 5.0 221
1584692270859 2.0 222
1584692273227 7.0 223
1584692275510 2.0 224
1584692277797 6.0 225
1584692280135 10.0 226
1584692282458 5.0 227
1584692284727 5.0 228
1584692286974 3.0 229
1584692289206 8.0 230
1584692291469 2.0 231
1584692293747 11.0 232
1584692296031 5.0 233
1584692298328 0.0 234
1584692301173 14.0 235
1584692303526 1.0 236
1584692305874 5.0 237
1584692308536 10.0 238
1584692310966 9.0 239
1584692313600 4.0 240
1584692315937 6.0 241
1584692318220 8.0 242
1584692320497 2.0 243
1584692322773 7.0 244
1584692325091 3.0 245
1584692327397 0.0 246
1584692329714 7.0 247
1584692332037 1.0 248
1584692334357 5.0 249
1584692336658 0.0 250
1584692338962 2.0 251
1584692341219 4.0 252
1584692343469 6.0 253
1584692345766 9.0 254
1584692348225 15.0 255
1584692350727 2.0 256
1584692353041 12.0 257
1584692355378 11.0 258
1584692357845 6.0 259
1584692360129 2.0 260
1584692362507 5.0 261
1584692364831 3.0 262
1584692367131 5.0 263
1584692369576 12.0 264
1584692371910 5.0 265
1584692374256 4.0 266
1584692376577 12.0 267
1584692378846 7.0 268
1584692381176 7.0 269
1584692383448 3.0 270
1584692385791 5.0 271
1584692388073 11.0 272
1584692390344 0.0 273
1584692392635 3.0 274
1584692395251 1.0 275
1584692397588 1.0 276
1584692400128 3.0 277
1584692402461 6.0 278
1584692404770 7.0 279
1584692407077 2.0 280
1584692409350 2.0 281
1584692411639 6.0 282
1584692413935 5.0 283
1584692416201 4.0 284
1584692418469 6.0 285
1584692420782 4.0 286
1584692423058 4.0 287
1584692425401 -1.0 288
1584692427683 7.0 289
1584692429985 7.0 290
1584692432320 7.0 291
1584692435126 2.0 292
1584692437421 7.0 293
1584692439725 6.0 294
1584692442027 5.0 295
1584692444291 7.0 296
1584692446602 6.0 297
1584692448961 15.0 298
1584692451616 8.0 299
1584692454009 7.0 300
1584692456400 7.0 301
1584692458856 6.0 302
1584692461292 11.0 303
1584692463626 4.0 304
1584692466282 8.0 305
1584692468612 1.0 306
1584692471351 1.0 307
1584692474320 9.0 308
1584692476716 12.0 309
1584692479444 9.0 310
1584692482109 4.0 311
1584692484859 5.0 312
1584692487334 11.0 313
1584692489636 4.0 314
1584692491979 11.0 315
1584692494293 6.0 316
1584692496641 10.0 317
1584692498933 11.0 318
1584692501214 7.0 319
1584692503550 13.0 320
1584692505828 7.0 321
1584692508122 0.0 322
1584692510398 7.0 323
1584692512706 15.0 324
1584692515030 15.0 325
1584692517349 12.0 326
1584692519616 8.0 327
1584692521917 7.0 328
1584692524198 9.0 329
1584692526525 10.0 330
1584692528883 8.0 331
1584692531180 0.0 332
1584692533502 3.0 333
1584692535768 10.0 334
1584692538053 15.0 335
1584692540340 10.0 336
1584692542633 9.0 337
1584692544962 16.0 338
1584692547388 1.0 339
1584692549724 7.0 340
1584692552005 5.0 341
1584692554344 7.0 342
1584692556670 9.0 343
1584692559292 7.0 344
1584692561608 8.0 345
1584692564265 1.0 346
1584692566604 14.0 347
1584692568916 9.0 348
1584692571264 13.0 349
1584692573541 7.0 350
1584692575860 3.0 351
1584692578220 7.0 352
1584692580693 4.0 353
1584692582951 7.0 354
1584692585308 4.0 355
1584692587668 15.0 356
1584692590012 10.0 357
1584692592298 8.0 358
1584692594659 5.0 359
1584692596929 11.0 360
1584692599228 5.0 361
1584692601538 11.0 362
1584692603839 4.0 363
1584692606153 2.0 364
1584692608424 11.0 365
1584692610700 10.0 366
1584692613036 8.0 367
1584692615325 7.0 368
1584692617577 5.0 369
1584692619922 14.0 370
1584692622208 14.0 371
1584692624520 6.0 372
1584692626861 9.0 373
1584692629149 7.0 374
1584692631440 16.0 375
1584692633720 11.0 376
1584692636020 4.0 377
1584692638325 7.0 378
1584692640630 10.0 379
1584692642988 10.0 380
1584692645317 7.0 381
1584692647630 7.0 382
1584692649926 7.0 383
1584692652205 2.0 384
1584692654524 7.0 385
1584692656795 7.0 386
1584692659192 11.0 387
1584692661547 12.0 388
1584692663854 15.0 389
1584692666162 15.0 390
1584692668445 14.0 391
1584692670748 11.0 392
1584692673112 8.0 393
1584692675425 14.0 394
1584692677745 9.0 395
1584692680040 13.0 396
1584692682353 7.0 397
1584692684690 6.0 398
1584692686971 5.0 399
1584692689269 13.0 400
1584692691699 11.0 401
1584692694051 4.0 402
1584692696357 13.0 403
1584692698622 10.0 404
1584692700927 4.0 405
1584692703247 10.0 406
1584692705558 14.0 407
1584692707858 12.0 408
1584692710132 11.0 409
1584692712432 4.0 410
1584692714714 11.0 411
1584692717133 11.0 412
1584692719436 6.0 413
1584692721834 14.0 414
1584692724147 6.0 415
1584692726512 4.0 416
1584692728798 14.0 417
1584692731100 17.0 418
1584692733426 7.0 419
1584692735720 4.0 420
1584692738028 8.0 421
1584692740317 14.0 422
1584692742615 8.0 423
1584692744922 12.0 424
1584692747257 13.0 425
1584692749562 7.0 426
1584692751964 10.0 427
1584692754226 10.0 428
1584692756635 11.0 429
1584692758921 12.0 430
1584692761220 17.0 431
1584692763581 9.0 432
1584692765923 14.0 433
1584692768216 12.0 434
1584692770472 20.0 435
1584692772789 14.0 436
1584692775095 14.0 437
1584692777391 13.0 438
1584692779713 12.0 439
1584692781972 10.0 440
1584692784257 12.0 441
1584692786585 16.0 442
1584692788910 16.0 443
1584692791207 18.0 444
1584692793580 15.0 445
1584692795874 9.0 446
1584692798141 15.0 447
1584692800407 16.0 448
1584692802701 5.0 449
1584692805003 22.0 450
1584692807306 17.0 451
1584692809629 15.0 452
1584692811898 9.0 453
1584692814164 17.0 454
1584692816522 13.0 455
1584692818804 18.0 456
1584692821081 16.0 457
1584692823423 12.0 458
1584692825713 18.0 459
1584692828051 18.0 460
1584692830455 16.0 461
1584692832773 15.0 462
1584692835036 10.0 463
1584692837299 17.0 464
1584692839589 5.0 465
1584692841879 16.0 466
1584692844142 18.0 467
1584692846425 12.0 468
1584692848812 15.0 469
1584692851109 14.0 470
1584692854006 12.0 471
1584692856307 15.0 472
1584692858581 9.0 473
1584692860888 15.0 474
1584692863216 17.0 475
1584692865519 13.0 476
1584692867797 12.0 477
1584692870079 10.0 478
1584692872356 13.0 479
1584692874649 12.0 480
1584692876938 14.0 481
1584692879221 13.0 482
1584692881485 13.0 483
1584692883871 13.0 484
1584692886147 10.0 485
1584692888484 15.0 486
1584692890756 15.0 487
1584692893036 10.0 488
1584692895350 17.0 489
1584692897642 13.0 490
1584692899962 11.0 491
1584692902241 13.0 492
1584692904545 9.0 493
1584692906851 14.0 494
1584692909138 17.0 495
1584692911460 9.0 496
1584692913874 11.0 497
1584692916160 19.0 498
1584692918441 19.0 499
1584692920730 17.0 500
1584692923138 13.0 501
1584692925473 9.0 502
1584692927819 12.0 503
1584692930120 13.0 504
1584692932450 17.0 505
1584692934773 8.0 506
1584692937102 8.0 507
1584692939404 22.0 508
1584692941711 13.0 509
1584692944071 19.0 510
1584692946601 12.0 511
1584692948941 9.0 512
1584692951456 22.0 513
1584692953816 14.0 514
1584692956115 14.0 515
1584692958418 13.0 516
1584692960735 13.0 517
1584692963068 9.0 518
1584692965368 10.0 519
1584692967675 13.0 520
1584692969987 17.0 521
1584692972295 8.0 522
1584692974718 6.0 523
1584692977068 19.0 524
1584692979377 14.0 525
1584692981753 12.0 526
1584692984081 15.0 527
1584692986429 11.0 528
1584692988741 14.0 529
1584692991027 18.0 530
1584692993353 16.0 531
1584692995677 18.0 532
1584692997987 13.0 533
1584693000361 11.0 534
1584693002694 17.0 535
1584693004994 10.0 536
1584693007304 15.0 537
1584693009581 18.0 538
1584693011991 7.0 539
1584693014337 10.0 540
1584693016657 21.0 541
1584693018977 11.0 542
1584693021273 6.0 543
1584693023587 11.0 544
1584693025978 8.0 545
1584693028296 18.0 546
1584693030601 11.0 547
1584693033003 16.0 548
1584693035409 19.0 549
1584693037699 9.0 550
1584693040072 5.0 551
1584693042386 11.0 552
1584693044724 14.0 553
1584693047275 10.0 554
1584693049578 15.0 555
1584693051927 18.0 556
1584693054229 9.0 557
1584693056575 12.0 558
1584693058892 7.0 559
1584693061175 11.0 560
1584693063518 19.0 561
1584693065846 9.0 562
1584693068149 21.0 563
1584693070454 16.0 564
1584693072780 9.0 565
1584693075092 18.0 566
1584693077456 12.0 567
1584693079784 16.0 568
1584693082100 8.0 569
1584693084398 6.0 570
1584693086709 12.0 571
1584693089003 20.0 572
1584693091295 15.0 573
1584693093676 19.0 574
1584693095972 10.0 575
1584693098274 15.0 576
1584693100572 14.0 577
1584693102880 15.0 578
1584693105216 12.0 579
1584693107589 18.0 580
1584693109897 11.0 581
1584693112219 19.0 582
1584693114501 13.0 583
1584693116848 5.0 584
1584693119134 14.0 585
1584693121452 15.0 586
1584693123820 17.0 587
1584693126122 16.0 588
1584693128430 18.0 589
1584693130726 15.0 590
1584693133111 14.0 591
1584693135401 18.0 592
1584693137754 12.0 593
1584693140061 17.0 594
1584693142498 18.0 595
1584693144891 16.0 596
1584693147216 17.0 597
1584693149562 16.0 598
1584693151900 13.0 599
1584693154369 19.0 600
1584693156981 13.0 601
1584693159313 14.0 602
1584693161627 17.0 603
1584693163997 13.0 604
1584693166615 20.0 605
1584693169169 13.0 606
1584693171669 18.0 607
1584693174042 13.0 608
1584693176343 18.0 609
1584693178653 12.0 610
1584693181033 11.0 611
1584693183361 18.0 612
1584693185649 14.0 613
1584693187952 12.0 614
1584693190246 18.0 615
1584693192552 12.0 616
1584693194868 14.0 617
1584693197191 17.0 618
1584693199529 18.0 619
1584693201819 15.0 620
1584693204257 12.0 621
1584693206588 16.0 622
1584693208918 13.0 623
1584693211228 13.0 624
1584693213661 19.0 625
1584693215967 18.0 626
1584693218288 16.0 627
1584693220568 4.0 628
1584693222860 14.0 629
1584693225204 22.0 630
1584693227526 18.0 631
1584693229851 23.0 632
1584693232168 17.0 633
1584693234549 14.0 634
1584693236881 19.0 635
1584693239314 14.0 636
1584693241660 20.0 637
1584693243986 16.0 638
1584693246304 14.0 639
1584693248607 16.0 640
1584693250914 14.0 641
1584693253230 13.0 642
1584693255545 18.0 643
1584693257833 17.0 644
1584693260112 18.0 645
1584693262393 17.0 646
1584693264744 19.0 647
1584693267060 20.0 648
1584693269363 16.0 649
1584693271738 16.0 650
1584693274546 18.0 651
1584693276861 17.0 652
1584693279162 16.0 653
1584693281475 15.0 654
1584693283829 16.0 655
1584693286155 16.0 656
1584693288464 10.0 657
1584693290778 11.0 658
1584693293088 17.0 659
1584693295380 11.0 660
1584693297753 14.0 661
1584693300120 15.0 662
1584693302448 10.0 663
1584693304755 16.0 664
1584693307097 14.0 665
1584693309406 21.0 666
1584693311731 21.0 667
1584693314075 10.0 668
1584693316382 13.0 669
1584693318690 12.0 670
1584693321013 16.0 671
1584693323302 14.0 672
1584693325664 12.0 673
1584693328007 17.0 674
1584693330348 12.0 675
1584693332716 14.0 676
1584693335146 15.0 677
1584693337682 16.0 678
1584693339998 17.0 679
1584693342304 11.0 680
1584693344611 20.0 681
1584693346969 21.0 682
1584693349273 17.0 683
1584693351576 21.0 684
1584693353904 6.0 685
1584693356205 15.0 686
1584693358544 15.0 687
1584693360859 19.0 688
1584693363392 18.0 689
1584693365715 14.0 690
1584693368286 16.0 691
1584693370738 22.0 692
1584693373132 19.0 693
1584693375479 22.0 694
1584693377873 18.0 695
1584693380231 17.0 696
1584693382570 20.0 697
1584693384891 18.0 698
1584693387207 17.0 699
1584693389522 19.0 700
1584693391959 21.0 701
1584693394398 17.0 702
1584693396801 11.0 703
1584693399151 11.0 704
1584693401468 12.0 705
1584693403823 16.0 706
1584693406136 17.0 707
1584693408430 13.0 708
1584693410715 19.0 709
1584693413084 21.0 710
1584693415441 12.0 711
1584693417764 21.0 712
1584693420101 14.0 713
1584693422408 10.0 714
1584693424721 23.0 715
1584693427115 12.0 716
1584693429459 16.0 717
1584693433210 19.0 718
1584693436164 12.0 719
1584693438534 20.0 720
1584693440839 16.0 721
1584693443134 17.0 722
1584693445447 10.0 723
1584693447851 11.0 724
1584693450278 14.0 725
1584693452641 21.0 726
1584693454985 20.0 727
1584693457289 18.0 728
1584693459582 19.0 729
1584693461906 12.0 730
1584693464323 19.0 731
1584693466648 19.0 732
1584693468957 21.0 733
1584693471278 20.0 734
1584693473602 16.0 735
1584693475892 16.0 736
1584693478203 17.0 737
1584693480563 9.0 738
1584693482949 15.0 739
1584693485361 17.0 740
1584693487716 19.0 741
1584693490042 14.0 742
1584693492340 12.0 743
1584693495068 22.0 744
1584693497414 11.0 745
1584693499756 18.0 746
1584693502203 11.0 747
1584693504666 12.0 748
1584693506987 14.0 749
1584693509270 21.0 750
1584693511655 14.0 751
1584693514080 15.0 752
1584693516407 19.0 753
1584693518729 14.0 754
1584693521055 23.0 755
1584693523380 24.0 756
1584693525775 14.0 757
1584693528103 18.0 758
1584693530556 21.0 759
1584693532866 17.0 760
1584693535198 17.0 761
1584693537549 20.0 762
1584693539884 16.0 763
1584693542207 18.0 764
1584693544571 17.0 765
1584693546922 7.0 766
1584693549451 16.0 767
1584693551761 13.0 768
1584693554066 18.0 769
1584693556441 15.0 770
1584693559282 19.0 771
1584693561659 8.0 772
1584693563957 14.0 773
1584693566283 14.0 774
1584693568586 12.0 775
1584693570952 17.0 776
1584693573330 17.0 777
1584693575634 16.0 778
1584693577971 17.0 779
1584693580290 6.0 780
1584693582643 11.0 781
1584693584957 14.0 782
1584693587331 20.0 783
1584693589642 7.0 784
1584693592017 18.0 785
1584693594334 19.0 786
1584693596663 16.0 787
1584693598974 18.0 788
1584693601298 13.0 789
1584693603619 19.0 790
1584693605953 15.0 791
1584693608272 21.0 792
1584693610586 20.0 793
1584693612912 14.0 794
1584693615214 17.0 795
1584693617559 21.0 796
1584693619955 18.0 797
1584693622415 23.0 798
1584693624936 17.0 799
1584693627533 17.0 800
1584693629972 20.0 801
1584693632336 11.0 802
1584693634907 15.0 803
1584693637216 20.0 804
1584693639559 17.0 805
1584693641894 17.0 806
1584693644250 12.0 807
1584693646580 18.0 808
1584693648898 18.0 809
1584693651227 21.0 810
1584693653596 17.0 811
1584693655932 28.0 812
1584693658298 16.0 813
1584693660669 11.0 814
1584693663057 9.0 815
1584693666487 15.0 816
1584693668928 18.0 817
1584693671385 15.0 818
1584693673761 21.0 819
1584693676089 17.0 820
1584693678429 14.0 821
1584693680748 21.0 822
1584693683068 20.0 823
1584693685371 18.0 824
1584693687725 10.0 825
1584693690044 16.0 826
1584693692390 22.0 827
1584693694747 20.0 828
1584693697125 21.0 829
1584693699500 17.0 830
1584693701882 19.0 831
1584693704195 17.0 832
1584693706517 23.0 833
1584693708833 20.0 834
1584693711166 18.0 835
1584693713483 16.0 836
1584693715792 10.0 837
1584693718190 18.0 838
1584693720503 16.0 839
1584693722989 19.0 840
1584693725451 19.0 841
1584693727791 19.0 842
1584693730112 11.0 843
1584693732408 20.0 844
1584693734724 15.0 845
1584693737061 18.0 846
1584693739358 16.0 847
1584693741621 18.0 848
1584693743941 19.0 849
1584693746256 7.0 850
1584693748531 27.0 851
1584693750837 15.0 852
1584693753175 18.0 853
1584693755540 19.0 854
1584693757806 17.0 855
1584693760122 20.0 856
1584693762372 8.0 857
1584693764686 19.0 858
1584693767031 18.0 859
1584693769314 16.0 860
1584693771586 13.0 861
1584693773886 20.0 862
1584693776201 8.0 863
1584693778542 19.0 864
1584693780902 15.0 865
1584693783269 21.0 866
1584693785654 16.0 867
1584693787937 18.0 868
1584693790220 18.0 869
1584693792480 26.0 870
1584693794763 15.0 871
1584693797078 16.0 872
1584693799407 13.0 873
1584693801700 18.0 874
1584693804011 16.0 875
1584693806287 18.0 876
1584693808610 21.0 877
1584693810952 16.0 878
1584693813269 21.0 879
1584693815670 9.0 880
1584693818000 16.0 881
1584693820515 16.0 882
1584693822861 17.0 883
1584693825195 17.0 884
1584693827478 15.0 885
1584693829771 14.0 886
1584693832103 16.0 887
1584693834375 20.0 888
1584693836678 17.0 889
1584693838983 14.0 890
1584693841299 13.0 891
1584693843605 17.0 892
1584693845911 17.0 893
1584693848185 16.0 894
1584693850509 13.0 895
1584693852813 17.0 896
1584693855132 14.0 897
1584693857494 21.0 898
1584693859816 15.0 899
1584693862147 21.0 900
1584693864568 19.0 901
1584693866927 18.0 902
1584693869238 14.0 903
1584693871528 14.0 904
1584693873883 13.0 905
1584693876409 15.0 906
1584693878710 10.0 907
1584693881044 10.0 908
1584693883341 21.0 909
1584693885821 20.0 910
1584693888239 14.0 911
1584693890785 6.0 912
1584693893138 21.0 913
1584693895636 15.0 914
1584693897913 21.0 915
1584693900237 19.0 916
1584693902570 14.0 917
1584693904865 13.0 918
1584693907132 16.0 919
1584693909393 14.0 920
1584693911733 16.0 921
1584693914018 18.0 922
1584693916398 16.0 923
1584693918743 14.0 924
1584693921038 16.0 925
1584693923337 14.0 926
1584693925642 19.0 927
1584693927979 19.0 928
1584693930366 10.0 929
