1584331266051 1 1
1584331268549 1 2
1584331271308 1 3
1584331275085 1 4
1584331277506 1 5
1584331280279 1 6
1584331284243 1 7
1584331287552 1 8
1584331290472 1 9
1584331293494 1 10
1584331296461 1 11
1584331299160 1 12
1584331301373 1 13
1584331303979 1 14
1584331306684 1 15
1584331309347 1 16
1584331311989 1 17
1584331314800 1 18
1584331317385 1 19
1584331320413 1 20
1584331323081 1 21
1584331325456 1 22
1584331327765 1 23
1584331329971 1 24
1584331332517 1 25
1584331334779 1 26
1584331337725 1 27
1584331340386 1 28
1584331342984 1 29
1584331345340 1 30
1584331348091 1 31
1584331350451 1 32
1584331352683 1 33
1584331355030 1 34
1584331357268 1 35
1584331359500 1 36
1584331361694 1 37
1584331364023 1 38
1584331366251 1 39
1584331368439 1 40
1584331370629 1 41
1584331373287 1 42
1584331375797 1 43
1584331378652 1 44
1584331381175 1 45
1584331383618 1 46
1584331385889 1 47
1584331388242 1 48
1584331390520 1 49
1584331393035 1 50
1584331395468 1 51
1584331397842 1 52
1584331400324 1 53
1584331403126 1 54
1584331405544 1 55
1584331407763 1 56
1584331410581 1 57
1584331413005 1 58
1584331415821 1 59
1584331418370 1 60
1584331420805 1 61
1584331423205 1 62
1584331425470 1 63
1584331427880 1 64
1584331430341 1 65
1584331432651 1 66
1584331435079 1 67
1584331437622 1 68
1584331440039 1 69
1584331442268 1 70
1584331444501 1 71
1584331446703 1 72
1584331448882 1 73
1584331451067 1 74
1584331453261 1 75
1584331455433 1 76
1584331457613 1 77
1584331459817 1 78
1584331462019 1 79
1584331464249 1 80
1584331466409 1 81
1584331468599 1 82
1584331470830 1 83
1584331473001 1 84
1584331475384 1 85
1584331477557 1 86
1584331479773 1 87
1584331481976 1 88
1584331484197 1 89
1584331486394 1 90
1584331488590 1 91
1584331490816 1 92
1584331493011 1 93
1584331495201 1 94
1584331497414 1 95
1584331499689 1 96
1584331501915 1 97
1584331504275 1 98
1584331506625 1 99
1584331509123 1 100
1584331511629 1 101
1584331514149 1 102
1584331516692 1 103
1584331518974 1 104
1584331521191 1 105
1584331523376 1 106
1584331525615 1 107
1584331527833 1 108
1584331530026 1 109
1584331532236 1 110
1584331534503 1 111
1584331536908 1 112
1584331539181 1 113
1584331541406 1 114
1584331543626 1 115
1584331545913 1 116
1584331548142 1 117
1584331550342 1 118
1584331552537 1 119
1584331554853 1 120
1584331557053 1 121
1584331559291 1 122
1584331561576 1 123
1584331563796 1 124
1584331566075 1 125
1584331568314 1 126
1584331570686 1 127
1584331573057 1 128
1584331575269 1 129
1584331577465 1 130
1584331579692 1 131
1584331581905 1 132
1584331584653 1 133
1584331587051 1 134
1584331589286 1 135
1584331591555 1 136
1584331593841 1 137
1584331596122 1 138
1584331598571 1 139
1584331601224 1 140
1584331603765 1 141
1584331605990 1 142
1584331608471 1 143
1584331610745 1 144
1584331613280 1 145
1584331615497 1 146
1584331617708 1 147
1584331619944 1 148
1584331622173 1 149
1584331624418 1 150
1584331626693 1 151
1584331628906 1 152
1584331631131 1 153
1584331633462 1 154
1584331635642 1 155
1584331637890 1 156
1584331640091 1 157
1584331642323 1 158
1584331644526 1 159
1584331646738 1 160
1584331648937 1 161
1584331651125 1 162
1584331653345 1 163
1584331655682 1 164
1584331657968 1 165
1584331660209 1 166
1584331662475 1 167
1584331664712 1 168
1584331667126 1 169
1584331669773 1 170
1584331672017 1 171
1584331674224 1 172
1584331676451 1 173
1584331678676 1 174
1584331680906 1 175
1584331683142 1 176
1584331685385 1 177
1584331687575 1 178
1584331689815 1 179
1584331692013 1 180
1584331694246 1 181
1584331696437 1 182
1584331698748 1 183
1584331701038 1 184
1584331703278 1 185
1584331705492 1 186
1584331707841 1 187
1584331710055 1 188
1584331712276 1 189
1584331714495 1 190
1584331716708 1 191
1584331719006 1 192
1584331721255 1 193
1584331723460 1 194
1584331725673 1 195
1584331727903 1 196
1584331730184 1 197
1584331732401 1 198
1584331734649 1 199
1584331736877 1 200
1584331739192 1 201
1584331741467 1 202
1584331743686 1 203
1584331745910 1 204
1584331748266 1 205
1584331750532 1 206
1584331752746 1 207
1584331754997 1 208
1584331757199 1 209
1584331759481 1 210
1584331761706 1 211
1584331764131 1 212
1584331766426 1 213
1584331768683 1 214
1584331770948 1 215
1584331773384 1 216
1584331776137 1 217
1584331778933 1 218
1584331781703 1 219
1584331784151 1 220
1584331786413 1 221
1584331788636 1 222
1584331791555 1 223
1584331793817 1 224
1584331796476 1 225
1584331798831 1 226
1584331801585 1 227
1584331803964 1 228
1584331806286 1 229
1584331810262 1 230
1584331812863 1 231
1584331815861 1 232
1584331819016 1 233
1584331825807 1 234
1584331828289 1 235
1584331833868 1 236
1584331837242 1 237
1584331840009 1 238
1584331842484 1 239
1584331844730 1 240
1584331846998 1 241
1584331849229 1 242
1584331851478 1 243
1584331853810 1 244
1584331856167 1 245
1584331858785 1 246
1584331861214 1 247
1584331863599 1 248
1584331865888 1 249
1584331868136 1 250
1584331870379 1 251
1584331872635 1 252
1584331874900 1 253
1584331877121 1 254
1584331879383 1 255
1584331881714 1 256
1584331884074 1 257
1584331886371 1 258
1584331888646 1 259
1584331891114 1 260
1584331893531 1 261
1584331895990 1 262
1584331898466 1 263
1584331902200 1 264
1584331905908 1 265
1584331909720 1 266
1584331912390 1 267
1584331914882 1 268
1584331918130 1 269
1584331921514 1 270
1584331924257 1 271
1584331926724 1 272
1584331928943 1 273
1584331931394 1 274
1584331933724 1 275
1584331936302 1 276
1584331941586 1 277
1584331944275 1 278
1584331946553 1 279
1584331948853 1 280
1584331951775 1 281
1584331955507 1 282
1584331957963 1 283
1584331960390 1 284
1584331962786 1 285
1584331965365 1 286
1584331967717 1 287
1584331970175 1 288
1584331973324 1 289
1584331976260 1 290
1584331980414 1 291
1584331982622 1 292
1584331984924 1 293
1584331987405 1 294
1584331991324 1 295
1584331993772 1 296
1584331996341 1 297
1584331998711 1 298
1584332001234 1 299
1584332005441 1 300
1584332010422 1 301
1584332013211 1 302
1584332015765 1 303
1584332018864 1 304
1584332021463 1 305
1584332023677 1 306
1584332025926 1 307
1584332028168 1 308
1584332030390 1 309
1584332032748 1 310
1584332035630 1 311
1584332037932 1 312
1584332040161 1 313
1584332042399 1 314
1584332044679 1 315
1584332047282 1 316
1584332050323 1 317
1584332053363 1 318
1584332056813 1 319
1584332059529 1 320
1584332062339 1 321
1584332065068 1 322
1584332067302 1 323
1584332069555 1 324
1584332071836 1 325
1584332074110 1 326
1584332076410 1 327
1584332078755 1 328
1584332081413 1 329
1584332083708 1 330
1584332086050 1 331
1584332088254 1 332
1584332090541 1 333
1584332093647 1 334
1584332096438 1 335
1584332098754 1 336
1584332101009 1 337
1584332103293 1 338
1584332105565 1 339
1584332107817 1 340
1584332110092 1 341
1584332112332 1 342
1584332114590 1 343
1584332116971 1 344
1584332119240 1 345
1584332121496 1 346
1584332123852 1 347
1584332126262 1 348
1584332128536 1 349
1584332130793 1 350
1584332133045 1 351
1584332135322 1 352
1584332137960 1 353
1584332140435 1 354
1584332143272 1 355
1584332145783 1 356
1584332148066 1 357
1584332150560 1 358
1584332154324 1 359
1584332156679 1 360
1584332158984 1 361
1584332161308 1 362
1584332163535 1 363
1584332165797 1 364
1584332168079 1 365
1584332170325 1 366
1584332172595 1 367
1584332174829 1 368
1584332177071 1 369
1584332179296 1 370
1584332181528 1 371
1584332183877 1 372
1584332186163 1 373
1584332188403 1 374
1584332190654 1 375
1584332193586 1 376
1584332196311 1 377
1584332198967 1 378
1584332201254 1 379
1584332203484 1 380
1584332206411 1 381
1584332208943 1 382
1584332211628 1 383
1584332214565 1 384
1584332217377 1 385
1584332220032 1 386
1584332222879 1 387
1584332225664 1 388
1584332228218 1 389
1584332231143 1 390
1584332233799 1 391
1584332236049 1 392
1584332238546 1 393
1584332240945 1 394
1584332245066 1 395
1584332250867 1 396
1584332253130 1 397
1584332255617 1 398
1584332257900 1 399
1584332260572 1 400
1584332262966 1 401
1584332265278 1 402
1584332267548 1 403
1584332269854 1 404
1584332272137 1 405
1584332274470 1 406
1584332276762 1 407
1584332279083 1 408
1584332281464 1 409
1584332283778 1 410
1584332286060 1 411
1584332288505 1 412
1584332291331 1 413
1584332293711 1 414
1584332295986 1 415
1584332299149 1 416
1584332301874 1 417
1584332305702 1 418
1584332309275 1 419
1584332313637 1 420
1584332316494 1 421
1584332318737 1 422
1584332321014 1 423
1584332323263 1 424
1584332325531 1 425
1584332327798 1 426
1584332330029 1 427
1584332332263 1 428
1584332334493 1 429
1584332336792 1 430
1584332339462 1 431
1584332342671 1 432
1584332345336 1 433
1584332349820 1 434
1584332352201 1 435
1584332354621 1 436
1584332357069 1 437
1584332359426 1 438
1584332361719 1 439
1584332364174 1 440
1584332366529 1 441
1584332368828 1 442
1584332371243 1 443
1584332373676 1 444
1584332376091 1 445
1584332378531 1 446
1584332380827 1 447
1584332383128 1 448
1584332385370 1 449
1584332387653 1 450
1584332389934 1 451
1584332392212 1 452
1584332394533 1 453
1584332396991 1 454
1584332399798 1 455
1584332402323 1 456
1584332404892 1 457
1584332407395 1 458
1584332410243 1 459
1584332413343 1 460
1584332415851 1 461
1584332418579 1 462
1584332421095 1 463
1584332423402 1 464
1584332425707 1 465
1584332428205 1 466
1584332431699 1 467
1584332434958 1 468
1584332437201 1 469
1584332439608 1 470
1584332441862 1 471
1584332445577 1 472
1584332448392 1 473
1584332451679 1 474
1584332454070 1 475
1584332456412 1 476
1584332458747 1 477
1584332461480 1 478
1584332464190 1 479
1584332466915 1 480
1584332469154 1 481
1584332471475 1 482
1584332473833 1 483
1584332476222 1 484
1584332478473 1 485
1584332480879 1 486
1584332483640 1 487
1584332488149 1 488
1584332491437 1 489
1584332493670 1 490
1584332495983 1 491
1584332498249 1 492
1584332500556 1 493
1584332502794 1 494
1584332505079 1 495
1584332507415 1 496
1584332509717 1 497
1584332512120 1 498
1584332514394 1 499
1584332516681 1 500
1584332519027 1 501
1584332521355 1 502
1584332523658 1 503
1584332525948 1 504
1584332528257 1 505
1584332530500 1 506
1584332532774 1 507
1584332535070 1 508
1584332537311 1 509
1584332539628 1 510
1584332542338 1 511
1584332544676 1 512
1584332546948 1 513
1584332549277 1 514
1584332553602 1 515
1584332556823 1 516
1584332559915 1 517
1584332562218 1 518
1584332564727 1 519
1584332567266 1 520
1584332570424 1 521
1584332574775 1 522
1584332578201 1 523
1584332582740 1 524
1584332585846 1 525
1584332588260 1 526
1584332590548 1 527
1584332592844 1 528
1584332595186 1 529
1584332597465 1 530
1584332599772 1 531
1584332602116 1 532
1584332604444 1 533
1584332606901 1 534
1584332610976 1 535
1584332613522 1 536
1584332615853 1 537
1584332618186 1 538
1584332620626 1 539
1584332622948 1 540
1584332627297 1 541
1584332632202 1 542
1584332634853 1 543
1584332637399 1 544
1584332640451 1 545
1584332643078 1 546
1584332645640 1 547
1584332648213 1 548
1584332650977 1 549
1584332653436 1 550
1584332655689 1 551
1584332659841 1 552
1584332662232 1 553
1584332664577 1 554
1584332667186 1 555
1584332669543 1 556
1584332671825 1 557
1584332674516 1 558
1584332677146 1 559
1584332679609 1 560
1584332682151 1 561
1584332684532 1 562
1584332686834 1 563
1584332689204 1 564
1584332691672 1 565
1584332694080 1 566
1584332697019 1 567
1584332699501 1 568
1584332703919 1 569
1584332713423 1 570
1584332716031 1 571
1584332718479 1 572
1584332720982 1 573
1584332723520 1 574
1584332725948 1 575
1584332729550 1 576
1584332733337 1 577
1584332737065 1 578
1584332739652 1 579
1584332742483 1 580
1584332746932 1 581
1584332749602 1 582
1584332753508 1 583
1584332758663 1 584
1584332761592 1 585
1584332765420 1 586
1584332768558 1 587
1584332770990 1 588
1584332773299 1 589
1584332775667 1 590
1584332777921 1 591
1584332780314 1 592
1584332782600 1 593
1584332784917 1 594
1584332787395 1 595
1584332790067 1 596
1584332792455 1 597
1584332794811 1 598
1584332797219 1 599
1584332799568 1 600
1584332801985 1 601
1584332804387 1 602
1584332806700 1 603
1584332809313 1 604
1584332811893 1 605
1584332814197 1 606
1584332816476 1 607
1584332818870 1 608
1584332821279 1 609
1584332823526 1 610
1584332825888 1 611
1584332828098 1 612
1584332830322 1 613
1584332832888 1 614
1584332835106 1 615
1584332837351 1 616
1584332839585 1 617
1584332841821 1 618
1584332844063 1 619
1584332846303 1 620
1584332848608 1 621
1584332851108 1 622
1584332855159 1 623
1584332857458 1 624
1584332859745 1 625
1584332862060 1 626
1584332864377 1 627
1584332866703 1 628
1584332868938 1 629
1584332871359 1 630
1584332873827 1 631
1584332876106 1 632
1584332878454 1 633
1584332880903 1 634
1584332883209 1 635
1584332885530 1 636
1584332887835 1 637
1584332890185 1 638
1584332892515 1 639
1584332894818 1 640
1584332897122 1 641
1584332899448 1 642
1584332901776 1 643
1584332904118 1 644
1584332906381 1 645
1584332908701 1 646
1584332910986 1 647
1584332913334 1 648
1584332915591 1 649
1584332917918 1 650
1584332920211 1 651
1584332922520 1 652
1584332924824 1 653
1584332927322 1 654
1584332929906 1 655
1584332932189 1 656
1584332934494 1 657
1584332936784 1 658
1584332939170 1 659
1584332941442 1 660
1584332943711 1 661
1584332945970 1 662
1584332948249 1 663
1584332950566 1 664
1584332952851 1 665
1584332955171 1 666
1584332957448 1 667
1584332959888 1 668
1584332962248 1 669
1584332964529 1 670
1584332966818 1 671
1584332969091 1 672
1584332971443 1 673
1584332973776 1 674
1584332976127 1 675
1584332978456 1 676
1584332980714 1 677
1584332982960 1 678
1584332985215 1 679
1584332987499 1 680
1584332989852 1 681
1584332992253 1 682
1584332994569 1 683
1584332996865 1 684
1584332999112 1 685
1584333001504 1 686
1584333003781 1 687
1584333006096 1 688
1584333008391 1 689
1584333010725 1 690
1584333013028 1 691
1584333015379 1 692
1584333017656 1 693
1584333020011 1 694
1584333022295 1 695
1584333024728 1 696
1584333027030 1 697
1584333029325 1 698
1584333031579 1 699
1584333033855 1 700
1584333036292 1 701
1584333038630 1 702
1584333040966 1 703
1584333043242 1 704
1584333045650 1 705
1584333047985 1 706
