1584331266051 0.0 1
1584331268549 2.0 2
1584331271308 0.0 3
1584331275085 1.0 4
1584331277506 0.0 5
1584331280279 -2.0 6
1584331284243 0.0 7
1584331287552 0.0 8
1584331290472 0.0 9
1584331293494 2.0 10
1584331296461 -1.0 11
1584331299160 0.0 12
1584331301373 0.0 13
1584331303979 1.0 14
1584331306684 1.0 15
1584331309347 -2.0 16
1584331311989 1.0 17
1584331314800 0.0 18
1584331317385 0.0 19
1584331320413 -2.0 20
1584331323081 -2.0 21
1584331325456 0.0 22
1584331327765 -1.0 23
1584331329971 0.0 24
1584331332517 2.0 25
1584331334779 -1.0 26
1584331337725 0.0 27
1584331340386 1.0 28
1584331342984 -1.0 29
1584331345340 -1.0 30
1584331348091 0.0 31
1584331350451 0.0 32
1584331352683 2.0 33
1584331355030 2.0 34
1584331357268 2.0 35
1584331359500 1.0 36
1584331361694 1.0 37
1584331364023 -1.0 38
1584331366251 1.0 39
1584331368439 0.0 40
1584331370629 -1.0 41
1584331373287 0.0 42
1584331375797 1.0 43
1584331378652 -2.0 44
1584331381175 0.0 45
1584331383618 0.0 46
1584331385889 4.0 47
1584331388242 0.0 48
1584331390520 1.0 49
1584331393035 -1.0 50
1584331395468 0.0 51
1584331397842 2.0 52
1584331400324 -1.0 53
1584331403126 3.0 54
1584331405544 2.0 55
1584331407763 0.0 56
1584331410581 0.0 57
1584331413005 0.0 58
1584331415821 -1.0 59
1584331418370 1.0 60
1584331420805 1.0 61
1584331423205 1.0 62
1584331425470 -1.0 63
1584331427880 1.0 64
1584331430341 4.0 65
1584331432651 1.0 66
1584331435079 1.0 67
1584331437622 1.0 68
1584331440039 1.0 69
1584331442268 3.0 70
1584331444501 -1.0 71
1584331446703 0.0 72
1584331448882 1.0 73
1584331451067 0.0 74
1584331453261 0.0 75
1584331455433 4.0 76
1584331457613 -1.0 77
1584331459817 2.0 78
1584331462019 1.0 79
1584331464249 1.0 80
1584331466409 1.0 81
1584331468599 2.0 82
1584331470830 0.0 83
1584331473001 0.0 84
1584331475384 4.0 85
1584331477557 0.0 86
1584331479773 0.0 87
1584331481976 5.0 88
1584331484197 0.0 89
1584331486394 1.0 90
1584331488590 1.0 91
1584331490816 2.0 92
1584331493011 2.0 93
1584331495201 1.0 94
1584331497414 2.0 95
1584331499689 0.0 96
1584331501915 1.0 97
1584331504275 -2.0 98
1584331506625 3.0 99
1584331509123 2.0 100
1584331511629 3.0 101
1584331514149 1.0 102
1584331516692 2.0 103
1584331518974 0.0 104
1584331521191 3.0 105
1584331523376 0.0 106
1584331525615 1.0 107
1584331527833 1.0 108
1584331530026 2.0 109
1584331532236 2.0 110
1584331534503 4.0 111
1584331536908 1.0 112
1584331539181 1.0 113
1584331541406 0.0 114
1584331543626 4.0 115
1584331545913 -1.0 116
1584331548142 3.0 117
1584331550342 4.0 118
1584331552537 2.0 119
1584331554853 2.0 120
1584331557053 4.0 121
1584331559291 0.0 122
1584331561576 2.0 123
1584331563796 1.0 124
1584331566075 -1.0 125
1584331568314 3.0 126
1584331570686 3.0 127
1584331573057 2.0 128
1584331575269 1.0 129
1584331577465 2.0 130
1584331579692 3.0 131
1584331581905 7.0 132
1584331584653 6.0 133
1584331587051 1.0 134
1584331589286 2.0 135
1584331591555 0.0 136
1584331593841 4.0 137
1584331596122 1.0 138
1584331598571 3.0 139
1584331601224 1.0 140
1584331603765 4.0 141
1584331605990 3.0 142
1584331608471 4.0 143
1584331610745 3.0 144
1584331613280 3.0 145
1584331615497 0.0 146
1584331617708 -1.0 147
1584331619944 6.0 148
1584331622173 4.0 149
1584331624418 2.0 150
1584331626693 4.0 151
1584331628906 0.0 152
1584331631131 2.0 153
1584331633462 6.0 154
1584331635642 5.0 155
1584331637890 3.0 156
1584331640091 6.0 157
1584331642323 3.0 158
1584331644526 5.0 159
1584331646738 4.0 160
1584331648937 5.0 161
1584331651125 2.0 162
1584331653345 2.0 163
1584331655682 1.0 164
1584331657968 4.0 165
1584331660209 2.0 166
1584331662475 8.0 167
1584331664712 5.0 168
1584331667126 5.0 169
1584331669773 2.0 170
1584331672017 1.0 171
1584331674224 6.0 172
1584331676451 3.0 173
1584331678676 5.0 174
1584331680906 5.0 175
1584331683142 2.0 176
1584331685385 6.0 177
1584331687575 5.0 178
1584331689815 4.0 179
1584331692013 1.0 180
1584331694246 3.0 181
1584331696437 2.0 182
1584331698748 2.0 183
1584331701038 6.0 184
1584331703278 -1.0 185
1584331705492 8.0 186
1584331707841 6.0 187
1584331710055 -2.0 188
1584331712276 5.0 189
1584331714495 4.0 190
1584331716708 3.0 191
1584331719006 2.0 192
1584331721255 1.0 193
1584331723460 6.0 194
1584331725673 0.0 195
1584331727903 7.0 196
1584331730184 3.0 197
1584331732401 3.0 198
1584331734649 3.0 199
1584331736877 5.0 200
1584331739192 5.0 201
1584331741467 2.0 202
1584331743686 8.0 203
1584331745910 -2.0 204
1584331748266 2.0 205
1584331750532 4.0 206
1584331752746 5.0 207
1584331754997 5.0 208
1584331757199 2.0 209
1584331759481 5.0 210
1584331761706 6.0 211
1584331764131 6.0 212
1584331766426 6.0 213
1584331768683 7.0 214
1584331770948 8.0 215
1584331773384 1.0 216
1584331776137 8.0 217
1584331778933 0.0 218
1584331781703 4.0 219
1584331784151 1.0 220
1584331786413 7.0 221
1584331788636 5.0 222
1584331791555 10.0 223
1584331793817 7.0 224
1584331796476 9.0 225
1584331798831 6.0 226
1584331801585 4.0 227
1584331803964 4.0 228
1584331806286 6.0 229
1584331810262 6.0 230
1584331812863 6.0 231
1584331815861 10.0 232
1584331819016 4.0 233
1584331825807 10.0 234
1584331828289 11.0 235
1584331833868 12.0 236
1584331837242 5.0 237
1584331840009 9.0 238
1584331842484 6.0 239
1584331844730 6.0 240
1584331846998 -1.0 241
1584331849229 5.0 242
1584331851478 6.0 243
1584331853810 8.0 244
1584331856167 4.0 245
1584331858785 2.0 246
1584331861214 5.0 247
1584331863599 7.0 248
1584331865888 7.0 249
1584331868136 3.0 250
1584331870379 8.0 251
1584331872635 2.0 252
1584331874900 6.0 253
1584331877121 10.0 254
1584331879383 8.0 255
1584331881714 6.0 256
1584331884074 8.0 257
1584331886371 11.0 258
1584331888646 9.0 259
1584331891114 9.0 260
1584331893531 4.0 261
1584331895990 4.0 262
1584331898466 4.0 263
1584331902200 10.0 264
1584331905908 7.0 265
1584331909720 11.0 266
1584331912390 12.0 267
1584331914882 5.0 268
1584331918130 7.0 269
1584331921514 11.0 270
1584331924257 6.0 271
1584331926724 10.0 272
1584331928943 9.0 273
1584331931394 13.0 274
1584331933724 9.0 275
1584331936302 6.0 276
1584331941586 1.0 277
1584331944275 10.0 278
1584331946553 6.0 279
1584331948853 9.0 280
1584331951775 12.0 281
1584331955507 7.0 282
1584331957963 10.0 283
1584331960390 6.0 284
1584331962786 8.0 285
1584331965365 3.0 286
1584331967717 9.0 287
1584331970175 8.0 288
1584331973324 9.0 289
1584331976260 2.0 290
1584331980414 10.0 291
1584331982622 15.0 292
1584331984924 11.0 293
1584331987405 7.0 294
1584331991324 7.0 295
1584331993772 11.0 296
1584331996341 7.0 297
1584331998711 1.0 298
1584332001234 9.0 299
1584332005441 6.0 300
1584332010422 5.0 301
1584332013211 6.0 302
1584332015765 7.0 303
1584332018864 11.0 304
1584332021463 10.0 305
1584332023677 10.0 306
1584332025926 13.0 307
1584332028168 3.0 308
1584332030390 7.0 309
1584332032748 13.0 310
1584332035630 13.0 311
1584332037932 9.0 312
1584332040161 6.0 313
1584332042399 12.0 314
1584332044679 5.0 315
1584332047282 8.0 316
1584332050323 8.0 317
1584332053363 3.0 318
1584332056813 9.0 319
1584332059529 -1.0 320
1584332062339 11.0 321
1584332065068 10.0 322
1584332067302 4.0 323
1584332069555 7.0 324
1584332071836 8.0 325
1584332074110 12.0 326
1584332076410 5.0 327
1584332078755 4.0 328
1584332081413 8.0 329
1584332083708 8.0 330
1584332086050 8.0 331
1584332088254 7.0 332
1584332090541 12.0 333
1584332093647 13.0 334
1584332096438 3.0 335
1584332098754 12.0 336
1584332101009 8.0 337
1584332103293 13.0 338
1584332105565 6.0 339
1584332107817 20.0 340
1584332110092 15.0 341
1584332112332 18.0 342
1584332114590 10.0 343
1584332116971 7.0 344
1584332119240 10.0 345
1584332121496 11.0 346
1584332123852 10.0 347
1584332126262 10.0 348
1584332128536 8.0 349
1584332130793 9.0 350
1584332133045 5.0 351
1584332135322 10.0 352
1584332137960 12.0 353
1584332140435 14.0 354
1584332143272 13.0 355
1584332145783 16.0 356
1584332148066 9.0 357
1584332150560 10.0 358
1584332154324 12.0 359
1584332156679 12.0 360
1584332158984 13.0 361
1584332161308 12.0 362
1584332163535 8.0 363
1584332165797 8.0 364
1584332168079 2.0 365
1584332170325 8.0 366
1584332172595 15.0 367
1584332174829 12.0 368
1584332177071 7.0 369
1584332179296 10.0 370
1584332181528 9.0 371
1584332183877 21.0 372
1584332186163 15.0 373
1584332188403 4.0 374
1584332190654 12.0 375
1584332193586 2.0 376
1584332196311 8.0 377
1584332198967 3.0 378
1584332201254 19.0 379
1584332203484 11.0 380
1584332206411 11.0 381
1584332208943 10.0 382
1584332211628 10.0 383
1584332214565 6.0 384
1584332217377 14.0 385
1584332220032 7.0 386
1584332222879 6.0 387
1584332225664 12.0 388
1584332228218 11.0 389
1584332231143 3.0 390
1584332233799 9.0 391
1584332236049 15.0 392
1584332238546 14.0 393
1584332240945 13.0 394
1584332245066 12.0 395
1584332250867 14.0 396
1584332253130 5.0 397
1584332255617 14.0 398
1584332257900 15.0 399
1584332260572 12.0 400
1584332262966 14.0 401
1584332265278 2.0 402
1584332267548 14.0 403
1584332269854 1.0 404
1584332272137 15.0 405
1584332274470 14.0 406
1584332276762 10.0 407
1584332279083 6.0 408
1584332281464 12.0 409
1584332283778 12.0 410
1584332286060 14.0 411
1584332288505 4.0 412
1584332291331 16.0 413
1584332293711 11.0 414
1584332295986 13.0 415
1584332299149 7.0 416
1584332301874 16.0 417
1584332305702 15.0 418
1584332309275 15.0 419
1584332313637 12.0 420
1584332316494 12.0 421
1584332318737 17.0 422
1584332321014 11.0 423
1584332323263 8.0 424
1584332325531 17.0 425
1584332327798 16.0 426
1584332330029 20.0 427
1584332332263 17.0 428
1584332334493 18.0 429
1584332336792 17.0 430
1584332339462 10.0 431
1584332342671 7.0 432
1584332345336 17.0 433
1584332349820 10.0 434
1584332352201 12.0 435
1584332354621 17.0 436
1584332357069 13.0 437
1584332359426 12.0 438
1584332361719 14.0 439
1584332364174 13.0 440
1584332366529 11.0 441
1584332368828 11.0 442
1584332371243 18.0 443
1584332373676 8.0 444
1584332376091 14.0 445
1584332378531 26.0 446
1584332380827 17.0 447
1584332383128 15.0 448
1584332385370 17.0 449
1584332387653 7.0 450
1584332389934 17.0 451
1584332392212 15.0 452
1584332394533 16.0 453
1584332396991 6.0 454
1584332399798 11.0 455
1584332402323 11.0 456
1584332404892 14.0 457
1584332407395 14.0 458
1584332410243 10.0 459
1584332413343 19.0 460
1584332415851 12.0 461
1584332418579 14.0 462
1584332421095 18.0 463
1584332423402 18.0 464
1584332425707 17.0 465
1584332428205 17.0 466
1584332431699 19.0 467
1584332434958 15.0 468
1584332437201 9.0 469
1584332439608 10.0 470
1584332441862 20.0 471
1584332445577 13.0 472
1584332448392 13.0 473
1584332451679 15.0 474
1584332454070 17.0 475
1584332456412 12.0 476
1584332458747 12.0 477
1584332461480 12.0 478
1584332464190 23.0 479
1584332466915 18.0 480
1584332469154 14.0 481
1584332471475 16.0 482
1584332473833 11.0 483
1584332476222 15.0 484
1584332478473 11.0 485
1584332480879 14.0 486
1584332483640 17.0 487
1584332488149 11.0 488
1584332491437 13.0 489
1584332493670 10.0 490
1584332495983 8.0 491
1584332498249 10.0 492
1584332500556 15.0 493
1584332502794 12.0 494
1584332505079 15.0 495
1584332507415 12.0 496
1584332509717 16.0 497
1584332512120 17.0 498
1584332514394 18.0 499
1584332516681 11.0 500
1584332519027 22.0 501
1584332521355 14.0 502
1584332523658 17.0 503
1584332525948 20.0 504
1584332528257 11.0 505
1584332530500 9.0 506
1584332532774 14.0 507
1584332535070 12.0 508
1584332537311 17.0 509
1584332539628 25.0 510
1584332542338 17.0 511
1584332544676 14.0 512
1584332546948 18.0 513
1584332549277 16.0 514
1584332553602 16.0 515
1584332556823 5.0 516
1584332559915 12.0 517
1584332562218 18.0 518
1584332564727 8.0 519
1584332567266 15.0 520
1584332570424 18.0 521
1584332574775 12.0 522
1584332578201 15.0 523
1584332582740 10.0 524
1584332585846 20.0 525
1584332588260 13.0 526
1584332590548 12.0 527
1584332592844 17.0 528
1584332595186 12.0 529
1584332597465 17.0 530
1584332599772 20.0 531
1584332602116 17.0 532
1584332604444 16.0 533
1584332606901 16.0 534
1584332610976 19.0 535
1584332613522 10.0 536
1584332615853 16.0 537
1584332618186 15.0 538
1584332620626 15.0 539
1584332622948 19.0 540
1584332627297 12.0 541
1584332632202 16.0 542
1584332634853 13.0 543
1584332637399 11.0 544
1584332640451 15.0 545
1584332643078 14.0 546
1584332645640 16.0 547
1584332648213 12.0 548
1584332650977 16.0 549
1584332653436 16.0 550
1584332655689 15.0 551
1584332659841 13.0 552
1584332662232 9.0 553
1584332664577 14.0 554
1584332667186 12.0 555
1584332669543 8.0 556
1584332671825 22.0 557
1584332674516 14.0 558
1584332677146 19.0 559
1584332679609 13.0 560
1584332682151 17.0 561
1584332684532 9.0 562
1584332686834 13.0 563
1584332689204 14.0 564
1584332691672 17.0 565
1584332694080 14.0 566
1584332697019 18.0 567
1584332699501 18.0 568
1584332703919 16.0 569
1584332713423 10.0 570
1584332716031 18.0 571
1584332718479 14.0 572
1584332720982 17.0 573
1584332723520 21.0 574
1584332725948 20.0 575
1584332729550 12.0 576
1584332733337 20.0 577
1584332737065 14.0 578
1584332739652 23.0 579
1584332742483 14.0 580
1584332746932 12.0 581
1584332749602 16.0 582
1584332753508 15.0 583
1584332758663 15.0 584
1584332761592 17.0 585
1584332765420 17.0 586
1584332768558 11.0 587
1584332770990 15.0 588
1584332773299 17.0 589
1584332775667 13.0 590
1584332777921 11.0 591
1584332780314 18.0 592
1584332782600 13.0 593
1584332784917 16.0 594
1584332787395 18.0 595
1584332790067 20.0 596
1584332792455 21.0 597
1584332794811 12.0 598
1584332797219 13.0 599
1584332799568 13.0 600
1584332801985 18.0 601
1584332804387 18.0 602
1584332806700 14.0 603
1584332809313 15.0 604
1584332811893 17.0 605
1584332814197 19.0 606
1584332816476 16.0 607
1584332818870 20.0 608
1584332821279 14.0 609
1584332823526 19.0 610
1584332825888 18.0 611
1584332828098 20.0 612
1584332830322 15.0 613
1584332832888 10.0 614
1584332835106 14.0 615
1584332837351 16.0 616
1584332839585 17.0 617
1584332841821 13.0 618
1584332844063 15.0 619
1584332846303 15.0 620
1584332848608 16.0 621
1584332851108 11.0 622
1584332855159 15.0 623
1584332857458 21.0 624
1584332859745 14.0 625
1584332862060 15.0 626
1584332864377 18.0 627
1584332866703 13.0 628
1584332868938 19.0 629
1584332871359 9.0 630
1584332873827 16.0 631
1584332876106 17.0 632
1584332878454 13.0 633
1584332880903 15.0 634
1584332883209 18.0 635
1584332885530 12.0 636
1584332887835 17.0 637
1584332890185 16.0 638
1584332892515 13.0 639
1584332894818 20.0 640
1584332897122 10.0 641
1584332899448 17.0 642
1584332901776 11.0 643
1584332904118 12.0 644
1584332906381 19.0 645
1584332908701 15.0 646
1584332910986 18.0 647
1584332913334 15.0 648
1584332915591 17.0 649
1584332917918 16.0 650
1584332920211 15.0 651
1584332922520 7.0 652
1584332924824 13.0 653
1584332927322 17.0 654
1584332929906 14.0 655
1584332932189 20.0 656
1584332934494 19.0 657
1584332936784 19.0 658
1584332939170 12.0 659
1584332941442 18.0 660
1584332943711 15.0 661
1584332945970 10.0 662
1584332948249 14.0 663
1584332950566 13.0 664
1584332952851 9.0 665
1584332955171 17.0 666
1584332957448 13.0 667
1584332959888 13.0 668
1584332962248 13.0 669
1584332964529 20.0 670
1584332966818 16.0 671
1584332969091 16.0 672
1584332971443 17.0 673
1584332973776 18.0 674
1584332976127 20.0 675
1584332978456 17.0 676
1584332980714 12.0 677
1584332982960 17.0 678
1584332985215 16.0 679
1584332987499 10.0 680
1584332989852 21.0 681
1584332992253 19.0 682
1584332994569 8.0 683
1584332996865 16.0 684
1584332999112 18.0 685
1584333001504 17.0 686
1584333003781 8.0 687
1584333006096 16.0 688
1584333008391 10.0 689
1584333010725 8.0 690
1584333013028 10.0 691
1584333015379 17.0 692
1584333017656 18.0 693
1584333020011 15.0 694
1584333022295 14.0 695
1584333024728 21.0 696
1584333027030 16.0 697
1584333029325 16.0 698
1584333031579 11.0 699
1584333033855 15.0 700
1584333036292 21.0 701
1584333038630 12.0 702
1584333040966 18.0 703
1584333043242 11.0 704
1584333045650 16.0 705
1584333047985 16.0 706
