1584706748342 1 1
1584706750846 1 2
1584706753314 1 3
1584706755650 1 4
1584706757980 1 5
1584706760275 1 6
1584706762787 1 7
1584706765424 1 8
1584706767903 1 9
1584706771231 1 10
1584706774292 1 11
1584706777026 1 12
1584706780387 1 13
1584706783365 1 14
1584706785746 1 15
1584706788265 1 16
1584706790557 1 17
1584706792830 1 18
1584706795087 1 19
1584706797363 1 20
1584706799608 1 21
1584706801913 1 22
1584706804199 1 23
1584706806471 1 24
1584706808718 1 25
1584706811018 1 26
1584706813295 1 27
1584706815577 1 28
1584706817849 1 29
1584706820102 1 30
1584706822361 1 31
1584706824595 1 32
1584706826867 1 33
1584706829131 1 34
1584706831419 1 35
1584706833692 1 36
1584706835984 1 37
1584706838208 1 38
1584706840514 1 39
1584706842856 1 40
1584706845169 1 41
1584706847436 1 42
1584706849691 1 43
1584706852009 1 44
1584706854338 1 45
1584706856644 1 46
1584706858904 1 47
1584706861209 1 48
1584706863497 1 49
1584706865744 1 50
1584706868032 1 51
1584706870327 1 52
1584706872981 1 53
1584706875293 1 54
1584706877775 1 55
1584706880039 1 56
1584706882291 1 57
1584706884574 1 58
1584706886845 1 59
1584706889147 1 60
1584706891437 1 61
1584706893798 1 62
1584706896078 1 63
1584706898371 1 64
1584706900627 1 65
1584706902877 1 66
1584706905132 1 67
1584706907426 1 68
1584706909713 1 69
1584706911974 1 70
1584706914262 1 71
1584706916551 1 72
1584706918793 1 73
1584706921058 1 74
1584706923392 1 75
1584706925655 1 76
1584706927958 1 77
1584706930224 1 78
1584706932516 1 79
1584706934882 1 80
1584706937161 1 81
1584706939478 1 82
1584706941742 1 83
1584706944021 1 84
1584706946292 1 85
1584706948581 1 86
1584706950816 1 87
1584706953155 1 88
1584706955469 1 89
1584706957747 1 90
1584706960016 1 91
1584706962288 1 92
1584706964550 1 93
1584706966822 1 94
1584706969112 1 95
1584706971377 1 96
1584706973798 1 97
1584706976135 1 98
1584706978445 1 99
1584706980719 1 100
1584706983051 1 101
1584706985372 1 102
1584706987867 1 103
1584706990135 1 104
1584706992416 1 105
1584706994664 1 106
1584706996934 1 107
1584706999199 1 108
1584707001437 1 109
1584707003695 1 110
1584707005984 1 111
1584707008255 1 112
1584707010513 1 113
1584707012790 1 114
1584707015107 1 115
1584707017374 1 116
1584707019655 1 117
1584707022173 1 118
1584707024462 1 119
1584707026735 1 120
1584707029017 1 121
1584707031291 1 122
1584707033562 1 123
1584707035886 1 124
1584707038178 1 125
1584707040447 1 126
1584707042680 1 127
1584707044949 1 128
1584707047206 1 129
1584707049464 1 130
1584707051698 1 131
1584707053977 1 132
1584707056227 1 133
1584707058489 1 134
1584707060767 1 135
1584707063005 1 136
1584707065324 1 137
1584707067613 1 138
1584707069957 1 139
1584707072343 1 140
1584707074659 1 141
1584707076945 1 142
1584707079240 1 143
1584707081501 1 144
1584707083761 1 145
1584707086019 1 146
1584707088280 1 147
1584707090527 1 148
1584707092816 1 149
1584707095056 1 150
1584707097330 1 151
1584707099589 1 152
1584707102124 1 153
1584707104447 1 154
1584707106867 1 155
1584707109169 1 156
1584707111419 1 157
1584707113716 1 158
1584707116026 1 159
1584707118340 1 160
1584707120626 1 161
1584707122952 1 162
1584707125234 1 163
1584707127548 1 164
1584707129837 1 165
1584707132180 1 166
1584707135043 1 167
1584707137308 1 168
1584707139590 1 169
1584707141915 1 170
1584707144223 1 171
1584707146507 1 172
1584707148799 1 173
1584707151119 1 174
1584707153426 1 175
1584707155646 1 176
1584707157886 1 177
1584707160163 1 178
1584707163046 1 179
1584707165394 1 180
1584707167911 1 181
1584707170361 1 182
1584707172623 1 183
1584707174908 1 184
1584707177158 1 185
1584707179464 1 186
1584707182035 1 187
1584707184439 1 188
1584707186794 1 189
1584707189286 1 190
1584707191712 1 191
1584707194729 1 192
1584707196988 1 193
1584707199336 1 194
1584707201599 1 195
1584707203882 1 196
1584707206169 1 197
1584707208411 1 198
1584707210671 1 199
1584707212978 1 200
1584707215337 1 201
1584707217588 1 202
1584707219868 1 203
1584707222133 1 204
1584707224446 1 205
1584707226692 1 206
1584707229021 1 207
1584707231295 1 208
1584707233599 1 209
1584707235853 1 210
1584707238107 1 211
1584707240364 1 212
1584707242664 1 213
1584707244911 1 214
1584707247169 1 215
1584707249492 1 216
1584707251736 1 217
1584707254014 1 218
1584707256298 1 219
1584707258579 1 220
1584707260822 1 221
1584707263222 1 222
1584707265652 1 223
1584707267917 1 224
1584707270165 1 225
1584707272392 1 226
1584707274685 1 227
1584707276912 1 228
1584707279155 1 229
1584707281453 1 230
1584707283729 1 231
1584707286000 1 232
1584707288490 1 233
1584707290745 1 234
1584707293022 1 235
1584707295339 1 236
1584707297603 1 237
1584707299866 1 238
1584707302106 1 239
1584707304390 1 240
1584707306649 1 241
1584707308964 1 242
1584707311216 1 243
1584707313589 1 244
1584707315846 1 245
1584707318089 1 246
1584707320359 1 247
1584707322612 1 248
1584707324907 1 249
1584707327152 1 250
1584707329423 1 251
1584707331681 1 252
1584707333952 1 253
1584707336220 1 254
1584707338484 1 255
1584707340733 1 256
1584707342999 1 257
1584707345280 1 258
1584707347534 1 259
1584707349785 1 260
1584707352027 1 261
1584707354289 1 262
1584707356604 1 263
1584707358850 1 264
1584707361302 1 265
1584707363556 1 266
1584707365807 1 267
1584707368098 1 268
1584707370348 1 269
1584707372635 1 270
1584707374983 1 271
1584707377261 1 272
1584707379525 1 273
1584707381775 1 274
1584707384073 1 275
1584707386343 1 276
1584707388566 1 277
1584707390824 1 278
1584707393133 1 279
1584707395400 1 280
1584707397655 1 281
1584707399960 1 282
1584707402253 1 283
1584707404565 1 284
1584707406815 1 285
1584707409068 1 286
1584707411341 1 287
1584707413594 1 288
1584707415880 1 289
1584707418180 1 290
1584707420453 1 291
1584707422792 1 292
1584707425035 1 293
1584707427310 1 294
1584707429579 1 295
1584707431848 1 296
1584707434597 1 297
1584707436855 1 298
1584707439106 1 299
1584707441402 1 300
1584707443784 1 301
1584707446130 1 302
1584707448579 1 303
1584707450866 1 304
1584707453252 1 305
1584707455529 1 306
1584707457968 1 307
1584707460250 1 308
1584707462522 1 309
1584707464801 1 310
1584707467067 1 311
1584707469329 1 312
1584707471573 1 313
1584707473866 1 314
1584707476135 1 315
1584707478389 1 316
1584707480651 1 317
1584707482924 1 318
1584707485174 1 319
1584707487470 1 320
1584707489763 1 321
1584707492036 1 322
1584707494399 1 323
1584707496670 1 324
1584707498926 1 325
1584707501173 1 326
1584707503448 1 327
1584707505698 1 328
1584707507969 1 329
1584707510200 1 330
1584707512451 1 331
1584707514715 1 332
1584707516972 1 333
1584707519281 1 334
1584707521527 1 335
1584707523783 1 336
1584707526040 1 337
1584707528303 1 338
1584707530529 1 339
1584707532798 1 340
1584707535230 1 341
1584707537519 1 342
1584707539794 1 343
1584707542082 1 344
1584707544601 1 345
1584707547055 1 346
1584707549484 1 347
1584707551729 1 348
1584707554282 1 349
1584707556537 1 350
1584707558773 1 351
1584707561067 1 352
1584707563336 1 353
1584707565609 1 354
1584707567870 1 355
1584707570133 1 356
1584707572389 1 357
1584707574645 1 358
1584707576899 1 359
1584707579170 1 360
1584707581460 1 361
1584707583734 1 362
1584707586076 1 363
1584707588354 1 364
1584707590600 1 365
1584707592859 1 366
1584707595133 1 367
1584707597378 1 368
1584707600084 1 369
1584707602460 1 370
1584707604922 1 371
1584707607295 1 372
1584707609987 1 373
1584707612338 1 374
1584707615352 1 375
1584707617597 1 376
1584707619872 1 377
1584707622134 1 378
1584707624425 1 379
1584707626687 1 380
1584707628945 1 381
1584707631207 1 382
1584707634393 1 383
1584707636754 1 384
1584707639138 1 385
1584707641788 1 386
1584707644259 1 387
1584707646571 1 388
1584707648839 1 389
1584707651295 1 390
1584707653567 1 391
1584707655810 1 392
1584707658069 1 393
1584707660371 1 394
1584707662646 1 395
1584707664922 1 396
1584707667158 1 397
1584707669431 1 398
1584707671724 1 399
1584707673989 1 400
1584707676328 1 401
1584707678585 1 402
1584707680893 1 403
1584707683152 1 404
1584707685429 1 405
1584707687721 1 406
1584707689966 1 407
1584707692257 1 408
1584707694526 1 409
1584707696819 1 410
1584707699082 1 411
1584707701332 1 412
1584707703604 1 413
1584707705903 1 414
1584707708144 1 415
1584707710410 1 416
1584707712727 1 417
1584707715000 1 418
1584707717329 1 419
1584707719583 1 420
1584707721864 1 421
1584707724111 1 422
1584707726376 1 423
1584707728651 1 424
1584707730900 1 425
1584707733225 1 426
1584707735525 1 427
1584707737803 1 428
1584707740660 1 429
1584707743219 1 430
1584707745902 1 431
1584707748756 1 432
1584707751147 1 433
1584707753841 1 434
1584707756244 1 435
1584707758684 1 436
1584707761049 1 437
1584707763476 1 438
1584707765872 1 439
1584707768224 1 440
1584707770515 1 441
1584707772776 1 442
1584707775042 1 443
1584707777351 1 444
1584707779696 1 445
1584707781941 1 446
1584707784250 1 447
1584707786532 1 448
1584707788778 1 449
1584707791054 1 450
1584707793392 1 451
1584707795751 1 452
1584707798078 1 453
1584707800468 1 454
1584707802750 1 455
1584707805036 1 456
1584707807351 1 457
1584707809918 1 458
1584707812224 1 459
1584707814588 1 460
1584707816879 1 461
1584707819164 1 462
1584707821519 1 463
1584707823886 1 464
1584707826255 1 465
1584707828576 1 466
1584707830841 1 467
1584707833256 1 468
1584707835539 1 469
1584707837802 1 470
1584707840233 1 471
1584707842582 1 472
1584707845685 1 473
1584707848045 1 474
1584707850357 1 475
1584707852710 1 476
1584707855080 1 477
1584707857369 1 478
1584707859642 1 479
1584707861943 1 480
1584707864264 1 481
1584707866554 1 482
1584707868807 1 483
1584707871079 1 484
1584707873364 1 485
1584707875660 1 486
1584707877908 1 487
1584707880180 1 488
1584707882492 1 489
1584707884781 1 490
1584707887051 1 491
1584707889354 1 492
1584707891708 1 493
1584707893988 1 494
1584707896317 1 495
1584707898603 1 496
1584707900870 1 497
1584707903151 1 498
1584707905510 1 499
1584707907781 1 500
1584707910121 1 501
1584707912554 1 502
1584707914893 1 503
1584707917182 1 504
1584707919491 1 505
1584707921797 1 506
1584707924071 1 507
1584707926346 1 508
1584707928634 1 509
1584707930871 1 510
1584707933195 1 511
1584707935527 1 512
1584707937792 1 513
1584707940056 1 514
1584707942555 1 515
1584707944814 1 516
1584707947074 1 517
1584707949331 1 518
1584707951595 1 519
1584707953853 1 520
1584707956123 1 521
1584707958408 1 522
1584707960692 1 523
1584707962978 1 524
1584707965248 1 525
1584707967571 1 526
1584707969847 1 527
1584707972203 1 528
1584707975038 1 529
1584707977371 1 530
1584707979657 1 531
1584707981968 1 532
1584707984209 1 533
1584707986460 1 534
1584707988746 1 535
1584707991157 1 536
1584707993425 1 537
1584707995696 1 538
1584707997997 1 539
1584708000246 1 540
1584708002597 1 541
1584708004885 1 542
1584708007180 1 543
1584708009505 1 544
1584708011823 1 545
1584708014122 1 546
1584708016421 1 547
1584708018672 1 548
1584708020931 1 549
1584708023234 1 550
1584708025588 1 551
1584708027894 1 552
1584708030168 1 553
1584708032519 1 554
1584708035161 1 555
1584708038008 1 556
1584708040390 1 557
1584708042895 1 558
1584708045266 1 559
1584708047584 1 560
1584708049865 1 561
1584708052190 1 562
1584708055421 1 563
1584708057824 1 564
1584708060227 1 565
1584708062528 1 566
1584708064814 1 567
1584708067096 1 568
1584708069421 1 569
1584708071689 1 570
1584708073990 1 571
1584708076250 1 572
1584708078527 1 573
1584708080781 1 574
1584708083046 1 575
1584708085296 1 576
1584708087579 1 577
1584708089841 1 578
1584708092127 1 579
1584708094469 1 580
1584708096727 1 581
1584708099035 1 582
1584708101307 1 583
1584708103614 1 584
1584708105895 1 585
1584708108154 1 586
1584708110435 1 587
1584708112717 1 588
1584708115010 1 589
1584708117308 1 590
1584708119586 1 591
1584708121858 1 592
1584708124150 1 593
1584708126457 1 594
1584708128810 1 595
1584708131103 1 596
1584708133400 1 597
1584708135896 1 598
1584708138176 1 599
1584708140493 1 600
1584708142850 1 601
1584708145142 1 602
1584708147399 1 603
1584708149672 1 604
1584708151943 1 605
1584708154305 1 606
1584708156558 1 607
1584708158832 1 608
1584708161112 1 609
1584708163372 1 610
1584708165656 1 611
1584708167908 1 612
1584708170187 1 613
1584708172496 1 614
1584708174800 1 615
1584708177089 1 616
1584708179366 1 617
1584708181631 1 618
1584708183943 1 619
1584708186236 1 620
1584708188525 1 621
1584708190809 1 622
1584708193110 1 623
1584708195461 1 624
1584708197718 1 625
1584708200054 1 626
1584708202729 1 627
1584708205038 1 628
1584708207393 1 629
1584708209651 1 630
1584708211921 1 631
1584708214312 1 632
1584708216629 1 633
1584708218906 1 634
1584708221197 1 635
1584708223496 1 636
1584708225791 1 637
1584708228051 1 638
1584708230358 1 639
1584708232842 1 640
1584708235157 1 641
1584708237450 1 642
1584708239718 1 643
1584708241991 1 644
1584708244261 1 645
1584708246577 1 646
1584708248835 1 647
1584708251131 1 648
1584708253416 1 649
1584708255730 1 650
1584708258386 1 651
1584708260656 1 652
1584708263014 1 653
1584708265372 1 654
1584708267644 1 655
1584708269930 1 656
1584708272212 1 657
1584708274601 1 658
1584708276881 1 659
1584708279143 1 660
1584708281421 1 661
1584708283694 1 662
1584708286000 1 663
1584708288315 1 664
1584708290595 1 665
1584708292990 1 666
1584708295254 1 667
1584708297629 1 668
1584708299972 1 669
1584708302326 1 670
1584708304763 1 671
1584708307363 1 672
1584708309631 1 673
1584708311954 1 674
1584708314275 1 675
1584708316834 1 676
1584708319386 1 677
1584708321793 1 678
1584708324399 1 679
1584708326738 1 680
1584708329228 1 681
1584708331544 1 682
1584708333889 1 683
1584708336194 1 684
1584708339278 1 685
1584708341686 1 686
1584708344186 1 687
1584708346606 1 688
1584708349272 1 689
1584708352040 1 690
1584708354543 1 691
1584708357442 1 692
1584708360158 1 693
1584708363110 1 694
1584708365540 1 695
1584708367939 1 696
1584708370259 1 697
1584708372571 1 698
1584708374879 1 699
1584708377194 1 700
1584708379585 1 701
1584708382356 1 702
1584708385334 1 703
1584708387768 1 704
1584708390841 1 705
1584708393373 1 706
1584708396819 1 707
1584708399144 1 708
1584708401473 1 709
1584708403782 1 710
1584708406079 1 711
1584708408383 1 712
1584708410746 1 713
1584708413095 1 714
1584708415450 1 715
1584708417758 1 716
1584708420075 1 717
1584708422381 1 718
1584708424863 1 719
1584708427178 1 720
1584708429487 1 721
1584708431799 1 722
1584708434144 1 723
1584708436469 1 724
1584708438768 1 725
1584708441054 1 726
1584708443957 1 727
1584708447599 1 728
1584708450069 1 729
1584708452547 1 730
1584708455022 1 731
1584708457363 1 732
1584708459829 1 733
1584708463091 1 734
1584708466770 1 735
1584708469574 1 736
1584708472635 1 737
1584708474997 1 738
1584708477384 1 739
1584708479772 1 740
1584708482109 1 741
1584708484398 1 742
1584708486798 1 743
1584708489156 1 744
1584708491491 1 745
1584708493798 1 746
1584708496150 1 747
1584708498487 1 748
1584708500792 1 749
1584708503128 1 750
1584708505483 1 751
1584708508052 1 752
1584708510378 1 753
1584708512719 1 754
1584708515047 1 755
1584708517460 1 756
1584708519724 1 757
1584708522223 1 758
1584708524544 1 759
1584708526850 1 760
1584708529146 1 761
1584708531435 1 762
1584708533750 1 763
1584708536043 1 764
1584708538350 1 765
1584708540634 1 766
1584708542953 1 767
1584708545253 1 768
1584708547520 1 769
1584708549798 1 770
1584708552100 1 771
1584708554418 1 772
1584708556685 1 773
1584708558968 1 774
1584708561249 1 775
1584708563551 1 776
1584708565846 1 777
1584708568154 1 778
1584708570501 1 779
1584708573039 1 780
1584708575379 1 781
1584708577720 1 782
1584708580050 1 783
1584708582389 1 784
1584708584674 1 785
1584708586990 1 786
1584708589310 1 787
1584708591581 1 788
1584708593938 1 789
1584708596240 1 790
1584708598567 1 791
1584708600841 1 792
1584708603157 1 793
1584708605454 1 794
1584708607794 1 795
1584708610055 1 796
1584708612404 1 797
1584708614719 1 798
1584708616993 1 799
1584708619429 1 800
1584708621926 1 801
1584708624263 1 802
1584708626879 1 803
1584708629310 1 804
1584708631709 1 805
1584708634124 1 806
1584708636413 1 807
1584708638673 1 808
1584708641025 1 809
1584708643401 1 810
1584708645695 1 811
1584708647972 1 812
1584708650320 1 813
1584708652684 1 814
1584708655019 1 815
1584708657288 1 816
1584708659564 1 817
1584708661835 1 818
1584708664155 1 819
1584708666449 1 820
1584708668724 1 821
1584708670997 1 822
1584708673281 1 823
1584708675603 1 824
1584708677886 1 825
1584708680211 1 826
1584708682475 1 827
1584708684751 1 828
1584708687038 1 829
1584708689386 1 830
1584708691674 1 831
1584708694048 1 832
1584708696334 1 833
1584708698624 1 834
1584708700881 1 835
1584708703153 1 836
1584708705444 1 837
1584708707722 1 838
1584708710051 1 839
1584708712347 1 840
1584708714764 1 841
1584708717045 1 842
1584708719369 1 843
1584708721686 1 844
1584708724001 1 845
1584708726296 1 846
1584708728564 1 847
1584708730836 1 848
1584708733117 1 849
1584708735382 1 850
1584708737648 1 851
1584708739949 1 852
1584708742241 1 853
1584708744578 1 854
1584708746898 1 855
1584708749172 1 856
1584708751474 1 857
1584708753913 1 858
1584708756207 1 859
1584708758501 1 860
1584708760798 1 861
1584708763072 1 862
1584708765354 1 863
1584708767633 1 864
1584708769925 1 865
1584708772168 1 866
1584708774484 1 867
1584708776872 1 868
1584708779162 1 869
1584708781449 1 870
1584708783775 1 871
1584708786049 1 872
1584708788350 1 873
1584708790609 1 874
1584708792879 1 875
1584708795143 1 876
1584708797433 1 877
1584708799712 1 878
1584708802033 1 879
1584708804306 1 880
1584708806616 1 881
1584708808865 1 882
1584708811356 1 883
1584708813733 1 884
1584708815993 1 885
1584708818249 1 886
1584708820514 1 887
1584708822817 1 888
1584708825105 1 889
1584708827408 1 890
1584708829900 1 891
1584708832195 1 892
1584708834503 1 893
1584708836822 1 894
1584708839095 1 895
1584708841450 1 896
1584708843723 1 897
1584708845974 1 898
1584708848223 1 899
1584708850536 1 900
1584708852895 1 901
1584708855196 1 902
1584708857506 1 903
1584708859757 1 904
1584708862051 1 905
1584708864331 1 906
1584708866619 1 907
1584708868893 1 908
1584708871196 1 909
1584708874085 1 910
1584708876355 1 911
1584708878655 1 912
1584708880928 1 913
1584708883942 1 914
1584708886250 1 915
1584708888543 1 916
1584708890817 1 917
1584708893182 1 918
1584708895527 1 919
1584708897803 1 920
1584708900068 1 921
1584708902424 1 922
1584708904704 1 923
1584708907010 1 924
1584708909439 1 925
1584708911703 1 926
1584708913971 1 927
1584708916280 1 928
1584708918571 1 929
1584708920845 1 930
1584708923144 1 931
1584708925427 1 932
1584708927717 1 933
1584708929999 1 934
1584708932279 1 935
1584708934720 1 936
1584708937025 1 937
1584708939412 1 938
1584708941667 1 939
1584708943997 1 940
1584708946322 1 941
1584708948625 1 942
1584708950891 1 943
1584708953211 1 944
1584708955505 1 945
1584708957750 1 946
1584708960011 1 947
1584708962264 1 948
1584708964572 1 949
1584708966828 1 950
1584708969146 1 951
1584708971440 1 952
1584708973731 1 953
1584708976024 1 954
1584708978334 1 955
1584708980601 1 956
1584708982858 1 957
1584708985171 1 958
1584708987461 1 959
1584708989760 1 960
1584708992033 1 961
1584708994394 1 962
1584708996654 1 963
1584708998969 1 964
1584709001244 1 965
1584709003628 1 966
1584709006073 1 967
1584709008342 1 968
1584709010610 1 969
1584709012885 1 970
1584709015167 1 971
1584709017443 1 972
1584709019708 1 973
1584709022014 1 974
1584709024293 1 975
1584709026570 1 976
1584709028838 1 977
1584709031094 1 978
1584709033398 1 979
1584709035742 1 980
1584709037996 1 981
1584709040257 1 982
1584709042534 1 983
1584709044840 1 984
1584709047192 1 985
1584709049490 1 986
1584709051880 1 987
1584709054409 1 988
1584709056676 1 989
1584709058930 1 990
1584709061225 1 991
1584709063509 1 992
1584709065847 1 993
1584709068113 1 994
1584709070381 1 995
1584709072689 1 996
1584709074991 1 997
1584709077269 1 998
1584709079524 1 999
1584709081825 1 1000
1584709084243 1 1001
1584709086496 1 1002
1584709088763 1 1003
1584709091055 1 1004
1584709093366 1 1005
1584709095686 1 1006
1584709097943 1 1007
1584709100328 1 1008
1584709102751 1 1009
1584709105030 1 1010
1584709107535 1 1011
1584709109838 1 1012
1584709112159 1 1013
1584709114567 1 1014
1584709117088 1 1015
1584709119563 1 1016
1584709122138 1 1017
1584709124430 1 1018
1584709126714 1 1019
1584709128988 1 1020
1584709131314 1 1021
1584709133672 1 1022
1584709135966 1 1023
1584709138274 1 1024
1584709140539 1 1025
1584709142825 1 1026
1584709145103 1 1027
1584709147385 1 1028
1584709149668 1 1029
1584709151959 1 1030
1584709154264 1 1031
1584709156543 1 1032
1584709158819 1 1033
1584709161110 1 1034
1584709163449 1 1035
1584709165713 1 1036
1584709167980 1 1037
1584709170254 1 1038
1584709172580 1 1039
1584709174868 1 1040
1584709177153 1 1041
1584709179406 1 1042
1584709181681 1 1043
1584709183943 1 1044
1584709186247 1 1045
1584709188464 1 1046
1584709190674 1 1047
1584709192932 1 1048
1584709195254 1 1049
1584709197540 1 1050
1584709199789 1 1051
1584709202147 1 1052
1584709204562 1 1053
1584709206827 1 1054
1584709209110 1 1055
1584709211414 1 1056
1584709213673 1 1057
1584709215939 1 1058
1584709218247 1 1059
1584709220530 1 1060
1584709222787 1 1061
1584709225122 1 1062
1584709227480 1 1063
1584709229785 1 1064
1584709232069 1 1065
1584709235111 1 1066
1584709237404 1 1067
1584709239690 1 1068
1584709241973 1 1069
1584709244331 1 1070
1584709246684 1 1071
1584709249002 1 1072
1584709251337 1 1073
1584709253700 1 1074
1584709255952 1 1075
1584709258247 1 1076
1584709260528 1 1077
1584709262830 1 1078
1584709265198 1 1079
1584709267511 1 1080
1584709269747 1 1081
1584709272015 1 1082
1584709274323 1 1083
1584709276583 1 1084
1584709278856 1 1085
1584709281135 1 1086
1584709283453 1 1087
1584709285715 1 1088
1584709287976 1 1089
1584709290286 1 1090
1584709292652 1 1091
1584709295040 1 1092
1584709297302 1 1093
1584709299806 1 1094
1584709302062 1 1095
1584709304359 1 1096
1584709306636 1 1097
1584709308902 1 1098
1584709311195 1 1099
1584709313508 1 1100
1584709315884 1 1101
1584709318151 1 1102
1584709320466 1 1103
1584709322774 1 1104
1584709325059 1 1105
1584709327336 1 1106
1584709329638 1 1107
1584709331926 1 1108
1584709334216 1 1109
1584709336501 1 1110
1584709338772 1 1111
1584709341016 1 1112
1584709343278 1 1113
1584709345554 1 1114
1584709347829 1 1115
1584709350092 1 1116
1584709352363 1 1117
1584709354688 1 1118
1584709356969 1 1119
1584709359242 1 1120
1584709361582 1 1121
1584709363845 1 1122
1584709366161 1 1123
1584709368471 1 1124
1584709370761 1 1125
1584709373055 1 1126
1584709375360 1 1127
1584709377615 1 1128
1584709379903 1 1129
1584709382193 1 1130
1584709384490 1 1131
1584709386774 1 1132
1584709389070 1 1133
1584709391450 1 1134
1584709393747 1 1135
1584709396203 1 1136
1584709398756 1 1137
1584709402382 1 1138
1584709404763 1 1139
1584709407364 1 1140
1584709409892 1 1141
1584709412195 1 1142
1584709414633 1 1143
1584709416921 1 1144
1584709419185 1 1145
1584709421473 1 1146
1584709423777 1 1147
1584709426079 1 1148
1584709428399 1 1149
1584709430688 1 1150
1584709433367 1 1151
1584709435723 1 1152
1584709438142 1 1153
1584709440577 1 1154
1584709442901 1 1155
1584709445214 1 1156
1584709447524 1 1157
1584709449792 1 1158
1584709452094 1 1159
1584709454369 1 1160
1584709456690 1 1161
1584709458992 1 1162
1584709461275 1 1163
1584709463573 1 1164
1584709465848 1 1165
1584709468116 1 1166
1584709470403 1 1167
1584709472828 1 1168
1584709475121 1 1169
1584709477417 1 1170
1584709479698 1 1171
1584709481966 1 1172
1584709484275 1 1173
1584709486595 1 1174
1584709488883 1 1175
1584709491180 1 1176
1584709493729 1 1177
1584709496071 1 1178
1584709498384 1 1179
1584709500692 1 1180
1584709502991 1 1181
1584709505294 1 1182
1584709507593 1 1183
1584709509860 1 1184
1584709512164 1 1185
1584709514448 1 1186
1584709516746 1 1187
1584709519075 1 1188
1584709521334 1 1189
1584709523576 1 1190
1584709525839 1 1191
1584709528142 1 1192
1584709530414 1 1193
1584709532704 1 1194
1584709535068 1 1195
1584709537355 1 1196
1584709539629 1 1197
1584709541926 1 1198
1584709544296 1 1199
1584709546582 1 1200
1584709548936 1 1201
1584709551233 1 1202
1584709553553 1 1203
1584709555839 1 1204
1584709558123 1 1205
1584709560406 1 1206
1584709562678 1 1207
1584709564902 1 1208
1584709567127 1 1209
1584709569372 1 1210
1584709571643 1 1211
1584709573914 1 1212
1584709576220 1 1213
1584709578508 1 1214
1584709580790 1 1215
1584709583095 1 1216
1584709585439 1 1217
1584709587731 1 1218
1584709590225 1 1219
1584709592639 1 1220
1584709595148 1 1221
1584709597415 1 1222
1584709599886 1 1223
1584709602180 1 1224
1584709604462 1 1225
1584709606715 1 1226
1584709609007 1 1227
1584709611305 1 1228
1584709613614 1 1229
1584709615939 1 1230
1584709618230 1 1231
1584709620537 1 1232
1584709622840 1 1233
1584709625152 1 1234
1584709627424 1 1235
1584709629680 1 1236
1584709631980 1 1237
1584709634261 1 1238
1584709636553 1 1239
1584709638865 1 1240
1584709641198 1 1241
1584709643500 1 1242
1584709645806 1 1243
1584709648090 1 1244
1584709650428 1 1245
1584709652697 1 1246
1584709654981 1 1247
1584709657239 1 1248
1584709659534 1 1249
1584709661823 1 1250
1584709664141 1 1251
1584709666416 1 1252
1584709668656 1 1253
1584709670936 1 1254
1584709673233 1 1255
1584709675541 1 1256
1584709677797 1 1257
1584709680065 1 1258
1584709682394 1 1259
1584709684678 1 1260
1584709687161 1 1261
1584709689448 1 1262
1584709691735 1 1263
1584709694018 1 1264
1584709696279 1 1265
1584709698546 1 1266
1584709700801 1 1267
1584709703076 1 1268
1584709705372 1 1269
1584709707633 1 1270
1584709709922 1 1271
1584709712230 1 1272
1584709714537 1 1273
1584709716882 1 1274
1584709719176 1 1275
1584709721467 1 1276
1584709723727 1 1277
1584709725989 1 1278
1584709728279 1 1279
1584709730539 1 1280
1584709732806 1 1281
1584709735129 1 1282
1584709737411 1 1283
1584709739691 1 1284
1584709741994 1 1285
1584709744274 1 1286
1584709746574 1 1287
1584709748891 1 1288
1584709751366 1 1289
1584709753679 1 1290
1584709755966 1 1291
1584709758293 1 1292
1584709760597 1 1293
1584709762864 1 1294
1584709765144 1 1295
1584709767434 1 1296
1584709769732 1 1297
1584709772000 1 1298
1584709774352 1 1299
1584709776665 1 1300
1584709779046 1 1301
1584709781908 1 1302
1584709784503 1 1303
1584709786784 1 1304
1584709789075 1 1305
1584709791379 1 1306
1584709793659 1 1307
1584709795945 1 1308
1584709798225 1 1309
1584709800481 1 1310
1584709802758 1 1311
1584709805043 1 1312
1584709807323 1 1313
1584709809652 1 1314
1584709811935 1 1315
1584709814228 1 1316
1584709816492 1 1317
1584709818761 1 1318
1584709821030 1 1319
1584709823313 1 1320
1584709825651 1 1321
1584709828585 1 1322
1584709830992 1 1323
1584709833397 1 1324
1584709835759 1 1325
1584709838066 1 1326
1584709840406 1 1327
1584709842729 1 1328
1584709845138 1 1329
1584709847462 1 1330
1584709849713 1 1331
1584709852024 1 1332
1584709854348 1 1333
1584709856695 1 1334
1584709859615 1 1335
1584709861946 1 1336
1584709864221 1 1337
1584709866537 1 1338
1584709868821 1 1339
1584709871121 1 1340
1584709873461 1 1341
1584709875743 1 1342
1584709878027 1 1343
1584709880503 1 1344
1584709882753 1 1345
1584709885035 1 1346
1584709887310 1 1347
1584709889614 1 1348
1584709891937 1 1349
1584709894294 1 1350
1584709896561 1 1351
1584709898831 1 1352
1584709901125 1 1353
1584709903410 1 1354
1584709905668 1 1355
1584709907923 1 1356
1584709910243 1 1357
1584709912533 1 1358
1584709914852 1 1359
1584709917114 1 1360
1584709919404 1 1361
1584709921685 1 1362
1584709923961 1 1363
1584709926216 1 1364
1584709928528 1 1365
1584709930818 1 1366
1584709933104 1 1367
1584709935417 1 1368
1584709937740 1 1369
1584709940060 1 1370
1584709942362 1 1371
1584709944651 1 1372
1584709946986 1 1373
1584709949268 1 1374
1584709951601 1 1375
1584709954549 1 1376
1584709956842 1 1377
1584709959127 1 1378
1584709961446 1 1379
1584709963712 1 1380
1584709966022 1 1381
1584709968363 1 1382
1584709970687 1 1383
1584709972966 1 1384
1584709975358 1 1385
1584709977784 1 1386
1584709980088 1 1387
1584709982451 1 1388
1584709984753 1 1389
1584709987049 1 1390
1584709989352 1 1391
1584709991632 1 1392
1584709993904 1 1393
1584709996209 1 1394
1584709998521 1 1395
1584710000820 1 1396
1584710003116 1 1397
1584710005377 1 1398
1584710007739 1 1399
1584710010003 1 1400
1584710012452 1 1401
1584710014831 1 1402
1584710017145 1 1403
1584710019460 1 1404
1584710021720 1 1405
1584710024004 1 1406
1584710026266 1 1407
1584710028560 1 1408
1584710030809 1 1409
1584710033172 1 1410
1584710035433 1 1411
1584710037740 1 1412
1584710040046 1 1413
1584710042358 1 1414
1584710044638 1 1415
1584710046938 1 1416
1584710049239 1 1417
1584710051530 1 1418
1584710053795 1 1419
1584710056062 1 1420
1584710058337 1 1421
1584710060561 1 1422
1584710062849 1 1423
1584710065155 1 1424
1584710067469 1 1425
1584710069778 1 1426
1584710072135 1 1427
1584710074636 1 1428
1584710076889 1 1429
1584710079210 1 1430
1584710081517 1 1431
1584710083797 1 1432
1584710086082 1 1433
1584710088467 1 1434
1584710090748 1 1435
1584710093029 1 1436
1584710095330 1 1437
1584710097640 1 1438
1584710099927 1 1439
1584710102192 1 1440
1584710104537 1 1441
1584710106812 1 1442
1584710109109 1 1443
1584710111421 1 1444
1584710113719 1 1445
1584710116024 1 1446
1584710118344 1 1447
1584710120627 1 1448
1584710122921 1 1449
1584710125490 1 1450
1584710127774 1 1451
1584710130058 1 1452
1584710132406 1 1453
1584710135055 1 1454
1584710137655 1 1455
1584710140039 1 1456
1584710142473 1 1457
1584710144823 1 1458
1584710147170 1 1459
1584710149477 1 1460
1584710151800 1 1461
1584710154164 1 1462
1584710156480 1 1463
1584710158758 1 1464
1584710161042 1 1465
1584710163415 1 1466
1584710165698 1 1467
1584710167963 1 1468
1584710170443 1 1469
1584710172716 1 1470
1584710175004 1 1471
1584710177305 1 1472
1584710179611 1 1473
1584710181867 1 1474
1584710184189 1 1475
1584710186487 1 1476
1584710188769 1 1477
1584710191038 1 1478
1584710193435 1 1479
1584710195736 1 1480
1584710198011 1 1481
1584710200389 1 1482
1584710202694 1 1483
1584710205012 1 1484
1584710207320 1 1485
1584710209616 1 1486
1584710211897 1 1487
1584710214220 1 1488
1584710216534 1 1489
1584710218817 1 1490
1584710221110 1 1491
1584710223421 1 1492
1584710225720 1 1493
1584710228003 1 1494
1584710230355 1 1495
1584710232617 1 1496
1584710234917 1 1497
1584710237212 1 1498
1584710239530 1 1499
1584710241819 1 1500
1584710244200 1 1501
1584710246542 1 1502
1584710248830 1 1503
1584710251165 1 1504
1584710253504 1 1505
1584710255764 1 1506
1584710258090 1 1507
1584710260437 1 1508
1584710262737 1 1509
1584710265081 1 1510
1584710267679 1 1511
1584710270022 1 1512
1584710272359 1 1513
1584710274711 1 1514
1584710277015 1 1515
1584710279311 1 1516
1584710281642 1 1517
1584710283982 1 1518
1584710286293 1 1519
1584710288583 1 1520
1584710290851 1 1521
1584710293147 1 1522
1584710295446 1 1523
1584710297861 1 1524
1584710300180 1 1525
1584710302452 1 1526
1584710304738 1 1527
1584710307050 1 1528
1584710309377 1 1529
1584710311673 1 1530
1584710314052 1 1531
1584710316361 1 1532
1584710318679 1 1533
1584710320983 1 1534
1584710323307 1 1535
1584710325613 1 1536
1584710327938 1 1537
1584710330232 1 1538
1584710332576 1 1539
1584710334887 1 1540
1584710337179 1 1541
1584710339481 1 1542
1584710341782 1 1543
1584710344070 1 1544
1584710346366 1 1545
1584710348673 1 1546
1584710351003 1 1547
1584710353307 1 1548
1584710355606 1 1549
1584710357900 1 1550
1584710360191 1 1551
1584710362635 1 1552
1584710364984 1 1553
1584710367268 1 1554
1584710370020 1 1555
1584710372325 1 1556
1584710374734 1 1557
1584710377049 1 1558
1584710379336 1 1559
1584710381649 1 1560
1584710383987 1 1561
1584710386317 1 1562
1584710388608 1 1563
1584710390872 1 1564
1584710393189 1 1565
1584710395540 1 1566
1584710397817 1 1567
1584710400137 1 1568
1584710402455 1 1569
1584710404776 1 1570
1584710407047 1 1571
1584710409339 1 1572
1584710411652 1 1573
1584710413980 1 1574
1584710416298 1 1575
1584710418614 1 1576
1584710420900 1 1577
1584710423241 1 1578
1584710425567 1 1579
1584710427863 1 1580
1584710430139 1 1581
1584710432415 1 1582
1584710434797 1 1583
1584710437121 1 1584
1584710439400 1 1585
1584710441675 1 1586
1584710443951 1 1587
1584710446323 1 1588
1584710448628 1 1589
1584710450899 1 1590
1584710453194 1 1591
1584710455604 1 1592
1584710457906 1 1593
1584710460452 1 1594
1584710463073 1 1595
1584710465384 1 1596
1584710467699 1 1597
1584710470028 1 1598
1584710472507 1 1599
1584710474930 1 1600
1584710477334 1 1601
1584710479649 1 1602
1584710481963 1 1603
1584710484236 1 1604
1584710486547 1 1605
1584710488846 1 1606
1584710491259 1 1607
1584710493689 1 1608
1584710496008 1 1609
1584710498330 1 1610
1584710500613 1 1611
1584710502880 1 1612
1584710505178 1 1613
1584710507499 1 1614
1584710509828 1 1615
1584710512113 1 1616
1584710514451 1 1617
1584710516749 1 1618
1584710519052 1 1619
1584710521402 1 1620
1584710523704 1 1621
1584710526056 1 1622
1584710528468 1 1623
1584710530802 1 1624
1584710533092 1 1625
1584710535400 1 1626
1584710537681 1 1627
1584710539982 1 1628
1584710542259 1 1629
1584710544555 1 1630
1584710546855 1 1631
1584710549138 1 1632
1584710551503 1 1633
1584710553912 1 1634
1584710556425 1 1635
1584710558701 1 1636
1584710561003 1 1637
1584710563304 1 1638
1584710565595 1 1639
1584710567875 1 1640
1584710570172 1 1641
1584710572474 1 1642
1584710574788 1 1643
1584710577142 1 1644
1584710579430 1 1645
1584710581732 1 1646
1584710584069 1 1647
1584710586423 1 1648
1584710588694 1 1649
1584710590973 1 1650
1584710593280 1 1651
1584710595604 1 1652
1584710597891 1 1653
1584710600196 1 1654
1584710602515 1 1655
1584710604799 1 1656
1584710607099 1 1657
1584710609417 1 1658
1584710611723 1 1659
1584710614121 1 1660
1584710616492 1 1661
1584710618739 1 1662
1584710621028 1 1663
1584710623331 1 1664
1584710625649 1 1665
1584710627950 1 1666
1584710630234 1 1667
1584710632584 1 1668
1584710635233 1 1669
1584710637833 1 1670
1584710640516 1 1671
1584710642832 1 1672
1584710645160 1 1673
1584710647541 1 1674
1584710649802 1 1675
1584710652225 1 1676
1584710654627 1 1677
1584710656927 1 1678
1584710659259 1 1679
1584710661547 1 1680
1584710663817 1 1681
1584710666120 1 1682
1584710668448 1 1683
1584710670724 1 1684
1584710673068 1 1685
1584710675412 1 1686
1584710677702 1 1687
1584710679963 1 1688
1584710682289 1 1689
1584710684634 1 1690
1584710686910 1 1691
1584710689201 1 1692
1584710691780 1 1693
1584710694176 1 1694
1584710696483 1 1695
1584710698834 1 1696
1584710701180 1 1697
1584710703551 1 1698
1584710705824 1 1699
1584710708132 1 1700
1584710710565 1 1701
1584710712883 1 1702
1584710715190 1 1703
1584710717515 1 1704
1584710719809 1 1705
1584710722087 1 1706
1584710724367 1 1707
1584710726673 1 1708
1584710728995 1 1709
1584710731290 1 1710
1584710733689 1 1711
1584710736001 1 1712
1584710738321 1 1713
1584710740634 1 1714
1584710742957 1 1715
1584710745336 1 1716
1584710747730 1 1717
1584710750333 1 1718
1584710752711 1 1719
1584710755111 1 1720
1584710757443 1 1721
1584710759775 1 1722
1584710762099 1 1723
1584710764403 1 1724
1584710766720 1 1725
1584710768985 1 1726
1584710771256 1 1727
1584710773563 1 1728
1584710775921 1 1729
1584710778238 1 1730
1584710780624 1 1731
1584710782921 1 1732
1584710785196 1 1733
1584710787483 1 1734
1584710789787 1 1735
1584710792089 1 1736
1584710794437 1 1737
1584710796747 1 1738
1584710799000 1 1739
1584710801309 1 1740
1584710803611 1 1741
1584710805890 1 1742
1584710808432 1 1743
1584710810742 1 1744
1584710813038 1 1745
1584710815376 1 1746
1584710817727 1 1747
1584710820027 1 1748
1584710822351 1 1749
1584710824654 1 1750
1584710826938 1 1751
1584710829213 1 1752
1584710831500 1 1753
1584710833795 1 1754
1584710836096 1 1755
1584710838408 1 1756
1584710840765 1 1757
1584710843083 1 1758
1584710845539 1 1759
1584710848000 1 1760
1584710850366 1 1761
1584710852807 1 1762
1584710855294 1 1763
1584710857632 1 1764
1584710859941 1 1765
1584710862296 1 1766
1584710864625 1 1767
1584710866957 1 1768
1584710869265 1 1769
1584710871611 1 1770
1584710873938 1 1771
1584710876380 1 1772
1584710878730 1 1773
1584710881080 1 1774
1584710883478 1 1775
1584710885788 1 1776
1584710888136 1 1777
1584710890486 1 1778
1584710892814 1 1779
1584710895124 1 1780
1584710897469 1 1781
1584710899757 1 1782
1584710902081 1 1783
1584710904430 1 1784
1584710906823 1 1785
1584710909145 1 1786
1584710911476 1 1787
1584710913880 1 1788
1584710916245 1 1789
1584710918601 1 1790
1584710920931 1 1791
1584710923283 1 1792
1584710925618 1 1793
1584710927934 1 1794
1584710930247 1 1795
1584710932575 1 1796
1584710934866 1 1797
1584710937267 1 1798
1584710939602 1 1799
1584710942079 1 1800
1584710944776 1 1801
1584710947102 1 1802
1584710949463 1 1803
1584710951782 1 1804
1584710954090 1 1805
1584710956380 1 1806
1584710958720 1 1807
1584710960999 1 1808
1584710963320 1 1809
1584710965622 1 1810
1584710967947 1 1811
1584710970770 1 1812
1584710973163 1 1813
1584710975516 1 1814
1584710977854 1 1815
1584710980904 1 1816
1584710983238 1 1817
1584710985589 1 1818
1584710987937 1 1819
1584710990288 1 1820
1584710992575 1 1821
1584710994924 1 1822
1584710997247 1 1823
1584710999685 1 1824
1584711002041 1 1825
1584711004452 1 1826
1584711006799 1 1827
1584711009120 1 1828
1584711011490 1 1829
1584711013848 1 1830
1584711016180 1 1831
1584711018494 1 1832
1584711020812 1 1833
1584711023140 1 1834
1584711025446 1 1835
1584711027781 1 1836
1584711030102 1 1837
1584711032465 1 1838
1584711034892 1 1839
1584711037245 1 1840
1584711039797 1 1841
1584711042085 1 1842
1584711044411 1 1843
1584711046812 1 1844
1584711049142 1 1845
1584711051484 1 1846
1584711053779 1 1847
1584711056210 1 1848
1584711058513 1 1849
1584711060848 1 1850
1584711063181 1 1851
1584711065533 1 1852
1584711067817 1 1853
1584711070201 1 1854
1584711072566 1 1855
1584711074876 1 1856
1584711077173 1 1857
1584711079511 1 1858
1584711081809 1 1859
1584711084156 1 1860
1584711086440 1 1861
1584711088732 1 1862
1584711091081 1 1863
1584711093498 1 1864
1584711095843 1 1865
1584711098177 1 1866
1584711100480 1 1867
1584711102766 1 1868
1584711105069 1 1869
1584711107356 1 1870
1584711109650 1 1871
1584711111932 1 1872
1584711114219 1 1873
1584711116564 1 1874
1584711118875 1 1875
1584711121154 1 1876
1584711123459 1 1877
1584711125807 1 1878
1584711128122 1 1879
1584711130447 1 1880
1584711132733 1 1881
1584711135082 1 1882
1584711137568 1 1883
1584711139859 1 1884
1584711142149 1 1885
1584711144607 1 1886
1584711146881 1 1887
1584711149178 1 1888
1584711151484 1 1889
1584711154044 1 1890
1584711156562 1 1891
1584711159036 1 1892
1584711161345 1 1893
1584711163664 1 1894
1584711166014 1 1895
1584711168393 1 1896
1584711170681 1 1897
1584711172953 1 1898
1584711175217 1 1899
1584711177528 1 1900
1584711179946 1 1901
1584711182264 1 1902
1584711184606 1 1903
1584711186914 1 1904
1584711189212 1 1905
1584711191552 1 1906
1584711193866 1 1907
1584711196173 1 1908
1584711198587 1 1909
1584711200886 1 1910
1584711203178 1 1911
1584711205471 1 1912
1584711207755 1 1913
1584711210085 1 1914
1584711212397 1 1915
1584711214705 1 1916
1584711217020 1 1917
1584711219288 1 1918
1584711221616 1 1919
1584711223905 1 1920
1584711226171 1 1921
1584711228528 1 1922
1584711230785 1 1923
1584711233204 1 1924
1584711235517 1 1925
1584711237805 1 1926
1584711240095 1 1927
1584711242398 1 1928
1584711244733 1 1929
1584711247043 1 1930
1584711249315 1 1931
1584711251666 1 1932
1584711253942 1 1933
1584711256245 1 1934
1584711258571 1 1935
1584711260858 1 1936
1584711263146 1 1937
1584711265439 1 1938
1584711267745 1 1939
1584711270022 1 1940
1584711272307 1 1941
1584711274628 1 1942
1584711276936 1 1943
1584711279215 1 1944
1584711281508 1 1945
1584711283802 1 1946
1584711286094 1 1947
1584711288360 1 1948
1584711290674 1 1949
1584711293050 1 1950
1584711295504 1 1951
1584711297840 1 1952
1584711300203 1 1953
1584711302570 1 1954
1584711304896 1 1955
1584711307209 1 1956
1584711309539 1 1957
1584711311830 1 1958
1584711314120 1 1959
1584711316421 1 1960
1584711318696 1 1961
1584711320955 1 1962
1584711323280 1 1963
1584711325649 1 1964
1584711327952 1 1965
1584711330412 1 1966
1584711332684 1 1967
1584711334989 1 1968
1584711337287 1 1969
1584711339597 1 1970
1584711341891 1 1971
1584711344246 1 1972
1584711346626 1 1973
1584711348918 1 1974
1584711351219 1 1975
1584711353526 1 1976
1584711355855 1 1977
1584711358143 1 1978
1584711360493 1 1979
1584711362820 1 1980
1584711365101 1 1981
1584711367425 1 1982
1584711370014 1 1983
1584711372348 1 1984
1584711374673 1 1985
1584711376970 1 1986
1584711379286 1 1987
1584711381581 1 1988
1584711383878 1 1989
1584711386174 1 1990
1584711388460 1 1991
1584711390798 1 1992
1584711393115 1 1993
1584711395439 1 1994
1584711397730 1 1995
1584711400007 1 1996
1584711402317 1 1997
1584711404608 1 1998
1584711406905 1 1999
1584711409181 1 2000
