1584706748342 1 1
1584706750846 0.9995 2
1584706753314 0.9990002500000001 3
1584706755650 0.9985007498750001 4
1584706757980 0.9980014995000627 5
1584706760275 0.9975024987503127 6
1584706762787 0.9970037475009376 7
1584706765424 0.9965052456271871 8
1584706767903 0.9960069930043736 9
1584706771231 0.9955089895078715 10
1584706774292 0.9950112350131176 11
1584706777026 0.9945137293956111 12
1584706780387 0.9940164725309134 13
1584706783365 0.993519464294648 14
1584706785746 0.9930227045625007 15
1584706788265 0.9925261932102195 16
1584706790557 0.9920299301136144 17
1584706792830 0.9915339151485576 18
1584706795087 0.9910381481909833 19
1584706797363 0.990542629116888 20
1584706799608 0.9900473578023296 21
1584706801913 0.9895523341234285 22
1584706804199 0.9890575579563669 23
1584706806471 0.9885630291773887 24
1584706808718 0.9880687476628001 25
1584706811018 0.9875747132889687 26
1584706813295 0.9870809259323243 27
1584706815577 0.9865873854693582 28
1584706817849 0.9860940917766235 29
1584706820102 0.9856010447307353 30
1584706822361 0.98510824420837 31
1584706824595 0.9846156900862658 32
1584706826867 0.9841233822412228 33
1584706829131 0.9836313205501022 34
1584706831419 0.9831395048898272 35
1584706833692 0.9826479351373822 36
1584706835984 0.9821566111698136 37
1584706838208 0.9816655328642288 38
1584706840514 0.9811747000977967 39
1584706842856 0.9806841127477479 40
1584706845169 0.9801937706913741 41
1584706847436 0.9797036738060285 42
1584706849691 0.9792138219691255 43
1584706852009 0.978724215058141 44
1584706854338 0.978234852950612 45
1584706856644 0.9777457355241367 46
1584706858904 0.9772568626563747 47
1584706861209 0.9767682342250465 48
1584706863497 0.976279850107934 49
1584706865744 0.9757917101828801 50
1584706868032 0.9753038143277888 51
1584706870327 0.974816162420625 52
1584706872981 0.9743287543394147 53
1584706875293 0.973841589962245 54
1584706877775 0.973354669167264 55
1584706880039 0.9728679918326804 56
1584706882291 0.972381557836764 57
1584706884574 0.9718953670578457 58
1584706886845 0.9714094193743169 59
1584706889147 0.9709237146646298 60
1584706891437 0.9704382528072976 61
1584706893798 0.9699530336808939 62
1584706896078 0.9694680571640535 63
1584706898371 0.9689833231354715 64
1584706900627 0.9684988314739038 65
1584706902877 0.9680145820581669 66
1584706905132 0.9675305747671379 67
1584706907426 0.9670468094797544 68
1584706909713 0.9665632860750146 69
1584706911974 0.9660800044319772 70
1584706914262 0.9655969644297613 71
1584706916551 0.9651141659475465 72
1584706918793 0.9646316088645728 73
1584706921058 0.9641492930601405 74
1584706923392 0.9636672184136105 75
1584706925655 0.9631853848044037 76
1584706927958 0.9627037921120016 77
1584706930224 0.9622224402159457 78
1584706932516 0.9617413289958378 79
1584706934882 0.9612604583313399 80
1584706937161 0.9607798281021742 81
1584706939478 0.9602994381881231 82
1584706941742 0.9598192884690291 83
1584706944021 0.9593393788247946 84
1584706946292 0.9588597091353822 85
1584706948581 0.9583802792808146 86
1584706950816 0.9579010891411742 87
1584706953155 0.9574221385966036 88
1584706955469 0.9569434275273054 89
1584706957747 0.9564649558135419 90
1584706960016 0.9559867233356352 91
1584706962288 0.9555087299739674 92
1584706964550 0.9550309756089804 93
1584706966822 0.954553460121176 94
1584706969112 0.9540761833911156 95
1584706971377 0.95359914529942 96
1584706973798 0.9531223457267703 97
1584706976135 0.952645784553907 98
1584706978445 0.9521694616616301 99
1584706980719 0.9516933769307994 100
1584706983051 0.951217530242334 101
1584706985372 0.9507419214772129 102
1584706987867 0.9502665505164744 103
1584706990135 0.9497914172412162 104
1584706992416 0.9493165215325956 105
1584706994664 0.9488418632718294 106
1584706996934 0.9483674423401935 107
1584706999199 0.9478932586190235 108
1584707001437 0.9474193119897141 109
1584707003695 0.9469456023337193 110
1584707005984 0.9464721295325524 111
1584707008255 0.9459988934677862 112
1584707010513 0.9455258940210524 113
1584707012790 0.9450531310740419 114
1584707015107 0.9445806045085049 115
1584707017374 0.9441083142062507 116
1584707019655 0.9436362600491477 117
1584707022173 0.9431644419191232 118
1584707024462 0.9426928596981636 119
1584707026735 0.9422215132683146 120
1584707029017 0.9417504025116805 121
1584707031291 0.9412795273104247 122
1584707033562 0.9408088875467696 123
1584707035886 0.9403384831029963 124
1584707038178 0.9398683138614449 125
1584707040447 0.9393983797045142 126
1584707042680 0.938928680514662 127
1584707044949 0.9384592161744048 128
1584707047206 0.9379899865663176 129
1584707049464 0.9375209915730345 130
1584707051698 0.937052231077248 131
1584707053977 0.9365837049617094 132
1584707056227 0.9361154131092286 133
1584707058489 0.9356473554026741 134
1584707060767 0.9351795317249728 135
1584707063005 0.9347119419591103 136
1584707065324 0.9342445859881309 137
1584707067613 0.9337774636951368 138
1584707069957 0.9333105749632893 139
1584707072343 0.9328439196758077 140
1584707074659 0.9323774977159699 141
1584707076945 0.9319113089671119 142
1584707079240 0.9314453533126285 143
1584707081501 0.9309796306359722 144
1584707083761 0.9305141408206543 145
1584707086019 0.9300488837502441 146
1584707088280 0.9295838593083691 147
1584707090527 0.929119067378715 148
1584707092816 0.9286545078450257 149
1584707095056 0.9281901805911033 150
1584707097330 0.9277260855008077 151
1584707099589 0.9272622224580573 152
1584707102124 0.9267985913468284 153
1584707104447 0.926335192051155 154
1584707106867 0.9258720244551295 155
1584707109169 0.925409088442902 156
1584707111419 0.9249463838986807 157
1584707113716 0.9244839107067314 158
1584707116026 0.9240216687513781 159
1584707118340 0.9235596579170025 160
1584707120626 0.923097878088044 161
1584707122952 0.9226363291490001 162
1584707125234 0.9221750109844257 163
1584707127548 0.9217139234789336 164
1584707129837 0.9212530665171942 165
1584707132180 0.9207924399839357 166
1584707135043 0.9203320437639437 167
1584707137308 0.9198718777420618 168
1584707139590 0.9194119418031909 169
1584707141915 0.9189522358322894 170
1584707144223 0.9184927597143733 171
1584707146507 0.9180335133345161 172
1584707148799 0.917574496577849 173
1584707151119 0.9171157093295601 174
1584707153426 0.9166571514748953 175
1584707155646 0.916198822899158 176
1584707157886 0.9157407234877085 177
1584707160163 0.9152828531259647 178
1584707163046 0.9148252116994018 179
1584707165394 0.9143677990935521 180
1584707167911 0.9139106151940054 181
1584707170361 0.9134536598864085 182
1584707172623 0.9129969330564653 183
1584707174908 0.9125404345899372 184
1584707177158 0.9120841643726423 185
1584707179464 0.911628122290456 186
1584707182035 0.9111723082293108 187
1584707184439 0.9107167220751963 188
1584707186794 0.9102613637141588 189
1584707189286 0.9098062330323018 190
1584707191712 0.9093513299157857 191
1584707194729 0.9088966542508279 192
1584707196988 0.9084422059237025 193
1584707199336 0.9079879848207407 194
1584707201599 0.9075339908283304 195
1584707203882 0.9070802238329163 196
1584707206169 0.9066266837209999 197
1584707208411 0.9061733703791394 198
1584707210671 0.9057202836939499 199
1584707212978 0.9052674235521029 200
1584707215337 0.9048147898403269 201
1584707217588 0.9043623824454068 202
1584707219868 0.9039102012541841 203
1584707222133 0.9034582461535571 204
1584707224446 0.9030065170304803 205
1584707226692 0.9025550137719651 206
1584707229021 0.9021037362650792 207
1584707231295 0.9016526843969468 208
1584707233599 0.9012018580547484 209
1584707235853 0.900751257125721 210
1584707238107 0.9003008814971583 211
1584707240364 0.8998507310564098 212
1584707242664 0.8994008056908817 213
1584707244911 0.8989511052880362 214
1584707247169 0.8985016297353923 215
1584707249492 0.8980523789205246 216
1584707251736 0.8976033527310644 217
1584707254014 0.8971545510546989 218
1584707256298 0.8967059737791716 219
1584707258579 0.8962576207922821 220
1584707260822 0.895809491981886 221
1584707263222 0.8953615872358951 222
1584707265652 0.8949139064422772 223
1584707267917 0.8944664494890561 224
1584707270165 0.8940192162643116 225
1584707272392 0.8935722066561794 226
1584707274685 0.8931254205528514 227
1584707276912 0.8926788578425751 228
1584707279155 0.8922325184136538 229
1584707281453 0.891786402154447 230
1584707283729 0.8913405089533699 231
1584707286000 0.8908948386988933 232
1584707288490 0.8904493912795439 233
1584707290745 0.8900041665839042 234
1584707293022 0.8895591645006123 235
1584707295339 0.889114384918362 236
1584707297603 0.8886698277259029 237
1584707299866 0.88822549281204 238
1584707302106 0.887781380065634 239
1584707304390 0.8873374893756012 240
1584707306649 0.8868938206309135 241
1584707308964 0.8864503737205981 242
1584707311216 0.8860071485337379 243
1584707313589 0.885564144959471 244
1584707315846 0.8851213628869913 245
1584707318089 0.8846788022055478 246
1584707320359 0.8842364628044451 247
1584707322612 0.883794344573043 248
1584707324907 0.8833524474007565 249
1584707327152 0.8829107711770562 250
1584707329423 0.8824693157914677 251
1584707331681 0.882028081133572 252
1584707333952 0.8815870670930053 253
1584707336220 0.8811462735594588 254
1584707338484 0.8807057004226791 255
1584707340733 0.8802653475724679 256
1584707342999 0.8798252148986817 257
1584707345280 0.8793853022912325 258
1584707347534 0.8789456096400869 259
1584707349785 0.8785061368352669 260
1584707352027 0.8780668837668493 261
1584707354289 0.8776278503249659 262
1584707356604 0.8771890363998035 263
1584707358850 0.8767504418816037 264
1584707361302 0.876312066660663 265
1584707363556 0.8758739106273327 266
1584707365807 0.8754359736720191 267
1584707368098 0.8749982556851831 268
1584707370348 0.8745607565573406 269
1584707372635 0.8741234761790619 270
1584707374983 0.8736864144409725 271
1584707377261 0.873249571233752 272
1584707379525 0.8728129464481352 273
1584707381775 0.8723765399749112 274
1584707384073 0.8719403517049238 275
1584707386343 0.8715043815290714 276
1584707388566 0.8710686293383069 277
1584707390824 0.8706330950236377 278
1584707393133 0.870197778476126 279
1584707395400 0.869762679586888 280
1584707397655 0.8693277982470946 281
1584707399960 0.8688931343479711 282
1584707402253 0.8684586877807972 283
1584707404565 0.8680244584369068 284
1584707406815 0.8675904462076884 285
1584707409068 0.8671566509845846 286
1584707411341 0.8667230726590923 287
1584707413594 0.8662897111227629 288
1584707415880 0.8658565662672015 289
1584707418180 0.865423637984068 290
1584707420453 0.864990926165076 291
1584707422792 0.8645584307019936 292
1584707425035 0.8641261514866426 293
1584707427310 0.8636940884108993 294
1584707429579 0.8632622413666939 295
1584707431848 0.8628306102460106 296
1584707434597 0.8623991949408877 297
1584707436855 0.8619679953434173 298
1584707439106 0.8615370113457457 299
1584707441402 0.8611062428400729 300
1584707443784 0.8606756897186528 301
1584707446130 0.8602453518737936 302
1584707448579 0.8598152291978567 303
1584707450866 0.8593853215832578 304
1584707453252 0.8589556289224661 305
1584707455529 0.8585261511080049 306
1584707457968 0.858096888032451 307
1584707460250 0.8576678395884348 308
1584707462522 0.8572390056686406 309
1584707464801 0.8568103861658064 310
1584707467067 0.8563819809727236 311
1584707469329 0.8559537899822373 312
1584707471573 0.8555258130872462 313
1584707473866 0.8550980501807026 314
1584707476135 0.8546705011556123 315
1584707478389 0.8542431659050345 316
1584707480651 0.853816044322082 317
1584707482924 0.8533891362999211 318
1584707485174 0.8529624417317712 319
1584707487470 0.8525359605109053 320
1584707489763 0.8521096925306499 321
1584707492036 0.8516836376843847 322
1584707494399 0.8512577958655425 323
1584707496670 0.8508321669676098 324
1584707498926 0.850406750884126 325
1584707501173 0.8499815475086839 326
1584707503448 0.8495565567349297 327
1584707505698 0.8491317784565623 328
1584707507969 0.8487072125673341 329
1584707510200 0.8482828589610505 330
1584707512451 0.84785871753157 331
1584707514715 0.8474347881728043 332
1584707516972 0.847011070778718 333
1584707519281 0.8465875652433287 334
1584707521527 0.846164271460707 335
1584707523783 0.8457411893249768 336
1584707526040 0.8453183187303144 337
1584707528303 0.8448956595709493 338
1584707530529 0.8444732117411639 339
1584707532798 0.8440509751352934 340
1584707535230 0.8436289496477257 341
1584707537519 0.8432071351729019 342
1584707539794 0.8427855316053156 343
1584707542082 0.8423641388395129 344
1584707544601 0.8419429567700932 345
1584707547055 0.8415219852917082 346
1584707549484 0.8411012242990624 347
1584707551729 0.8406806736869129 348
1584707554282 0.8402603333500694 349
1584707556537 0.8398402031833945 350
1584707558773 0.8394202830818028 351
1584707561067 0.839000572940262 352
1584707563336 0.8385810726537919 353
1584707565609 0.8381617821174651 354
1584707567870 0.8377427012264064 355
1584707570133 0.8373238298757932 356
1584707572389 0.8369051679608553 357
1584707574645 0.8364867153768749 358
1584707576899 0.8360684720191865 359
1584707579170 0.835650437783177 360
1584707581460 0.8352326125642855 361
1584707583734 0.8348149962580034 362
1584707586076 0.8343975887598745 363
1584707588354 0.8339803899654946 364
1584707590600 0.833563399770512 365
1584707592859 0.8331466180706267 366
1584707595133 0.8327300447615915 367
1584707597378 0.8323136797392108 368
1584707600084 0.8318975228993413 369
1584707602460 0.8314815741378917 370
1584707604922 0.8310658333508228 371
1584707607295 0.8306503004341474 372
1584707609987 0.8302349752839304 373
1584707612338 0.8298198577962885 374
1584707615352 0.8294049478673904 375
1584707617597 0.8289902453934568 376
1584707619872 0.8285757502707601 377
1584707622134 0.8281614623956248 378
1584707624425 0.8277473816644271 379
1584707626687 0.827333507973595 380
1584707628945 0.8269198412196082 381
1584707631207 0.8265063812989984 382
1584707634393 0.826093128108349 383
1584707636754 0.8256800815442948 384
1584707639138 0.8252672415035227 385
1584707641788 0.824854607882771 386
1584707644259 0.8244421805788297 387
1584707646571 0.8240299594885403 388
1584707648839 0.8236179445087961 389
1584707651295 0.8232061355365418 390
1584707653567 0.8227945324687735 391
1584707655810 0.8223831352025393 392
1584707658069 0.821971943634938 393
1584707660371 0.8215609576631205 394
1584707662646 0.8211501771842891 395
1584707664922 0.820739602095697 396
1584707667158 0.8203292322946492 397
1584707669431 0.8199190676785019 398
1584707671724 0.8195091081446627 399
1584707673989 0.8190993535905904 400
1584707676328 0.8186898039137951 401
1584707678585 0.8182804590118382 402
1584707680893 0.8178713187823323 403
1584707683152 0.8174623831229412 404
1584707685429 0.8170536519313798 405
1584707687721 0.8166451251054142 406
1584707689966 0.8162368025428616 407
1584707692257 0.8158286841415902 408
1584707694526 0.8154207697995194 409
1584707696819 0.8150130594146197 410
1584707699082 0.8146055528849124 411
1584707701332 0.81419825010847 412
1584707703604 0.8137911509834158 413
1584707705903 0.8133842554079241 414
1584707708144 0.8129775632802202 415
1584707710410 0.8125710744985801 416
1584707712727 0.8121647889613309 417
1584707715000 0.8117587065668503 418
1584707717329 0.8113528272135669 419
1584707719583 0.8109471507999602 420
1584707721864 0.8105416772245603 421
1584707724111 0.8101364063859481 422
1584707726376 0.8097313381827551 423
1584707728651 0.8093264725136637 424
1584707730900 0.808921809277407 425
1584707733225 0.8085173483727683 426
1584707735525 0.808113089698582 427
1584707737803 0.8077090331537328 428
1584707740660 0.8073051786371559 429
1584707743219 0.8069015260478374 430
1584707745902 0.8064980752848135 431
1584707748756 0.8060948262471712 432
1584707751147 0.8056917788340476 433
1584707753841 0.8052889329446307 434
1584707756244 0.8048862884781584 435
1584707758684 0.8044838453339194 436
1584707761049 0.8040816034112525 437
1584707763476 0.8036795626095469 438
1584707765872 0.8032777228282422 439
1584707768224 0.8028760839668281 440
1584707770515 0.8024746459248447 441
1584707772776 0.8020734086018824 442
1584707775042 0.8016723718975814 443
1584707777351 0.8012715357116327 444
1584707779696 0.8008708999437769 445
1584707781941 0.8004704644938051 446
1584707784250 0.8000702292615582 447
1584707786532 0.7996701941469275 448
1584707788778 0.7992703590498541 449
1584707791054 0.7988707238703292 450
1584707793392 0.7984712885083941 451
1584707795751 0.79807205286414 452
1584707798078 0.797673016837708 453
1584707800468 0.7972741803292892 454
1584707802750 0.7968755432391246 455
1584707805036 0.796477105467505 456
1584707807351 0.7960788669147714 457
1584707809918 0.7956808274813141 458
1584707812224 0.7952829870675735 459
1584707814588 0.7948853455740398 460
1584707816879 0.7944879029012528 461
1584707819164 0.7940906589498022 462
1584707821519 0.7936936136203274 463
1584707823886 0.7932967668135174 464
1584707826255 0.7929001184301107 465
1584707828576 0.7925036683708957 466
1584707830841 0.7921074165367102 467
1584707833256 0.7917113628284419 468
1584707835539 0.7913155071470277 469
1584707837802 0.7909198493934543 470
1584707840233 0.7905243894687576 471
1584707842582 0.7901291272740233 472
1584707845685 0.7897340627103864 473
1584707848045 0.7893391956790312 474
1584707850357 0.7889445260811917 475
1584707852710 0.7885500538181511 476
1584707855080 0.7881557787912421 477
1584707857369 0.7877617009018465 478
1584707859642 0.7873678200513956 479
1584707861943 0.7869741361413699 480
1584707864264 0.7865806490732993 481
1584707866554 0.7861873587487627 482
1584707868807 0.7857942650693883 483
1584707871079 0.7854013679368537 484
1584707873364 0.7850086672528853 485
1584707875660 0.784616162919259 486
1584707877908 0.7842238548377993 487
1584707880180 0.7838317429103805 488
1584707882492 0.7834398270389253 489
1584707884781 0.783048107125406 490
1584707887051 0.7826565830718433 491
1584707889354 0.7822652547803074 492
1584707891708 0.7818741221529173 493
1584707893988 0.7814831850918409 494
1584707896317 0.781092443499295 495
1584707898603 0.7807018972775454 496
1584707900870 0.7803115463289066 497
1584707903151 0.7799213905557423 498
1584707905510 0.7795314298604644 499
1584707907781 0.7791416641455342 500
1584707910121 0.7787520933134615 501
1584707912554 0.7783627172668048 502
1584707914893 0.7779735359081715 503
1584707917182 0.7775845491402175 504
1584707919491 0.7771957568656473 505
1584707921797 0.7768071589872145 506
1584707924071 0.776418755407721 507
1584707926346 0.7760305460300172 508
1584707928634 0.7756425307570022 509
1584707930871 0.7752547094916237 510
1584707933195 0.7748670821368779 511
1584707935527 0.7744796485958095 512
1584707937792 0.7740924087715116 513
1584707940056 0.773705362567126 514
1584707942555 0.7733185098858425 515
1584707944814 0.7729318506308996 516
1584707947074 0.7725453847055842 517
1584707949331 0.7721591120132315 518
1584707951595 0.771773032457225 519
1584707953853 0.7713871459409963 520
1584707956123 0.7710014523680259 521
1584707958408 0.7706159516418419 522
1584707960692 0.770230643666021 523
1584707962978 0.7698455283441881 524
1584707965248 0.769460605580016 525
1584707967571 0.7690758752772261 526
1584707969847 0.7686913373395875 527
1584707972203 0.7683069916709178 528
1584707975038 0.7679228381750823 529
1584707977371 0.7675388767559949 530
1584707979657 0.7671551073176169 531
1584707981968 0.7667715297639581 532
1584707984209 0.7663881439990762 533
1584707986460 0.7660049499270767 534
1584707988746 0.7656219474521132 535
1584707991157 0.7652391364783871 536
1584707993425 0.764856516910148 537
1584707995696 0.764474088651693 538
1584707997997 0.7640918516073671 539
1584708000246 0.7637098056815635 540
1584708002597 0.7633279507787228 541
1584708004885 0.7629462868033335 542
1584708007180 0.7625648136599319 543
1584708009505 0.762183531253102 544
1584708011823 0.7618024394874755 545
1584708014122 0.7614215382677318 546
1584708016421 0.761040827498598 547
1584708018672 0.7606603070848488 548
1584708020931 0.7602799769313064 549
1584708023234 0.7598998369428408 550
1584708025588 0.7595198870243695 551
1584708027894 0.7591401270808573 552
1584708030168 0.7587605570173169 553
1584708032519 0.7583811767388083 554
1584708035161 0.758001986150439 555
1584708038008 0.7576229851573638 556
1584708040390 0.7572441736647851 557
1584708042895 0.7568655515779528 558
1584708045266 0.7564871188021638 559
1584708047584 0.7561088752427627 560
1584708049865 0.7557308208051414 561
1584708052190 0.7553529553947389 562
1584708055421 0.7549752789170415 563
1584708057824 0.7545977912775831 564
1584708060227 0.7542204923819443 565
1584708062528 0.7538433821357534 566
1584708064814 0.7534664604446856 567
1584708067096 0.7530897272144633 568
1584708069421 0.7527131823508562 569
1584708071689 0.7523368257596807 570
1584708073990 0.751960657346801 571
1584708076250 0.7515846770181276 572
1584708078527 0.7512088846796185 573
1584708080781 0.7508332802372788 574
1584708083046 0.7504578635971602 575
1584708085296 0.7500826346653616 576
1584708087579 0.7497075933480289 577
1584708089841 0.7493327395513549 578
1584708092127 0.7489580731815793 579
1584708094469 0.7485835941449885 580
1584708096727 0.748209302347916 581
1584708099035 0.7478351976967421 582
1584708101307 0.7474612800978938 583
1584708103614 0.747087549457845 584
1584708105895 0.7467140056831161 585
1584708108154 0.7463406486802746 586
1584708110435 0.7459674783559345 587
1584708112717 0.7455944946167565 588
1584708115010 0.7452216973694482 589
1584708117308 0.7448490865207635 590
1584708119586 0.7444766619775032 591
1584708121858 0.7441044236465144 592
1584708124150 0.7437323714346912 593
1584708126457 0.7433605052489739 594
1584708128810 0.7429888249963494 595
1584708131103 0.7426173305838513 596
1584708133400 0.7422460219185594 597
1584708135896 0.7418748989076002 598
1584708138176 0.7415039614581465 599
1584708140493 0.7411332094774175 600
1584708142850 0.7407626428726788 601
1584708145142 0.7403922615512425 602
1584708147399 0.7400220654204669 603
1584708149672 0.7396520543877567 604
1584708151943 0.7392822283605629 605
1584708154305 0.7389125872463826 606
1584708156558 0.7385431309527595 607
1584708158832 0.7381738593872831 608
1584708161112 0.7378047724575895 609
1584708163372 0.7374358700713607 610
1584708165656 0.737067152136325 611
1584708167908 0.7366986185602569 612
1584708170187 0.7363302692509768 613
1584708172496 0.7359621041163513 614
1584708174800 0.7355941230642932 615
1584708177089 0.735226326002761 616
1584708179366 0.7348587128397597 617
1584708181631 0.7344912834833398 618
1584708183943 0.7341240378415982 619
1584708186236 0.7337569758226774 620
1584708188525 0.7333900973347661 621
1584708190809 0.7330234022860987 622
1584708193110 0.7326568905849558 623
1584708195461 0.7322905621396634 624
1584708197718 0.7319244168585936 625
1584708200054 0.7315584546501643 626
1584708202729 0.7311926754228393 627
1584708205038 0.7308270790851279 628
1584708207393 0.7304616655455853 629
1584708209651 0.7300964347128126 630
1584708211921 0.7297313864954562 631
1584708214312 0.7293665208022085 632
1584708216629 0.7290018375418075 633
1584708218906 0.7286373366230366 634
1584708221197 0.7282730179547252 635
1584708223496 0.7279088814457478 636
1584708225791 0.727544927005025 637
1584708228051 0.7271811545415225 638
1584708230358 0.7268175639642518 639
1584708232842 0.7264541551822697 640
1584708235157 0.7260909281046787 641
1584708237450 0.7257278826406264 642
1584708239718 0.7253650186993061 643
1584708241991 0.7250023361899566 644
1584708244261 0.7246398350218617 645
1584708246577 0.7242775151043508 646
1584708248835 0.7239153763467987 647
1584708251131 0.7235534186586253 648
1584708253416 0.7231916419492961 649
1584708255730 0.7228300461283215 650
1584708258386 0.7224686311052574 651
1584708260656 0.7221073967897048 652
1584708263014 0.72174634309131 653
1584708265372 0.7213854699197644 654
1584708267644 0.7210247771848045 655
1584708269930 0.7206642647962122 656
1584708272212 0.7203039326638141 657
1584708274601 0.7199437806974822 658
1584708276881 0.7195838088071335 659
1584708279143 0.71922401690273 660
1584708281421 0.7188644048942786 661
1584708283694 0.7185049726918316 662
1584708286000 0.7181457202054857 663
1584708288315 0.717786647345383 664
1584708290595 0.7174277540217103 665
1584708292990 0.7170690401446995 666
1584708295254 0.7167105056246272 667
1584708297629 0.716352150371815 668
1584708299972 0.7159939742966291 669
1584708302326 0.7156359773094809 670
1584708304763 0.7152781593208262 671
1584708307363 0.7149205202411658 672
1584708309631 0.7145630599810453 673
1584708311954 0.7142057784510548 674
1584708314275 0.7138486755618293 675
1584708316834 0.7134917512240484 676
1584708319386 0.7131350053484364 677
1584708321793 0.7127784378457622 678
1584708324399 0.7124220486268393 679
1584708326738 0.712065837602526 680
1584708329228 0.7117098046837247 681
1584708331544 0.7113539497813829 682
1584708333889 0.7109982728064922 683
1584708336194 0.710642773670089 684
1584708339278 0.710287452283254 685
1584708341686 0.7099323085571124 686
1584708344186 0.7095773424028339 687
1584708346606 0.7092225537316325 688
1584708349272 0.7088679424547667 689
1584708352040 0.7085135084835393 690
1584708354543 0.7081592517292976 691
1584708357442 0.707805172103433 692
1584708360158 0.7074512695173812 693
1584708363110 0.7070975438826226 694
1584708365540 0.7067439951106813 695
1584708367939 0.7063906231131261 696
1584708370259 0.7060374278015695 697
1584708372571 0.7056844090876688 698
1584708374879 0.705331566883125 699
1584708377194 0.7049789010996835 700
1584708379585 0.7046264116491338 701
1584708382356 0.7042740984433092 702
1584708385334 0.7039219613940876 703
1584708387768 0.7035700004133906 704
1584708390841 0.703218215413184 705
1584708393373 0.7028666063054774 706
1584708396819 0.7025151730023247 707
1584708399144 0.7021639154158236 708
1584708401473 0.7018128334581157 709
1584708403782 0.7014619270413868 710
1584708406079 0.7011111960778661 711
1584708408383 0.7007606404798272 712
1584708410746 0.7004102601595873 713
1584708413095 0.7000600550295075 714
1584708415450 0.6997100250019928 715
1584708417758 0.6993601699894918 716
1584708420075 0.6990104899044971 717
1584708422381 0.6986609846595448 718
1584708424863 0.6983116541672151 719
1584708427178 0.6979624983401315 720
1584708429487 0.6976135170909614 721
1584708431799 0.697264710332416 722
1584708434144 0.6969160779772499 723
1584708436469 0.6965676199382612 724
1584708438768 0.6962193361282921 725
1584708441054 0.695871226460228 726
1584708443957 0.6955232908469979 727
1584708447599 0.6951755292015744 728
1584708450069 0.6948279414369737 729
1584708452547 0.6944805274662552 730
1584708455022 0.6941332872025221 731
1584708457363 0.6937862205589209 732
1584708459829 0.6934393274486415 733
1584708463091 0.6930926077849172 734
1584708466770 0.6927460614810248 735
1584708469574 0.6923996884502843 736
1584708472635 0.6920534886060592 737
1584708474997 0.6917074618617562 738
1584708477384 0.6913616081308254 739
1584708479772 0.69101592732676 740
1584708482109 0.6906704193630966 741
1584708484398 0.6903250841534151 742
1584708486798 0.6899799216113385 743
1584708489156 0.6896349316505328 744
1584708491491 0.6892901141847075 745
1584708493798 0.6889454691276152 746
1584708496150 0.6886009963930515 747
1584708498487 0.688256695894855 748
1584708500792 0.6879125675469077 749
1584708503128 0.6875686112631343 750
1584708505483 0.6872248269575028 751
1584708508052 0.6868812145440241 752
1584708510378 0.6865377739367521 753
1584708512719 0.6861945050497837 754
1584708515047 0.6858514077972588 755
1584708517460 0.6855084820933602 756
1584708519724 0.6851657278523136 757
1584708522223 0.6848231449883875 758
1584708524544 0.6844807334158933 759
1584708526850 0.6841384930491854 760
1584708529146 0.6837964238026608 761
1584708531435 0.6834545255907595 762
1584708533750 0.6831127983279641 763
1584708536043 0.6827712419288002 764
1584708538350 0.6824298563078359 765
1584708540634 0.6820886413796821 766
1584708542953 0.6817475970589922 767
1584708545253 0.6814067232604628 768
1584708547520 0.6810660198988326 769
1584708549798 0.6807254868888832 770
1584708552100 0.6803851241454388 771
1584708554418 0.6800449315833662 772
1584708556685 0.6797049091175745 773
1584708558968 0.6793650566630158 774
1584708561249 0.6790253741346843 775
1584708563551 0.678685861447617 776
1584708565846 0.6783465185168932 777
1584708568154 0.6780073452576348 778
1584708570501 0.6776683415850061 779
1584708573039 0.6773295074142136 780
1584708575379 0.6769908426605066 781
1584708577720 0.6766523472391763 782
1584708580050 0.6763140210655568 783
1584708582389 0.6759758640550241 784
1584708584674 0.6756378761229966 785
1584708586990 0.6753000571849351 786
1584708589310 0.6749624071563427 787
1584708591581 0.6746249259527646 788
1584708593938 0.6742876134897883 789
1584708596240 0.6739504696830434 790
1584708598567 0.673613494448202 791
1584708600841 0.6732766877009779 792
1584708603157 0.6729400493571275 793
1584708605454 0.672603579332449 794
1584708607794 0.6722672775427828 795
1584708610055 0.6719311439040114 796
1584708612404 0.6715951783320595 797
1584708614719 0.6712593807428935 798
1584708616993 0.6709237510525221 799
1584708619429 0.6705882891769959 800
1584708621926 0.6702529950324074 801
1584708624263 0.6699178685348912 802
1584708626879 0.6695829096006238 803
1584708629310 0.6692481181458235 804
1584708631709 0.6689134940867506 805
1584708634124 0.6685790373397072 806
1584708636413 0.6682447478210375 807
1584708638673 0.667910625447127 808
1584708641025 0.6675766701344035 809
1584708643401 0.6672428817993363 810
1584708645695 0.6669092603584367 811
1584708647972 0.6665758057282575 812
1584708650320 0.6662425178253933 813
1584708652684 0.6659093965664807 814
1584708655019 0.6655764418681975 815
1584708657288 0.6652436536472635 816
1584708659564 0.6649110318204399 817
1584708661835 0.6645785763045297 818
1584708664155 0.6642462870163774 819
1584708666449 0.6639141638728693 820
1584708668724 0.6635822067909328 821
1584708670997 0.6632504156875374 822
1584708673281 0.6629187904796937 823
1584708675603 0.6625873310844539 824
1584708677886 0.6622560374189117 825
1584708680211 0.6619249094002023 826
1584708682475 0.6615939469455022 827
1584708684751 0.6612631499720295 828
1584708687038 0.6609325183970435 829
1584708689386 0.660602052137845 830
1584708691674 0.660271751111776 831
1584708694048 0.6599416152362202 832
1584708696334 0.6596116444286021 833
1584708698624 0.6592818386063878 834
1584708700881 0.6589521976870846 835
1584708703153 0.6586227215882411 836
1584708705444 0.658293410227447 837
1584708707722 0.6579642635223334 838
1584708710051 0.6576352813905723 839
1584708712347 0.657306463749877 840
1584708714764 0.6569778105180021 841
1584708717045 0.6566493216127431 842
1584708719369 0.6563209969519368 843
1584708721686 0.6559928364534608 844
1584708724001 0.6556648400352342 845
1584708726296 0.6553370076152166 846
1584708728564 0.655009339111409 847
1584708730836 0.6546818344418533 848
1584708733117 0.6543544935246325 849
1584708735382 0.6540273162778703 850
1584708737648 0.6537003026197313 851
1584708739949 0.6533734524684215 852
1584708742241 0.6530467657421873 853
1584708744578 0.6527202423593162 854
1584708746898 0.6523938822381367 855
1584708749172 0.6520676852970176 856
1584708751474 0.6517416514543691 857
1584708753913 0.651415780628642 858
1584708756207 0.6510900727383278 859
1584708758501 0.6507645277019586 860
1584708760798 0.6504391454381077 861
1584708763072 0.6501139258653886 862
1584708765354 0.649788868902456 863
1584708767633 0.6494639744680049 864
1584708769925 0.6491392424807709 865
1584708772168 0.6488146728595305 866
1584708774484 0.6484902655231009 867
1584708776872 0.6481660203903393 868
1584708779162 0.6478419373801442 869
1584708781449 0.6475180164114541 870
1584708783775 0.6471942574032484 871
1584708786049 0.6468706602745469 872
1584708788350 0.6465472249444096 873
1584708790609 0.6462239513319374 874
1584708792879 0.6459008393562715 875
1584708795143 0.6455778889365934 876
1584708797433 0.6452550999921252 877
1584708799712 0.6449324724421291 878
1584708802033 0.6446100062059081 879
1584708804306 0.6442877012028052 880
1584708806616 0.6439655573522038 881
1584708808865 0.6436435745735278 882
1584708811356 0.6433217527862412 883
1584708813733 0.6430000919098481 884
1584708815993 0.6426785918638932 885
1584708818249 0.6423572525679613 886
1584708820514 0.6420360739416774 887
1584708822817 0.6417150559047066 888
1584708825105 0.6413941983767543 889
1584708827408 0.6410735012775659 890
1584708829900 0.6407529645269272 891
1584708832195 0.6404325880446637 892
1584708834503 0.6401123717506414 893
1584708836822 0.6397923155647661 894
1584708839095 0.6394724194069837 895
1584708841450 0.6391526831972802 896
1584708843723 0.6388331068556816 897
1584708845974 0.6385136903022538 898
1584708848223 0.6381944334571027 899
1584708850536 0.6378753362403742 900
1584708852895 0.637556398572254 901
1584708855196 0.6372376203729679 902
1584708857506 0.6369190015627815 903
1584708859757 0.6366005420620001 904
1584708862051 0.6362822417909691 905
1584708864331 0.6359641006700737 906
1584708866619 0.6356461186197387 907
1584708868893 0.6353282955604289 908
1584708871196 0.6350106314126487 909
1584708874085 0.6346931260969424 910
1584708876355 0.634375779533894 911
1584708878655 0.6340585916441271 912
1584708880928 0.6337415623483051 913
1584708883942 0.633424691567131 914
1584708886250 0.6331079792213474 915
1584708888543 0.6327914252317368 916
1584708890817 0.6324750295191209 917
1584708893182 0.6321587920043614 918
1584708895527 0.6318427126083592 919
1584708897803 0.6315267912520551 920
1584708900068 0.6312110278564291 921
1584708902424 0.630895422342501 922
1584708904704 0.6305799746313298 923
1584708907010 0.6302646846440141 924
1584708909439 0.6299495523016921 925
1584708911703 0.6296345775255413 926
1584708913971 0.6293197602367786 927
1584708916280 0.6290051003566602 928
1584708918571 0.628690597806482 929
1584708920845 0.6283762525075788 930
1584708923144 0.6280620643813251 931
1584708925427 0.6277480333491344 932
1584708927717 0.6274341593324599 933
1584708929999 0.6271204422527937 934
1584708932279 0.6268068820316673 935
1584708934720 0.6264934785906515 936
1584708937025 0.6261802318513562 937
1584708939412 0.6258671417354306 938
1584708941667 0.6255542081645629 939
1584708943997 0.6252414310604806 940
1584708946322 0.6249288103449504 941
1584708948625 0.624616345939778 942
1584708950891 0.6243040377668081 943
1584708953211 0.6239918857479247 944
1584708955505 0.6236798898050508 945
1584708957750 0.6233680498601484 946
1584708960011 0.6230563658352183 947
1584708962264 0.6227448376523007 948
1584708964572 0.6224334652334746 949
1584708966828 0.622122248500858 950
1584708969146 0.6218111873766076 951
1584708971440 0.6215002817829193 952
1584708973731 0.6211895316420278 953
1584708976024 0.6208789368762069 954
1584708978334 0.6205684974077688 955
1584708980601 0.6202582131590649 956
1584708982858 0.6199480840524855 957
1584708985171 0.6196381100104592 958
1584708987461 0.619328290955454 959
1584708989760 0.6190186268099763 960
1584708992033 0.6187091174965714 961
1584708994394 0.6183997629378232 962
1584708996654 0.6180905630563543 963
1584708998969 0.6177815177748261 964
1584709001244 0.6174726270159387 965
1584709003628 0.6171638907024308 966
1584709006073 0.6168553087570796 967
1584709008342 0.6165468811027011 968
1584709010610 0.6162386076621498 969
1584709012885 0.6159304883583188 970
1584709015167 0.6156225231141397 971
1584709017443 0.6153147118525827 972
1584709019708 0.6150070544966564 973
1584709022014 0.6146995509694081 974
1584709024293 0.6143922011939235 975
1584709026570 0.6140850050933265 976
1584709028838 0.6137779625907799 977
1584709031094 0.6134710736094845 978
1584709033398 0.6131643380726798 979
1584709035742 0.6128577559036434 980
1584709037996 0.6125513270256917 981
1584709040257 0.6122450513621789 982
1584709042534 0.6119389288364978 983
1584709044840 0.6116329593720796 984
1584709047192 0.6113271428923936 985
1584709049490 0.6110214793209475 986
1584709051880 0.6107159685812871 987
1584709054409 0.6104106105969964 988
1584709056676 0.610105405291698 989
1584709058930 0.6098003525890522 990
1584709061225 0.6094954524127577 991
1584709063509 0.6091907046865513 992
1584709065847 0.6088861093342081 993
1584709068113 0.608581666279541 994
1584709070381 0.6082773754464013 995
1584709072689 0.6079732367586781 996
1584709074991 0.6076692501402988 997
1584709077269 0.6073654155152287 998
1584709079524 0.6070617328074711 999
1584709081825 0.6067582019410674 1000
1584709084243 0.606454822840097 1001
1584709086496 0.606151595428677 1002
1584709088763 0.6058485196309628 1003
1584709091055 0.6055455953711473 1004
1584709093366 0.6052428225734617 1005
1584709095686 0.6049402011621751 1006
1584709097943 0.604637731061594 1007
1584709100328 0.6043354121960632 1008
1584709102751 0.6040332444899652 1009
1584709105030 0.6037312278677203 1010
1584709107535 0.6034293622537864 1011
1584709109838 0.6031276475726596 1012
1584709112159 0.6028260837488733 1013
1584709114567 0.6025246707069989 1014
1584709117088 0.6022234083716455 1015
1584709119563 0.6019222966674597 1016
1584709122138 0.601621335519126 1017
1584709124430 0.6013205248513664 1018
1584709126714 0.6010198645889407 1019
1584709128988 0.6007193546566463 1020
1584709131314 0.6004189949793179 1021
1584709133672 0.6001187854818283 1022
1584709135966 0.5998187260890874 1023
1584709138274 0.5995188167260429 1024
1584709140539 0.5992190573176799 1025
1584709142825 0.5989194477890211 1026
1584709145103 0.5986199880651266 1027
1584709147385 0.5983206780710941 1028
1584709149668 0.5980215177320586 1029
1584709151959 0.5977225069731926 1030
1584709154264 0.5974236457197061 1031
1584709156543 0.5971249338968463 1032
1584709158819 0.5968263714298979 1033
1584709161110 0.596527958244183 1034
1584709163449 0.596229694265061 1035
1584709165713 0.5959315794179285 1036
1584709167980 0.5956336136282195 1037
1584709170254 0.5953357968214055 1038
1584709172580 0.5950381289229948 1039
1584709174868 0.5947406098585333 1040
1584709177153 0.594443239553604 1041
1584709179406 0.5941460179338273 1042
1584709181681 0.5938489449248604 1043
1584709183943 0.593552020452398 1044
1584709186247 0.5932552444421718 1045
1584709188464 0.5929586168199508 1046
1584709190674 0.5926621375115408 1047
1584709192932 0.5923658064427851 1048
1584709195254 0.5920696235395638 1049
1584709197540 0.5917735887277941 1050
1584709199789 0.5914777019334302 1051
1584709202147 0.5911819630824635 1052
1584709204562 0.5908863721009223 1053
1584709206827 0.5905909289148719 1054
1584709209110 0.5902956334504145 1055
1584709211414 0.5900004856336893 1056
1584709213673 0.5897054853908725 1057
1584709215939 0.5894106326481772 1058
1584709218247 0.5891159273318531 1059
1584709220530 0.5888213693681873 1060
1584709222787 0.5885269586835032 1061
1584709225122 0.5882326952041615 1062
1584709227480 0.5879385788565595 1063
1584709229785 0.5876446095671313 1064
1584709232069 0.5873507872623477 1065
1584709235111 0.5870571118687166 1066
1584709237404 0.5867635833127822 1067
1584709239690 0.5864702015211258 1068
1584709241973 0.5861769664203653 1069
1584709244331 0.5858838779371551 1070
1584709246684 0.5855909359981866 1071
1584709249002 0.5852981405301875 1072
1584709251337 0.5850054914599224 1073
1584709253700 0.5847129887141925 1074
1584709255952 0.5844206322198354 1075
1584709258247 0.5841284219037255 1076
1584709260528 0.5838363576927736 1077
1584709262830 0.5835444395139273 1078
1584709265198 0.5832526672941704 1079
1584709267511 0.5829610409605233 1080
1584709269747 0.582669560440043 1081
1584709272015 0.582378225659823 1082
1584709274323 0.5820870365469931 1083
1584709276583 0.5817959930287196 1084
1584709278856 0.5815050950322053 1085
1584709281135 0.5812143424846892 1086
1584709283453 0.5809237353134469 1087
1584709285715 0.5806332734457902 1088
1584709287976 0.5803429568090673 1089
1584709290286 0.5800527853306628 1090
1584709292652 0.5797627589379976 1091
1584709295040 0.5794728775585286 1092
1584709297302 0.5791831411197493 1093
1584709299806 0.5788935495491895 1094
1584709302062 0.5786041027744149 1095
1584709304359 0.5783148007230277 1096
1584709306636 0.5780256433226661 1097
1584709308902 0.5777366305010049 1098
1584709311195 0.5774477621857544 1099
1584709313508 0.5771590383046616 1100
1584709315884 0.5768704587855094 1101
1584709318151 0.5765820235561167 1102
1584709320466 0.5762937325443386 1103
1584709322774 0.5760055856780665 1104
1584709325059 0.5757175828852275 1105
1584709327336 0.5754297240937849 1106
1584709329638 0.5751420092317381 1107
1584709331926 0.5748544382271222 1108
1584709334216 0.5745670110080087 1109
1584709336501 0.5742797275025047 1110
1584709338772 0.5739925876387535 1111
1584709341016 0.5737055913449342 1112
1584709343278 0.5734187385492617 1113
1584709345554 0.5731320291799872 1114
1584709347829 0.5728454631653972 1115
1584709350092 0.5725590404338146 1116
1584709352363 0.5722727609135977 1117
1584709354688 0.571986624533141 1118
1584709356969 0.5717006312208744 1119
1584709359242 0.571414780905264 1120
1584709361582 0.5711290735148113 1121
1584709363845 0.570843508978054 1122
1584709366161 0.570558087223565 1123
1584709368471 0.5702728081799533 1124
1584709370761 0.5699876717758634 1125
1584709373055 0.5697026779399755 1126
1584709375360 0.5694178266010056 1127
1584709377615 0.5691331176877051 1128
1584709379903 0.5688485511288613 1129
1584709382193 0.5685641268532969 1130
1584709384490 0.5682798447898704 1131
1584709386774 0.5679957048674754 1132
1584709389070 0.5677117070150417 1133
1584709391450 0.5674278511615342 1134
1584709393747 0.5671441372359535 1135
1584709396203 0.5668605651673355 1136
1584709398756 0.5665771348847519 1137
1584709402382 0.5662938463173096 1138
1584709404763 0.5660106993941509 1139
1584709407364 0.5657276940444539 1140
1584709409892 0.5654448301974317 1141
1584709412195 0.5651621077823331 1142
1584709414633 0.564879526728442 1143
1584709416921 0.5645970869650778 1144
1584709419185 0.5643147884215953 1145
1584709421473 0.5640326310273845 1146
1584709423777 0.5637506147118709 1147
1584709426079 0.563468739404515 1148
1584709428399 0.5631870050348128 1149
1584709430688 0.5629054115322955 1150
1584709433367 0.5626239588265294 1151
1584709435723 0.5623426468471161 1152
1584709438142 0.5620614755236926 1153
1584709440577 0.5617804447859307 1154
1584709442901 0.5614995545635377 1155
1584709445214 0.561218804786256 1156
1584709447524 0.5609381953838629 1157
1584709449792 0.560657726286171 1158
1584709452094 0.560377397423028 1159
1584709454369 0.5600972087243165 1160
1584709456690 0.5598171601199543 1161
1584709458992 0.5595372515398943 1162
1584709461275 0.5592574829141244 1163
1584709463573 0.5589778541726673 1164
1584709465848 0.558698365245581 1165
1584709468116 0.5584190160629583 1166
1584709470403 0.5581398065549269 1167
1584709472828 0.5578607366516495 1168
1584709475121 0.5575818062833237 1169
1584709477417 0.557303015380182 1170
1584709479698 0.557024363872492 1171
1584709481966 0.5567458516905558 1172
1584709484275 0.5564674787647106 1173
1584709486595 0.5561892450253283 1174
1584709488883 0.5559111504028157 1175
1584709491180 0.5556331948276143 1176
1584709493729 0.5553553782302005 1177
1584709496071 0.5550777005410855 1178
1584709498384 0.554800161690815 1179
1584709500692 0.5545227616099696 1180
1584709502991 0.5542455002291646 1181
1584709505294 0.55396837747905 1182
1584709507593 0.5536913932903106 1183
1584709509860 0.5534145475936655 1184
1584709512164 0.5531378403198687 1185
1584709514448 0.5528612713997088 1186
1584709516746 0.5525848407640089 1187
1584709519075 0.552308548343627 1188
1584709521334 0.5520323940694551 1189
1584709523576 0.5517563778724205 1190
1584709525839 0.5514804996834843 1191
1584709528142 0.5512047594336427 1192
1584709530414 0.5509291570539259 1193
1584709532704 0.550653692475399 1194
1584709535068 0.5503783656291613 1195
1584709537355 0.5501031764463468 1196
1584709539629 0.5498281248581236 1197
1584709541926 0.5495532107956945 1198
1584709544296 0.5492784341902968 1199
1584709546582 0.5490037949732016 1200
1584709548936 0.548729293075715 1201
1584709551233 0.5484549284291772 1202
1584709553553 0.5481807009649626 1203
1584709555839 0.5479066106144802 1204
1584709558123 0.547632657309173 1205
1584709560406 0.5473588409805185 1206
1584709562678 0.5470851615600282 1207
1584709564902 0.5468116189792482 1208
1584709567127 0.5465382131697586 1209
1584709569372 0.5462649440631737 1210
1584709571643 0.5459918115911422 1211
1584709573914 0.5457188156853466 1212
1584709576220 0.545445956277504 1213
1584709578508 0.5451732332993653 1214
1584709580790 0.5449006466827157 1215
1584709583095 0.5446281963593743 1216
1584709585439 0.5443558822611947 1217
1584709587731 0.5440837043200641 1218
1584709590225 0.5438116624679041 1219
1584709592639 0.5435397566366702 1220
1584709595148 0.5432679867583519 1221
1584709597415 0.5429963527649727 1222
1584709599886 0.5427248545885902 1223
1584709602180 0.5424534921612959 1224
1584709604462 0.5421822654152153 1225
1584709606715 0.5419111742825077 1226
1584709609007 0.5416402186953665 1227
1584709611305 0.5413693985860188 1228
1584709613614 0.5410987138867258 1229
1584709615939 0.5408281645297824 1230
1584709618230 0.5405577504475175 1231
1584709620537 0.5402874715722938 1232
1584709622840 0.5400173278365077 1233
1584709625152 0.5397473191725894 1234
1584709627424 0.5394774455130031 1235
1584709629680 0.5392077067902467 1236
1584709631980 0.5389381029368515 1237
1584709634261 0.5386686338853831 1238
1584709636553 0.5383992995684405 1239
1584709638865 0.5381300999186562 1240
1584709641198 0.537861034868697 1241
1584709643500 0.5375921043512626 1242
1584709645806 0.537323308299087 1243
1584709648090 0.5370546466449375 1244
1584709650428 0.5367861193216151 1245
1584709652697 0.5365177262619544 1246
1584709654981 0.5362494673988234 1247
1584709657239 0.535981342665124 1248
1584709659534 0.5357133519937914 1249
1584709661823 0.5354454953177946 1250
1584709664141 0.5351777725701358 1251
1584709666416 0.5349101836838507 1252
1584709668656 0.5346427285920088 1253
1584709670936 0.5343754072277128 1254
1584709673233 0.534108219524099 1255
1584709675541 0.533841165414337 1256
1584709677797 0.5335742448316299 1257
1584709680065 0.5333074577092141 1258
1584709682394 0.5330408039803595 1259
1584709684678 0.5327742835783693 1260
1584709687161 0.5325078964365801 1261
1584709689448 0.5322416424883619 1262
1584709691735 0.5319755216671178 1263
1584709694018 0.5317095339062843 1264
1584709696279 0.5314436791393312 1265
1584709698546 0.5311779572997616 1266
1584709700801 0.5309123683211118 1267
1584709703076 0.5306469121369513 1268
1584709705372 0.5303815886808828 1269
1584709707633 0.5301163978865424 1270
1584709709922 0.5298513396875991 1271
1584709712230 0.5295864140177553 1272
1584709714537 0.5293216208107464 1273
1584709716882 0.5290569600003411 1274
1584709719176 0.5287924315203409 1275
1584709721467 0.5285280353045808 1276
1584709723727 0.5282637712869286 1277
1584709725989 0.5279996394012851 1278
1584709728279 0.5277356395815845 1279
1584709730539 0.5274717717617938 1280
1584709732806 0.5272080358759129 1281
1584709735129 0.526944431857975 1282
1584709737411 0.5266809596420461 1283
1584709739691 0.5264176191622251 1284
1584709741994 0.526154410352644 1285
1584709744274 0.5258913331474677 1286
1584709746574 0.525628387480894 1287
1584709748891 0.5253655732871536 1288
1584709751366 0.5251028905005101 1289
1584709753679 0.5248403390552598 1290
1584709755966 0.5245779188857322 1291
1584709758293 0.5243156299262894 1292
1584709760597 0.5240534721113264 1293
1584709762864 0.5237914453752707 1294
1584709765144 0.523529549652583 1295
1584709767434 0.5232677848777567 1296
1584709769732 0.5230061509853179 1297
1584709772000 0.5227446479098252 1298
1584709774352 0.5224832755858704 1299
1584709776665 0.5222220339480774 1300
1584709779046 0.5219609229311034 1301
1584709781908 0.5216999424696379 1302
1584709784503 0.5214390924984031 1303
1584709786784 0.521178372952154 1304
1584709789075 0.5209177837656779 1305
1584709791379 0.520657324873795 1306
1584709793659 0.5203969962113582 1307
1584709795945 0.5201367977132525 1308
1584709798225 0.5198767293143959 1309
1584709800481 0.5196167909497387 1310
1584709802758 0.5193569825542639 1311
1584709805043 0.5190973040629868 1312
1584709807323 0.5188377554109553 1313
1584709809652 0.5185783365332499 1314
1584709811935 0.5183190473649834 1315
1584709814228 0.5180598878413009 1316
1584709816492 0.5178008578973803 1317
1584709818761 0.5175419574684316 1318
1584709821030 0.5172831864896974 1319
1584709823313 0.5170245448964526 1320
1584709825651 0.5167660326240043 1321
1584709828585 0.5165076496076924 1322
1584709830992 0.5162493957828885 1323
1584709833397 0.5159912710849971 1324
1584709835759 0.5157332754494546 1325
1584709838066 0.5154754088117299 1326
1584709840406 0.5152176711073241 1327
1584709842729 0.5149600622717705 1328
1584709845138 0.5147025822406346 1329
1584709847462 0.5144452309495143 1330
1584709849713 0.5141880083340395 1331
1584709852024 0.5139309143298726 1332
1584709854348 0.5136739488727077 1333
1584709856695 0.5134171118982713 1334
1584709859615 0.5131604033423223 1335
1584709861946 0.5129038231406511 1336
1584709864221 0.5126473712290808 1337
1584709866537 0.5123910475434663 1338
1584709868821 0.5121348520196947 1339
1584709871121 0.5118787845936849 1340
1584709873461 0.511622845201388 1341
1584709875743 0.5113670337787873 1342
1584709878027 0.511111350261898 1343
1584709880503 0.5108557945867671 1344
1584709882753 0.5106003666894737 1345
1584709885035 0.510345066506129 1346
1584709887310 0.510089893972876 1347
1584709889614 0.5098348490258896 1348
1584709891937 0.5095799316013767 1349
1584709894294 0.5093251416355761 1350
1584709896561 0.5090704790647583 1351
1584709898831 0.508815943825226 1352
1584709901125 0.5085615358533134 1353
1584709903410 0.5083072550853868 1354
1584709905668 0.5080531014578441 1355
1584709907923 0.5077990749071152 1356
1584709910243 0.5075451753696616 1357
1584709912533 0.5072914027819768 1358
1584709914852 0.5070377570805858 1359
1584709917114 0.5067842382020455 1360
1584709919404 0.5065308460829445 1361
1584709921685 0.506277580659903 1362
1584709923961 0.5060244418695731 1363
1584709926216 0.5057714296486383 1364
1584709928528 0.505518543933814 1365
1584709930818 0.5052657846618471 1366
1584709933104 0.5050131517695162 1367
1584709935417 0.5047606451936315 1368
1584709937740 0.5045082648710347 1369
1584709940060 0.5042560107385993 1370
1584709942362 0.50400388273323 1371
1584709944651 0.5037518807918635 1372
1584709946986 0.5035000048514676 1373
1584709949268 0.5032482548490419 1374
1584709951601 0.5029966307216174 1375
1584709954549 0.5027451324062566 1376
1584709956842 0.5024937598400535 1377
1584709959127 0.5022425129601336 1378
1584709961446 0.5019913917036535 1379
1584709963712 0.5017403960078016 1380
1584709966022 0.5014895258097978 1381
1584709968363 0.5012387810468929 1382
1584709970687 0.5009881616563695 1383
1584709972966 0.5007376675755414 1384
1584709975358 0.5004872987417537 1385
1584709977784 0.5002370550923828 1386
1584709980088 0.49998693656483667 1387
1584709982451 0.49973694309655425 1388
1584709984753 0.499487074625006 1389
1584709987049 0.4992373310876935 1390
1584709989352 0.49898771242214973 1391
1584709991632 0.4987382185659387 1392
1584709993904 0.4984888494566558 1393
1584709996209 0.4982396050319275 1394
1584709998521 0.49799048522941153 1395
1584710000820 0.49774148998679685 1396
1584710003116 0.4974926192418035 1397
1584710005377 0.49724387293218264 1398
1584710007739 0.49699525099571656 1399
1584710010003 0.49674675337021873 1400
1584710012452 0.49649837999353363 1401
1584710014831 0.4962501308035369 1402
1584710017145 0.4960020057381352 1403
1584710019460 0.49575400473526615 1404
1584710021720 0.49550612773289854 1405
1584710024004 0.4952583746690321 1406
1584710026266 0.4950107454816976 1407
1584710028560 0.4947632401089568 1408
1584710030809 0.49451585848890234 1409
1584710033172 0.49426860055965793 1410
1584710035433 0.49402146625937815 1411
1584710037740 0.4937744555262485 1412
1584710040046 0.4935275682984854 1413
1584710042358 0.49328080451433615 1414
1584710044638 0.493034164112079 1415
1584710046938 0.492787647030023 1416
1584710049239 0.492541253206508 1417
1584710051530 0.4922949825799048 1418
1584710053795 0.49204883508861486 1419
1584710056062 0.49180281067107057 1420
1584710058337 0.49155690926573503 1421
1584710060561 0.49131113081110217 1422
1584710062849 0.49106547524569666 1423
1584710065155 0.4908199425080738 1424
1584710067469 0.4905745325368198 1425
1584710069778 0.49032924527055144 1426
1584710072135 0.4900840806479162 1427
1584710074636 0.48983903860759226 1428
1584710076889 0.4895941190882885 1429
1584710079210 0.48934932202874437 1430
1584710081517 0.48910464736773 1431
1584710083797 0.4888600950440462 1432
1584710086082 0.4886156649965242 1433
1584710088467 0.48837135716402597 1434
1584710090748 0.488127171485444 1435
1584710093029 0.4878831078997013 1436
1584710095330 0.4876391663457515 1437
1584710097640 0.4873953467625787 1438
1584710099927 0.4871516490891974 1439
1584710102192 0.4869080732646528 1440
1584710104537 0.4866646192280205 1441
1584710106812 0.4864212869184065 1442
1584710109109 0.48617807627494736 1443
1584710111421 0.4859349872368099 1444
1584710113719 0.48569201974319154 1445
1584710116024 0.48544917373331997 1446
1584710118344 0.48520644914645333 1447
1584710120627 0.48496384592188013 1448
1584710122921 0.48472136399891924 1449
1584710125490 0.4844790033169198 1450
1584710127774 0.4842367638152614 1451
1584710130058 0.48399464543335374 1452
1584710132406 0.4837526481106371 1453
1584710135055 0.4835107717865818 1454
1584710137655 0.48326901640068853 1455
1584710140039 0.48302738189248823 1456
1584710142473 0.482785868201542 1457
1584710144823 0.48254447526744126 1458
1584710147170 0.48230320302980756 1459
1584710149477 0.48206205142829267 1460
1584710151800 0.48182102040257857 1461
1584710154164 0.4815801098923773 1462
1584710156480 0.48133931983743117 1463
1584710158758 0.48109865017751247 1464
1584710161042 0.48085810085242375 1465
1584710163415 0.48061767180199755 1466
1584710165698 0.48037736296609657 1467
1584710167963 0.48013717428461355 1468
1584710170443 0.4798971056974713 1469
1584710172716 0.4796571571446226 1470
1584710175004 0.4794173285660503 1471
1584710177305 0.47917761990176727 1472
1584710179611 0.47893803109181643 1473
1584710181867 0.47869856207627054 1474
1584710184189 0.47845921279523246 1475
1584710186487 0.47821998318883485 1476
1584710188769 0.4779808731972405 1477
1584710191038 0.4777418827606419 1478
1584710193435 0.4775030118192616 1479
1584710195736 0.47726426031335195 1480
1584710198011 0.4770256281831953 1481
1584710200389 0.47678711536910373 1482
1584710202694 0.4765487218114192 1483
1584710205012 0.47631044745051354 1484
1584710207320 0.4760722922267883 1485
1584710209616 0.475834256080675 1486
1584710211897 0.47559633895263465 1487
1584710214220 0.47535854078315837 1488
1584710216534 0.47512086151276683 1489
1584710218817 0.4748833010820105 1490
1584710221110 0.47464585943146953 1491
1584710223421 0.4744085365017538 1492
1584710225720 0.47417133223350294 1493
1584710228003 0.4739342465673862 1494
1584710230355 0.4736972794441025 1495
1584710232617 0.4734604308043805 1496
1584710234917 0.47322370058897834 1497
1584710237212 0.4729870887386839 1498
1584710239530 0.47275059519431456 1499
1584710241819 0.47251421989671744 1500
1584710244200 0.4722779627867691 1501
1584710246542 0.47204182380537574 1502
1584710248830 0.47180580289347307 1503
1584710251165 0.47156989999202636 1504
1584710253504 0.4713341150420304 1505
1584710255764 0.4710984479845094 1506
1584710258090 0.4708628987605172 1507
1584710260437 0.47062746731113697 1508
1584710262737 0.47039215357748143 1509
1584710265081 0.4701569575006927 1510
1584710267679 0.4699218790219424 1511
1584710270022 0.46968691808243146 1512
1584710272359 0.4694520746233903 1513
1584710274711 0.4692173485860786 1514
1584710277015 0.4689827399117856 1515
1584710279311 0.4687482485418297 1516
1584710281642 0.4685138744175588 1517
1584710283982 0.4682796174803501 1518
1584710286293 0.4680454776716099 1519
1584710288583 0.46781145493277415 1520
1584710290851 0.4675775492053078 1521
1584710293147 0.4673437604307052 1522
1584710295446 0.46711008855048985 1523
1584710297861 0.4668765335062146 1524
1584710300180 0.4666430952394615 1525
1584710302452 0.46640977369184183 1526
1584710304738 0.4661765688049959 1527
1584710307050 0.4659434805205934 1528
1584710309377 0.46571050878033315 1529
1584710311673 0.465477653525943 1530
1584710314052 0.46524491469918006 1531
1584710316361 0.4650122922418305 1532
1584710318679 0.4647797860957096 1533
1584710320983 0.4645473962026618 1534
1584710323307 0.4643151225045605 1535
1584710325613 0.4640829649433082 1536
1584710327938 0.46385092346083656 1537
1584710330232 0.46361899799910616 1538
1584710332576 0.46338718850010663 1539
1584710334887 0.4631554949058566 1540
1584710337179 0.4629239171584037 1541
1584710339481 0.46269245519982455 1542
1584710341782 0.46246110897222464 1543
1584710344070 0.46222987841773855 1544
1584710346366 0.4619987634785297 1545
1584710348673 0.46176776409679043 1546
1584710351003 0.46153688021474204 1547
1584710353307 0.4613061117746347 1548
1584710355606 0.46107545871874744 1549
1584710357900 0.4608449209893881 1550
1584710360191 0.46061449852889347 1551
1584710362635 0.46038419127962904 1552
1584710364984 0.46015399918398925 1553
1584710367268 0.45992392218439726 1554
1584710370020 0.4596939602233051 1555
1584710372325 0.4594641132431935 1556
1584710374734 0.4592343811865719 1557
1584710377049 0.4590047639959786 1558
1584710379336 0.45877526161398063 1559
1584710381649 0.45854587398317365 1560
1584710383987 0.4583166010461821 1561
1584710386317 0.45808744274565905 1562
1584710388608 0.45785839902428627 1563
1584710390872 0.45762946982477415 1564
1584710393189 0.4574006550898618 1565
1584710395540 0.45717195476231687 1566
1584710397817 0.45694336878493574 1567
1584710400137 0.4567148971005433 1568
1584710402455 0.45648653965199304 1569
1584710404776 0.4562582963821671 1570
1584710407047 0.45603016723397605 1571
1584710409339 0.4558021521503591 1572
1584710411652 0.4555742510742839 1573
1584710413980 0.4553464639487468 1574
1584710416298 0.4551187907167724 1575
1584710418614 0.45489123132141407 1576
1584710420900 0.4546637857057534 1577
1584710423241 0.45443645381290054 1578
1584710425567 0.45420923558599413 1579
1584710427863 0.45398213096820117 1580
1584710430139 0.4537551399027171 1581
1584710432415 0.4535282623327658 1582
1584710434797 0.45330149820159943 1583
1584710437121 0.45307484745249865 1584
1584710439400 0.4528483100287724 1585
1584710441675 0.45262188587375807 1586
1584710443951 0.4523955749308212 1587
1584710446323 0.4521693771433558 1588
1584710448628 0.45194329245478415 1589
1584710450899 0.4517173208085568 1590
1584710453194 0.45149146214815256 1591
1584710455604 0.4512657164170785 1592
1584710457906 0.45104008355887 1593
1584710460452 0.4508145635170906 1594
1584710463073 0.4505891562353321 1595
1584710465384 0.4503638616572144 1596
1584710467699 0.4501386797263858 1597
1584710470028 0.44991361038652267 1598
1584710472507 0.4496886535813294 1599
1584710474930 0.44946380925453877 1600
1584710477334 0.44923907734991153 1601
1584710479649 0.4490144578112366 1602
1584710481963 0.448789950582331 1603
1584710484236 0.44856555560703987 1604
1584710486547 0.44834127282923636 1605
1584710488846 0.44811710219282175 1606
1584710491259 0.4478930436417254 1607
1584710493689 0.44766909711990455 1608
1584710496008 0.4474452625713446 1609
1584710498330 0.4472215399400589 1610
1584710500613 0.4469979291700889 1611
1584710502880 0.4467744302055039 1612
1584710505178 0.44655104299040116 1613
1584710507499 0.44632776746890596 1614
1584710509828 0.4461046035851715 1615
1584710512113 0.445881551283379 1616
1584710514451 0.4456586105077373 1617
1584710516749 0.44543578120248345 1618
1584710519052 0.4452130633118822 1619
1584710521402 0.4449904567802263 1620
1584710523704 0.44476796155183623 1621
1584710526056 0.44454557757106034 1622
1584710528468 0.44432330478227483 1623
1584710530802 0.4441011431298837 1624
1584710533092 0.44387909255831876 1625
1584710535400 0.4436571530120396 1626
1584710537681 0.44343532443553363 1627
1584710539982 0.4432136067733159 1628
1584710542259 0.4429919999699293 1629
1584710544555 0.44277050396994433 1630
1584710546855 0.4425491187179594 1631
1584710549138 0.44232784415860044 1632
1584710551503 0.44210668023652117 1633
1584710553912 0.4418856268964029 1634
1584710556425 0.44166468408295473 1635
1584710558701 0.4414438517409133 1636
1584710561003 0.44122312981504286 1637
1584710563304 0.44100251825013537 1638
1584710565595 0.44078201699101033 1639
1584710567875 0.44056162598251486 1640
1584710570172 0.4403413451695236 1641
1584710572474 0.4401211744969389 1642
1584710574788 0.43990111390969044 1643
1584710577142 0.4396811633527356 1644
1584710579430 0.43946132277105926 1645
1584710581732 0.43924159210967373 1646
1584710584069 0.4390219713136189 1647
1584710586423 0.4388024603279621 1648
1584710588694 0.43858305909779816 1649
1584710590973 0.4383637675682493 1650
1584710593280 0.4381445856844652 1651
1584710595604 0.437925513391623 1652
1584710597891 0.4377065506349272 1653
1584710600196 0.43748769735960974 1654
1584710602515 0.43726895351093 1655
1584710604799 0.4370503190341745 1656
1584710607099 0.4368317938746575 1657
1584710609417 0.43661337797772015 1658
1584710611723 0.43639507128873134 1659
1584710614121 0.436176873753087 1660
1584710616492 0.43595878531621046 1661
1584710618739 0.43574080592355235 1662
1584710621028 0.4355229355205906 1663
1584710623331 0.43530517405283037 1664
1584710625649 0.435087521465804 1665
1584710627950 0.43486997770507113 1666
1584710630234 0.4346525427162186 1667
1584710632584 0.43443521644486055 1668
1584710635233 0.43421799883663814 1669
1584710637833 0.43400088983721985 1670
1584710640516 0.4337838893923013 1671
1584710642832 0.43356699744760513 1672
1584710645160 0.43335021394888135 1673
1584710647541 0.4331335388419069 1674
1584710649802 0.432916972072486 1675
1584710652225 0.43270051358644973 1676
1584710654627 0.43248416332965656 1677
1584710656927 0.43226792124799174 1678
1584710659259 0.43205178728736776 1679
1584710661547 0.4318357613937241 1680
1584710663817 0.43161984351302723 1681
1584710666120 0.4314040335912707 1682
1584710668448 0.4311883315744751 1683
1584710670724 0.4309727374086879 1684
1584710673068 0.4307572510399836 1685
1584710675412 0.4305418724144636 1686
1584710677702 0.4303266014782564 1687
1584710679963 0.4301114381775173 1688
1584710682289 0.42989638245842854 1689
1584710684634 0.42968143426719935 1690
1584710686910 0.4294665935500658 1691
1584710689201 0.42925186025329076 1692
1584710691780 0.42903723432316415 1693
1584710694176 0.4288227157060026 1694
1584710696483 0.4286083043481496 1695
1584710698834 0.42839400019597557 1696
1584710701180 0.4281798031958776 1697
1584710703551 0.4279657132942797 1698
1584710705824 0.42775173043763254 1699
1584710708132 0.4275378545724137 1700
1584710710565 0.4273240856451275 1701
1584710712883 0.427110423602305 1702
1584710715190 0.4268968683905039 1703
1584710717515 0.42668341995630865 1704
1584710719809 0.42647007824633054 1705
1584710722087 0.4262568432072074 1706
1584710724367 0.4260437147856038 1707
1584710726673 0.425830692928211 1708
1584710728995 0.42561777758174696 1709
1584710731290 0.42540496869295613 1710
1584710733689 0.42519226620860967 1711
1584710736001 0.4249796700755054 1712
1584710738321 0.42476718024046767 1713
1584710740634 0.42455479665034745 1714
1584710742957 0.4243425192520223 1715
1584710745336 0.42413034799239635 1716
1584710747730 0.42391828281840016 1717
1584710750333 0.42370632367699096 1718
1584710752711 0.4234944705151525 1719
1584710755111 0.4232827232798949 1720
1584710757443 0.423071081918255 1721
1584710759775 0.4228595463772959 1722
1584710762099 0.4226481166041073 1723
1584710764403 0.42243679254580524 1724
1584710766720 0.4222255741495324 1725
1584710768985 0.4220144613624576 1726
1584710771256 0.42180345413177645 1727
1584710773563 0.4215925524047106 1728
1584710775921 0.42138175612850826 1729
1584710778238 0.421171065250444 1730
1584710780624 0.4209604797178188 1731
1584710782921 0.42074999947795994 1732
1584710785196 0.42053962447822096 1733
1584710787483 0.42032935466598187 1734
1584710789787 0.4201191899886489 1735
1584710792089 0.4199091303936546 1736
1584710794437 0.4196991758284578 1737
1584710796747 0.4194893262405436 1738
1584710799000 0.41927958157742334 1739
1584710801309 0.41906994178663465 1740
1584710803611 0.4188604068157413 1741
1584710805890 0.41865097661233347 1742
1584710808432 0.4184416511240273 1743
1584710810742 0.4182324302984653 1744
1584710813038 0.4180233140833161 1745
1584710815376 0.4178143024262745 1746
1584710817727 0.41760539527506135 1747
1584710820027 0.41739659257742384 1748
1584710822351 0.4171878942811352 1749
1584710824654 0.4169793003339946 1750
1584710826938 0.41677081068382765 1751
1584710829213 0.41656242527848575 1752
1584710831500 0.41635414406584653 1753
1584710833795 0.4161459669938136 1754
1584710836096 0.4159378940103167 1755
1584710838408 0.4157299250633116 1756
1584710840765 0.41552206010077997 1757
1584710843083 0.4153142990707296 1758
1584710845539 0.41510664192119423 1759
1584710848000 0.41489908860023367 1760
1584710850366 0.4146916390559336 1761
1584710852807 0.4144842932364056 1762
1584710855294 0.41427705108978746 1763
1584710857632 0.4140699125642426 1764
1584710859941 0.4138628776079605 1765
1584710862296 0.4136559461691565 1766
1584710864625 0.41344911819607194 1767
1584710866957 0.4132423936369739 1768
1584710869265 0.41303577244015544 1769
1584710871611 0.4128292545539354 1770
1584710873938 0.41262283992665844 1771
1584710876380 0.41241652850669513 1772
1584710878730 0.4122103202424418 1773
1584710881080 0.4120042150823206 1774
1584710883478 0.4117982129747795 1775
1584710885788 0.4115923138682921 1776
1584710888136 0.411386517711358 1777
1584710890486 0.4111808244525023 1778
1584710892814 0.4109752340402761 1779
1584710895124 0.410769746423256 1780
1584710897469 0.4105643615500444 1781
1584710899757 0.4103590793692694 1782
1584710902081 0.4101538998295848 1783
1584710904430 0.40994882287967 1784
1584710906823 0.4097438484682302 1785
1584710909145 0.4095389765439961 1786
1584710911476 0.40933420705572415 1787
1584710913880 0.4091295399521963 1788
1584710916245 0.4089249751822202 1789
1584710918601 0.4087205126946291 1790
1584710920931 0.4085161524382818 1791
1584710923283 0.4083118943620627 1792
1584710925618 0.40810773841488174 1793
1584710927934 0.4079036845456743 1794
1584710930247 0.40769973270340154 1795
1584710932575 0.40749588283704985 1796
1584710934866 0.4072921348956314 1797
1584710937267 0.4070884888281836 1798
1584710939602 0.40688494458376956 1799
1584710942079 0.4066815021114777 1800
1584710944776 0.406478161360422 1801
1584710947102 0.40627492227974177 1802
1584710949463 0.4060717848186019 1803
1584710951782 0.4058687489261926 1804
1584710954090 0.40566581455172956 1805
1584710956380 0.4054629816444537 1806
1584710958720 0.4052602501536315 1807
1584710960999 0.40505762002855467 1808
1584710963320 0.4048550912185404 1809
1584710965622 0.4046526636729312 1810
1584710967947 0.40445033734109476 1811
1584710970770 0.40424811217242423 1812
1584710973163 0.404045988116338 1813
1584710975516 0.4038439651222799 1814
1584710977854 0.40364204313971874 1815
1584710980904 0.4034402221181489 1816
1584710983238 0.4032385020070898 1817
1584710985589 0.4030368827560863 1818
1584710987937 0.4028353643147083 1819
1584710990288 0.402633946632551 1820
1584710992575 0.4024326296592347 1821
1584710994924 0.4022314133444051 1822
1584710997247 0.4020302976377329 1823
1584710999685 0.4018292824889141 1824
1584711002041 0.40162836784766964 1825
1584711004452 0.40142755366374583 1826
1584711006799 0.401226839886914 1827
1584711009120 0.40102622646697056 1828
1584711011490 0.4008257133537371 1829
1584711013848 0.4006253004970603 1830
1584711016180 0.4004249878468118 1831
1584711018494 0.4002247753528884 1832
1584711020812 0.400024662965212 1833
1584711023140 0.3998246506337294 1834
1584711025446 0.39962473830841255 1835
1584711027781 0.3994249259392584 1836
1584711030102 0.39922521347628875 1837
1584711032465 0.39902560086955063 1838
1584711034892 0.3988260880691159 1839
1584711037245 0.39862667502508137 1840
1584711039797 0.39842736168756887 1841
1584711042085 0.3982281480067251 1842
1584711044411 0.39802903393272177 1843
1584711046812 0.3978300194157554 1844
1584711049142 0.39763110440604754 1845
1584711051484 0.3974322888538445 1846
1584711053779 0.3972335727094176 1847
1584711056210 0.3970349559230629 1848
1584711058513 0.3968364384451014 1849
1584711060848 0.3966380202258789 1850
1584711063181 0.396439701215766 1851
1584711065533 0.39624148136515813 1852
1584711067817 0.3960433606244756 1853
1584711070201 0.39584533894416335 1854
1584711072566 0.3956474162746913 1855
1584711074876 0.395449592566554 1856
1584711077173 0.3952518677702707 1857
1584711079511 0.3950542418363856 1858
1584711081809 0.3948567147154674 1859
1584711084156 0.3946592863581097 1860
1584711086440 0.3944619567149307 1861
1584711088732 0.39426472573657323 1862
1584711091081 0.39406759337370495 1863
1584711093498 0.3938705595770181 1864
1584711095843 0.39367362429722963 1865
1584711098177 0.393476787485081 1866
1584711100480 0.3932800490913385 1867
1584711102766 0.39308340906679284 1868
1584711105069 0.3928868673622595 1869
1584711107356 0.3926904239285784 1870
1584711109650 0.3924940787166141 1871
1584711111932 0.39229783167725585 1872
1584711114219 0.39210168276141727 1873
1584711116564 0.3919056319200366 1874
1584711118875 0.39170967910407656 1875
1584711121154 0.3915138242645245 1876
1584711123459 0.3913180673523923 1877
1584711125807 0.3911224083187161 1878
1584711128122 0.3909268471145568 1879
1584711130447 0.3907313836909995 1880
1584711132733 0.39053601799915405 1881
1584711135082 0.3903407499901545 1882
1584711137568 0.39014557961515944 1883
1584711139859 0.3899505068253519 1884
1584711142149 0.3897555315719392 1885
1584711144607 0.38956065380615323 1886
1584711146881 0.38936587347925017 1887
1584711149178 0.3891711905425106 1888
1584711151484 0.38897660494723935 1889
1584711154044 0.38878211664476575 1890
1584711156562 0.3885877255864434 1891
1584711159036 0.3883934317236502 1892
1584711161345 0.3881992350077884 1893
1584711163664 0.38800513539028453 1894
1584711166014 0.3878111328225894 1895
1584711168393 0.3876172272561781 1896
1584711170681 0.38742341864255003 1897
1584711172953 0.3872297069332288 1898
1584711175217 0.3870360920797622 1899
1584711177528 0.38684257403372235 1900
1584711179946 0.3866491527467055 1901
1584711182264 0.3864558281703322 1902
1584711184606 0.38626260025624704 1903
1584711186914 0.38606946895611893 1904
1584711189212 0.3858764342216409 1905
1584711191552 0.3856834960045301 1906
1584711193866 0.38549065425652784 1907
1584711196173 0.3852979089293996 1908
1584711198587 0.3851052599749349 1909
1584711200886 0.3849127073449474 1910
1584711203178 0.384720250991275 1911
1584711205471 0.3845278908657794 1912
1584711207755 0.3843356269203465 1913
1584711210085 0.38414345910688635 1914
1584711212397 0.3839513873773329 1915
1584711214705 0.38375941168364425 1916
1584711217020 0.38356753197780247 1917
1584711219288 0.3833757482118136 1918
1584711221616 0.3831840603377077 1919
1584711223905 0.38299246830753886 1920
1584711226171 0.3828009720733851 1921
1584711228528 0.38260957158734843 1922
1584711230785 0.3824182668015548 1923
1584711233204 0.382227057668154 1924
1584711235517 0.38203594413931996 1925
1584711237805 0.3818449261672503 1926
1584711240095 0.3816540037041667 1927
1584711242398 0.3814631767023146 1928
1584711244733 0.38127244511396347 1929
1584711247043 0.3810818088914065 1930
1584711249315 0.3808912679869608 1931
1584711251666 0.38070082235296737 1932
1584711253942 0.3805104719417909 1933
1584711256245 0.38032021670582 1934
1584711258571 0.3801300565974671 1935
1584711260858 0.3799399915691684 1936
1584711263146 0.37975002157338383 1937
1584711265439 0.3795601465625972 1938
1584711267745 0.3793703664893159 1939
1584711270022 0.37918068130607124 1940
1584711272307 0.3789910909654182 1941
1584711274628 0.3788015954199355 1942
1584711276936 0.37861219462222556 1943
1584711279215 0.37842288852491446 1944
1584711281508 0.37823367708065203 1945
1584711283802 0.37804456024211175 1946
1584711286094 0.37785553796199073 1947
1584711288360 0.37766661019300973 1948
1584711290674 0.37747777688791323 1949
1584711293050 0.3772890379994693 1950
1584711295504 0.3771003934804696 1951
1584711297840 0.3769118432837294 1952
1584711300203 0.37672338736208755 1953
1584711302570 0.3765350256684065 1954
1584711304896 0.37634675815557234 1955
1584711307209 0.37615858477649455 1956
1584711309539 0.3759705054841063 1957
1584711311830 0.37578252023136427 1958
1584711314120 0.3755946289712486 1959
1584711316421 0.37540683165676303 1960
1584711318696 0.3752191282409347 1961
1584711320955 0.3750315186768142 1962
1584711323280 0.3748440029174758 1963
1584711325649 0.3746565809160171 1964
1584711327952 0.37446925262555913 1965
1584711330412 0.3742820179992464 1966
1584711332684 0.3740948769902468 1967
1584711334989 0.37390782955175167 1968
1584711337287 0.3737208756369758 1969
1584711339597 0.37353401519915735 1970
1584711341891 0.3733472481915578 1971
1584711344246 0.37316057456746204 1972
1584711346626 0.37297399428017836 1973
1584711348918 0.3727875072830383 1974
1584711351219 0.3726011135293968 1975
1584711353526 0.3724148129726321 1976
1584711355855 0.37222860556614584 1977
1584711358143 0.3720424912633628 1978
1584711360493 0.37185647001773114 1979
1584711362820 0.3716705417827223 1980
1584711365101 0.37148470651183096 1981
1584711367425 0.37129896415857505 1982
1584711370014 0.3711133146764958 1983
1584711372348 0.37092775801915756 1984
1584711374673 0.370742294140148 1985
1584711376970 0.3705569229930779 1986
1584711379286 0.3703716445315814 1987
1584711381581 0.3701864587093156 1988
1584711383878 0.370001365479961 1989
1584711386174 0.369816364797221 1990
1584711388460 0.36963145661482244 1991
1584711390798 0.3694466408865151 1992
1584711393115 0.36926191756607185 1993
1584711395439 0.36907728660728883 1994
1584711397730 0.3688927479639852 1995
1584711400007 0.36870830159000323 1996
1584711402317 0.36852394743920824 1997
1584711404608 0.3683396854654887 1998
1584711406905 0.36815551562275595 1999
1584711409181 0.3679714378649446 2000
