1584706748342 300 1
1584706750846 300 2
1584706753314 300 3
1584706755650 300 4
1584706757980 300 5
1584706760275 300 6
1584706762787 300 7
1584706765424 300 8
1584706767903 300 9
1584706771231 300 10
1584706774292 300 11
1584706777026 300 12
1584706780387 300 13
1584706783365 300 14
1584706785746 300 15
1584706788265 300 16
1584706790557 300 17
1584706792830 300 18
1584706795087 300 19
1584706797363 300 20
1584706799608 300 21
1584706801913 300 22
1584706804199 300 23
1584706806471 300 24
1584706808718 300 25
1584706811018 300 26
1584706813295 300 27
1584706815577 300 28
1584706817849 300 29
1584706820102 300 30
1584706822361 300 31
1584706824595 300 32
1584706826867 300 33
1584706829131 300 34
1584706831419 300 35
1584706833692 300 36
1584706835984 300 37
1584706838208 300 38
1584706840514 300 39
1584706842856 300 40
1584706845169 300 41
1584706847436 300 42
1584706849691 300 43
1584706852009 300 44
1584706854338 300 45
1584706856644 300 46
1584706858904 300 47
1584706861209 300 48
1584706863497 300 49
1584706865744 300 50
1584706868032 300 51
1584706870327 300 52
1584706872981 300 53
1584706875293 300 54
1584706877775 300 55
1584706880039 300 56
1584706882291 300 57
1584706884574 300 58
1584706886845 300 59
1584706889147 300 60
1584706891437 300 61
1584706893798 300 62
1584706896078 300 63
1584706898371 300 64
1584706900627 300 65
1584706902877 300 66
1584706905132 300 67
1584706907426 300 68
1584706909713 300 69
1584706911974 300 70
1584706914262 300 71
1584706916551 300 72
1584706918793 300 73
1584706921058 300 74
1584706923392 300 75
1584706925655 300 76
1584706927958 300 77
1584706930224 300 78
1584706932516 300 79
1584706934882 300 80
1584706937161 300 81
1584706939478 300 82
1584706941742 300 83
1584706944021 300 84
1584706946292 300 85
1584706948581 300 86
1584706950816 300 87
1584706953155 300 88
1584706955469 300 89
1584706957747 300 90
1584706960016 300 91
1584706962288 300 92
1584706964550 300 93
1584706966822 300 94
1584706969112 300 95
1584706971377 300 96
1584706973798 300 97
1584706976135 300 98
1584706978445 300 99
1584706980719 300 100
1584706983051 300 101
1584706985372 300 102
1584706987867 300 103
1584706990135 300 104
1584706992416 300 105
1584706994664 300 106
1584706996934 300 107
1584706999199 300 108
1584707001437 300 109
1584707003695 300 110
1584707005984 300 111
1584707008255 300 112
1584707010513 300 113
1584707012790 300 114
1584707015107 300 115
1584707017374 300 116
1584707019655 300 117
1584707022173 300 118
1584707024462 300 119
1584707026735 300 120
1584707029017 300 121
1584707031291 300 122
1584707033562 300 123
1584707035886 300 124
1584707038178 300 125
1584707040447 300 126
1584707042680 300 127
1584707044949 300 128
1584707047206 300 129
1584707049464 300 130
1584707051698 300 131
1584707053977 300 132
1584707056227 300 133
1584707058489 300 134
1584707060767 300 135
1584707063005 300 136
1584707065324 300 137
1584707067613 300 138
1584707069957 300 139
1584707072343 300 140
1584707074659 300 141
1584707076945 300 142
1584707079240 300 143
1584707081501 300 144
1584707083761 300 145
1584707086019 300 146
1584707088280 300 147
1584707090527 300 148
1584707092816 300 149
1584707095056 300 150
1584707097330 300 151
1584707099589 300 152
1584707102124 300 153
1584707104447 300 154
1584707106867 300 155
1584707109169 300 156
1584707111419 300 157
1584707113716 300 158
1584707116026 300 159
1584707118340 300 160
1584707120626 300 161
1584707122952 300 162
1584707125234 300 163
1584707127548 300 164
1584707129837 300 165
1584707132180 300 166
1584707135043 300 167
1584707137308 300 168
1584707139590 300 169
1584707141915 300 170
1584707144223 300 171
1584707146507 300 172
1584707148799 300 173
1584707151119 300 174
1584707153426 300 175
1584707155646 300 176
1584707157886 300 177
1584707160163 300 178
1584707163046 300 179
1584707165394 300 180
1584707167911 300 181
1584707170361 300 182
1584707172623 300 183
1584707174908 300 184
1584707177158 300 185
1584707179464 300 186
1584707182035 300 187
1584707184439 300 188
1584707186794 300 189
1584707189286 300 190
1584707191712 300 191
1584707194729 300 192
1584707196988 300 193
1584707199336 300 194
1584707201599 300 195
1584707203882 300 196
1584707206169 300 197
1584707208411 300 198
1584707210671 300 199
1584707212978 300 200
1584707215337 300 201
1584707217588 300 202
1584707219868 300 203
1584707222133 300 204
1584707224446 300 205
1584707226692 300 206
1584707229021 300 207
1584707231295 300 208
1584707233599 300 209
1584707235853 300 210
1584707238107 300 211
1584707240364 300 212
1584707242664 300 213
1584707244911 300 214
1584707247169 300 215
1584707249492 300 216
1584707251736 300 217
1584707254014 300 218
1584707256298 300 219
1584707258579 300 220
1584707260822 300 221
1584707263222 300 222
1584707265652 300 223
1584707267917 300 224
1584707270165 300 225
1584707272392 300 226
1584707274685 300 227
1584707276912 300 228
1584707279155 300 229
1584707281453 300 230
1584707283729 300 231
1584707286000 300 232
1584707288490 300 233
1584707290745 300 234
1584707293022 300 235
1584707295339 300 236
1584707297603 300 237
1584707299866 300 238
1584707302106 300 239
1584707304390 300 240
1584707306649 300 241
1584707308964 300 242
1584707311216 300 243
1584707313589 300 244
1584707315846 300 245
1584707318089 300 246
1584707320359 300 247
1584707322612 300 248
1584707324907 300 249
1584707327152 300 250
1584707329423 300 251
1584707331681 300 252
1584707333952 300 253
1584707336220 300 254
1584707338484 300 255
1584707340733 300 256
1584707342999 300 257
1584707345280 300 258
1584707347534 300 259
1584707349785 300 260
1584707352027 300 261
1584707354289 300 262
1584707356604 300 263
1584707358850 300 264
1584707361302 300 265
1584707363556 300 266
1584707365807 300 267
1584707368098 300 268
1584707370348 300 269
1584707372635 300 270
1584707374983 300 271
1584707377261 300 272
1584707379525 300 273
1584707381775 300 274
1584707384073 300 275
1584707386343 300 276
1584707388566 300 277
1584707390824 300 278
1584707393133 300 279
1584707395400 300 280
1584707397655 300 281
1584707399960 300 282
1584707402253 300 283
1584707404565 300 284
1584707406815 300 285
1584707409068 300 286
1584707411341 300 287
1584707413594 300 288
1584707415880 300 289
1584707418180 300 290
1584707420453 300 291
1584707422792 300 292
1584707425035 300 293
1584707427310 300 294
1584707429579 300 295
1584707431848 300 296
1584707434597 300 297
1584707436855 300 298
1584707439106 300 299
1584707441402 300 300
1584707443784 300 301
1584707446130 300 302
1584707448579 300 303
1584707450866 300 304
1584707453252 300 305
1584707455529 300 306
1584707457968 300 307
1584707460250 300 308
1584707462522 300 309
1584707464801 300 310
1584707467067 300 311
1584707469329 300 312
1584707471573 300 313
1584707473866 300 314
1584707476135 300 315
1584707478389 300 316
1584707480651 300 317
1584707482924 300 318
1584707485174 300 319
1584707487470 300 320
1584707489763 300 321
1584707492036 300 322
1584707494399 300 323
1584707496670 300 324
1584707498926 300 325
1584707501173 300 326
1584707503448 300 327
1584707505698 300 328
1584707507969 300 329
1584707510200 300 330
1584707512451 300 331
1584707514715 300 332
1584707516972 300 333
1584707519281 300 334
1584707521527 300 335
1584707523783 300 336
1584707526040 300 337
1584707528303 300 338
1584707530529 300 339
1584707532798 300 340
1584707535230 300 341
1584707537519 300 342
1584707539794 300 343
1584707542082 300 344
1584707544601 300 345
1584707547055 300 346
1584707549484 300 347
1584707551729 300 348
1584707554282 300 349
1584707556537 300 350
1584707558773 300 351
1584707561067 300 352
1584707563336 300 353
1584707565609 300 354
1584707567870 300 355
1584707570133 300 356
1584707572389 300 357
1584707574645 300 358
1584707576899 300 359
1584707579170 300 360
1584707581460 300 361
1584707583734 300 362
1584707586076 300 363
1584707588354 300 364
1584707590600 300 365
1584707592859 300 366
1584707595133 300 367
1584707597378 300 368
1584707600084 300 369
1584707602460 300 370
1584707604922 300 371
1584707607295 300 372
1584707609987 300 373
1584707612338 300 374
1584707615352 300 375
1584707617597 300 376
1584707619872 300 377
1584707622134 300 378
1584707624425 300 379
1584707626687 300 380
1584707628945 300 381
1584707631207 300 382
1584707634393 300 383
1584707636754 300 384
1584707639138 300 385
1584707641788 300 386
1584707644259 300 387
1584707646571 300 388
1584707648839 300 389
1584707651295 300 390
1584707653567 300 391
1584707655810 300 392
1584707658069 300 393
1584707660371 300 394
1584707662646 300 395
1584707664922 300 396
1584707667158 300 397
1584707669431 300 398
1584707671724 300 399
1584707673989 300 400
1584707676328 300 401
1584707678585 300 402
1584707680893 300 403
1584707683152 300 404
1584707685429 300 405
1584707687721 300 406
1584707689966 300 407
1584707692257 300 408
1584707694526 300 409
1584707696819 300 410
1584707699082 300 411
1584707701332 300 412
1584707703604 300 413
1584707705903 300 414
1584707708144 300 415
1584707710410 300 416
1584707712727 300 417
1584707715000 300 418
1584707717329 300 419
1584707719583 300 420
1584707721864 300 421
1584707724111 300 422
1584707726376 300 423
1584707728651 300 424
1584707730900 300 425
1584707733225 300 426
1584707735525 300 427
1584707737803 300 428
1584707740660 300 429
1584707743219 300 430
1584707745902 300 431
1584707748756 300 432
1584707751147 300 433
1584707753841 300 434
1584707756244 300 435
1584707758684 300 436
1584707761049 300 437
1584707763476 300 438
1584707765872 300 439
1584707768224 300 440
1584707770515 300 441
1584707772776 300 442
1584707775042 300 443
1584707777351 300 444
1584707779696 300 445
1584707781941 300 446
1584707784250 300 447
1584707786532 300 448
1584707788778 300 449
1584707791054 300 450
1584707793392 300 451
1584707795751 300 452
1584707798078 300 453
1584707800468 300 454
1584707802750 300 455
1584707805036 300 456
1584707807351 300 457
1584707809918 300 458
1584707812224 300 459
1584707814588 300 460
1584707816879 300 461
1584707819164 300 462
1584707821519 300 463
1584707823886 300 464
1584707826255 300 465
1584707828576 300 466
1584707830841 300 467
1584707833256 300 468
1584707835539 300 469
1584707837802 300 470
1584707840233 300 471
1584707842582 300 472
1584707845685 300 473
1584707848045 300 474
1584707850357 300 475
1584707852710 300 476
1584707855080 300 477
1584707857369 300 478
1584707859642 300 479
1584707861943 300 480
1584707864264 300 481
1584707866554 300 482
1584707868807 300 483
1584707871079 300 484
1584707873364 300 485
1584707875660 300 486
1584707877908 300 487
1584707880180 300 488
1584707882492 300 489
1584707884781 300 490
1584707887051 300 491
1584707889354 300 492
1584707891708 300 493
1584707893988 300 494
1584707896317 300 495
1584707898603 300 496
1584707900870 300 497
1584707903151 300 498
1584707905510 300 499
1584707907781 300 500
1584707910121 300 501
1584707912554 300 502
1584707914893 300 503
1584707917182 300 504
1584707919491 300 505
1584707921797 300 506
1584707924071 300 507
1584707926346 300 508
1584707928634 300 509
1584707930871 300 510
1584707933195 300 511
1584707935527 300 512
1584707937792 300 513
1584707940056 300 514
1584707942555 300 515
1584707944814 300 516
1584707947074 300 517
1584707949331 300 518
1584707951595 300 519
1584707953853 300 520
1584707956123 300 521
1584707958408 300 522
1584707960692 300 523
1584707962978 300 524
1584707965248 300 525
1584707967571 300 526
1584707969847 300 527
1584707972203 300 528
1584707975038 300 529
1584707977371 300 530
1584707979657 300 531
1584707981968 300 532
1584707984209 300 533
1584707986460 300 534
1584707988746 300 535
1584707991157 300 536
1584707993425 300 537
1584707995696 300 538
1584707997997 300 539
1584708000246 300 540
1584708002597 300 541
1584708004885 300 542
1584708007180 300 543
1584708009505 300 544
1584708011823 300 545
1584708014122 300 546
1584708016421 300 547
1584708018672 300 548
1584708020931 300 549
1584708023234 300 550
1584708025588 300 551
1584708027894 300 552
1584708030168 300 553
1584708032519 300 554
1584708035161 300 555
1584708038008 300 556
1584708040390 300 557
1584708042895 300 558
1584708045266 300 559
1584708047584 300 560
1584708049865 300 561
1584708052190 300 562
1584708055421 300 563
1584708057824 300 564
1584708060227 300 565
1584708062528 300 566
1584708064814 300 567
1584708067096 300 568
1584708069421 300 569
1584708071689 300 570
1584708073990 300 571
1584708076250 300 572
1584708078527 300 573
1584708080781 300 574
1584708083046 300 575
1584708085296 300 576
1584708087579 300 577
1584708089841 300 578
1584708092127 300 579
1584708094469 300 580
1584708096727 300 581
1584708099035 300 582
1584708101307 300 583
1584708103614 300 584
1584708105895 300 585
1584708108154 300 586
1584708110435 300 587
1584708112717 300 588
1584708115010 300 589
1584708117308 300 590
1584708119586 300 591
1584708121858 300 592
1584708124150 300 593
1584708126457 300 594
1584708128810 300 595
1584708131103 300 596
1584708133400 300 597
1584708135896 300 598
1584708138176 300 599
1584708140493 300 600
1584708142850 300 601
1584708145142 300 602
1584708147399 300 603
1584708149672 300 604
1584708151943 300 605
1584708154305 300 606
1584708156558 300 607
1584708158832 300 608
1584708161112 300 609
1584708163372 300 610
1584708165656 300 611
1584708167908 300 612
1584708170187 300 613
1584708172496 300 614
1584708174800 300 615
1584708177089 300 616
1584708179366 300 617
1584708181631 300 618
1584708183943 300 619
1584708186236 300 620
1584708188525 300 621
1584708190809 300 622
1584708193110 300 623
1584708195461 300 624
1584708197718 300 625
1584708200054 300 626
1584708202729 300 627
1584708205038 300 628
1584708207393 300 629
1584708209651 300 630
1584708211921 300 631
1584708214312 300 632
1584708216629 300 633
1584708218906 300 634
1584708221197 300 635
1584708223496 300 636
1584708225791 300 637
1584708228051 300 638
1584708230358 300 639
1584708232842 300 640
1584708235157 300 641
1584708237450 300 642
1584708239718 300 643
1584708241991 300 644
1584708244261 300 645
1584708246577 300 646
1584708248835 300 647
1584708251131 300 648
1584708253416 300 649
1584708255730 300 650
1584708258386 300 651
1584708260656 300 652
1584708263014 300 653
1584708265372 300 654
1584708267644 300 655
1584708269930 300 656
1584708272212 300 657
1584708274601 300 658
1584708276881 300 659
1584708279143 300 660
1584708281421 300 661
1584708283694 300 662
1584708286000 300 663
1584708288315 300 664
1584708290595 300 665
1584708292990 300 666
1584708295254 300 667
1584708297629 300 668
1584708299972 300 669
1584708302326 300 670
1584708304763 300 671
1584708307363 300 672
1584708309631 300 673
1584708311954 300 674
1584708314275 300 675
1584708316834 300 676
1584708319386 300 677
1584708321793 300 678
1584708324399 300 679
1584708326738 300 680
1584708329228 300 681
1584708331544 300 682
1584708333889 300 683
1584708336194 300 684
1584708339278 300 685
1584708341686 300 686
1584708344186 300 687
1584708346606 300 688
1584708349272 300 689
1584708352040 300 690
1584708354543 300 691
1584708357442 300 692
1584708360158 300 693
1584708363110 300 694
1584708365540 300 695
1584708367939 300 696
1584708370259 300 697
1584708372571 300 698
1584708374879 300 699
1584708377194 300 700
1584708379585 300 701
1584708382356 300 702
1584708385334 300 703
1584708387768 300 704
1584708390841 300 705
1584708393373 300 706
1584708396819 300 707
1584708399144 300 708
1584708401473 300 709
1584708403782 300 710
1584708406079 300 711
1584708408383 300 712
1584708410746 300 713
1584708413095 300 714
1584708415450 300 715
1584708417758 300 716
1584708420075 300 717
1584708422381 300 718
1584708424863 300 719
1584708427178 300 720
1584708429487 300 721
1584708431799 300 722
1584708434144 300 723
1584708436469 300 724
1584708438768 300 725
1584708441054 300 726
1584708443957 300 727
1584708447599 300 728
1584708450069 300 729
1584708452547 300 730
1584708455022 300 731
1584708457363 300 732
1584708459829 300 733
1584708463091 300 734
1584708466770 300 735
1584708469574 300 736
1584708472635 300 737
1584708474997 300 738
1584708477384 300 739
1584708479772 300 740
1584708482109 300 741
1584708484398 300 742
1584708486798 300 743
1584708489156 300 744
1584708491491 300 745
1584708493798 300 746
1584708496150 300 747
1584708498487 300 748
1584708500792 300 749
1584708503128 300 750
1584708505483 300 751
1584708508052 300 752
1584708510378 300 753
1584708512719 300 754
1584708515047 300 755
1584708517460 300 756
1584708519724 300 757
1584708522223 300 758
1584708524544 300 759
1584708526850 300 760
1584708529146 300 761
1584708531435 300 762
1584708533750 300 763
1584708536043 300 764
1584708538350 300 765
1584708540634 300 766
1584708542953 300 767
1584708545253 300 768
1584708547520 300 769
1584708549798 300 770
1584708552100 300 771
1584708554418 300 772
1584708556685 300 773
1584708558968 300 774
1584708561249 300 775
1584708563551 300 776
1584708565846 300 777
1584708568154 300 778
1584708570501 300 779
1584708573039 300 780
1584708575379 300 781
1584708577720 300 782
1584708580050 300 783
1584708582389 300 784
1584708584674 300 785
1584708586990 300 786
1584708589310 300 787
1584708591581 300 788
1584708593938 300 789
1584708596240 300 790
1584708598567 300 791
1584708600841 300 792
1584708603157 300 793
1584708605454 300 794
1584708607794 300 795
1584708610055 300 796
1584708612404 300 797
1584708614719 300 798
1584708616993 300 799
1584708619429 300 800
1584708621926 300 801
1584708624263 300 802
1584708626879 300 803
1584708629310 300 804
1584708631709 300 805
1584708634124 300 806
1584708636413 300 807
1584708638673 300 808
1584708641025 300 809
1584708643401 300 810
1584708645695 300 811
1584708647972 300 812
1584708650320 300 813
1584708652684 300 814
1584708655019 300 815
1584708657288 300 816
1584708659564 300 817
1584708661835 300 818
1584708664155 300 819
1584708666449 300 820
1584708668724 300 821
1584708670997 300 822
1584708673281 300 823
1584708675603 300 824
1584708677886 300 825
1584708680211 300 826
1584708682475 300 827
1584708684751 300 828
1584708687038 300 829
1584708689386 300 830
1584708691674 300 831
1584708694048 300 832
1584708696334 300 833
1584708698624 300 834
1584708700881 300 835
1584708703153 300 836
1584708705444 300 837
1584708707722 300 838
1584708710051 300 839
1584708712347 300 840
1584708714764 300 841
1584708717045 300 842
1584708719369 300 843
1584708721686 300 844
1584708724001 300 845
1584708726296 300 846
1584708728564 300 847
1584708730836 300 848
1584708733117 300 849
1584708735382 300 850
1584708737648 300 851
1584708739949 300 852
1584708742241 300 853
1584708744578 300 854
1584708746898 300 855
1584708749172 300 856
1584708751474 300 857
1584708753913 300 858
1584708756207 300 859
1584708758501 300 860
1584708760798 300 861
1584708763072 300 862
1584708765354 300 863
1584708767633 300 864
1584708769925 300 865
1584708772168 300 866
1584708774484 300 867
1584708776872 300 868
1584708779162 300 869
1584708781449 300 870
1584708783775 300 871
1584708786049 300 872
1584708788350 300 873
1584708790609 300 874
1584708792879 300 875
1584708795143 300 876
1584708797433 300 877
1584708799712 300 878
1584708802033 300 879
1584708804306 300 880
1584708806616 300 881
1584708808865 300 882
1584708811356 300 883
1584708813733 300 884
1584708815993 300 885
1584708818249 300 886
1584708820514 300 887
1584708822817 300 888
1584708825105 300 889
1584708827408 300 890
1584708829900 300 891
1584708832195 300 892
1584708834503 300 893
1584708836822 300 894
1584708839095 300 895
1584708841450 300 896
1584708843723 300 897
1584708845974 300 898
1584708848223 300 899
1584708850536 300 900
1584708852895 300 901
1584708855196 300 902
1584708857506 300 903
1584708859757 300 904
1584708862051 300 905
1584708864331 300 906
1584708866619 300 907
1584708868893 300 908
1584708871196 300 909
1584708874085 300 910
1584708876355 300 911
1584708878655 300 912
1584708880928 300 913
1584708883942 300 914
1584708886250 300 915
1584708888543 300 916
1584708890817 300 917
1584708893182 300 918
1584708895527 300 919
1584708897803 300 920
1584708900068 300 921
1584708902424 300 922
1584708904704 300 923
1584708907010 300 924
1584708909439 300 925
1584708911703 300 926
1584708913971 300 927
1584708916280 300 928
1584708918571 300 929
1584708920845 300 930
1584708923144 300 931
1584708925427 300 932
1584708927717 300 933
1584708929999 300 934
1584708932279 300 935
1584708934720 300 936
1584708937025 300 937
1584708939412 300 938
1584708941667 300 939
1584708943997 300 940
1584708946322 300 941
1584708948625 300 942
1584708950891 300 943
1584708953211 300 944
1584708955505 300 945
1584708957750 300 946
1584708960011 300 947
1584708962264 300 948
1584708964572 300 949
1584708966828 300 950
1584708969146 300 951
1584708971440 300 952
1584708973731 300 953
1584708976024 300 954
1584708978334 300 955
1584708980601 300 956
1584708982858 300 957
1584708985171 300 958
1584708987461 300 959
1584708989760 300 960
1584708992033 300 961
1584708994394 300 962
1584708996654 300 963
1584708998969 300 964
1584709001244 300 965
1584709003628 300 966
1584709006073 300 967
1584709008342 300 968
1584709010610 300 969
1584709012885 300 970
1584709015167 300 971
1584709017443 300 972
1584709019708 300 973
1584709022014 300 974
1584709024293 300 975
1584709026570 300 976
1584709028838 300 977
1584709031094 300 978
1584709033398 300 979
1584709035742 300 980
1584709037996 300 981
1584709040257 300 982
1584709042534 300 983
1584709044840 300 984
1584709047192 300 985
1584709049490 300 986
1584709051880 300 987
1584709054409 300 988
1584709056676 300 989
1584709058930 300 990
1584709061225 300 991
1584709063509 300 992
1584709065847 300 993
1584709068113 300 994
1584709070381 300 995
1584709072689 300 996
1584709074991 300 997
1584709077269 300 998
1584709079524 300 999
1584709081825 300 1000
1584709084243 300 1001
1584709086496 300 1002
1584709088763 300 1003
1584709091055 300 1004
1584709093366 300 1005
1584709095686 300 1006
1584709097943 300 1007
1584709100328 300 1008
1584709102751 300 1009
1584709105030 300 1010
1584709107535 300 1011
1584709109838 300 1012
1584709112159 300 1013
1584709114567 300 1014
1584709117088 300 1015
1584709119563 300 1016
1584709122138 300 1017
1584709124430 300 1018
1584709126714 300 1019
1584709128988 300 1020
1584709131314 300 1021
1584709133672 300 1022
1584709135966 300 1023
1584709138274 300 1024
1584709140539 300 1025
1584709142825 300 1026
1584709145103 300 1027
1584709147385 300 1028
1584709149668 300 1029
1584709151959 300 1030
1584709154264 300 1031
1584709156543 300 1032
1584709158819 300 1033
1584709161110 300 1034
1584709163449 300 1035
1584709165713 300 1036
1584709167980 300 1037
1584709170254 300 1038
1584709172580 300 1039
1584709174868 300 1040
1584709177153 300 1041
1584709179406 300 1042
1584709181681 300 1043
1584709183943 300 1044
1584709186247 300 1045
1584709188464 300 1046
1584709190674 300 1047
1584709192932 300 1048
1584709195254 300 1049
1584709197540 300 1050
1584709199789 300 1051
1584709202147 300 1052
1584709204562 300 1053
1584709206827 300 1054
1584709209110 300 1055
1584709211414 300 1056
1584709213673 300 1057
1584709215939 300 1058
1584709218247 300 1059
1584709220530 300 1060
1584709222787 300 1061
1584709225122 300 1062
1584709227480 300 1063
1584709229785 300 1064
1584709232069 300 1065
1584709235111 300 1066
1584709237404 300 1067
1584709239690 300 1068
1584709241973 300 1069
1584709244331 300 1070
1584709246684 300 1071
1584709249002 300 1072
1584709251337 300 1073
1584709253700 300 1074
1584709255952 300 1075
1584709258247 300 1076
1584709260528 300 1077
1584709262830 300 1078
1584709265198 300 1079
1584709267511 300 1080
1584709269747 300 1081
1584709272015 300 1082
1584709274323 300 1083
1584709276583 300 1084
1584709278856 300 1085
1584709281135 300 1086
1584709283453 300 1087
1584709285715 300 1088
1584709287976 300 1089
1584709290286 300 1090
1584709292652 300 1091
1584709295040 300 1092
1584709297302 300 1093
1584709299806 300 1094
1584709302062 300 1095
1584709304359 300 1096
1584709306636 300 1097
1584709308902 300 1098
1584709311195 300 1099
1584709313508 300 1100
1584709315884 300 1101
1584709318151 300 1102
1584709320466 300 1103
1584709322774 300 1104
1584709325059 300 1105
1584709327336 300 1106
1584709329638 300 1107
1584709331926 300 1108
1584709334216 300 1109
1584709336501 300 1110
1584709338772 300 1111
1584709341016 300 1112
1584709343278 300 1113
1584709345554 300 1114
1584709347829 300 1115
1584709350092 300 1116
1584709352363 300 1117
1584709354688 300 1118
1584709356969 300 1119
1584709359242 300 1120
1584709361582 300 1121
1584709363845 300 1122
1584709366161 300 1123
1584709368471 300 1124
1584709370761 300 1125
1584709373055 300 1126
1584709375360 300 1127
1584709377615 300 1128
1584709379903 300 1129
1584709382193 300 1130
1584709384490 300 1131
1584709386774 300 1132
1584709389070 300 1133
1584709391450 300 1134
1584709393747 300 1135
1584709396203 300 1136
1584709398756 300 1137
1584709402382 300 1138
1584709404763 300 1139
1584709407364 300 1140
1584709409892 300 1141
1584709412195 300 1142
1584709414633 300 1143
1584709416921 300 1144
1584709419185 300 1145
1584709421473 300 1146
1584709423777 300 1147
1584709426079 300 1148
1584709428399 300 1149
1584709430688 300 1150
1584709433367 300 1151
1584709435723 300 1152
1584709438142 300 1153
1584709440577 300 1154
1584709442901 300 1155
1584709445214 300 1156
1584709447524 300 1157
1584709449792 300 1158
1584709452094 300 1159
1584709454369 300 1160
1584709456690 300 1161
1584709458992 300 1162
1584709461275 300 1163
1584709463573 300 1164
1584709465848 300 1165
1584709468116 300 1166
1584709470403 300 1167
1584709472828 300 1168
1584709475121 300 1169
1584709477417 300 1170
1584709479698 300 1171
1584709481966 300 1172
1584709484275 300 1173
1584709486595 300 1174
1584709488883 300 1175
1584709491180 300 1176
1584709493729 300 1177
1584709496071 300 1178
1584709498384 300 1179
1584709500692 300 1180
1584709502991 300 1181
1584709505294 300 1182
1584709507593 300 1183
1584709509860 300 1184
1584709512164 300 1185
1584709514448 300 1186
1584709516746 300 1187
1584709519075 300 1188
1584709521334 300 1189
1584709523576 300 1190
1584709525839 300 1191
1584709528142 300 1192
1584709530414 300 1193
1584709532704 300 1194
1584709535068 300 1195
1584709537355 300 1196
1584709539629 300 1197
1584709541926 300 1198
1584709544296 300 1199
1584709546582 300 1200
1584709548936 300 1201
1584709551233 300 1202
1584709553553 300 1203
1584709555839 300 1204
1584709558123 300 1205
1584709560406 300 1206
1584709562678 300 1207
1584709564902 300 1208
1584709567127 300 1209
1584709569372 300 1210
1584709571643 300 1211
1584709573914 300 1212
1584709576220 300 1213
1584709578508 300 1214
1584709580790 300 1215
1584709583095 300 1216
1584709585439 300 1217
1584709587731 300 1218
1584709590225 300 1219
1584709592639 300 1220
1584709595148 300 1221
1584709597415 300 1222
1584709599886 300 1223
1584709602180 300 1224
1584709604462 300 1225
1584709606715 300 1226
1584709609007 300 1227
1584709611305 300 1228
1584709613614 300 1229
1584709615939 300 1230
1584709618230 300 1231
1584709620537 300 1232
1584709622840 300 1233
1584709625152 300 1234
1584709627424 300 1235
1584709629680 300 1236
1584709631980 300 1237
1584709634261 300 1238
1584709636553 300 1239
1584709638865 300 1240
1584709641198 300 1241
1584709643500 300 1242
1584709645806 300 1243
1584709648090 300 1244
1584709650428 300 1245
1584709652697 300 1246
1584709654981 300 1247
1584709657239 300 1248
1584709659534 300 1249
1584709661823 300 1250
1584709664141 300 1251
1584709666416 300 1252
1584709668656 300 1253
1584709670936 300 1254
1584709673233 300 1255
1584709675541 300 1256
1584709677797 300 1257
1584709680065 300 1258
1584709682394 300 1259
1584709684678 300 1260
1584709687161 300 1261
1584709689448 300 1262
1584709691735 300 1263
1584709694018 300 1264
1584709696279 300 1265
1584709698546 300 1266
1584709700801 300 1267
1584709703076 300 1268
1584709705372 300 1269
1584709707633 300 1270
1584709709922 300 1271
1584709712230 300 1272
1584709714537 300 1273
1584709716882 300 1274
1584709719176 300 1275
1584709721467 300 1276
1584709723727 300 1277
1584709725989 300 1278
1584709728279 300 1279
1584709730539 300 1280
1584709732806 300 1281
1584709735129 300 1282
1584709737411 300 1283
1584709739691 300 1284
1584709741994 300 1285
1584709744274 300 1286
1584709746574 300 1287
1584709748891 300 1288
1584709751366 300 1289
1584709753679 300 1290
1584709755966 300 1291
1584709758293 300 1292
1584709760597 300 1293
1584709762864 300 1294
1584709765144 300 1295
1584709767434 300 1296
1584709769732 300 1297
1584709772000 300 1298
1584709774352 300 1299
1584709776665 300 1300
1584709779046 300 1301
1584709781908 300 1302
1584709784503 300 1303
1584709786784 300 1304
1584709789075 300 1305
1584709791379 300 1306
1584709793659 300 1307
1584709795945 300 1308
1584709798225 300 1309
1584709800481 300 1310
1584709802758 300 1311
1584709805043 300 1312
1584709807323 300 1313
1584709809652 300 1314
1584709811935 300 1315
1584709814228 300 1316
1584709816492 300 1317
1584709818761 300 1318
1584709821030 300 1319
1584709823313 300 1320
1584709825651 300 1321
1584709828585 300 1322
1584709830992 300 1323
1584709833397 300 1324
1584709835759 300 1325
1584709838066 300 1326
1584709840406 300 1327
1584709842729 300 1328
1584709845138 300 1329
1584709847462 300 1330
1584709849713 300 1331
1584709852024 300 1332
1584709854348 300 1333
1584709856695 300 1334
1584709859615 300 1335
1584709861946 300 1336
1584709864221 300 1337
1584709866537 300 1338
1584709868821 300 1339
1584709871121 300 1340
1584709873461 300 1341
1584709875743 300 1342
1584709878027 300 1343
1584709880503 300 1344
1584709882753 300 1345
1584709885035 300 1346
1584709887310 300 1347
1584709889614 300 1348
1584709891937 300 1349
1584709894294 300 1350
1584709896561 300 1351
1584709898831 300 1352
1584709901125 300 1353
1584709903410 300 1354
1584709905668 300 1355
1584709907923 300 1356
1584709910243 300 1357
1584709912533 300 1358
1584709914852 300 1359
1584709917114 300 1360
1584709919404 300 1361
1584709921685 300 1362
1584709923961 300 1363
1584709926216 300 1364
1584709928528 300 1365
1584709930818 300 1366
1584709933104 300 1367
1584709935417 300 1368
1584709937740 300 1369
1584709940060 300 1370
1584709942362 300 1371
1584709944651 300 1372
1584709946986 300 1373
1584709949268 300 1374
1584709951601 300 1375
1584709954549 300 1376
1584709956842 300 1377
1584709959127 300 1378
1584709961446 300 1379
1584709963712 300 1380
1584709966022 300 1381
1584709968363 300 1382
1584709970687 300 1383
1584709972966 300 1384
1584709975358 300 1385
1584709977784 300 1386
1584709980088 300 1387
1584709982451 300 1388
1584709984753 300 1389
1584709987049 300 1390
1584709989352 300 1391
1584709991632 300 1392
1584709993904 300 1393
1584709996209 300 1394
1584709998521 300 1395
1584710000820 300 1396
1584710003116 300 1397
1584710005377 300 1398
1584710007739 300 1399
1584710010003 300 1400
1584710012452 300 1401
1584710014831 300 1402
1584710017145 300 1403
1584710019460 300 1404
1584710021720 300 1405
1584710024004 300 1406
1584710026266 300 1407
1584710028560 300 1408
1584710030809 300 1409
1584710033172 300 1410
1584710035433 300 1411
1584710037740 300 1412
1584710040046 300 1413
1584710042358 300 1414
1584710044638 300 1415
1584710046938 300 1416
1584710049239 300 1417
1584710051530 300 1418
1584710053795 300 1419
1584710056062 300 1420
1584710058337 300 1421
1584710060561 300 1422
1584710062849 300 1423
1584710065155 300 1424
1584710067469 300 1425
1584710069778 300 1426
1584710072135 300 1427
1584710074636 300 1428
1584710076889 300 1429
1584710079210 300 1430
1584710081517 300 1431
1584710083797 300 1432
1584710086082 300 1433
1584710088467 300 1434
1584710090748 300 1435
1584710093029 300 1436
1584710095330 300 1437
1584710097640 300 1438
1584710099927 300 1439
1584710102192 300 1440
1584710104537 300 1441
1584710106812 300 1442
1584710109109 300 1443
1584710111421 300 1444
1584710113719 300 1445
1584710116024 300 1446
1584710118344 300 1447
1584710120627 300 1448
1584710122921 300 1449
1584710125490 300 1450
1584710127774 300 1451
1584710130058 300 1452
1584710132406 300 1453
1584710135055 300 1454
1584710137655 300 1455
1584710140039 300 1456
1584710142473 300 1457
1584710144823 300 1458
1584710147170 300 1459
1584710149477 300 1460
1584710151800 300 1461
1584710154164 300 1462
1584710156480 300 1463
1584710158758 300 1464
1584710161042 300 1465
1584710163415 300 1466
1584710165698 300 1467
1584710167963 300 1468
1584710170443 300 1469
1584710172716 300 1470
1584710175004 300 1471
1584710177305 300 1472
1584710179611 300 1473
1584710181867 300 1474
1584710184189 300 1475
1584710186487 300 1476
1584710188769 300 1477
1584710191038 300 1478
1584710193435 300 1479
1584710195736 300 1480
1584710198011 300 1481
1584710200389 300 1482
1584710202694 300 1483
1584710205012 300 1484
1584710207320 300 1485
1584710209616 300 1486
1584710211897 300 1487
1584710214220 300 1488
1584710216534 300 1489
1584710218817 300 1490
1584710221110 300 1491
1584710223421 300 1492
1584710225720 300 1493
1584710228003 300 1494
1584710230355 300 1495
1584710232617 300 1496
1584710234917 300 1497
1584710237212 300 1498
1584710239530 300 1499
1584710241819 300 1500
1584710244200 300 1501
1584710246542 300 1502
1584710248830 300 1503
1584710251165 300 1504
1584710253504 300 1505
1584710255764 300 1506
1584710258090 300 1507
1584710260437 300 1508
1584710262737 300 1509
1584710265081 300 1510
1584710267679 300 1511
1584710270022 300 1512
1584710272359 300 1513
1584710274711 300 1514
1584710277015 300 1515
1584710279311 300 1516
1584710281642 300 1517
1584710283982 300 1518
1584710286293 300 1519
1584710288583 300 1520
1584710290851 300 1521
1584710293147 300 1522
1584710295446 300 1523
1584710297861 300 1524
1584710300180 300 1525
1584710302452 300 1526
1584710304738 300 1527
1584710307050 300 1528
1584710309377 300 1529
1584710311673 300 1530
1584710314052 300 1531
1584710316361 300 1532
1584710318679 300 1533
1584710320983 300 1534
1584710323307 300 1535
1584710325613 300 1536
1584710327938 300 1537
1584710330232 300 1538
1584710332576 300 1539
1584710334887 300 1540
1584710337179 300 1541
1584710339481 300 1542
1584710341782 300 1543
1584710344070 300 1544
1584710346366 300 1545
1584710348673 300 1546
1584710351003 300 1547
1584710353307 300 1548
1584710355606 300 1549
1584710357900 300 1550
1584710360191 300 1551
1584710362635 300 1552
1584710364984 300 1553
1584710367268 300 1554
1584710370020 300 1555
1584710372325 300 1556
1584710374734 300 1557
1584710377049 300 1558
1584710379336 300 1559
1584710381649 300 1560
1584710383987 300 1561
1584710386317 300 1562
1584710388608 300 1563
1584710390872 300 1564
1584710393189 300 1565
1584710395540 300 1566
1584710397817 300 1567
1584710400137 300 1568
1584710402455 300 1569
1584710404776 300 1570
1584710407047 300 1571
1584710409339 300 1572
1584710411652 300 1573
1584710413980 300 1574
1584710416298 300 1575
1584710418614 300 1576
1584710420900 300 1577
1584710423241 300 1578
1584710425567 300 1579
1584710427863 300 1580
1584710430139 300 1581
1584710432415 300 1582
1584710434797 300 1583
1584710437121 300 1584
1584710439400 300 1585
1584710441675 300 1586
1584710443951 300 1587
1584710446323 300 1588
1584710448628 300 1589
1584710450899 300 1590
1584710453194 300 1591
1584710455604 300 1592
1584710457906 300 1593
1584710460452 300 1594
1584710463073 300 1595
1584710465384 300 1596
1584710467699 300 1597
1584710470028 300 1598
1584710472507 300 1599
1584710474930 300 1600
1584710477334 300 1601
1584710479649 300 1602
1584710481963 300 1603
1584710484236 300 1604
1584710486547 300 1605
1584710488846 300 1606
1584710491259 300 1607
1584710493689 300 1608
1584710496008 300 1609
1584710498330 300 1610
1584710500613 300 1611
1584710502880 300 1612
1584710505178 300 1613
1584710507499 300 1614
1584710509828 300 1615
1584710512113 300 1616
1584710514451 300 1617
1584710516749 300 1618
1584710519052 300 1619
1584710521402 300 1620
1584710523704 300 1621
1584710526056 300 1622
1584710528468 300 1623
1584710530802 300 1624
1584710533092 300 1625
1584710535400 300 1626
1584710537681 300 1627
1584710539982 300 1628
1584710542259 300 1629
1584710544555 300 1630
1584710546855 300 1631
1584710549138 300 1632
1584710551503 300 1633
1584710553912 300 1634
1584710556425 300 1635
1584710558701 300 1636
1584710561003 300 1637
1584710563304 300 1638
1584710565595 300 1639
1584710567875 300 1640
1584710570172 300 1641
1584710572474 300 1642
1584710574788 300 1643
1584710577142 300 1644
1584710579430 300 1645
1584710581732 300 1646
1584710584069 300 1647
1584710586423 300 1648
1584710588694 300 1649
1584710590973 300 1650
1584710593280 300 1651
1584710595604 300 1652
1584710597891 300 1653
1584710600196 300 1654
1584710602515 300 1655
1584710604799 300 1656
1584710607099 300 1657
1584710609417 300 1658
1584710611723 300 1659
1584710614121 300 1660
1584710616492 300 1661
1584710618739 300 1662
1584710621028 300 1663
1584710623331 300 1664
1584710625649 300 1665
1584710627950 300 1666
1584710630234 300 1667
1584710632584 300 1668
1584710635233 300 1669
1584710637833 300 1670
1584710640516 300 1671
1584710642832 300 1672
1584710645160 300 1673
1584710647541 300 1674
1584710649802 300 1675
1584710652225 300 1676
1584710654627 300 1677
1584710656927 300 1678
1584710659259 300 1679
1584710661547 300 1680
1584710663817 300 1681
1584710666120 300 1682
1584710668448 300 1683
1584710670724 300 1684
1584710673068 300 1685
1584710675412 300 1686
1584710677702 300 1687
1584710679963 300 1688
1584710682289 300 1689
1584710684634 300 1690
1584710686910 300 1691
1584710689201 300 1692
1584710691780 300 1693
1584710694176 300 1694
1584710696483 300 1695
1584710698834 300 1696
1584710701180 300 1697
1584710703551 300 1698
1584710705824 300 1699
1584710708132 300 1700
1584710710565 300 1701
1584710712883 300 1702
1584710715190 300 1703
1584710717515 300 1704
1584710719809 300 1705
1584710722087 300 1706
1584710724367 300 1707
1584710726673 300 1708
1584710728995 300 1709
1584710731290 300 1710
1584710733689 300 1711
1584710736001 300 1712
1584710738321 300 1713
1584710740634 300 1714
1584710742957 300 1715
1584710745336 300 1716
1584710747730 300 1717
1584710750333 300 1718
1584710752711 300 1719
1584710755111 300 1720
1584710757443 300 1721
1584710759775 300 1722
1584710762099 300 1723
1584710764403 300 1724
1584710766720 300 1725
1584710768985 300 1726
1584710771256 300 1727
1584710773563 300 1728
1584710775921 300 1729
1584710778238 300 1730
1584710780624 300 1731
1584710782921 300 1732
1584710785196 300 1733
1584710787483 300 1734
1584710789787 300 1735
1584710792089 300 1736
1584710794437 300 1737
1584710796747 300 1738
1584710799000 300 1739
1584710801309 300 1740
1584710803611 300 1741
1584710805890 300 1742
1584710808432 300 1743
1584710810742 300 1744
1584710813038 300 1745
1584710815376 300 1746
1584710817727 300 1747
1584710820027 300 1748
1584710822351 300 1749
1584710824654 300 1750
1584710826938 300 1751
1584710829213 300 1752
1584710831500 300 1753
1584710833795 300 1754
1584710836096 300 1755
1584710838408 300 1756
1584710840765 300 1757
1584710843083 300 1758
1584710845539 300 1759
1584710848000 300 1760
1584710850366 300 1761
1584710852807 300 1762
1584710855294 300 1763
1584710857632 300 1764
1584710859941 300 1765
1584710862296 300 1766
1584710864625 300 1767
1584710866957 300 1768
1584710869265 300 1769
1584710871611 300 1770
1584710873938 300 1771
1584710876380 300 1772
1584710878730 300 1773
1584710881080 300 1774
1584710883478 300 1775
1584710885788 300 1776
1584710888136 300 1777
1584710890486 300 1778
1584710892814 300 1779
1584710895124 300 1780
1584710897469 300 1781
1584710899757 300 1782
1584710902081 300 1783
1584710904430 300 1784
1584710906823 300 1785
1584710909145 300 1786
1584710911476 300 1787
1584710913880 300 1788
1584710916245 300 1789
1584710918601 300 1790
1584710920931 300 1791
1584710923283 300 1792
1584710925618 300 1793
1584710927934 300 1794
1584710930247 300 1795
1584710932575 300 1796
1584710934866 300 1797
1584710937267 300 1798
1584710939602 300 1799
1584710942079 300 1800
1584710944776 300 1801
1584710947102 300 1802
1584710949463 300 1803
1584710951782 300 1804
1584710954090 300 1805
1584710956380 300 1806
1584710958720 300 1807
1584710960999 300 1808
1584710963320 300 1809
1584710965622 300 1810
1584710967947 300 1811
1584710970770 300 1812
1584710973163 300 1813
1584710975516 300 1814
1584710977854 300 1815
1584710980904 300 1816
1584710983238 300 1817
1584710985589 300 1818
1584710987937 300 1819
1584710990288 300 1820
1584710992575 300 1821
1584710994924 300 1822
1584710997247 300 1823
1584710999685 300 1824
1584711002041 300 1825
1584711004452 300 1826
1584711006799 300 1827
1584711009120 300 1828
1584711011490 300 1829
1584711013848 300 1830
1584711016180 300 1831
1584711018494 300 1832
1584711020812 300 1833
1584711023140 300 1834
1584711025446 300 1835
1584711027781 300 1836
1584711030102 300 1837
1584711032465 300 1838
1584711034892 300 1839
1584711037245 300 1840
1584711039797 300 1841
1584711042085 300 1842
1584711044411 300 1843
1584711046812 300 1844
1584711049142 300 1845
1584711051484 300 1846
1584711053779 300 1847
1584711056210 300 1848
1584711058513 300 1849
1584711060848 300 1850
1584711063181 300 1851
1584711065533 300 1852
1584711067817 300 1853
1584711070201 300 1854
1584711072566 300 1855
1584711074876 300 1856
1584711077173 300 1857
1584711079511 300 1858
1584711081809 300 1859
1584711084156 300 1860
1584711086440 300 1861
1584711088732 300 1862
1584711091081 300 1863
1584711093498 300 1864
1584711095843 300 1865
1584711098177 300 1866
1584711100480 300 1867
1584711102766 300 1868
1584711105069 300 1869
1584711107356 300 1870
1584711109650 300 1871
1584711111932 300 1872
1584711114219 300 1873
1584711116564 300 1874
1584711118875 300 1875
1584711121154 300 1876
1584711123459 300 1877
1584711125807 300 1878
1584711128122 300 1879
1584711130447 300 1880
1584711132733 300 1881
1584711135082 300 1882
1584711137568 300 1883
1584711139859 300 1884
1584711142149 300 1885
1584711144607 300 1886
1584711146881 300 1887
1584711149178 300 1888
1584711151484 300 1889
1584711154044 300 1890
1584711156562 300 1891
1584711159036 300 1892
1584711161345 300 1893
1584711163664 300 1894
1584711166014 300 1895
1584711168393 300 1896
1584711170681 300 1897
1584711172953 300 1898
1584711175217 300 1899
1584711177528 300 1900
1584711179946 300 1901
1584711182264 300 1902
1584711184606 300 1903
1584711186914 300 1904
1584711189212 300 1905
1584711191552 300 1906
1584711193866 300 1907
1584711196173 300 1908
1584711198587 300 1909
1584711200886 300 1910
1584711203178 300 1911
1584711205471 300 1912
1584711207755 300 1913
1584711210085 300 1914
1584711212397 300 1915
1584711214705 300 1916
1584711217020 300 1917
1584711219288 300 1918
1584711221616 300 1919
1584711223905 300 1920
1584711226171 300 1921
1584711228528 300 1922
1584711230785 300 1923
1584711233204 300 1924
1584711235517 300 1925
1584711237805 300 1926
1584711240095 300 1927
1584711242398 300 1928
1584711244733 300 1929
1584711247043 300 1930
1584711249315 300 1931
1584711251666 300 1932
1584711253942 300 1933
1584711256245 300 1934
1584711258571 300 1935
1584711260858 300 1936
1584711263146 300 1937
1584711265439 300 1938
1584711267745 300 1939
1584711270022 300 1940
1584711272307 300 1941
1584711274628 300 1942
1584711276936 300 1943
1584711279215 300 1944
1584711281508 300 1945
1584711283802 300 1946
1584711286094 300 1947
1584711288360 300 1948
1584711290674 300 1949
1584711293050 300 1950
1584711295504 300 1951
1584711297840 300 1952
1584711300203 300 1953
1584711302570 300 1954
1584711304896 300 1955
1584711307209 300 1956
1584711309539 300 1957
1584711311830 300 1958
1584711314120 300 1959
1584711316421 300 1960
1584711318696 300 1961
1584711320955 300 1962
1584711323280 300 1963
1584711325649 300 1964
1584711327952 300 1965
1584711330412 300 1966
1584711332684 300 1967
1584711334989 300 1968
1584711337287 300 1969
1584711339597 300 1970
1584711341891 300 1971
1584711344246 300 1972
1584711346626 300 1973
1584711348918 300 1974
1584711351219 300 1975
1584711353526 300 1976
1584711355855 300 1977
1584711358143 300 1978
1584711360493 300 1979
1584711362820 300 1980
1584711365101 300 1981
1584711367425 300 1982
1584711370014 300 1983
1584711372348 300 1984
1584711374673 300 1985
1584711376970 300 1986
1584711379286 300 1987
1584711381581 300 1988
1584711383878 300 1989
1584711386174 300 1990
1584711388460 300 1991
1584711390798 300 1992
1584711393115 300 1993
1584711395439 300 1994
1584711397730 300 1995
1584711400007 300 1996
1584711402317 300 1997
1584711404608 300 1998
1584711406905 300 1999
1584711409181 300 2000
