1584706748342 -1.0 1
1584706750846 0.0 2
1584706753314 0.0 3
1584706755650 1.0 4
1584706757980 0.0 5
1584706760275 0.0 6
1584706762787 1.0 7
1584706765424 0.0 8
1584706767903 -1.0 9
1584706771231 1.0 10
1584706774292 -2.0 11
1584706777026 2.0 12
1584706780387 -1.0 13
1584706783365 0.0 14
1584706785746 -1.0 15
1584706788265 0.0 16
1584706790557 -2.0 17
1584706792830 0.0 18
1584706795087 0.0 19
1584706797363 0.0 20
1584706799608 0.0 21
1584706801913 1.0 22
1584706804199 0.0 23
1584706806471 -2.0 24
1584706808718 0.0 25
1584706811018 -2.0 26
1584706813295 0.0 27
1584706815577 1.0 28
1584706817849 1.0 29
1584706820102 0.0 30
1584706822361 -1.0 31
1584706824595 -1.0 32
1584706826867 0.0 33
1584706829131 0.0 34
1584706831419 0.0 35
1584706833692 -1.0 36
1584706835984 1.0 37
1584706838208 0.0 38
1584706840514 -2.0 39
1584706842856 -1.0 40
1584706845169 1.0 41
1584706847436 0.0 42
1584706849691 0.0 43
1584706852009 1.0 44
1584706854338 1.0 45
1584706856644 0.0 46
1584706858904 0.0 47
1584706861209 -1.0 48
1584706863497 0.0 49
1584706865744 -2.0 50
1584706868032 0.0 51
1584706870327 0.0 52
1584706872981 0.0 53
1584706875293 0.0 54
1584706877775 0.0 55
1584706880039 0.0 56
1584706882291 0.0 57
1584706884574 1.0 58
1584706886845 1.0 59
1584706889147 -3.0 60
1584706891437 1.0 61
1584706893798 -2.0 62
1584706896078 -1.0 63
1584706898371 -1.0 64
1584706900627 -1.0 65
1584706902877 0.0 66
1584706905132 -1.0 67
1584706907426 0.0 68
1584706909713 0.0 69
1584706911974 -1.0 70
1584706914262 0.0 71
1584706916551 -1.0 72
1584706918793 0.0 73
1584706921058 1.0 74
1584706923392 -1.0 75
1584706925655 0.0 76
1584706927958 0.0 77
1584706930224 0.0 78
1584706932516 1.0 79
1584706934882 1.0 80
1584706937161 0.0 81
1584706939478 -1.0 82
1584706941742 -2.0 83
1584706944021 -1.0 84
1584706946292 1.0 85
1584706948581 -2.0 86
1584706950816 0.0 87
1584706953155 0.0 88
1584706955469 1.0 89
1584706957747 0.0 90
1584706960016 -2.0 91
1584706962288 -4.0 92
1584706964550 -2.0 93
1584706966822 0.0 94
1584706969112 -1.0 95
1584706971377 0.0 96
1584706973798 1.0 97
1584706976135 -1.0 98
1584706978445 1.0 99
1584706980719 -1.0 100
1584706983051 -1.0 101
1584706985372 -1.0 102
1584706987867 1.0 103
1584706990135 0.0 104
1584706992416 0.0 105
1584706994664 -2.0 106
1584706996934 1.0 107
1584706999199 -2.0 108
1584707001437 1.0 109
1584707003695 1.0 110
1584707005984 1.0 111
1584707008255 2.0 112
1584707010513 2.0 113
1584707012790 -1.0 114
1584707015107 -1.0 115
1584707017374 0.0 116
1584707019655 -1.0 117
1584707022173 0.0 118
1584707024462 2.0 119
1584707026735 2.0 120
1584707029017 0.0 121
1584707031291 -1.0 122
1584707033562 2.0 123
1584707035886 1.0 124
1584707038178 0.0 125
1584707040447 0.0 126
1584707042680 1.0 127
1584707044949 0.0 128
1584707047206 1.0 129
1584707049464 -1.0 130
1584707051698 -1.0 131
1584707053977 1.0 132
1584707056227 0.0 133
1584707058489 0.0 134
1584707060767 2.0 135
1584707063005 1.0 136
1584707065324 0.0 137
1584707067613 0.0 138
1584707069957 -1.0 139
1584707072343 2.0 140
1584707074659 -1.0 141
1584707076945 0.0 142
1584707079240 -1.0 143
1584707081501 1.0 144
1584707083761 -1.0 145
1584707086019 0.0 146
1584707088280 1.0 147
1584707090527 -1.0 148
1584707092816 1.0 149
1584707095056 0.0 150
1584707097330 -2.0 151
1584707099589 -4.0 152
1584707102124 0.0 153
1584707104447 2.0 154
1584707106867 2.0 155
1584707109169 2.0 156
1584707111419 -3.0 157
1584707113716 -1.0 158
1584707116026 2.0 159
1584707118340 0.0 160
1584707120626 0.0 161
1584707122952 -1.0 162
1584707125234 0.0 163
1584707127548 2.0 164
1584707129837 -1.0 165
1584707132180 1.0 166
1584707135043 2.0 167
1584707137308 2.0 168
1584707139590 1.0 169
1584707141915 1.0 170
1584707144223 1.0 171
1584707146507 1.0 172
1584707148799 1.0 173
1584707151119 -1.0 174
1584707153426 2.0 175
1584707155646 1.0 176
1584707157886 0.0 177
1584707160163 -2.0 178
1584707163046 0.0 179
1584707165394 3.0 180
1584707167911 -1.0 181
1584707170361 0.0 182
1584707172623 2.0 183
1584707174908 2.0 184
1584707177158 0.0 185
1584707179464 -1.0 186
1584707182035 -1.0 187
1584707184439 0.0 188
1584707186794 0.0 189
1584707189286 1.0 190
1584707191712 0.0 191
1584707194729 -2.0 192
1584707196988 0.0 193
1584707199336 0.0 194
1584707201599 2.0 195
1584707203882 1.0 196
1584707206169 -1.0 197
1584707208411 1.0 198
1584707210671 0.0 199
1584707212978 0.0 200
1584707215337 0.0 201
1584707217588 2.0 202
1584707219868 3.0 203
1584707222133 -2.0 204
1584707224446 2.0 205
1584707226692 -1.0 206
1584707229021 0.0 207
1584707231295 0.0 208
1584707233599 -1.0 209
1584707235853 -1.0 210
1584707238107 2.0 211
1584707240364 1.0 212
1584707242664 2.0 213
1584707244911 -2.0 214
1584707247169 0.0 215
1584707249492 3.0 216
1584707251736 3.0 217
1584707254014 2.0 218
1584707256298 1.0 219
1584707258579 1.0 220
1584707260822 0.0 221
1584707263222 3.0 222
1584707265652 -1.0 223
1584707267917 -1.0 224
1584707270165 -1.0 225
1584707272392 2.0 226
1584707274685 -2.0 227
1584707276912 2.0 228
1584707279155 0.0 229
1584707281453 0.0 230
1584707283729 -1.0 231
1584707286000 0.0 232
1584707288490 1.0 233
1584707290745 -1.0 234
1584707293022 0.0 235
1584707295339 0.0 236
1584707297603 0.0 237
1584707299866 1.0 238
1584707302106 2.0 239
1584707304390 2.0 240
1584707306649 0.0 241
1584707308964 1.0 242
1584707311216 -1.0 243
1584707313589 0.0 244
1584707315846 0.0 245
1584707318089 0.0 246
1584707320359 -1.0 247
1584707322612 0.0 248
1584707324907 0.0 249
1584707327152 0.0 250
1584707329423 1.0 251
1584707331681 0.0 252
1584707333952 0.0 253
1584707336220 4.0 254
1584707338484 -1.0 255
1584707340733 1.0 256
1584707342999 -1.0 257
1584707345280 0.0 258
1584707347534 -1.0 259
1584707349785 -2.0 260
1584707352027 1.0 261
1584707354289 1.0 262
1584707356604 0.0 263
1584707358850 -1.0 264
1584707361302 -1.0 265
1584707363556 0.0 266
1584707365807 0.0 267
1584707368098 0.0 268
1584707370348 1.0 269
1584707372635 0.0 270
1584707374983 -1.0 271
1584707377261 2.0 272
1584707379525 1.0 273
1584707381775 1.0 274
1584707384073 1.0 275
1584707386343 2.0 276
1584707388566 3.0 277
1584707390824 3.0 278
1584707393133 2.0 279
1584707395400 0.0 280
1584707397655 1.0 281
1584707399960 1.0 282
1584707402253 1.0 283
1584707404565 2.0 284
1584707406815 0.0 285
1584707409068 0.0 286
1584707411341 0.0 287
1584707413594 2.0 288
1584707415880 0.0 289
1584707418180 1.0 290
1584707420453 1.0 291
1584707422792 0.0 292
1584707425035 0.0 293
1584707427310 1.0 294
1584707429579 1.0 295
1584707431848 0.0 296
1584707434597 0.0 297
1584707436855 0.0 298
1584707439106 2.0 299
1584707441402 1.0 300
1584707443784 0.0 301
1584707446130 1.0 302
1584707448579 -1.0 303
1584707450866 2.0 304
1584707453252 -1.0 305
1584707455529 0.0 306
1584707457968 1.0 307
1584707460250 1.0 308
1584707462522 0.0 309
1584707464801 2.0 310
1584707467067 0.0 311
1584707469329 0.0 312
1584707471573 1.0 313
1584707473866 1.0 314
1584707476135 2.0 315
1584707478389 1.0 316
1584707480651 2.0 317
1584707482924 2.0 318
1584707485174 2.0 319
1584707487470 -1.0 320
1584707489763 3.0 321
1584707492036 1.0 322
1584707494399 1.0 323
1584707496670 0.0 324
1584707498926 1.0 325
1584707501173 -1.0 326
1584707503448 1.0 327
1584707505698 1.0 328
1584707507969 2.0 329
1584707510200 0.0 330
1584707512451 1.0 331
1584707514715 -1.0 332
1584707516972 -1.0 333
1584707519281 1.0 334
1584707521527 1.0 335
1584707523783 -2.0 336
1584707526040 0.0 337
1584707528303 1.0 338
1584707530529 0.0 339
1584707532798 1.0 340
1584707535230 2.0 341
1584707537519 0.0 342
1584707539794 -1.0 343
1584707542082 2.0 344
1584707544601 1.0 345
1584707547055 0.0 346
1584707549484 1.0 347
1584707551729 0.0 348
1584707554282 2.0 349
1584707556537 -1.0 350
1584707558773 0.0 351
1584707561067 3.0 352
1584707563336 1.0 353
1584707565609 0.0 354
1584707567870 2.0 355
1584707570133 1.0 356
1584707572389 -1.0 357
1584707574645 0.0 358
1584707576899 0.0 359
1584707579170 2.0 360
1584707581460 2.0 361
1584707583734 2.0 362
1584707586076 4.0 363
1584707588354 0.0 364
1584707590600 1.0 365
1584707592859 1.0 366
1584707595133 2.0 367
1584707597378 2.0 368
1584707600084 0.0 369
1584707602460 2.0 370
1584707604922 2.0 371
1584707607295 2.0 372
1584707609987 -1.0 373
1584707612338 1.0 374
1584707615352 0.0 375
1584707617597 2.0 376
1584707619872 -2.0 377
1584707622134 3.0 378
1584707624425 2.0 379
1584707626687 -1.0 380
1584707628945 2.0 381
1584707631207 1.0 382
1584707634393 1.0 383
1584707636754 0.0 384
1584707639138 0.0 385
1584707641788 -1.0 386
1584707644259 1.0 387
1584707646571 0.0 388
1584707648839 -1.0 389
1584707651295 -1.0 390
1584707653567 2.0 391
1584707655810 -1.0 392
1584707658069 -1.0 393
1584707660371 2.0 394
1584707662646 0.0 395
1584707664922 0.0 396
1584707667158 4.0 397
1584707669431 4.0 398
1584707671724 0.0 399
1584707673989 2.0 400
1584707676328 2.0 401
1584707678585 2.0 402
1584707680893 2.0 403
1584707683152 1.0 404
1584707685429 1.0 405
1584707687721 2.0 406
1584707689966 -1.0 407
1584707692257 1.0 408
1584707694526 0.0 409
1584707696819 2.0 410
1584707699082 3.0 411
1584707701332 1.0 412
1584707703604 1.0 413
1584707705903 5.0 414
1584707708144 4.0 415
1584707710410 3.0 416
1584707712727 1.0 417
1584707715000 0.0 418
1584707717329 0.0 419
1584707719583 4.0 420
1584707721864 0.0 421
1584707724111 3.0 422
1584707726376 1.0 423
1584707728651 2.0 424
1584707730900 3.0 425
1584707733225 4.0 426
1584707735525 0.0 427
1584707737803 3.0 428
1584707740660 0.0 429
1584707743219 2.0 430
1584707745902 2.0 431
1584707748756 1.0 432
1584707751147 0.0 433
1584707753841 4.0 434
1584707756244 1.0 435
1584707758684 2.0 436
1584707761049 -1.0 437
1584707763476 3.0 438
1584707765872 0.0 439
1584707768224 0.0 440
1584707770515 1.0 441
1584707772776 1.0 442
1584707775042 0.0 443
1584707777351 0.0 444
1584707779696 -1.0 445
1584707781941 0.0 446
1584707784250 1.0 447
1584707786532 2.0 448
1584707788778 2.0 449
1584707791054 0.0 450
1584707793392 2.0 451
1584707795751 -1.0 452
1584707798078 2.0 453
1584707800468 0.0 454
1584707802750 1.0 455
1584707805036 2.0 456
1584707807351 0.0 457
1584707809918 0.0 458
1584707812224 3.0 459
1584707814588 0.0 460
1584707816879 0.0 461
1584707819164 5.0 462
1584707821519 3.0 463
1584707823886 1.0 464
1584707826255 3.0 465
1584707828576 1.0 466
1584707830841 -1.0 467
1584707833256 1.0 468
1584707835539 0.0 469
1584707837802 3.0 470
1584707840233 1.0 471
1584707842582 1.0 472
1584707845685 1.0 473
1584707848045 0.0 474
1584707850357 4.0 475
1584707852710 -2.0 476
1584707855080 2.0 477
1584707857369 2.0 478
1584707859642 1.0 479
1584707861943 0.0 480
1584707864264 1.0 481
1584707866554 2.0 482
1584707868807 0.0 483
1584707871079 4.0 484
1584707873364 1.0 485
1584707875660 2.0 486
1584707877908 2.0 487
1584707880180 0.0 488
1584707882492 1.0 489
1584707884781 1.0 490
1584707887051 6.0 491
1584707889354 4.0 492
1584707891708 1.0 493
1584707893988 0.0 494
1584707896317 1.0 495
1584707898603 1.0 496
1584707900870 -2.0 497
1584707903151 2.0 498
1584707905510 0.0 499
1584707907781 1.0 500
1584707910121 -1.0 501
1584707912554 0.0 502
1584707914893 3.0 503
1584707917182 4.0 504
1584707919491 2.0 505
1584707921797 2.0 506
1584707924071 2.0 507
1584707926346 1.0 508
1584707928634 -1.0 509
1584707930871 2.0 510
1584707933195 3.0 511
1584707935527 3.0 512
1584707937792 0.0 513
1584707940056 6.0 514
1584707942555 0.0 515
1584707944814 1.0 516
1584707947074 0.0 517
1584707949331 2.0 518
1584707951595 6.0 519
1584707953853 4.0 520
1584707956123 0.0 521
1584707958408 1.0 522
1584707960692 0.0 523
1584707962978 3.0 524
1584707965248 2.0 525
1584707967571 3.0 526
1584707969847 0.0 527
1584707972203 4.0 528
1584707975038 2.0 529
1584707977371 2.0 530
1584707979657 2.0 531
1584707981968 1.0 532
1584707984209 0.0 533
1584707986460 2.0 534
1584707988746 0.0 535
1584707991157 1.0 536
1584707993425 3.0 537
1584707995696 1.0 538
1584707997997 2.0 539
1584708000246 5.0 540
1584708002597 1.0 541
1584708004885 5.0 542
1584708007180 0.0 543
1584708009505 -2.0 544
1584708011823 0.0 545
1584708014122 2.0 546
1584708016421 2.0 547
1584708018672 3.0 548
1584708020931 0.0 549
1584708023234 1.0 550
1584708025588 3.0 551
1584708027894 4.0 552
1584708030168 3.0 553
1584708032519 5.0 554
1584708035161 3.0 555
1584708038008 3.0 556
1584708040390 0.0 557
1584708042895 3.0 558
1584708045266 1.0 559
1584708047584 1.0 560
1584708049865 1.0 561
1584708052190 -1.0 562
1584708055421 2.0 563
1584708057824 1.0 564
1584708060227 2.0 565
1584708062528 4.0 566
1584708064814 5.0 567
1584708067096 3.0 568
1584708069421 1.0 569
1584708071689 3.0 570
1584708073990 2.0 571
1584708076250 2.0 572
1584708078527 4.0 573
1584708080781 0.0 574
1584708083046 2.0 575
1584708085296 3.0 576
1584708087579 2.0 577
1584708089841 2.0 578
1584708092127 3.0 579
1584708094469 1.0 580
1584708096727 0.0 581
1584708099035 0.0 582
1584708101307 2.0 583
1584708103614 0.0 584
1584708105895 0.0 585
1584708108154 2.0 586
1584708110435 1.0 587
1584708112717 1.0 588
1584708115010 2.0 589
1584708117308 1.0 590
1584708119586 4.0 591
1584708121858 3.0 592
1584708124150 0.0 593
1584708126457 2.0 594
1584708128810 0.0 595
1584708131103 0.0 596
1584708133400 6.0 597
1584708135896 2.0 598
1584708138176 3.0 599
1584708140493 3.0 600
1584708142850 2.0 601
1584708145142 4.0 602
1584708147399 1.0 603
1584708149672 1.0 604
1584708151943 1.0 605
1584708154305 1.0 606
1584708156558 2.0 607
1584708158832 0.0 608
1584708161112 6.0 609
1584708163372 3.0 610
1584708165656 5.0 611
1584708167908 1.0 612
1584708170187 1.0 613
1584708172496 3.0 614
1584708174800 7.0 615
1584708177089 0.0 616
1584708179366 8.0 617
1584708181631 2.0 618
1584708183943 1.0 619
1584708186236 2.0 620
1584708188525 4.0 621
1584708190809 1.0 622
1584708193110 4.0 623
1584708195461 6.0 624
1584708197718 1.0 625
1584708200054 1.0 626
1584708202729 -3.0 627
1584708205038 2.0 628
1584708207393 3.0 629
1584708209651 4.0 630
1584708211921 4.0 631
1584708214312 3.0 632
1584708216629 3.0 633
1584708218906 3.0 634
1584708221197 2.0 635
1584708223496 2.0 636
1584708225791 6.0 637
1584708228051 1.0 638
1584708230358 1.0 639
1584708232842 3.0 640
1584708235157 0.0 641
1584708237450 1.0 642
1584708239718 2.0 643
1584708241991 1.0 644
1584708244261 1.0 645
1584708246577 2.0 646
1584708248835 0.0 647
1584708251131 4.0 648
1584708253416 1.0 649
1584708255730 1.0 650
1584708258386 0.0 651
1584708260656 3.0 652
1584708263014 3.0 653
1584708265372 -1.0 654
1584708267644 3.0 655
1584708269930 4.0 656
1584708272212 3.0 657
1584708274601 6.0 658
1584708276881 4.0 659
1584708279143 2.0 660
1584708281421 0.0 661
1584708283694 1.0 662
1584708286000 3.0 663
1584708288315 2.0 664
1584708290595 2.0 665
1584708292990 4.0 666
1584708295254 0.0 667
1584708297629 8.0 668
1584708299972 1.0 669
1584708302326 6.0 670
1584708304763 2.0 671
1584708307363 2.0 672
1584708309631 3.0 673
1584708311954 3.0 674
1584708314275 4.0 675
1584708316834 4.0 676
1584708319386 3.0 677
1584708321793 4.0 678
1584708324399 3.0 679
1584708326738 4.0 680
1584708329228 6.0 681
1584708331544 1.0 682
1584708333889 2.0 683
1584708336194 0.0 684
1584708339278 2.0 685
1584708341686 4.0 686
1584708344186 3.0 687
1584708346606 1.0 688
1584708349272 0.0 689
1584708352040 3.0 690
1584708354543 1.0 691
1584708357442 -3.0 692
1584708360158 4.0 693
1584708363110 2.0 694
1584708365540 7.0 695
1584708367939 4.0 696
1584708370259 5.0 697
1584708372571 2.0 698
1584708374879 6.0 699
1584708377194 4.0 700
1584708379585 5.0 701
1584708382356 5.0 702
1584708385334 4.0 703
1584708387768 6.0 704
1584708390841 -1.0 705
1584708393373 1.0 706
1584708396819 0.0 707
1584708399144 1.0 708
1584708401473 3.0 709
1584708403782 3.0 710
1584708406079 5.0 711
1584708408383 4.0 712
1584708410746 7.0 713
1584708413095 3.0 714
1584708415450 5.0 715
1584708417758 3.0 716
1584708420075 2.0 717
1584708422381 2.0 718
1584708424863 3.0 719
1584708427178 5.0 720
1584708429487 5.0 721
1584708431799 3.0 722
1584708434144 3.0 723
1584708436469 2.0 724
1584708438768 7.0 725
1584708441054 0.0 726
1584708443957 6.0 727
1584708447599 1.0 728
1584708450069 4.0 729
1584708452547 6.0 730
1584708455022 3.0 731
1584708457363 2.0 732
1584708459829 3.0 733
1584708463091 2.0 734
1584708466770 2.0 735
1584708469574 2.0 736
1584708472635 0.0 737
1584708474997 5.0 738
1584708477384 5.0 739
1584708479772 3.0 740
1584708482109 0.0 741
1584708484398 1.0 742
1584708486798 3.0 743
1584708489156 1.0 744
1584708491491 2.0 745
1584708493798 8.0 746
1584708496150 1.0 747
1584708498487 8.0 748
1584708500792 4.0 749
1584708503128 3.0 750
1584708505483 2.0 751
1584708508052 3.0 752
1584708510378 5.0 753
1584708512719 4.0 754
1584708515047 4.0 755
1584708517460 2.0 756
1584708519724 3.0 757
1584708522223 4.0 758
1584708524544 6.0 759
1584708526850 1.0 760
1584708529146 2.0 761
1584708531435 -2.0 762
1584708533750 10.0 763
1584708536043 4.0 764
1584708538350 2.0 765
1584708540634 4.0 766
1584708542953 5.0 767
1584708545253 2.0 768
1584708547520 3.0 769
1584708549798 6.0 770
1584708552100 5.0 771
1584708554418 1.0 772
1584708556685 6.0 773
1584708558968 0.0 774
1584708561249 6.0 775
1584708563551 3.0 776
1584708565846 1.0 777
1584708568154 2.0 778
1584708570501 5.0 779
1584708573039 3.0 780
1584708575379 3.0 781
1584708577720 6.0 782
1584708580050 8.0 783
1584708582389 9.0 784
1584708584674 3.0 785
1584708586990 3.0 786
1584708589310 5.0 787
1584708591581 1.0 788
1584708593938 3.0 789
1584708596240 5.0 790
1584708598567 3.0 791
1584708600841 3.0 792
1584708603157 3.0 793
1584708605454 4.0 794
1584708607794 6.0 795
1584708610055 2.0 796
1584708612404 1.0 797
1584708614719 2.0 798
1584708616993 1.0 799
1584708619429 7.0 800
1584708621926 1.0 801
1584708624263 2.0 802
1584708626879 6.0 803
1584708629310 4.0 804
1584708631709 2.0 805
1584708634124 2.0 806
1584708636413 5.0 807
1584708638673 1.0 808
1584708641025 6.0 809
1584708643401 2.0 810
1584708645695 4.0 811
1584708647972 4.0 812
1584708650320 3.0 813
1584708652684 4.0 814
1584708655019 4.0 815
1584708657288 2.0 816
1584708659564 1.0 817
1584708661835 3.0 818
1584708664155 3.0 819
1584708666449 3.0 820
1584708668724 4.0 821
1584708670997 2.0 822
1584708673281 3.0 823
1584708675603 6.0 824
1584708677886 1.0 825
1584708680211 4.0 826
1584708682475 4.0 827
1584708684751 4.0 828
1584708687038 3.0 829
1584708689386 1.0 830
1584708691674 5.0 831
1584708694048 5.0 832
1584708696334 4.0 833
1584708698624 5.0 834
1584708700881 4.0 835
1584708703153 0.0 836
1584708705444 2.0 837
1584708707722 5.0 838
1584708710051 3.0 839
1584708712347 2.0 840
1584708714764 3.0 841
1584708717045 5.0 842
1584708719369 2.0 843
1584708721686 4.0 844
1584708724001 1.0 845
1584708726296 1.0 846
1584708728564 6.0 847
1584708730836 3.0 848
1584708733117 4.0 849
1584708735382 4.0 850
1584708737648 0.0 851
1584708739949 4.0 852
1584708742241 4.0 853
1584708744578 1.0 854
1584708746898 6.0 855
1584708749172 3.0 856
1584708751474 6.0 857
1584708753913 3.0 858
1584708756207 8.0 859
1584708758501 4.0 860
1584708760798 6.0 861
1584708763072 5.0 862
1584708765354 8.0 863
1584708767633 4.0 864
1584708769925 1.0 865
1584708772168 0.0 866
1584708774484 0.0 867
1584708776872 8.0 868
1584708779162 1.0 869
1584708781449 3.0 870
1584708783775 6.0 871
1584708786049 5.0 872
1584708788350 2.0 873
1584708790609 4.0 874
1584708792879 5.0 875
1584708795143 4.0 876
1584708797433 4.0 877
1584708799712 5.0 878
1584708802033 5.0 879
1584708804306 0.0 880
1584708806616 4.0 881
1584708808865 3.0 882
1584708811356 3.0 883
1584708813733 3.0 884
1584708815993 4.0 885
1584708818249 1.0 886
1584708820514 4.0 887
1584708822817 3.0 888
1584708825105 2.0 889
1584708827408 2.0 890
1584708829900 3.0 891
1584708832195 5.0 892
1584708834503 1.0 893
1584708836822 7.0 894
1584708839095 5.0 895
1584708841450 2.0 896
1584708843723 4.0 897
1584708845974 0.0 898
1584708848223 1.0 899
1584708850536 3.0 900
1584708852895 2.0 901
1584708855196 6.0 902
1584708857506 1.0 903
1584708859757 4.0 904
1584708862051 3.0 905
1584708864331 6.0 906
1584708866619 4.0 907
1584708868893 2.0 908
1584708871196 8.0 909
1584708874085 2.0 910
1584708876355 3.0 911
1584708878655 5.0 912
1584708880928 5.0 913
1584708883942 2.0 914
1584708886250 6.0 915
1584708888543 5.0 916
1584708890817 3.0 917
1584708893182 3.0 918
1584708895527 5.0 919
1584708897803 4.0 920
1584708900068 5.0 921
1584708902424 8.0 922
1584708904704 3.0 923
1584708907010 1.0 924
1584708909439 5.0 925
1584708911703 -1.0 926
1584708913971 7.0 927
1584708916280 6.0 928
1584708918571 5.0 929
1584708920845 5.0 930
1584708923144 4.0 931
1584708925427 0.0 932
1584708927717 4.0 933
1584708929999 4.0 934
1584708932279 8.0 935
1584708934720 6.0 936
1584708937025 3.0 937
1584708939412 3.0 938
1584708941667 4.0 939
1584708943997 6.0 940
1584708946322 6.0 941
1584708948625 10.0 942
1584708950891 7.0 943
1584708953211 7.0 944
1584708955505 3.0 945
1584708957750 7.0 946
1584708960011 3.0 947
1584708962264 3.0 948
1584708964572 3.0 949
1584708966828 4.0 950
1584708969146 3.0 951
1584708971440 6.0 952
1584708973731 0.0 953
1584708976024 0.0 954
1584708978334 6.0 955
1584708980601 3.0 956
1584708982858 5.0 957
1584708985171 4.0 958
1584708987461 4.0 959
1584708989760 4.0 960
1584708992033 4.0 961
1584708994394 6.0 962
1584708996654 2.0 963
1584708998969 1.0 964
1584709001244 5.0 965
1584709003628 4.0 966
1584709006073 9.0 967
1584709008342 0.0 968
1584709010610 7.0 969
1584709012885 6.0 970
1584709015167 5.0 971
1584709017443 5.0 972
1584709019708 3.0 973
1584709022014 4.0 974
1584709024293 5.0 975
1584709026570 7.0 976
1584709028838 8.0 977
1584709031094 6.0 978
1584709033398 5.0 979
1584709035742 1.0 980
1584709037996 1.0 981
1584709040257 1.0 982
1584709042534 6.0 983
1584709044840 5.0 984
1584709047192 4.0 985
1584709049490 3.0 986
1584709051880 6.0 987
1584709054409 8.0 988
1584709056676 7.0 989
1584709058930 6.0 990
1584709061225 5.0 991
1584709063509 6.0 992
1584709065847 1.0 993
1584709068113 2.0 994
1584709070381 4.0 995
1584709072689 4.0 996
1584709074991 6.0 997
1584709077269 8.0 998
1584709079524 5.0 999
1584709081825 5.0 1000
1584709084243 3.0 1001
1584709086496 1.0 1002
1584709088763 2.0 1003
1584709091055 4.0 1004
1584709093366 2.0 1005
1584709095686 4.0 1006
1584709097943 6.0 1007
1584709100328 7.0 1008
1584709102751 6.0 1009
1584709105030 9.0 1010
1584709107535 5.0 1011
1584709109838 5.0 1012
1584709112159 4.0 1013
1584709114567 0.0 1014
1584709117088 5.0 1015
1584709119563 3.0 1016
1584709122138 3.0 1017
1584709124430 2.0 1018
1584709126714 4.0 1019
1584709128988 6.0 1020
1584709131314 -1.0 1021
1584709133672 7.0 1022
1584709135966 7.0 1023
1584709138274 4.0 1024
1584709140539 4.0 1025
1584709142825 6.0 1026
1584709145103 2.0 1027
1584709147385 3.0 1028
1584709149668 0.0 1029
1584709151959 8.0 1030
1584709154264 8.0 1031
1584709156543 7.0 1032
1584709158819 6.0 1033
1584709161110 3.0 1034
1584709163449 5.0 1035
1584709165713 6.0 1036
1584709167980 11.0 1037
1584709170254 10.0 1038
1584709172580 5.0 1039
1584709174868 5.0 1040
1584709177153 4.0 1041
1584709179406 5.0 1042
1584709181681 1.0 1043
1584709183943 5.0 1044
1584709186247 -2.0 1045
1584709188464 4.0 1046
1584709190674 6.0 1047
1584709192932 0.0 1048
1584709195254 2.0 1049
1584709197540 5.0 1050
1584709199789 5.0 1051
1584709202147 7.0 1052
1584709204562 5.0 1053
1584709206827 5.0 1054
1584709209110 4.0 1055
1584709211414 3.0 1056
1584709213673 5.0 1057
1584709215939 0.0 1058
1584709218247 2.0 1059
1584709220530 4.0 1060
1584709222787 3.0 1061
1584709225122 6.0 1062
1584709227480 3.0 1063
1584709229785 7.0 1064
1584709232069 3.0 1065
1584709235111 4.0 1066
1584709237404 5.0 1067
1584709239690 3.0 1068
1584709241973 8.0 1069
1584709244331 -1.0 1070
1584709246684 7.0 1071
1584709249002 8.0 1072
1584709251337 8.0 1073
1584709253700 8.0 1074
1584709255952 8.0 1075
1584709258247 5.0 1076
1584709260528 7.0 1077
1584709262830 5.0 1078
1584709265198 5.0 1079
1584709267511 9.0 1080
1584709269747 9.0 1081
1584709272015 6.0 1082
1584709274323 9.0 1083
1584709276583 5.0 1084
1584709278856 5.0 1085
1584709281135 4.0 1086
1584709283453 5.0 1087
1584709285715 6.0 1088
1584709287976 0.0 1089
1584709290286 5.0 1090
1584709292652 7.0 1091
1584709295040 4.0 1092
1584709297302 0.0 1093
1584709299806 8.0 1094
1584709302062 10.0 1095
1584709304359 10.0 1096
1584709306636 5.0 1097
1584709308902 5.0 1098
1584709311195 1.0 1099
1584709313508 7.0 1100
1584709315884 0.0 1101
1584709318151 5.0 1102
1584709320466 9.0 1103
1584709322774 6.0 1104
1584709325059 3.0 1105
1584709327336 8.0 1106
1584709329638 5.0 1107
1584709331926 9.0 1108
1584709334216 2.0 1109
1584709336501 7.0 1110
1584709338772 3.0 1111
1584709341016 7.0 1112
1584709343278 5.0 1113
1584709345554 4.0 1114
1584709347829 3.0 1115
1584709350092 11.0 1116
1584709352363 -1.0 1117
1584709354688 11.0 1118
1584709356969 8.0 1119
1584709359242 3.0 1120
1584709361582 9.0 1121
1584709363845 8.0 1122
1584709366161 5.0 1123
1584709368471 11.0 1124
1584709370761 2.0 1125
1584709373055 7.0 1126
1584709375360 7.0 1127
1584709377615 7.0 1128
1584709379903 10.0 1129
1584709382193 2.0 1130
1584709384490 -1.0 1131
1584709386774 5.0 1132
1584709389070 5.0 1133
1584709391450 5.0 1134
1584709393747 6.0 1135
1584709396203 11.0 1136
1584709398756 8.0 1137
1584709402382 3.0 1138
1584709404763 4.0 1139
1584709407364 6.0 1140
1584709409892 3.0 1141
1584709412195 5.0 1142
1584709414633 9.0 1143
1584709416921 1.0 1144
1584709419185 7.0 1145
1584709421473 7.0 1146
1584709423777 8.0 1147
1584709426079 7.0 1148
1584709428399 10.0 1149
1584709430688 9.0 1150
1584709433367 6.0 1151
1584709435723 2.0 1152
1584709438142 7.0 1153
1584709440577 7.0 1154
1584709442901 5.0 1155
1584709445214 2.0 1156
1584709447524 9.0 1157
1584709449792 3.0 1158
1584709452094 6.0 1159
1584709454369 2.0 1160
1584709456690 5.0 1161
1584709458992 11.0 1162
1584709461275 8.0 1163
1584709463573 11.0 1164
1584709465848 8.0 1165
1584709468116 5.0 1166
1584709470403 4.0 1167
1584709472828 4.0 1168
1584709475121 8.0 1169
1584709477417 4.0 1170
1584709479698 4.0 1171
1584709481966 5.0 1172
1584709484275 4.0 1173
1584709486595 3.0 1174
1584709488883 7.0 1175
1584709491180 8.0 1176
1584709493729 5.0 1177
1584709496071 2.0 1178
1584709498384 6.0 1179
1584709500692 5.0 1180
1584709502991 9.0 1181
1584709505294 7.0 1182
1584709507593 4.0 1183
1584709509860 6.0 1184
1584709512164 8.0 1185
1584709514448 9.0 1186
1584709516746 6.0 1187
1584709519075 7.0 1188
1584709521334 4.0 1189
1584709523576 11.0 1190
1584709525839 5.0 1191
1584709528142 4.0 1192
1584709530414 1.0 1193
1584709532704 4.0 1194
1584709535068 4.0 1195
1584709537355 8.0 1196
1584709539629 4.0 1197
1584709541926 6.0 1198
1584709544296 5.0 1199
1584709546582 3.0 1200
1584709548936 5.0 1201
1584709551233 7.0 1202
1584709553553 7.0 1203
1584709555839 3.0 1204
1584709558123 6.0 1205
1584709560406 8.0 1206
1584709562678 5.0 1207
1584709564902 9.0 1208
1584709567127 6.0 1209
1584709569372 3.0 1210
1584709571643 5.0 1211
1584709573914 8.0 1212
1584709576220 6.0 1213
1584709578508 4.0 1214
1584709580790 4.0 1215
1584709583095 7.0 1216
1584709585439 7.0 1217
1584709587731 6.0 1218
1584709590225 5.0 1219
1584709592639 5.0 1220
1584709595148 8.0 1221
1584709597415 1.0 1222
1584709599886 9.0 1223
1584709602180 8.0 1224
1584709604462 4.0 1225
1584709606715 4.0 1226
1584709609007 4.0 1227
1584709611305 9.0 1228
1584709613614 6.0 1229
1584709615939 4.0 1230
1584709618230 1.0 1231
1584709620537 1.0 1232
1584709622840 4.0 1233
1584709625152 3.0 1234
1584709627424 2.0 1235
1584709629680 8.0 1236
1584709631980 6.0 1237
1584709634261 5.0 1238
1584709636553 6.0 1239
1584709638865 9.0 1240
1584709641198 8.0 1241
1584709643500 0.0 1242
1584709645806 5.0 1243
1584709648090 5.0 1244
1584709650428 5.0 1245
1584709652697 4.0 1246
1584709654981 5.0 1247
1584709657239 7.0 1248
1584709659534 6.0 1249
1584709661823 7.0 1250
1584709664141 9.0 1251
1584709666416 11.0 1252
1584709668656 8.0 1253
1584709670936 1.0 1254
1584709673233 6.0 1255
1584709675541 9.0 1256
1584709677797 4.0 1257
1584709680065 6.0 1258
1584709682394 6.0 1259
1584709684678 6.0 1260
1584709687161 11.0 1261
1584709689448 3.0 1262
1584709691735 4.0 1263
1584709694018 4.0 1264
1584709696279 4.0 1265
1584709698546 9.0 1266
1584709700801 1.0 1267
1584709703076 4.0 1268
1584709705372 6.0 1269
1584709707633 0.0 1270
1584709709922 5.0 1271
1584709712230 7.0 1272
1584709714537 7.0 1273
1584709716882 9.0 1274
1584709719176 7.0 1275
1584709721467 3.0 1276
1584709723727 8.0 1277
1584709725989 3.0 1278
1584709728279 5.0 1279
1584709730539 1.0 1280
1584709732806 7.0 1281
1584709735129 5.0 1282
1584709737411 4.0 1283
1584709739691 3.0 1284
1584709741994 8.0 1285
1584709744274 9.0 1286
1584709746574 4.0 1287
1584709748891 6.0 1288
1584709751366 6.0 1289
1584709753679 7.0 1290
1584709755966 7.0 1291
1584709758293 11.0 1292
1584709760597 3.0 1293
1584709762864 4.0 1294
1584709765144 4.0 1295
1584709767434 2.0 1296
1584709769732 4.0 1297
1584709772000 6.0 1298
1584709774352 4.0 1299
1584709776665 6.0 1300
1584709779046 9.0 1301
1584709781908 6.0 1302
1584709784503 5.0 1303
1584709786784 7.0 1304
1584709789075 4.0 1305
1584709791379 11.0 1306
1584709793659 5.0 1307
1584709795945 5.0 1308
1584709798225 7.0 1309
1584709800481 9.0 1310
1584709802758 9.0 1311
1584709805043 7.0 1312
1584709807323 4.0 1313
1584709809652 8.0 1314
1584709811935 7.0 1315
1584709814228 8.0 1316
1584709816492 5.0 1317
1584709818761 10.0 1318
1584709821030 5.0 1319
1584709823313 6.0 1320
1584709825651 6.0 1321
1584709828585 4.0 1322
1584709830992 8.0 1323
1584709833397 6.0 1324
1584709835759 11.0 1325
1584709838066 2.0 1326
1584709840406 13.0 1327
1584709842729 5.0 1328
1584709845138 12.0 1329
1584709847462 7.0 1330
1584709849713 5.0 1331
1584709852024 9.0 1332
1584709854348 7.0 1333
1584709856695 8.0 1334
1584709859615 0.0 1335
1584709861946 9.0 1336
1584709864221 6.0 1337
1584709866537 9.0 1338
1584709868821 2.0 1339
1584709871121 6.0 1340
1584709873461 8.0 1341
1584709875743 8.0 1342
1584709878027 4.0 1343
1584709880503 10.0 1344
1584709882753 5.0 1345
1584709885035 3.0 1346
1584709887310 6.0 1347
1584709889614 9.0 1348
1584709891937 5.0 1349
1584709894294 3.0 1350
1584709896561 7.0 1351
1584709898831 7.0 1352
1584709901125 3.0 1353
1584709903410 5.0 1354
1584709905668 10.0 1355
1584709907923 9.0 1356
1584709910243 8.0 1357
1584709912533 5.0 1358
1584709914852 8.0 1359
1584709917114 7.0 1360
1584709919404 3.0 1361
1584709921685 9.0 1362
1584709923961 4.0 1363
1584709926216 6.0 1364
1584709928528 5.0 1365
1584709930818 10.0 1366
1584709933104 5.0 1367
1584709935417 9.0 1368
1584709937740 6.0 1369
1584709940060 7.0 1370
1584709942362 1.0 1371
1584709944651 9.0 1372
1584709946986 7.0 1373
1584709949268 10.0 1374
1584709951601 7.0 1375
1584709954549 6.0 1376
1584709956842 7.0 1377
1584709959127 6.0 1378
1584709961446 11.0 1379
1584709963712 7.0 1380
1584709966022 11.0 1381
1584709968363 7.0 1382
1584709970687 10.0 1383
1584709972966 1.0 1384
1584709975358 8.0 1385
1584709977784 6.0 1386
1584709980088 2.0 1387
1584709982451 1.0 1388
1584709984753 8.0 1389
1584709987049 5.0 1390
1584709989352 9.0 1391
1584709991632 4.0 1392
1584709993904 2.0 1393
1584709996209 7.0 1394
1584709998521 7.0 1395
1584710000820 7.0 1396
1584710003116 8.0 1397
1584710005377 11.0 1398
1584710007739 8.0 1399
1584710010003 5.0 1400
1584710012452 10.0 1401
1584710014831 7.0 1402
1584710017145 10.0 1403
1584710019460 7.0 1404
1584710021720 11.0 1405
1584710024004 8.0 1406
1584710026266 12.0 1407
1584710028560 7.0 1408
1584710030809 7.0 1409
1584710033172 9.0 1410
1584710035433 9.0 1411
1584710037740 9.0 1412
1584710040046 7.0 1413
1584710042358 8.0 1414
1584710044638 8.0 1415
1584710046938 8.0 1416
1584710049239 7.0 1417
1584710051530 6.0 1418
1584710053795 7.0 1419
1584710056062 6.0 1420
1584710058337 6.0 1421
1584710060561 8.0 1422
1584710062849 11.0 1423
1584710065155 8.0 1424
1584710067469 9.0 1425
1584710069778 6.0 1426
1584710072135 11.0 1427
1584710074636 8.0 1428
1584710076889 7.0 1429
1584710079210 5.0 1430
1584710081517 4.0 1431
1584710083797 4.0 1432
1584710086082 6.0 1433
1584710088467 4.0 1434
1584710090748 8.0 1435
1584710093029 8.0 1436
1584710095330 8.0 1437
1584710097640 7.0 1438
1584710099927 6.0 1439
1584710102192 7.0 1440
1584710104537 6.0 1441
1584710106812 7.0 1442
1584710109109 6.0 1443
1584710111421 7.0 1444
1584710113719 6.0 1445
1584710116024 9.0 1446
1584710118344 9.0 1447
1584710120627 8.0 1448
1584710122921 11.0 1449
1584710125490 7.0 1450
1584710127774 14.0 1451
1584710130058 2.0 1452
1584710132406 3.0 1453
1584710135055 1.0 1454
1584710137655 11.0 1455
1584710140039 6.0 1456
1584710142473 5.0 1457
1584710144823 4.0 1458
1584710147170 7.0 1459
1584710149477 6.0 1460
1584710151800 6.0 1461
1584710154164 6.0 1462
1584710156480 5.0 1463
1584710158758 2.0 1464
1584710161042 8.0 1465
1584710163415 6.0 1466
1584710165698 6.0 1467
1584710167963 6.0 1468
1584710170443 2.0 1469
1584710172716 4.0 1470
1584710175004 6.0 1471
1584710177305 10.0 1472
1584710179611 9.0 1473
1584710181867 6.0 1474
1584710184189 7.0 1475
1584710186487 3.0 1476
1584710188769 7.0 1477
1584710191038 7.0 1478
1584710193435 7.0 1479
1584710195736 2.0 1480
1584710198011 8.0 1481
1584710200389 6.0 1482
1584710202694 10.0 1483
1584710205012 9.0 1484
1584710207320 7.0 1485
1584710209616 5.0 1486
1584710211897 5.0 1487
1584710214220 10.0 1488
1584710216534 11.0 1489
1584710218817 9.0 1490
1584710221110 2.0 1491
1584710223421 9.0 1492
1584710225720 6.0 1493
1584710228003 7.0 1494
1584710230355 12.0 1495
1584710232617 7.0 1496
1584710234917 8.0 1497
1584710237212 0.0 1498
1584710239530 9.0 1499
1584710241819 5.0 1500
1584710244200 6.0 1501
1584710246542 7.0 1502
1584710248830 5.0 1503
1584710251165 8.0 1504
1584710253504 3.0 1505
1584710255764 8.0 1506
1584710258090 7.0 1507
1584710260437 4.0 1508
1584710262737 9.0 1509
1584710265081 8.0 1510
1584710267679 9.0 1511
1584710270022 9.0 1512
1584710272359 8.0 1513
1584710274711 4.0 1514
1584710277015 6.0 1515
1584710279311 3.0 1516
1584710281642 7.0 1517
1584710283982 5.0 1518
1584710286293 2.0 1519
1584710288583 2.0 1520
1584710290851 2.0 1521
1584710293147 5.0 1522
1584710295446 7.0 1523
1584710297861 6.0 1524
1584710300180 3.0 1525
1584710302452 8.0 1526
1584710304738 4.0 1527
1584710307050 8.0 1528
1584710309377 9.0 1529
1584710311673 7.0 1530
1584710314052 7.0 1531
1584710316361 2.0 1532
1584710318679 2.0 1533
1584710320983 5.0 1534
1584710323307 6.0 1535
1584710325613 4.0 1536
1584710327938 6.0 1537
1584710330232 6.0 1538
1584710332576 8.0 1539
1584710334887 5.0 1540
1584710337179 9.0 1541
1584710339481 2.0 1542
1584710341782 9.0 1543
1584710344070 8.0 1544
1584710346366 5.0 1545
1584710348673 7.0 1546
1584710351003 8.0 1547
1584710353307 3.0 1548
1584710355606 7.0 1549
1584710357900 7.0 1550
1584710360191 10.0 1551
1584710362635 11.0 1552
1584710364984 6.0 1553
1584710367268 8.0 1554
1584710370020 11.0 1555
1584710372325 10.0 1556
1584710374734 3.0 1557
1584710377049 7.0 1558
1584710379336 3.0 1559
1584710381649 9.0 1560
1584710383987 7.0 1561
1584710386317 1.0 1562
1584710388608 4.0 1563
1584710390872 12.0 1564
1584710393189 5.0 1565
1584710395540 10.0 1566
1584710397817 5.0 1567
1584710400137 3.0 1568
1584710402455 0.0 1569
1584710404776 -1.0 1570
1584710407047 10.0 1571
1584710409339 5.0 1572
1584710411652 10.0 1573
1584710413980 7.0 1574
1584710416298 2.0 1575
1584710418614 13.0 1576
1584710420900 14.0 1577
1584710423241 9.0 1578
1584710425567 2.0 1579
1584710427863 8.0 1580
1584710430139 5.0 1581
1584710432415 10.0 1582
1584710434797 4.0 1583
1584710437121 10.0 1584
1584710439400 7.0 1585
1584710441675 8.0 1586
1584710443951 4.0 1587
1584710446323 9.0 1588
1584710448628 7.0 1589
1584710450899 8.0 1590
1584710453194 6.0 1591
1584710455604 9.0 1592
1584710457906 7.0 1593
1584710460452 9.0 1594
1584710463073 10.0 1595
1584710465384 11.0 1596
1584710467699 9.0 1597
1584710470028 10.0 1598
1584710472507 6.0 1599
1584710474930 7.0 1600
1584710477334 13.0 1601
1584710479649 6.0 1602
1584710481963 7.0 1603
1584710484236 12.0 1604
1584710486547 8.0 1605
1584710488846 11.0 1606
1584710491259 12.0 1607
1584710493689 9.0 1608
1584710496008 5.0 1609
1584710498330 8.0 1610
1584710500613 10.0 1611
1584710502880 7.0 1612
1584710505178 9.0 1613
1584710507499 12.0 1614
1584710509828 5.0 1615
1584710512113 9.0 1616
1584710514451 5.0 1617
1584710516749 10.0 1618
1584710519052 7.0 1619
1584710521402 11.0 1620
1584710523704 8.0 1621
1584710526056 1.0 1622
1584710528468 10.0 1623
1584710530802 4.0 1624
1584710533092 8.0 1625
1584710535400 3.0 1626
1584710537681 7.0 1627
1584710539982 7.0 1628
1584710542259 2.0 1629
1584710544555 5.0 1630
1584710546855 11.0 1631
1584710549138 9.0 1632
1584710551503 10.0 1633
1584710553912 11.0 1634
1584710556425 5.0 1635
1584710558701 7.0 1636
1584710561003 4.0 1637
1584710563304 12.0 1638
1584710565595 8.0 1639
1584710567875 8.0 1640
1584710570172 3.0 1641
1584710572474 1.0 1642
1584710574788 4.0 1643
1584710577142 7.0 1644
1584710579430 8.0 1645
1584710581732 7.0 1646
1584710584069 7.0 1647
1584710586423 11.0 1648
1584710588694 4.0 1649
1584710590973 8.0 1650
1584710593280 6.0 1651
1584710595604 9.0 1652
1584710597891 9.0 1653
1584710600196 14.0 1654
1584710602515 4.0 1655
1584710604799 8.0 1656
1584710607099 9.0 1657
1584710609417 12.0 1658
1584710611723 3.0 1659
1584710614121 9.0 1660
1584710616492 6.0 1661
1584710618739 7.0 1662
1584710621028 9.0 1663
1584710623331 6.0 1664
1584710625649 9.0 1665
1584710627950 8.0 1666
1584710630234 5.0 1667
1584710632584 4.0 1668
1584710635233 9.0 1669
1584710637833 12.0 1670
1584710640516 4.0 1671
1584710642832 5.0 1672
1584710645160 8.0 1673
1584710647541 12.0 1674
1584710649802 9.0 1675
1584710652225 5.0 1676
1584710654627 12.0 1677
1584710656927 8.0 1678
1584710659259 8.0 1679
1584710661547 7.0 1680
1584710663817 7.0 1681
1584710666120 6.0 1682
1584710668448 9.0 1683
1584710670724 7.0 1684
1584710673068 12.0 1685
1584710675412 4.0 1686
1584710677702 4.0 1687
1584710679963 7.0 1688
1584710682289 7.0 1689
1584710684634 10.0 1690
1584710686910 12.0 1691
1584710689201 8.0 1692
1584710691780 9.0 1693
1584710694176 7.0 1694
1584710696483 11.0 1695
1584710698834 7.0 1696
1584710701180 10.0 1697
1584710703551 10.0 1698
1584710705824 2.0 1699
1584710708132 6.0 1700
1584710710565 5.0 1701
1584710712883 10.0 1702
1584710715190 6.0 1703
1584710717515 6.0 1704
1584710719809 8.0 1705
1584710722087 9.0 1706
1584710724367 7.0 1707
1584710726673 10.0 1708
1584710728995 10.0 1709
1584710731290 6.0 1710
1584710733689 6.0 1711
1584710736001 7.0 1712
1584710738321 7.0 1713
1584710740634 7.0 1714
1584710742957 6.0 1715
1584710745336 7.0 1716
1584710747730 -1.0 1717
1584710750333 11.0 1718
1584710752711 4.0 1719
1584710755111 6.0 1720
1584710757443 5.0 1721
1584710759775 2.0 1722
1584710762099 13.0 1723
1584710764403 15.0 1724
1584710766720 8.0 1725
1584710768985 14.0 1726
1584710771256 5.0 1727
1584710773563 10.0 1728
1584710775921 7.0 1729
1584710778238 9.0 1730
1584710780624 10.0 1731
1584710782921 6.0 1732
1584710785196 10.0 1733
1584710787483 11.0 1734
1584710789787 7.0 1735
1584710792089 6.0 1736
1584710794437 9.0 1737
1584710796747 9.0 1738
1584710799000 5.0 1739
1584710801309 7.0 1740
1584710803611 11.0 1741
1584710805890 1.0 1742
1584710808432 7.0 1743
1584710810742 3.0 1744
1584710813038 11.0 1745
1584710815376 10.0 1746
1584710817727 7.0 1747
1584710820027 7.0 1748
1584710822351 7.0 1749
1584710824654 9.0 1750
1584710826938 6.0 1751
1584710829213 11.0 1752
1584710831500 6.0 1753
1584710833795 8.0 1754
1584710836096 7.0 1755
1584710838408 8.0 1756
1584710840765 8.0 1757
1584710843083 7.0 1758
1584710845539 8.0 1759
1584710848000 4.0 1760
1584710850366 5.0 1761
1584710852807 8.0 1762
1584710855294 8.0 1763
1584710857632 4.0 1764
1584710859941 4.0 1765
1584710862296 5.0 1766
1584710864625 7.0 1767
1584710866957 7.0 1768
1584710869265 9.0 1769
1584710871611 8.0 1770
1584710873938 11.0 1771
1584710876380 10.0 1772
1584710878730 10.0 1773
1584710881080 5.0 1774
1584710883478 10.0 1775
1584710885788 11.0 1776
1584710888136 2.0 1777
1584710890486 6.0 1778
1584710892814 12.0 1779
1584710895124 11.0 1780
1584710897469 13.0 1781
1584710899757 4.0 1782
1584710902081 10.0 1783
1584710904430 7.0 1784
1584710906823 8.0 1785
1584710909145 10.0 1786
1584710911476 9.0 1787
1584710913880 8.0 1788
1584710916245 7.0 1789
1584710918601 6.0 1790
1584710920931 16.0 1791
1584710923283 8.0 1792
1584710925618 6.0 1793
1584710927934 4.0 1794
1584710930247 9.0 1795
1584710932575 8.0 1796
1584710934866 10.0 1797
1584710937267 7.0 1798
1584710939602 9.0 1799
1584710942079 10.0 1800
1584710944776 11.0 1801
1584710947102 10.0 1802
1584710949463 7.0 1803
1584710951782 8.0 1804
1584710954090 9.0 1805
1584710956380 10.0 1806
1584710958720 13.0 1807
1584710960999 11.0 1808
1584710963320 10.0 1809
1584710965622 4.0 1810
1584710967947 9.0 1811
1584710970770 10.0 1812
1584710973163 13.0 1813
1584710975516 7.0 1814
1584710977854 10.0 1815
1584710980904 8.0 1816
1584710983238 10.0 1817
1584710985589 6.0 1818
1584710987937 12.0 1819
1584710990288 13.0 1820
1584710992575 4.0 1821
1584710994924 6.0 1822
1584710997247 11.0 1823
1584710999685 10.0 1824
1584711002041 10.0 1825
1584711004452 8.0 1826
1584711006799 8.0 1827
1584711009120 8.0 1828
1584711011490 8.0 1829
1584711013848 12.0 1830
1584711016180 4.0 1831
1584711018494 7.0 1832
1584711020812 11.0 1833
1584711023140 7.0 1834
1584711025446 7.0 1835
1584711027781 12.0 1836
1584711030102 6.0 1837
1584711032465 9.0 1838
1584711034892 11.0 1839
1584711037245 7.0 1840
1584711039797 9.0 1841
1584711042085 4.0 1842
1584711044411 7.0 1843
1584711046812 12.0 1844
1584711049142 13.0 1845
1584711051484 10.0 1846
1584711053779 8.0 1847
1584711056210 6.0 1848
1584711058513 9.0 1849
1584711060848 2.0 1850
1584711063181 8.0 1851
1584711065533 9.0 1852
1584711067817 11.0 1853
1584711070201 6.0 1854
1584711072566 7.0 1855
1584711074876 11.0 1856
1584711077173 7.0 1857
1584711079511 6.0 1858
1584711081809 8.0 1859
1584711084156 10.0 1860
1584711086440 7.0 1861
1584711088732 3.0 1862
1584711091081 9.0 1863
1584711093498 8.0 1864
1584711095843 11.0 1865
1584711098177 10.0 1866
1584711100480 5.0 1867
1584711102766 10.0 1868
1584711105069 10.0 1869
1584711107356 4.0 1870
1584711109650 5.0 1871
1584711111932 8.0 1872
1584711114219 10.0 1873
1584711116564 10.0 1874
1584711118875 4.0 1875
1584711121154 11.0 1876
1584711123459 8.0 1877
1584711125807 9.0 1878
1584711128122 6.0 1879
1584711130447 8.0 1880
1584711132733 10.0 1881
1584711135082 10.0 1882
1584711137568 13.0 1883
1584711139859 8.0 1884
1584711142149 10.0 1885
1584711144607 7.0 1886
1584711146881 10.0 1887
1584711149178 6.0 1888
1584711151484 6.0 1889
1584711154044 6.0 1890
1584711156562 14.0 1891
1584711159036 8.0 1892
1584711161345 9.0 1893
1584711163664 12.0 1894
1584711166014 12.0 1895
1584711168393 10.0 1896
1584711170681 7.0 1897
1584711172953 15.0 1898
1584711175217 12.0 1899
1584711177528 8.0 1900
1584711179946 5.0 1901
1584711182264 7.0 1902
1584711184606 5.0 1903
1584711186914 13.0 1904
1584711189212 14.0 1905
1584711191552 6.0 1906
1584711193866 9.0 1907
1584711196173 11.0 1908
1584711198587 3.0 1909
1584711200886 4.0 1910
1584711203178 11.0 1911
1584711205471 11.0 1912
1584711207755 10.0 1913
1584711210085 10.0 1914
1584711212397 5.0 1915
1584711214705 9.0 1916
1584711217020 8.0 1917
1584711219288 8.0 1918
1584711221616 6.0 1919
1584711223905 10.0 1920
1584711226171 8.0 1921
1584711228528 14.0 1922
1584711230785 9.0 1923
1584711233204 8.0 1924
1584711235517 13.0 1925
1584711237805 9.0 1926
1584711240095 10.0 1927
1584711242398 7.0 1928
1584711244733 10.0 1929
1584711247043 9.0 1930
1584711249315 11.0 1931
1584711251666 12.0 1932
1584711253942 5.0 1933
1584711256245 4.0 1934
1584711258571 2.0 1935
1584711260858 4.0 1936
1584711263146 7.0 1937
1584711265439 12.0 1938
1584711267745 8.0 1939
1584711270022 16.0 1940
1584711272307 9.0 1941
1584711274628 10.0 1942
1584711276936 8.0 1943
1584711279215 10.0 1944
1584711281508 8.0 1945
1584711283802 11.0 1946
1584711286094 5.0 1947
1584711288360 5.0 1948
1584711290674 14.0 1949
1584711293050 12.0 1950
1584711295504 8.0 1951
1584711297840 5.0 1952
1584711300203 5.0 1953
1584711302570 7.0 1954
1584711304896 12.0 1955
1584711307209 12.0 1956
1584711309539 7.0 1957
1584711311830 7.0 1958
1584711314120 12.0 1959
1584711316421 9.0 1960
1584711318696 11.0 1961
1584711320955 8.0 1962
1584711323280 4.0 1963
1584711325649 8.0 1964
1584711327952 1.0 1965
1584711330412 5.0 1966
1584711332684 6.0 1967
1584711334989 11.0 1968
1584711337287 6.0 1969
1584711339597 7.0 1970
1584711341891 7.0 1971
1584711344246 11.0 1972
1584711346626 6.0 1973
1584711348918 10.0 1974
1584711351219 15.0 1975
1584711353526 7.0 1976
1584711355855 5.0 1977
1584711358143 5.0 1978
1584711360493 9.0 1979
1584711362820 6.0 1980
1584711365101 8.0 1981
1584711367425 11.0 1982
1584711370014 6.0 1983
1584711372348 5.0 1984
1584711374673 6.0 1985
1584711376970 5.0 1986
1584711379286 12.0 1987
1584711381581 7.0 1988
1584711383878 7.0 1989
1584711386174 2.0 1990
1584711388460 8.0 1991
1584711390798 9.0 1992
1584711393115 14.0 1993
1584711395439 7.0 1994
1584711397730 7.0 1995
1584711400007 9.0 1996
1584711402317 9.0 1997
1584711404608 7.0 1998
1584711406905 2.0 1999
1584711409181 12.0 2000
