1584556939795 1 1
1584556942067 1 2
1584556944359 1 3
1584556946522 1 4
1584556948704 1 5
1584556950933 1 6
1584556953495 1 7
1584556955878 1 8
1584556958661 1 9
1584556961258 1 10
1584556963866 1 11
1584556966463 1 12
1584556968660 1 13
1584556970924 1 14
1584556973389 1 15
1584556975981 1 16
1584556978097 1 17
1584556980270 1 18
1584556982437 1 19
1584556984615 1 20
1584556986966 1 21
1584556989602 1 22
1584556991753 1 23
1584556993885 1 24
1584556996019 1 25
1584556998167 1 26
1584557000333 1 27
1584557002884 1 28
1584557005535 1 29
1584557007885 1 30
1584557010078 1 31
1584557012282 1 32
1584557014820 1 33
1584557016952 1 34
1584557019111 1 35
1584557021253 1 36
1584557023390 1 37
1584557025525 1 38
1584557027680 1 39
1584557029863 1 40
1584557032003 1 41
1584557034118 1 42
1584557036238 1 43
1584557038387 1 44
1584557040555 1 45
1584557042714 1 46
1584557044843 1 47
1584557046948 1 48
1584557049123 1 49
1584557051282 1 50
1584557053424 1 51
1584557055657 1 52
1584557057781 1 53
1584557059880 1 54
1584557062005 1 55
1584557064125 1 56
1584557066272 1 57
1584557068430 1 58
1584557070600 1 59
1584557072717 1 60
1584557074818 1 61
1584557076953 1 62
1584557079076 1 63
1584557081221 1 64
1584557083348 1 65
1584557085506 1 66
1584557087628 1 67
1584557089733 1 68
1584557091871 1 69
1584557093997 1 70
1584557096140 1 71
1584557098278 1 72
1584557100378 1 73
1584557102563 1 74
1584557104703 1 75
1584557106860 1 76
1584557109072 1 77
1584557111217 1 78
1584557113332 1 79
1584557115432 1 80
1584557117570 1 81
1584557119693 1 82
1584557121905 1 83
1584557124038 1 84
1584557126153 1 85
1584557128289 1 86
1584557130422 1 87
1584557132563 1 88
1584557134703 1 89
1584557136854 1 90
1584557138989 1 91
1584557141120 1 92
1584557143250 1 93
1584557145471 1 94
1584557147614 1 95
1584557149756 1 96
1584557151901 1 97
1584557154034 1 98
1584557156174 1 99
1584557158324 1 100
1584557160511 1 101
1584557162664 1 102
1584557164803 1 103
1584557166912 1 104
1584557169041 1 105
1584557171186 1 106
1584557173325 1 107
1584557175488 1 108
1584557177599 1 109
1584557179704 1 110
1584557181825 1 111
1584557183974 1 112
1584557186141 1 113
1584557188324 1 114
1584557190493 1 115
1584557192642 1 116
1584557194764 1 117
1584557196882 1 118
1584557199008 1 119
1584557201171 1 120
1584557203299 1 121
1584557205410 1 122
1584557207507 1 123
1584557209676 1 124
1584557211827 1 125
1584557213979 1 126
1584557216121 1 127
1584557218285 1 128
1584557220426 1 129
1584557222532 1 130
1584557224651 1 131
1584557226776 1 132
1584557228919 1 133
1584557231058 1 134
1584557233202 1 135
1584557235309 1 136
1584557237466 1 137
1584557239610 1 138
1584557241774 1 139
1584557243946 1 140
1584557246086 1 141
1584557248248 1 142
1584557250388 1 143
1584557252520 1 144
1584557254666 1 145
1584557256828 1 146
1584557258979 1 147
1584557261115 1 148
1584557263433 1 149
1584557266227 1 150
1584557268402 1 151
1584557270746 1 152
1584557273016 1 153
1584557275271 1 154
1584557277744 1 155
1584557279901 1 156
1584557282068 1 157
1584557284241 1 158
1584557286342 1 159
1584557288525 1 160
1584557290662 1 161
1584557292784 1 162
1584557294945 1 163
1584557297068 1 164
1584557299227 1 165
1584557301406 1 166
1584557303522 1 167
1584557305644 1 168
1584557307767 1 169
1584557309935 1 170
1584557312102 1 171
1584557314250 1 172
1584557316359 1 173
1584557318518 1 174
1584557320660 1 175
1584557322802 1 176
1584557324947 1 177
1584557327080 1 178
1584557329198 1 179
1584557331341 1 180
1584557333426 1 181
1584557335600 1 182
1584557337728 1 183
1584557339900 1 184
1584557342024 1 185
1584557344169 1 186
1584557346363 1 187
1584557348515 1 188
1584557350654 1 189
1584557352790 1 190
1584557354917 1 191
1584557357059 1 192
1584557359187 1 193
1584557361333 1 194
1584557363504 1 195
1584557365668 1 196
1584557367778 1 197
1584557369930 1 198
1584557372074 1 199
1584557374219 1 200
1584557376455 1 201
1584557378584 1 202
1584557380755 1 203
1584557382867 1 204
1584557385008 1 205
1584557387160 1 206
1584557389310 1 207
1584557391445 1 208
1584557393565 1 209
1584557395679 1 210
1584557397808 1 211
1584557399945 1 212
1584557402099 1 213
1584557404256 1 214
1584557406466 1 215
1584557408636 1 216
1584557410762 1 217
1584557412880 1 218
1584557415028 1 219
1584557417176 1 220
1584557419295 1 221
1584557421491 1 222
1584557423703 1 223
1584557425871 1 224
1584557428030 1 225
1584557430181 1 226
1584557432343 1 227
1584557434476 1 228
1584557436647 1 229
1584557438769 1 230
1584557440915 1 231
1584557443083 1 232
1584557445220 1 233
1584557447348 1 234
1584557449499 1 235
1584557451623 1 236
1584557453803 1 237
1584557455945 1 238
1584557458083 1 239
1584557460250 1 240
1584557462420 1 241
1584557464534 1 242
1584557466661 1 243
1584557468807 1 244
1584557470947 1 245
1584557473140 1 246
1584557475266 1 247
1584557477409 1 248
1584557479563 1 249
1584557481688 1 250
1584557483827 1 251
1584557485967 1 252
1584557488140 1 253
1584557490271 1 254
1584557492375 1 255
1584557494513 1 256
1584557496691 1 257
1584557498834 1 258
1584557500975 1 259
1584557503144 1 260
1584557505335 1 261
1584557507509 1 262
1584557509678 1 263
1584557511814 1 264
1584557513968 1 265
1584557516125 1 266
1584557518262 1 267
1584557520394 1 268
1584557522520 1 269
1584557524668 1 270
1584557526811 1 271
1584557528967 1 272
1584557531084 1 273
1584557533251 1 274
1584557535397 1 275
1584557537548 1 276
1584557539733 1 277
1584557541880 1 278
1584557544012 1 279
1584557546123 1 280
1584557548271 1 281
1584557550496 1 282
1584557552612 1 283
1584557554730 1 284
1584557556833 1 285
1584557558946 1 286
1584557561093 1 287
1584557563229 1 288
1584557565362 1 289
1584557567497 1 290
1584557569667 1 291
1584557571776 1 292
1584557573896 1 293
1584557576037 1 294
1584557578204 1 295
1584557580385 1 296
1584557582578 1 297
1584557584707 1 298
1584557586863 1 299
1584557589075 1 300
1584557591325 1 301
1584557593513 1 302
1584557595693 1 303
1584557597857 1 304
1584557600054 1 305
1584557602196 1 306
1584557604383 1 307
1584557606516 1 308
1584557608614 1 309
1584557610822 1 310
1584557612970 1 311
1584557615160 1 312
1584557617335 1 313
1584557619525 1 314
1584557621694 1 315
1584557623892 1 316
1584557626062 1 317
1584557628226 1 318
1584557630427 1 319
1584557632598 1 320
1584557634833 1 321
1584557636970 1 322
1584557639135 1 323
1584557641343 1 324
1584557643546 1 325
1584557645756 1 326
1584557647933 1 327
1584557650122 1 328
1584557652290 1 329
1584557654492 1 330
1584557656650 1 331
1584557658826 1 332
1584557661014 1 333
1584557663183 1 334
1584557665371 1 335
1584557667515 1 336
1584557669731 1 337
1584557671899 1 338
1584557674085 1 339
1584557676293 1 340
1584557678496 1 341
1584557680661 1 342
1584557682819 1 343
1584557684985 1 344
1584557687184 1 345
1584557689380 1 346
1584557691544 1 347
1584557693704 1 348
1584557695936 1 349
1584557698137 1 350
1584557700365 1 351
1584557702578 1 352
1584557704764 1 353
1584557706901 1 354
1584557709067 1 355
1584557711246 1 356
1584557713423 1 357
1584557715597 1 358
1584557717760 1 359
1584557719905 1 360
1584557722100 1 361
1584557724321 1 362
1584557726517 1 363
1584557728730 1 364
1584557730930 1 365
1584557733118 1 366
1584557735303 1 367
1584557737459 1 368
1584557739649 1 369
1584557741851 1 370
1584557744044 1 371
1584557746198 1 372
1584557748450 1 373
1584557750624 1 374
1584557752810 1 375
1584557754982 1 376
1584557757149 1 377
1584557759348 1 378
1584557761512 1 379
1584557763719 1 380
1584557765881 1 381
1584557768075 1 382
1584557770279 1 383
1584557772456 1 384
1584557774606 1 385
1584557776764 1 386
1584557778931 1 387
1584557781099 1 388
1584557783307 1 389
1584557785506 1 390
1584557787677 1 391
1584557789833 1 392
1584557791993 1 393
1584557794198 1 394
1584557796383 1 395
1584557798545 1 396
1584557800715 1 397
1584557802847 1 398
1584557805008 1 399
1584557807205 1 400
1584557809524 1 401
1584557811695 1 402
1584557813854 1 403
1584557816003 1 404
1584557818173 1 405
1584557820345 1 406
1584557822532 1 407
1584557824751 1 408
1584557826911 1 409
1584557829128 1 410
1584557831299 1 411
1584557833470 1 412
1584557835687 1 413
1584557837869 1 414
1584557840058 1 415
1584557842259 1 416
1584557844461 1 417
1584557846613 1 418
1584557848796 1 419
1584557850992 1 420
1584557853161 1 421
1584557855311 1 422
1584557857483 1 423
1584557859703 1 424
1584557861903 1 425
1584557864083 1 426
1584557866290 1 427
1584557868483 1 428
1584557870633 1 429
1584557872821 1 430
1584557874978 1 431
1584557877193 1 432
1584557879374 1 433
1584557881524 1 434
1584557883693 1 435
1584557885872 1 436
1584557888061 1 437
1584557890263 1 438
1584557892459 1 439
1584557894645 1 440
1584557896819 1 441
1584557899008 1 442
1584557901334 1 443
1584557903540 1 444
1584557905697 1 445
1584557907845 1 446
1584557910009 1 447
1584557912155 1 448
1584557914414 1 449
1584557916616 1 450
1584557918804 1 451
1584557921000 1 452
1584557923200 1 453
1584557925403 1 454
1584557927560 1 455
1584557929708 1 456
1584557931863 1 457
1584557934021 1 458
1584557936200 1 459
1584557938358 1 460
1584557940524 1 461
1584557942704 1 462
1584557944991 1 463
1584557948857 1 464
1584557951365 1 465
1584557953540 1 466
1584557955829 1 467
1584557957996 1 468
1584557960197 1 469
1584557962393 1 470
1584557964578 1 471
1584557966726 1 472
1584557968868 1 473
1584557971073 1 474
1584557973269 1 475
1584557975485 1 476
1584557977663 1 477
1584557979839 1 478
1584557981996 1 479
1584557984155 1 480
1584557986335 1 481
1584557988530 1 482
1584557990674 1 483
1584557992837 1 484
1584557995022 1 485
1584557997219 1 486
1584557999428 1 487
1584558001598 1 488
1584558003776 1 489
1584558005947 1 490
1584558008127 1 491
1584558010310 1 492
1584558012480 1 493
1584558014675 1 494
1584558016853 1 495
1584558019019 1 496
1584558021154 1 497
1584558023366 1 498
1584558025560 1 499
1584558027733 1 500
1584558029938 1 501
1584558032134 1 502
1584558034338 1 503
1584558036547 1 504
1584558038684 1 505
1584558040833 1 506
1584558043022 1 507
1584558045203 1 508
1584558047353 1 509
1584558049509 1 510
1584558051695 1 511
1584558053867 1 512
1584558056041 1 513
1584558058217 1 514
1584558060407 1 515
1584558062604 1 516
1584558064766 1 517
1584558066915 1 518
1584558069069 1 519
1584558071259 1 520
1584558073426 1 521
1584558075599 1 522
1584558077773 1 523
1584558079930 1 524
1584558082142 1 525
1584558084357 1 526
1584558086555 1 527
1584558088740 1 528
1584558090889 1 529
1584558093053 1 530
1584558095202 1 531
1584558097370 1 532
1584558099544 1 533
1584558101681 1 534
1584558103847 1 535
1584558105998 1 536
1584558108172 1 537
1584558110342 1 538
1584558112589 1 539
1584558114761 1 540
1584558116945 1 541
1584558119126 1 542
1584558121312 1 543
1584558123512 1 544
1584558125697 1 545
1584558127862 1 546
1584558130029 1 547
1584558132197 1 548
1584558134374 1 549
1584558136557 1 550
1584558138777 1 551
1584558140920 1 552
1584558143094 1 553
1584558145277 1 554
1584558147416 1 555
1584558149566 1 556
1584558151762 1 557
1584558153948 1 558
1584558156107 1 559
1584558158285 1 560
1584558160450 1 561
1584558162618 1 562
1584558164778 1 563
1584558166942 1 564
1584558169125 1 565
1584558171292 1 566
1584558173424 1 567
1584558175604 1 568
1584558177790 1 569
1584558179976 1 570
1584558182198 1 571
1584558184365 1 572
1584558186534 1 573
1584558188777 1 574
1584558190946 1 575
1584558193148 1 576
1584558195336 1 577
1584558197514 1 578
1584558199678 1 579
1584558201780 1 580
1584558203886 1 581
1584558206006 1 582
1584558208335 1 583
1584558210981 1 584
1584558213199 1 585
1584558215383 1 586
1584558217561 1 587
1584558219720 1 588
1584558221917 1 589
1584558224099 1 590
1584558226271 1 591
1584558228410 1 592
1584558230575 1 593
1584558232733 1 594
1584558234926 1 595
1584558237098 1 596
1584558239249 1 597
1584558241425 1 598
1584558243607 1 599
1584558245781 1 600
1584558248088 1 601
1584558250327 1 602
1584558252744 1 603
1584558254920 1 604
1584558257086 1 605
1584558259230 1 606
1584558261431 1 607
1584558263646 1 608
1584558265804 1 609
1584558267955 1 610
1584558270127 1 611
1584558272297 1 612
1584558274496 1 613
1584558276691 1 614
1584558278848 1 615
1584558281034 1 616
1584558283201 1 617
1584558285370 1 618
1584558287559 1 619
1584558289754 1 620
1584558291926 1 621
1584558294069 1 622
1584558296238 1 623
1584558298431 1 624
1584558300642 1 625
1584558302822 1 626
1584558305000 1 627
1584558307165 1 628
1584558309342 1 629
1584558311553 1 630
1584558313715 1 631
1584558315890 1 632
1584558318055 1 633
1584558320206 1 634
1584558322397 1 635
1584558324585 1 636
1584558326756 1 637
1584558328936 1 638
1584558331140 1 639
1584558333368 1 640
1584558335546 1 641
1584558337712 1 642
1584558339870 1 643
1584558342078 1 644
1584558344264 1 645
1584558346465 1 646
1584558348607 1 647
1584558350764 1 648
1584558352935 1 649
1584558355111 1 650
1584558357313 1 651
1584558359549 1 652
1584558361759 1 653
1584558363915 1 654
1584558366071 1 655
1584558368233 1 656
1584558370439 1 657
1584558372647 1 658
1584558374803 1 659
1584558376951 1 660
1584558379094 1 661
1584558381277 1 662
1584558383495 1 663
1584558385653 1 664
1584558387823 1 665
1584558390017 1 666
1584558392186 1 667
1584558394361 1 668
1584558396567 1 669
1584558398750 1 670
1584558400929 1 671
1584558403089 1 672
1584558405296 1 673
1584558407532 1 674
1584558409753 1 675
1584558412245 1 676
1584558414529 1 677
1584558416702 1 678
1584558418870 1 679
1584558421044 1 680
1584558423272 1 681
1584558425445 1 682
1584558427614 1 683
1584558429776 1 684
1584558431946 1 685
1584558434131 1 686
1584558436312 1 687
1584558438499 1 688
1584558440696 1 689
1584558442875 1 690
1584558445065 1 691
1584558447220 1 692
1584558449417 1 693
1584558451575 1 694
1584558453758 1 695
1584558455916 1 696
1584558458066 1 697
1584558460234 1 698
1584558462425 1 699
1584558464608 1 700
1584558466847 1 701
1584558469076 1 702
1584558471258 1 703
1584558473426 1 704
1584558475580 1 705
1584558477735 1 706
1584558479912 1 707
1584558482080 1 708
1584558484266 1 709
1584558486438 1 710
1584558488624 1 711
1584558490776 1 712
1584558492965 1 713
1584558495153 1 714
1584558497308 1 715
1584558499510 1 716
1584558501678 1 717
1584558503864 1 718
1584558506023 1 719
1584558508230 1 720
1584558510431 1 721
1584558512570 1 722
1584558514713 1 723
1584558516888 1 724
1584558519104 1 725
1584558521308 1 726
1584558523497 1 727
1584558525687 1 728
1584558527842 1 729
1584558530037 1 730
1584558532226 1 731
1584558534441 1 732
1584558536637 1 733
1584558538797 1 734
1584558540960 1 735
1584558543143 1 736
1584558545331 1 737
1584558547509 1 738
1584558549685 1 739
1584558551864 1 740
1584558554065 1 741
1584558556223 1 742
1584558558398 1 743
1584558560577 1 744
1584558562736 1 745
1584558564939 1 746
1584558567080 1 747
1584558569238 1 748
1584558571419 1 749
1584558573577 1 750
1584558575766 1 751
1584558577926 1 752
1584558580110 1 753
1584558582285 1 754
1584558584457 1 755
1584558586622 1 756
1584558588790 1 757
1584558590975 1 758
1584558593154 1 759
1584558595336 1 760
1584558597476 1 761
1584558599670 1 762
1584558601881 1 763
1584558604079 1 764
1584558606280 1 765
1584558608505 1 766
1584558610662 1 767
1584558612833 1 768
1584558615023 1 769
1584558617212 1 770
1584558619437 1 771
1584558621607 1 772
1584558623782 1 773
1584558625995 1 774
1584558628197 1 775
1584558630388 1 776
1584558632571 1 777
