1584556939795 1 1
1584556942067 0.1 2
1584556944359 0.010000000000000002 3
1584556946522 0.01 4
1584556948704 0.01 5
1584556950933 0.01 6
1584556953495 0.01 7
1584556955878 0.01 8
1584556958661 0.01 9
1584556961258 0.01 10
1584556963866 0.01 11
1584556966463 0.01 12
1584556968660 0.01 13
1584556970924 0.01 14
1584556973389 0.01 15
1584556975981 0.01 16
1584556978097 0.01 17
1584556980270 0.01 18
1584556982437 0.01 19
1584556984615 0.01 20
1584556986966 0.01 21
1584556989602 0.01 22
1584556991753 0.01 23
1584556993885 0.01 24
1584556996019 0.01 25
1584556998167 0.01 26
1584557000333 0.01 27
1584557002884 0.01 28
1584557005535 0.01 29
1584557007885 0.01 30
1584557010078 0.01 31
1584557012282 0.01 32
1584557014820 0.01 33
1584557016952 0.01 34
1584557019111 0.01 35
1584557021253 0.01 36
1584557023390 0.01 37
1584557025525 0.01 38
1584557027680 0.01 39
1584557029863 0.01 40
1584557032003 0.01 41
1584557034118 0.01 42
1584557036238 0.01 43
1584557038387 0.01 44
1584557040555 0.01 45
1584557042714 0.01 46
1584557044843 0.01 47
1584557046948 0.01 48
1584557049123 0.01 49
1584557051282 0.01 50
1584557053424 0.01 51
1584557055657 0.01 52
1584557057781 0.01 53
1584557059880 0.01 54
1584557062005 0.01 55
1584557064125 0.01 56
1584557066272 0.01 57
1584557068430 0.01 58
1584557070600 0.01 59
1584557072717 0.01 60
1584557074818 0.01 61
1584557076953 0.01 62
1584557079076 0.01 63
1584557081221 0.01 64
1584557083348 0.01 65
1584557085506 0.01 66
1584557087628 0.01 67
1584557089733 0.01 68
1584557091871 0.01 69
1584557093997 0.01 70
1584557096140 0.01 71
1584557098278 0.01 72
1584557100378 0.01 73
1584557102563 0.01 74
1584557104703 0.01 75
1584557106860 0.01 76
1584557109072 0.01 77
1584557111217 0.01 78
1584557113332 0.01 79
1584557115432 0.01 80
1584557117570 0.01 81
1584557119693 0.01 82
1584557121905 0.01 83
1584557124038 0.01 84
1584557126153 0.01 85
1584557128289 0.01 86
1584557130422 0.01 87
1584557132563 0.01 88
1584557134703 0.01 89
1584557136854 0.01 90
1584557138989 0.01 91
1584557141120 0.01 92
1584557143250 0.01 93
1584557145471 0.01 94
1584557147614 0.01 95
1584557149756 0.01 96
1584557151901 0.01 97
1584557154034 0.01 98
1584557156174 0.01 99
1584557158324 0.01 100
1584557160511 0.01 101
1584557162664 0.01 102
1584557164803 0.01 103
1584557166912 0.01 104
1584557169041 0.01 105
1584557171186 0.01 106
1584557173325 0.01 107
1584557175488 0.01 108
1584557177599 0.01 109
1584557179704 0.01 110
1584557181825 0.01 111
1584557183974 0.01 112
1584557186141 0.01 113
1584557188324 0.01 114
1584557190493 0.01 115
1584557192642 0.01 116
1584557194764 0.01 117
1584557196882 0.01 118
1584557199008 0.01 119
1584557201171 0.01 120
1584557203299 0.01 121
1584557205410 0.01 122
1584557207507 0.01 123
1584557209676 0.01 124
1584557211827 0.01 125
1584557213979 0.01 126
1584557216121 0.01 127
1584557218285 0.01 128
1584557220426 0.01 129
1584557222532 0.01 130
1584557224651 0.01 131
1584557226776 0.01 132
1584557228919 0.01 133
1584557231058 0.01 134
1584557233202 0.01 135
1584557235309 0.01 136
1584557237466 0.01 137
1584557239610 0.01 138
1584557241774 0.01 139
1584557243946 0.01 140
1584557246086 0.01 141
1584557248248 0.01 142
1584557250388 0.01 143
1584557252520 0.01 144
1584557254666 0.01 145
1584557256828 0.01 146
1584557258979 0.01 147
1584557261115 0.01 148
1584557263433 0.01 149
1584557266227 0.01 150
1584557268402 0.01 151
1584557270746 0.01 152
1584557273016 0.01 153
1584557275271 0.01 154
1584557277744 0.01 155
1584557279901 0.01 156
1584557282068 0.01 157
1584557284241 0.01 158
1584557286342 0.01 159
1584557288525 0.01 160
1584557290662 0.01 161
1584557292784 0.01 162
1584557294945 0.01 163
1584557297068 0.01 164
1584557299227 0.01 165
1584557301406 0.01 166
1584557303522 0.01 167
1584557305644 0.01 168
1584557307767 0.01 169
1584557309935 0.01 170
1584557312102 0.01 171
1584557314250 0.01 172
1584557316359 0.01 173
1584557318518 0.01 174
1584557320660 0.01 175
1584557322802 0.01 176
1584557324947 0.01 177
1584557327080 0.01 178
1584557329198 0.01 179
1584557331341 0.01 180
1584557333426 0.01 181
1584557335600 0.01 182
1584557337728 0.01 183
1584557339900 0.01 184
1584557342024 0.01 185
1584557344169 0.01 186
1584557346363 0.01 187
1584557348515 0.01 188
1584557350654 0.01 189
1584557352790 0.01 190
1584557354917 0.01 191
1584557357059 0.01 192
1584557359187 0.01 193
1584557361333 0.01 194
1584557363504 0.01 195
1584557365668 0.01 196
1584557367778 0.01 197
1584557369930 0.01 198
1584557372074 0.01 199
1584557374219 0.01 200
1584557376455 0.01 201
1584557378584 0.01 202
1584557380755 0.01 203
1584557382867 0.01 204
1584557385008 0.01 205
1584557387160 0.01 206
1584557389310 0.01 207
1584557391445 0.01 208
1584557393565 0.01 209
1584557395679 0.01 210
1584557397808 0.01 211
1584557399945 0.01 212
1584557402099 0.01 213
1584557404256 0.01 214
1584557406466 0.01 215
1584557408636 0.01 216
1584557410762 0.01 217
1584557412880 0.01 218
1584557415028 0.01 219
1584557417176 0.01 220
1584557419295 0.01 221
1584557421491 0.01 222
1584557423703 0.01 223
1584557425871 0.01 224
1584557428030 0.01 225
1584557430181 0.01 226
1584557432343 0.01 227
1584557434476 0.01 228
1584557436647 0.01 229
1584557438769 0.01 230
1584557440915 0.01 231
1584557443083 0.01 232
1584557445220 0.01 233
1584557447348 0.01 234
1584557449499 0.01 235
1584557451623 0.01 236
1584557453803 0.01 237
1584557455945 0.01 238
1584557458083 0.01 239
1584557460250 0.01 240
1584557462420 0.01 241
1584557464534 0.01 242
1584557466661 0.01 243
1584557468807 0.01 244
1584557470947 0.01 245
1584557473140 0.01 246
1584557475266 0.01 247
1584557477409 0.01 248
1584557479563 0.01 249
1584557481688 0.01 250
1584557483827 0.01 251
1584557485967 0.01 252
1584557488140 0.01 253
1584557490271 0.01 254
1584557492375 0.01 255
1584557494513 0.01 256
1584557496691 0.01 257
1584557498834 0.01 258
1584557500975 0.01 259
1584557503144 0.01 260
1584557505335 0.01 261
1584557507509 0.01 262
1584557509678 0.01 263
1584557511814 0.01 264
1584557513968 0.01 265
1584557516125 0.01 266
1584557518262 0.01 267
1584557520394 0.01 268
1584557522520 0.01 269
1584557524668 0.01 270
1584557526811 0.01 271
1584557528967 0.01 272
1584557531084 0.01 273
1584557533251 0.01 274
1584557535397 0.01 275
1584557537548 0.01 276
1584557539733 0.01 277
1584557541880 0.01 278
1584557544012 0.01 279
1584557546123 0.01 280
1584557548271 0.01 281
1584557550496 0.01 282
1584557552612 0.01 283
1584557554730 0.01 284
1584557556833 0.01 285
1584557558946 0.01 286
1584557561093 0.01 287
1584557563229 0.01 288
1584557565362 0.01 289
1584557567497 0.01 290
1584557569667 0.01 291
1584557571776 0.01 292
1584557573896 0.01 293
1584557576037 0.01 294
1584557578204 0.01 295
1584557580385 0.01 296
1584557582578 0.01 297
1584557584707 0.01 298
1584557586863 0.01 299
1584557589075 0.01 300
1584557591325 0.01 301
1584557593513 0.01 302
1584557595693 0.01 303
1584557597857 0.01 304
1584557600054 0.01 305
1584557602196 0.01 306
1584557604383 0.01 307
1584557606516 0.01 308
1584557608614 0.01 309
1584557610822 0.01 310
1584557612970 0.01 311
1584557615160 0.01 312
1584557617335 0.01 313
1584557619525 0.01 314
1584557621694 0.01 315
1584557623892 0.01 316
1584557626062 0.01 317
1584557628226 0.01 318
1584557630427 0.01 319
1584557632598 0.01 320
1584557634833 0.01 321
1584557636970 0.01 322
1584557639135 0.01 323
1584557641343 0.01 324
1584557643546 0.01 325
1584557645756 0.01 326
1584557647933 0.01 327
1584557650122 0.01 328
1584557652290 0.01 329
1584557654492 0.01 330
1584557656650 0.01 331
1584557658826 0.01 332
1584557661014 0.01 333
1584557663183 0.01 334
1584557665371 0.01 335
1584557667515 0.01 336
1584557669731 0.01 337
1584557671899 0.01 338
1584557674085 0.01 339
1584557676293 0.01 340
1584557678496 0.01 341
1584557680661 0.01 342
1584557682819 0.01 343
1584557684985 0.01 344
1584557687184 0.01 345
1584557689380 0.01 346
1584557691544 0.01 347
1584557693704 0.01 348
1584557695936 0.01 349
1584557698137 0.01 350
1584557700365 0.01 351
1584557702578 0.01 352
1584557704764 0.01 353
1584557706901 0.01 354
1584557709067 0.01 355
1584557711246 0.01 356
1584557713423 0.01 357
1584557715597 0.01 358
1584557717760 0.01 359
1584557719905 0.01 360
1584557722100 0.01 361
1584557724321 0.01 362
1584557726517 0.01 363
1584557728730 0.01 364
1584557730930 0.01 365
1584557733118 0.01 366
1584557735303 0.01 367
1584557737459 0.01 368
1584557739649 0.01 369
1584557741851 0.01 370
1584557744044 0.01 371
1584557746198 0.01 372
1584557748450 0.01 373
1584557750624 0.01 374
1584557752810 0.01 375
1584557754982 0.01 376
1584557757149 0.01 377
1584557759348 0.01 378
1584557761512 0.01 379
1584557763719 0.01 380
1584557765881 0.01 381
1584557768075 0.01 382
1584557770279 0.01 383
1584557772456 0.01 384
1584557774606 0.01 385
1584557776764 0.01 386
1584557778931 0.01 387
1584557781099 0.01 388
1584557783307 0.01 389
1584557785506 0.01 390
1584557787677 0.01 391
1584557789833 0.01 392
1584557791993 0.01 393
1584557794198 0.01 394
1584557796383 0.01 395
1584557798545 0.01 396
1584557800715 0.01 397
1584557802847 0.01 398
1584557805008 0.01 399
1584557807205 0.01 400
1584557809524 0.01 401
1584557811695 0.01 402
1584557813854 0.01 403
1584557816003 0.01 404
1584557818173 0.01 405
1584557820345 0.01 406
1584557822532 0.01 407
1584557824751 0.01 408
1584557826911 0.01 409
1584557829128 0.01 410
1584557831299 0.01 411
1584557833470 0.01 412
1584557835687 0.01 413
1584557837869 0.01 414
1584557840058 0.01 415
1584557842259 0.01 416
1584557844461 0.01 417
1584557846613 0.01 418
1584557848796 0.01 419
1584557850992 0.01 420
1584557853161 0.01 421
1584557855311 0.01 422
1584557857483 0.01 423
1584557859703 0.01 424
1584557861903 0.01 425
1584557864083 0.01 426
1584557866290 0.01 427
1584557868483 0.01 428
1584557870633 0.01 429
1584557872821 0.01 430
1584557874978 0.01 431
1584557877193 0.01 432
1584557879374 0.01 433
1584557881524 0.01 434
1584557883693 0.01 435
1584557885872 0.01 436
1584557888061 0.01 437
1584557890263 0.01 438
1584557892459 0.01 439
1584557894645 0.01 440
1584557896819 0.01 441
1584557899008 0.01 442
1584557901334 0.01 443
1584557903540 0.01 444
1584557905697 0.01 445
1584557907845 0.01 446
1584557910009 0.01 447
1584557912155 0.01 448
1584557914414 0.01 449
1584557916616 0.01 450
1584557918804 0.01 451
1584557921000 0.01 452
1584557923200 0.01 453
1584557925403 0.01 454
1584557927560 0.01 455
1584557929708 0.01 456
1584557931863 0.01 457
1584557934021 0.01 458
1584557936200 0.01 459
1584557938358 0.01 460
1584557940524 0.01 461
1584557942704 0.01 462
1584557944991 0.01 463
1584557948857 0.01 464
1584557951365 0.01 465
1584557953540 0.01 466
1584557955829 0.01 467
1584557957996 0.01 468
1584557960197 0.01 469
1584557962393 0.01 470
1584557964578 0.01 471
1584557966726 0.01 472
1584557968868 0.01 473
1584557971073 0.01 474
1584557973269 0.01 475
1584557975485 0.01 476
1584557977663 0.01 477
1584557979839 0.01 478
1584557981996 0.01 479
1584557984155 0.01 480
1584557986335 0.01 481
1584557988530 0.01 482
1584557990674 0.01 483
1584557992837 0.01 484
1584557995022 0.01 485
1584557997219 0.01 486
1584557999428 0.01 487
1584558001598 0.01 488
1584558003776 0.01 489
1584558005947 0.01 490
1584558008127 0.01 491
1584558010310 0.01 492
1584558012480 0.01 493
1584558014675 0.01 494
1584558016853 0.01 495
1584558019019 0.01 496
1584558021154 0.01 497
1584558023366 0.01 498
1584558025560 0.01 499
1584558027733 0.01 500
1584558029938 0.01 501
1584558032134 0.01 502
1584558034338 0.01 503
1584558036547 0.01 504
1584558038684 0.01 505
1584558040833 0.01 506
1584558043022 0.01 507
1584558045203 0.01 508
1584558047353 0.01 509
1584558049509 0.01 510
1584558051695 0.01 511
1584558053867 0.01 512
1584558056041 0.01 513
1584558058217 0.01 514
1584558060407 0.01 515
1584558062604 0.01 516
1584558064766 0.01 517
1584558066915 0.01 518
1584558069069 0.01 519
1584558071259 0.01 520
1584558073426 0.01 521
1584558075599 0.01 522
1584558077773 0.01 523
1584558079930 0.01 524
1584558082142 0.01 525
1584558084357 0.01 526
1584558086555 0.01 527
1584558088740 0.01 528
1584558090889 0.01 529
1584558093053 0.01 530
1584558095202 0.01 531
1584558097370 0.01 532
1584558099544 0.01 533
1584558101681 0.01 534
1584558103847 0.01 535
1584558105998 0.01 536
1584558108172 0.01 537
1584558110342 0.01 538
1584558112589 0.01 539
1584558114761 0.01 540
1584558116945 0.01 541
1584558119126 0.01 542
1584558121312 0.01 543
1584558123512 0.01 544
1584558125697 0.01 545
1584558127862 0.01 546
1584558130029 0.01 547
1584558132197 0.01 548
1584558134374 0.01 549
1584558136557 0.01 550
1584558138777 0.01 551
1584558140920 0.01 552
1584558143094 0.01 553
1584558145277 0.01 554
1584558147416 0.01 555
1584558149566 0.01 556
1584558151762 0.01 557
1584558153948 0.01 558
1584558156107 0.01 559
1584558158285 0.01 560
1584558160450 0.01 561
1584558162618 0.01 562
1584558164778 0.01 563
1584558166942 0.01 564
1584558169125 0.01 565
1584558171292 0.01 566
1584558173424 0.01 567
1584558175604 0.01 568
1584558177790 0.01 569
1584558179976 0.01 570
1584558182198 0.01 571
1584558184365 0.01 572
1584558186534 0.01 573
1584558188777 0.01 574
1584558190946 0.01 575
1584558193148 0.01 576
1584558195336 0.01 577
1584558197514 0.01 578
1584558199678 0.01 579
1584558201780 0.01 580
1584558203886 0.01 581
1584558206006 0.01 582
1584558208335 0.01 583
1584558210981 0.01 584
1584558213199 0.01 585
1584558215383 0.01 586
1584558217561 0.01 587
1584558219720 0.01 588
1584558221917 0.01 589
1584558224099 0.01 590
1584558226271 0.01 591
1584558228410 0.01 592
1584558230575 0.01 593
1584558232733 0.01 594
1584558234926 0.01 595
1584558237098 0.01 596
1584558239249 0.01 597
1584558241425 0.01 598
1584558243607 0.01 599
1584558245781 0.01 600
1584558248088 0.01 601
1584558250327 0.01 602
1584558252744 0.01 603
1584558254920 0.01 604
1584558257086 0.01 605
1584558259230 0.01 606
1584558261431 0.01 607
1584558263646 0.01 608
1584558265804 0.01 609
1584558267955 0.01 610
1584558270127 0.01 611
1584558272297 0.01 612
1584558274496 0.01 613
1584558276691 0.01 614
1584558278848 0.01 615
1584558281034 0.01 616
1584558283201 0.01 617
1584558285370 0.01 618
1584558287559 0.01 619
1584558289754 0.01 620
1584558291926 0.01 621
1584558294069 0.01 622
1584558296238 0.01 623
1584558298431 0.01 624
1584558300642 0.01 625
1584558302822 0.01 626
1584558305000 0.01 627
1584558307165 0.01 628
1584558309342 0.01 629
1584558311553 0.01 630
1584558313715 0.01 631
1584558315890 0.01 632
1584558318055 0.01 633
1584558320206 0.01 634
1584558322397 0.01 635
1584558324585 0.01 636
1584558326756 0.01 637
1584558328936 0.01 638
1584558331140 0.01 639
1584558333368 0.01 640
1584558335546 0.01 641
1584558337712 0.01 642
1584558339870 0.01 643
1584558342078 0.01 644
1584558344264 0.01 645
1584558346465 0.01 646
1584558348607 0.01 647
1584558350764 0.01 648
1584558352935 0.01 649
1584558355111 0.01 650
1584558357313 0.01 651
1584558359549 0.01 652
1584558361759 0.01 653
1584558363915 0.01 654
1584558366071 0.01 655
1584558368233 0.01 656
1584558370439 0.01 657
1584558372647 0.01 658
1584558374803 0.01 659
1584558376951 0.01 660
1584558379094 0.01 661
1584558381277 0.01 662
1584558383495 0.01 663
1584558385653 0.01 664
1584558387823 0.01 665
1584558390017 0.01 666
1584558392186 0.01 667
1584558394361 0.01 668
1584558396567 0.01 669
1584558398750 0.01 670
1584558400929 0.01 671
1584558403089 0.01 672
1584558405296 0.01 673
1584558407532 0.01 674
1584558409753 0.01 675
1584558412245 0.01 676
1584558414529 0.01 677
1584558416702 0.01 678
1584558418870 0.01 679
1584558421044 0.01 680
1584558423272 0.01 681
1584558425445 0.01 682
1584558427614 0.01 683
1584558429776 0.01 684
1584558431946 0.01 685
1584558434131 0.01 686
1584558436312 0.01 687
1584558438499 0.01 688
1584558440696 0.01 689
1584558442875 0.01 690
1584558445065 0.01 691
1584558447220 0.01 692
1584558449417 0.01 693
1584558451575 0.01 694
1584558453758 0.01 695
1584558455916 0.01 696
1584558458066 0.01 697
1584558460234 0.01 698
1584558462425 0.01 699
1584558464608 0.01 700
1584558466847 0.01 701
1584558469076 0.01 702
1584558471258 0.01 703
1584558473426 0.01 704
1584558475580 0.01 705
1584558477735 0.01 706
1584558479912 0.01 707
1584558482080 0.01 708
1584558484266 0.01 709
1584558486438 0.01 710
1584558488624 0.01 711
1584558490776 0.01 712
1584558492965 0.01 713
1584558495153 0.01 714
1584558497308 0.01 715
1584558499510 0.01 716
1584558501678 0.01 717
1584558503864 0.01 718
1584558506023 0.01 719
1584558508230 0.01 720
1584558510431 0.01 721
1584558512570 0.01 722
1584558514713 0.01 723
1584558516888 0.01 724
1584558519104 0.01 725
1584558521308 0.01 726
1584558523497 0.01 727
1584558525687 0.01 728
1584558527842 0.01 729
1584558530037 0.01 730
1584558532226 0.01 731
1584558534441 0.01 732
1584558536637 0.01 733
1584558538797 0.01 734
1584558540960 0.01 735
1584558543143 0.01 736
1584558545331 0.01 737
1584558547509 0.01 738
1584558549685 0.01 739
1584558551864 0.01 740
1584558554065 0.01 741
1584558556223 0.01 742
1584558558398 0.01 743
1584558560577 0.01 744
1584558562736 0.01 745
1584558564939 0.01 746
1584558567080 0.01 747
1584558569238 0.01 748
1584558571419 0.01 749
1584558573577 0.01 750
1584558575766 0.01 751
1584558577926 0.01 752
1584558580110 0.01 753
1584558582285 0.01 754
1584558584457 0.01 755
1584558586622 0.01 756
1584558588790 0.01 757
1584558590975 0.01 758
1584558593154 0.01 759
1584558595336 0.01 760
1584558597476 0.01 761
1584558599670 0.01 762
1584558601881 0.01 763
1584558604079 0.01 764
1584558606280 0.01 765
1584558608505 0.01 766
1584558610662 0.01 767
1584558612833 0.01 768
1584558615023 0.01 769
1584558617212 0.01 770
1584558619437 0.01 771
1584558621607 0.01 772
1584558623782 0.01 773
1584558625995 0.01 774
1584558628197 0.01 775
1584558630388 0.01 776
1584558632571 0.01 777
