1584556939795 300 1
1584556942067 300 2
1584556944359 300 3
1584556946522 300 4
1584556948704 300 5
1584556950933 300 6
1584556953495 300 7
1584556955878 300 8
1584556958661 300 9
1584556961258 300 10
1584556963866 300 11
1584556966463 300 12
1584556968660 300 13
1584556970924 300 14
1584556973389 300 15
1584556975981 300 16
1584556978097 300 17
1584556980270 300 18
1584556982437 300 19
1584556984615 300 20
1584556986966 300 21
1584556989602 300 22
1584556991753 300 23
1584556993885 300 24
1584556996019 300 25
1584556998167 300 26
1584557000333 300 27
1584557002884 300 28
1584557005535 300 29
1584557007885 300 30
1584557010078 300 31
1584557012282 300 32
1584557014820 300 33
1584557016952 300 34
1584557019111 300 35
1584557021253 300 36
1584557023390 300 37
1584557025525 300 38
1584557027680 300 39
1584557029863 300 40
1584557032003 300 41
1584557034118 300 42
1584557036238 300 43
1584557038387 300 44
1584557040555 300 45
1584557042714 300 46
1584557044843 300 47
1584557046948 300 48
1584557049123 300 49
1584557051282 300 50
1584557053424 300 51
1584557055657 300 52
1584557057781 300 53
1584557059880 300 54
1584557062005 300 55
1584557064125 300 56
1584557066272 300 57
1584557068430 300 58
1584557070600 300 59
1584557072717 300 60
1584557074818 300 61
1584557076953 300 62
1584557079076 300 63
1584557081221 300 64
1584557083348 300 65
1584557085506 300 66
1584557087628 300 67
1584557089733 300 68
1584557091871 300 69
1584557093997 300 70
1584557096140 300 71
1584557098278 300 72
1584557100378 300 73
1584557102563 300 74
1584557104703 300 75
1584557106860 300 76
1584557109072 300 77
1584557111217 300 78
1584557113332 300 79
1584557115432 300 80
1584557117570 300 81
1584557119693 300 82
1584557121905 300 83
1584557124038 300 84
1584557126153 300 85
1584557128289 300 86
1584557130422 300 87
1584557132563 300 88
1584557134703 300 89
1584557136854 300 90
1584557138989 300 91
1584557141120 300 92
1584557143250 300 93
1584557145471 300 94
1584557147614 300 95
1584557149756 300 96
1584557151901 300 97
1584557154034 300 98
1584557156174 300 99
1584557158324 300 100
1584557160511 300 101
1584557162664 300 102
1584557164803 300 103
1584557166912 300 104
1584557169041 300 105
1584557171186 300 106
1584557173325 300 107
1584557175488 300 108
1584557177599 300 109
1584557179704 300 110
1584557181825 300 111
1584557183974 300 112
1584557186141 300 113
1584557188324 300 114
1584557190493 300 115
1584557192642 300 116
1584557194764 300 117
1584557196882 300 118
1584557199008 300 119
1584557201171 300 120
1584557203299 300 121
1584557205410 300 122
1584557207507 300 123
1584557209676 300 124
1584557211827 300 125
1584557213979 300 126
1584557216121 300 127
1584557218285 300 128
1584557220426 300 129
1584557222532 300 130
1584557224651 300 131
1584557226776 300 132
1584557228919 300 133
1584557231058 300 134
1584557233202 300 135
1584557235309 300 136
1584557237466 300 137
1584557239610 300 138
1584557241774 300 139
1584557243946 300 140
1584557246086 300 141
1584557248248 300 142
1584557250388 300 143
1584557252520 300 144
1584557254666 300 145
1584557256828 300 146
1584557258979 300 147
1584557261115 300 148
1584557263433 300 149
1584557266227 300 150
1584557268402 300 151
1584557270746 300 152
1584557273016 300 153
1584557275271 300 154
1584557277744 300 155
1584557279901 300 156
1584557282068 300 157
1584557284241 300 158
1584557286342 300 159
1584557288525 300 160
1584557290662 300 161
1584557292784 300 162
1584557294945 300 163
1584557297068 300 164
1584557299227 300 165
1584557301406 300 166
1584557303522 300 167
1584557305644 300 168
1584557307767 300 169
1584557309935 300 170
1584557312102 300 171
1584557314250 300 172
1584557316359 300 173
1584557318518 300 174
1584557320660 300 175
1584557322802 300 176
1584557324947 300 177
1584557327080 300 178
1584557329198 300 179
1584557331341 300 180
1584557333426 300 181
1584557335600 300 182
1584557337728 300 183
1584557339900 300 184
1584557342024 300 185
1584557344169 300 186
1584557346363 300 187
1584557348515 300 188
1584557350654 300 189
1584557352790 300 190
1584557354917 300 191
1584557357059 300 192
1584557359187 300 193
1584557361333 300 194
1584557363504 300 195
1584557365668 300 196
1584557367778 300 197
1584557369930 300 198
1584557372074 300 199
1584557374219 300 200
1584557376455 300 201
1584557378584 300 202
1584557380755 300 203
1584557382867 300 204
1584557385008 300 205
1584557387160 300 206
1584557389310 300 207
1584557391445 300 208
1584557393565 300 209
1584557395679 300 210
1584557397808 300 211
1584557399945 300 212
1584557402099 300 213
1584557404256 300 214
1584557406466 300 215
1584557408636 300 216
1584557410762 300 217
1584557412880 300 218
1584557415028 300 219
1584557417176 300 220
1584557419295 300 221
1584557421491 300 222
1584557423703 300 223
1584557425871 300 224
1584557428030 300 225
1584557430181 300 226
1584557432343 300 227
1584557434476 300 228
1584557436647 300 229
1584557438769 300 230
1584557440915 300 231
1584557443083 300 232
1584557445220 300 233
1584557447348 300 234
1584557449499 300 235
1584557451623 300 236
1584557453803 300 237
1584557455945 300 238
1584557458083 300 239
1584557460250 300 240
1584557462420 300 241
1584557464534 300 242
1584557466661 300 243
1584557468807 300 244
1584557470947 300 245
1584557473140 300 246
1584557475266 300 247
1584557477409 300 248
1584557479563 300 249
1584557481688 300 250
1584557483827 300 251
1584557485967 300 252
1584557488140 300 253
1584557490271 300 254
1584557492375 300 255
1584557494513 300 256
1584557496691 300 257
1584557498834 300 258
1584557500975 300 259
1584557503144 300 260
1584557505335 300 261
1584557507509 300 262
1584557509678 300 263
1584557511814 300 264
1584557513968 300 265
1584557516125 300 266
1584557518262 300 267
1584557520394 300 268
1584557522520 300 269
1584557524668 300 270
1584557526811 300 271
1584557528967 300 272
1584557531084 300 273
1584557533251 300 274
1584557535397 300 275
1584557537548 300 276
1584557539733 300 277
1584557541880 300 278
1584557544012 300 279
1584557546123 300 280
1584557548271 300 281
1584557550496 300 282
1584557552612 300 283
1584557554730 300 284
1584557556833 300 285
1584557558946 300 286
1584557561093 300 287
1584557563229 300 288
1584557565362 300 289
1584557567497 300 290
1584557569667 300 291
1584557571776 300 292
1584557573896 300 293
1584557576037 300 294
1584557578204 300 295
1584557580385 300 296
1584557582578 300 297
1584557584707 300 298
1584557586863 300 299
1584557589075 300 300
1584557591325 300 301
1584557593513 300 302
1584557595693 300 303
1584557597857 300 304
1584557600054 300 305
1584557602196 300 306
1584557604383 300 307
1584557606516 300 308
1584557608614 300 309
1584557610822 300 310
1584557612970 300 311
1584557615160 300 312
1584557617335 300 313
1584557619525 300 314
1584557621694 300 315
1584557623892 300 316
1584557626062 300 317
1584557628226 300 318
1584557630427 300 319
1584557632598 300 320
1584557634833 300 321
1584557636970 300 322
1584557639135 300 323
1584557641343 300 324
1584557643546 300 325
1584557645756 300 326
1584557647933 300 327
1584557650122 300 328
1584557652290 300 329
1584557654492 300 330
1584557656650 300 331
1584557658826 300 332
1584557661014 300 333
1584557663183 300 334
1584557665371 300 335
1584557667515 300 336
1584557669731 300 337
1584557671899 300 338
1584557674085 300 339
1584557676293 300 340
1584557678496 300 341
1584557680661 300 342
1584557682819 300 343
1584557684985 300 344
1584557687184 300 345
1584557689380 300 346
1584557691544 300 347
1584557693704 300 348
1584557695936 300 349
1584557698137 300 350
1584557700365 300 351
1584557702578 300 352
1584557704764 300 353
1584557706901 300 354
1584557709067 300 355
1584557711246 300 356
1584557713423 300 357
1584557715597 300 358
1584557717760 300 359
1584557719905 300 360
1584557722100 300 361
1584557724321 300 362
1584557726517 300 363
1584557728730 300 364
1584557730930 300 365
1584557733118 300 366
1584557735303 300 367
1584557737459 300 368
1584557739649 300 369
1584557741851 300 370
1584557744044 300 371
1584557746198 300 372
1584557748450 300 373
1584557750624 300 374
1584557752810 300 375
1584557754982 300 376
1584557757149 300 377
1584557759348 300 378
1584557761512 300 379
1584557763719 300 380
1584557765881 300 381
1584557768075 300 382
1584557770279 300 383
1584557772456 300 384
1584557774606 300 385
1584557776764 300 386
1584557778931 300 387
1584557781099 300 388
1584557783307 300 389
1584557785506 300 390
1584557787677 300 391
1584557789833 300 392
1584557791993 300 393
1584557794198 300 394
1584557796383 300 395
1584557798545 300 396
1584557800715 300 397
1584557802847 300 398
1584557805008 300 399
1584557807205 300 400
1584557809524 300 401
1584557811695 300 402
1584557813854 300 403
1584557816003 300 404
1584557818173 300 405
1584557820345 300 406
1584557822532 300 407
1584557824751 300 408
1584557826911 300 409
1584557829128 300 410
1584557831299 300 411
1584557833470 300 412
1584557835687 300 413
1584557837869 300 414
1584557840058 300 415
1584557842259 300 416
1584557844461 300 417
1584557846613 300 418
1584557848796 300 419
1584557850992 300 420
1584557853161 300 421
1584557855311 300 422
1584557857483 300 423
1584557859703 300 424
1584557861903 300 425
1584557864083 300 426
1584557866290 300 427
1584557868483 300 428
1584557870633 300 429
1584557872821 300 430
1584557874978 300 431
1584557877193 300 432
1584557879374 300 433
1584557881524 300 434
1584557883693 300 435
1584557885872 300 436
1584557888061 300 437
1584557890263 300 438
1584557892459 300 439
1584557894645 300 440
1584557896819 300 441
1584557899008 300 442
1584557901334 300 443
1584557903540 300 444
1584557905697 300 445
1584557907845 300 446
1584557910009 300 447
1584557912155 300 448
1584557914414 300 449
1584557916616 300 450
1584557918804 300 451
1584557921000 300 452
1584557923200 300 453
1584557925403 300 454
1584557927560 300 455
1584557929708 300 456
1584557931863 300 457
1584557934021 300 458
1584557936200 300 459
1584557938358 300 460
1584557940524 300 461
1584557942704 300 462
1584557944991 300 463
1584557948857 300 464
1584557951365 300 465
1584557953540 300 466
1584557955829 300 467
1584557957996 300 468
1584557960197 300 469
1584557962393 300 470
1584557964578 300 471
1584557966726 300 472
1584557968868 300 473
1584557971073 300 474
1584557973269 300 475
1584557975485 300 476
1584557977663 300 477
1584557979839 300 478
1584557981996 300 479
1584557984155 300 480
1584557986335 300 481
1584557988530 300 482
1584557990674 300 483
1584557992837 300 484
1584557995022 300 485
1584557997219 300 486
1584557999428 300 487
1584558001598 300 488
1584558003776 300 489
1584558005947 300 490
1584558008127 300 491
1584558010310 300 492
1584558012480 300 493
1584558014675 300 494
1584558016853 300 495
1584558019019 300 496
1584558021154 300 497
1584558023366 300 498
1584558025560 300 499
1584558027733 300 500
1584558029938 300 501
1584558032134 300 502
1584558034338 300 503
1584558036547 300 504
1584558038684 300 505
1584558040833 300 506
1584558043022 300 507
1584558045203 300 508
1584558047353 300 509
1584558049509 300 510
1584558051695 300 511
1584558053867 300 512
1584558056041 300 513
1584558058217 300 514
1584558060407 300 515
1584558062604 300 516
1584558064766 300 517
1584558066915 300 518
1584558069069 300 519
1584558071259 300 520
1584558073426 300 521
1584558075599 300 522
1584558077773 300 523
1584558079930 300 524
1584558082142 300 525
1584558084357 300 526
1584558086555 300 527
1584558088740 300 528
1584558090889 300 529
1584558093053 300 530
1584558095202 300 531
1584558097370 300 532
1584558099544 300 533
1584558101681 300 534
1584558103847 300 535
1584558105998 300 536
1584558108172 300 537
1584558110342 300 538
1584558112589 300 539
1584558114761 300 540
1584558116945 300 541
1584558119126 300 542
1584558121312 300 543
1584558123512 300 544
1584558125697 300 545
1584558127862 300 546
1584558130029 300 547
1584558132197 300 548
1584558134374 300 549
1584558136557 300 550
1584558138777 300 551
1584558140920 300 552
1584558143094 300 553
1584558145277 300 554
1584558147416 300 555
1584558149566 300 556
1584558151762 300 557
1584558153948 300 558
1584558156107 300 559
1584558158285 300 560
1584558160450 300 561
1584558162618 300 562
1584558164778 300 563
1584558166942 300 564
1584558169125 300 565
1584558171292 300 566
1584558173424 300 567
1584558175604 300 568
1584558177790 300 569
1584558179976 300 570
1584558182198 300 571
1584558184365 300 572
1584558186534 300 573
1584558188777 300 574
1584558190946 300 575
1584558193148 300 576
1584558195336 300 577
1584558197514 300 578
1584558199678 300 579
1584558201780 300 580
1584558203886 300 581
1584558206006 300 582
1584558208335 300 583
1584558210981 300 584
1584558213199 300 585
1584558215383 300 586
1584558217561 300 587
1584558219720 300 588
1584558221917 300 589
1584558224099 300 590
1584558226271 300 591
1584558228410 300 592
1584558230575 300 593
1584558232733 300 594
1584558234926 300 595
1584558237098 300 596
1584558239249 300 597
1584558241425 300 598
1584558243607 300 599
1584558245781 300 600
1584558248088 300 601
1584558250327 300 602
1584558252744 300 603
1584558254920 300 604
1584558257086 300 605
1584558259230 300 606
1584558261431 300 607
1584558263646 300 608
1584558265804 300 609
1584558267955 300 610
1584558270127 300 611
1584558272297 300 612
1584558274496 300 613
1584558276691 300 614
1584558278848 300 615
1584558281034 300 616
1584558283201 300 617
1584558285370 300 618
1584558287559 300 619
1584558289754 300 620
1584558291926 300 621
1584558294069 300 622
1584558296238 300 623
1584558298431 300 624
1584558300642 300 625
1584558302822 300 626
1584558305000 300 627
1584558307165 300 628
1584558309342 300 629
1584558311553 300 630
1584558313715 300 631
1584558315890 300 632
1584558318055 300 633
1584558320206 300 634
1584558322397 300 635
1584558324585 300 636
1584558326756 300 637
1584558328936 300 638
1584558331140 300 639
1584558333368 300 640
1584558335546 300 641
1584558337712 300 642
1584558339870 300 643
1584558342078 300 644
1584558344264 300 645
1584558346465 300 646
1584558348607 300 647
1584558350764 300 648
1584558352935 300 649
1584558355111 300 650
1584558357313 300 651
1584558359549 300 652
1584558361759 300 653
1584558363915 300 654
1584558366071 300 655
1584558368233 300 656
1584558370439 300 657
1584558372647 300 658
1584558374803 300 659
1584558376951 300 660
1584558379094 300 661
1584558381277 300 662
1584558383495 300 663
1584558385653 300 664
1584558387823 300 665
1584558390017 300 666
1584558392186 300 667
1584558394361 300 668
1584558396567 300 669
1584558398750 300 670
1584558400929 300 671
1584558403089 300 672
1584558405296 300 673
1584558407532 300 674
1584558409753 300 675
1584558412245 300 676
1584558414529 300 677
1584558416702 300 678
1584558418870 300 679
1584558421044 300 680
1584558423272 300 681
1584558425445 300 682
1584558427614 300 683
1584558429776 300 684
1584558431946 300 685
1584558434131 300 686
1584558436312 300 687
1584558438499 300 688
1584558440696 300 689
1584558442875 300 690
1584558445065 300 691
1584558447220 300 692
1584558449417 300 693
1584558451575 300 694
1584558453758 300 695
1584558455916 300 696
1584558458066 300 697
1584558460234 300 698
1584558462425 300 699
1584558464608 300 700
1584558466847 300 701
1584558469076 300 702
1584558471258 300 703
1584558473426 300 704
1584558475580 300 705
1584558477735 300 706
1584558479912 300 707
1584558482080 300 708
1584558484266 300 709
1584558486438 300 710
1584558488624 300 711
1584558490776 300 712
1584558492965 300 713
1584558495153 300 714
1584558497308 300 715
1584558499510 300 716
1584558501678 300 717
1584558503864 300 718
1584558506023 300 719
1584558508230 300 720
1584558510431 300 721
1584558512570 300 722
1584558514713 300 723
1584558516888 300 724
1584558519104 300 725
1584558521308 300 726
1584558523497 300 727
1584558525687 300 728
1584558527842 300 729
1584558530037 300 730
1584558532226 300 731
1584558534441 300 732
1584558536637 300 733
1584558538797 300 734
1584558540960 300 735
1584558543143 300 736
1584558545331 300 737
1584558547509 300 738
1584558549685 300 739
1584558551864 300 740
1584558554065 300 741
1584558556223 300 742
1584558558398 300 743
1584558560577 300 744
1584558562736 300 745
1584558564939 300 746
1584558567080 300 747
1584558569238 300 748
1584558571419 300 749
1584558573577 300 750
1584558575766 300 751
1584558577926 300 752
1584558580110 300 753
1584558582285 300 754
1584558584457 300 755
1584558586622 300 756
1584558588790 300 757
1584558590975 300 758
1584558593154 300 759
1584558595336 300 760
1584558597476 300 761
1584558599670 300 762
1584558601881 300 763
1584558604079 300 764
1584558606280 300 765
1584558608505 300 766
1584558610662 300 767
1584558612833 300 768
1584558615023 300 769
1584558617212 300 770
1584558619437 300 771
1584558621607 300 772
1584558623782 300 773
1584558625995 300 774
1584558628197 300 775
1584558630388 300 776
1584558632571 300 777
