1584556939795 0.0 1
1584556942067 -1.0 2
1584556944359 1.0 3
1584556946522 0.0 4
1584556948704 1.0 5
1584556950933 -4.0 6
1584556953495 1.0 7
1584556955878 0.0 8
1584556958661 0.0 9
1584556961258 0.0 10
1584556963866 0.0 11
1584556966463 0.0 12
1584556968660 0.0 13
1584556970924 -1.0 14
1584556973389 1.0 15
1584556975981 -1.0 16
1584556978097 0.0 17
1584556980270 1.0 18
1584556982437 0.0 19
1584556984615 2.0 20
1584556986966 1.0 21
1584556989602 0.0 22
1584556991753 1.0 23
1584556993885 0.0 24
1584556996019 4.0 25
1584556998167 0.0 26
1584557000333 -2.0 27
1584557002884 0.0 28
1584557005535 1.0 29
1584557007885 0.0 30
1584557010078 -1.0 31
1584557012282 1.0 32
1584557014820 -1.0 33
1584557016952 -1.0 34
1584557019111 0.0 35
1584557021253 0.0 36
1584557023390 0.0 37
1584557025525 0.0 38
1584557027680 0.0 39
1584557029863 0.0 40
1584557032003 0.0 41
1584557034118 2.0 42
1584557036238 0.0 43
1584557038387 0.0 44
1584557040555 0.0 45
1584557042714 -1.0 46
1584557044843 2.0 47
1584557046948 1.0 48
1584557049123 0.0 49
1584557051282 3.0 50
1584557053424 0.0 51
1584557055657 0.0 52
1584557057781 0.0 53
1584557059880 1.0 54
1584557062005 1.0 55
1584557064125 0.0 56
1584557066272 0.0 57
1584557068430 2.0 58
1584557070600 0.0 59
1584557072717 0.0 60
1584557074818 -1.0 61
1584557076953 -1.0 62
1584557079076 1.0 63
1584557081221 0.0 64
1584557083348 1.0 65
1584557085506 1.0 66
1584557087628 0.0 67
1584557089733 1.0 68
1584557091871 0.0 69
1584557093997 1.0 70
1584557096140 1.0 71
1584557098278 0.0 72
1584557100378 0.0 73
1584557102563 0.0 74
1584557104703 1.0 75
1584557106860 0.0 76
1584557109072 1.0 77
1584557111217 0.0 78
1584557113332 0.0 79
1584557115432 2.0 80
1584557117570 -1.0 81
1584557119693 -1.0 82
1584557121905 0.0 83
1584557124038 -1.0 84
1584557126153 -2.0 85
1584557128289 0.0 86
1584557130422 0.0 87
1584557132563 0.0 88
1584557134703 0.0 89
1584557136854 3.0 90
1584557138989 0.0 91
1584557141120 5.0 92
1584557143250 2.0 93
1584557145471 0.0 94
1584557147614 0.0 95
1584557149756 0.0 96
1584557151901 0.0 97
1584557154034 2.0 98
1584557156174 -1.0 99
1584557158324 0.0 100
1584557160511 0.0 101
1584557162664 -1.0 102
1584557164803 3.0 103
1584557166912 1.0 104
1584557169041 1.0 105
1584557171186 0.0 106
1584557173325 4.0 107
1584557175488 0.0 108
1584557177599 2.0 109
1584557179704 0.0 110
1584557181825 -1.0 111
1584557183974 -1.0 112
1584557186141 0.0 113
1584557188324 3.0 114
1584557190493 3.0 115
1584557192642 1.0 116
1584557194764 -1.0 117
1584557196882 5.0 118
1584557199008 2.0 119
1584557201171 0.0 120
1584557203299 0.0 121
1584557205410 1.0 122
1584557207507 1.0 123
1584557209676 6.0 124
1584557211827 3.0 125
1584557213979 1.0 126
1584557216121 0.0 127
1584557218285 1.0 128
1584557220426 -1.0 129
1584557222532 7.0 130
1584557224651 2.0 131
1584557226776 1.0 132
1584557228919 0.0 133
1584557231058 1.0 134
1584557233202 1.0 135
1584557235309 2.0 136
1584557237466 4.0 137
1584557239610 2.0 138
1584557241774 2.0 139
1584557243946 0.0 140
1584557246086 0.0 141
1584557248248 0.0 142
1584557250388 2.0 143
1584557252520 1.0 144
1584557254666 2.0 145
1584557256828 0.0 146
1584557258979 1.0 147
1584557261115 6.0 148
1584557263433 -2.0 149
1584557266227 1.0 150
1584557268402 3.0 151
1584557270746 1.0 152
1584557273016 4.0 153
1584557275271 2.0 154
1584557277744 1.0 155
1584557279901 2.0 156
1584557282068 1.0 157
1584557284241 2.0 158
1584557286342 3.0 159
1584557288525 0.0 160
1584557290662 11.0 161
1584557292784 2.0 162
1584557294945 2.0 163
1584557297068 -1.0 164
1584557299227 1.0 165
1584557301406 1.0 166
1584557303522 0.0 167
1584557305644 2.0 168
1584557307767 0.0 169
1584557309935 2.0 170
1584557312102 7.0 171
1584557314250 4.0 172
1584557316359 3.0 173
1584557318518 1.0 174
1584557320660 5.0 175
1584557322802 1.0 176
1584557324947 9.0 177
1584557327080 3.0 178
1584557329198 9.0 179
1584557331341 2.0 180
1584557333426 4.0 181
1584557335600 2.0 182
1584557337728 4.0 183
1584557339900 7.0 184
1584557342024 6.0 185
1584557344169 3.0 186
1584557346363 3.0 187
1584557348515 1.0 188
1584557350654 3.0 189
1584557352790 -1.0 190
1584557354917 6.0 191
1584557357059 7.0 192
1584557359187 1.0 193
1584557361333 2.0 194
1584557363504 8.0 195
1584557365668 5.0 196
1584557367778 2.0 197
1584557369930 1.0 198
1584557372074 4.0 199
1584557374219 7.0 200
1584557376455 8.0 201
1584557378584 3.0 202
1584557380755 4.0 203
1584557382867 10.0 204
1584557385008 6.0 205
1584557387160 8.0 206
1584557389310 1.0 207
1584557391445 5.0 208
1584557393565 2.0 209
1584557395679 5.0 210
1584557397808 9.0 211
1584557399945 4.0 212
1584557402099 4.0 213
1584557404256 4.0 214
1584557406466 7.0 215
1584557408636 3.0 216
1584557410762 8.0 217
1584557412880 4.0 218
1584557415028 0.0 219
1584557417176 3.0 220
1584557419295 0.0 221
1584557421491 6.0 222
1584557423703 7.0 223
1584557425871 4.0 224
1584557428030 3.0 225
1584557430181 15.0 226
1584557432343 4.0 227
1584557434476 10.0 228
1584557436647 3.0 229
1584557438769 3.0 230
1584557440915 4.0 231
1584557443083 6.0 232
1584557445220 3.0 233
1584557447348 10.0 234
1584557449499 3.0 235
1584557451623 2.0 236
1584557453803 6.0 237
1584557455945 5.0 238
1584557458083 0.0 239
1584557460250 1.0 240
1584557462420 12.0 241
1584557464534 6.0 242
1584557466661 0.0 243
1584557468807 9.0 244
1584557470947 4.0 245
1584557473140 17.0 246
1584557475266 1.0 247
1584557477409 2.0 248
1584557479563 0.0 249
1584557481688 0.0 250
1584557483827 9.0 251
1584557485967 -1.0 252
1584557488140 9.0 253
1584557490271 0.0 254
1584557492375 6.0 255
1584557494513 12.0 256
1584557496691 5.0 257
1584557498834 4.0 258
1584557500975 3.0 259
1584557503144 8.0 260
1584557505335 3.0 261
1584557507509 10.0 262
1584557509678 3.0 263
1584557511814 5.0 264
1584557513968 0.0 265
1584557516125 1.0 266
1584557518262 16.0 267
1584557520394 16.0 268
1584557522520 1.0 269
1584557524668 8.0 270
1584557526811 6.0 271
1584557528967 14.0 272
1584557531084 4.0 273
1584557533251 4.0 274
1584557535397 10.0 275
1584557537548 11.0 276
1584557539733 7.0 277
1584557541880 0.0 278
1584557544012 1.0 279
1584557546123 12.0 280
1584557548271 3.0 281
1584557550496 7.0 282
1584557552612 7.0 283
1584557554730 7.0 284
1584557556833 6.0 285
1584557558946 5.0 286
1584557561093 13.0 287
1584557563229 1.0 288
1584557565362 4.0 289
1584557567497 4.0 290
1584557569667 7.0 291
1584557571776 12.0 292
1584557573896 7.0 293
1584557576037 9.0 294
1584557578204 1.0 295
1584557580385 4.0 296
1584557582578 13.0 297
1584557584707 0.0 298
1584557586863 16.0 299
1584557589075 3.0 300
1584557591325 12.0 301
1584557593513 10.0 302
1584557595693 3.0 303
1584557597857 2.0 304
1584557600054 8.0 305
1584557602196 4.0 306
1584557604383 2.0 307
1584557606516 12.0 308
1584557608614 7.0 309
1584557610822 8.0 310
1584557612970 14.0 311
1584557615160 15.0 312
1584557617335 6.0 313
1584557619525 13.0 314
1584557621694 9.0 315
1584557623892 8.0 316
1584557626062 1.0 317
1584557628226 5.0 318
1584557630427 12.0 319
1584557632598 5.0 320
1584557634833 5.0 321
1584557636970 4.0 322
1584557639135 0.0 323
1584557641343 12.0 324
1584557643546 2.0 325
1584557645756 14.0 326
1584557647933 4.0 327
1584557650122 2.0 328
1584557652290 12.0 329
1584557654492 2.0 330
1584557656650 0.0 331
1584557658826 2.0 332
1584557661014 6.0 333
1584557663183 2.0 334
1584557665371 6.0 335
1584557667515 0.0 336
1584557669731 2.0 337
1584557671899 7.0 338
1584557674085 2.0 339
1584557676293 2.0 340
1584557678496 8.0 341
1584557680661 5.0 342
1584557682819 9.0 343
1584557684985 10.0 344
1584557687184 10.0 345
1584557689380 14.0 346
1584557691544 4.0 347
1584557693704 6.0 348
1584557695936 2.0 349
1584557698137 1.0 350
1584557700365 9.0 351
1584557702578 13.0 352
1584557704764 6.0 353
1584557706901 1.0 354
1584557709067 6.0 355
1584557711246 9.0 356
1584557713423 6.0 357
1584557715597 7.0 358
1584557717760 2.0 359
1584557719905 7.0 360
1584557722100 4.0 361
1584557724321 3.0 362
1584557726517 3.0 363
1584557728730 5.0 364
1584557730930 6.0 365
1584557733118 10.0 366
1584557735303 11.0 367
1584557737459 8.0 368
1584557739649 23.0 369
1584557741851 7.0 370
1584557744044 6.0 371
1584557746198 6.0 372
1584557748450 15.0 373
1584557750624 8.0 374
1584557752810 8.0 375
1584557754982 11.0 376
1584557757149 12.0 377
1584557759348 11.0 378
1584557761512 8.0 379
1584557763719 3.0 380
1584557765881 9.0 381
1584557768075 11.0 382
1584557770279 2.0 383
1584557772456 6.0 384
1584557774606 8.0 385
1584557776764 10.0 386
1584557778931 5.0 387
1584557781099 16.0 388
1584557783307 13.0 389
1584557785506 3.0 390
1584557787677 10.0 391
1584557789833 11.0 392
1584557791993 15.0 393
1584557794198 1.0 394
1584557796383 11.0 395
1584557798545 13.0 396
1584557800715 2.0 397
1584557802847 12.0 398
1584557805008 12.0 399
1584557807205 5.0 400
1584557809524 10.0 401
1584557811695 14.0 402
1584557813854 12.0 403
1584557816003 8.0 404
1584557818173 0.0 405
1584557820345 5.0 406
1584557822532 5.0 407
1584557824751 15.0 408
1584557826911 5.0 409
1584557829128 -1.0 410
1584557831299 7.0 411
1584557833470 6.0 412
1584557835687 10.0 413
1584557837869 6.0 414
1584557840058 0.0 415
1584557842259 5.0 416
1584557844461 14.0 417
1584557846613 11.0 418
1584557848796 15.0 419
1584557850992 6.0 420
1584557853161 11.0 421
1584557855311 4.0 422
1584557857483 11.0 423
1584557859703 14.0 424
1584557861903 0.0 425
1584557864083 3.0 426
1584557866290 9.0 427
1584557868483 9.0 428
1584557870633 9.0 429
1584557872821 3.0 430
1584557874978 19.0 431
1584557877193 16.0 432
1584557879374 11.0 433
1584557881524 4.0 434
1584557883693 10.0 435
1584557885872 6.0 436
1584557888061 5.0 437
1584557890263 14.0 438
1584557892459 3.0 439
1584557894645 7.0 440
1584557896819 6.0 441
1584557899008 8.0 442
1584557901334 13.0 443
1584557903540 19.0 444
1584557905697 17.0 445
1584557907845 13.0 446
1584557910009 10.0 447
1584557912155 10.0 448
1584557914414 10.0 449
1584557916616 4.0 450
1584557918804 5.0 451
1584557921000 7.0 452
1584557923200 17.0 453
1584557925403 13.0 454
1584557927560 7.0 455
1584557929708 17.0 456
1584557931863 17.0 457
1584557934021 10.0 458
1584557936200 12.0 459
1584557938358 7.0 460
1584557940524 7.0 461
1584557942704 13.0 462
1584557944991 8.0 463
1584557948857 17.0 464
1584557951365 10.0 465
1584557953540 3.0 466
1584557955829 6.0 467
1584557957996 11.0 468
1584557960197 8.0 469
1584557962393 6.0 470
1584557964578 4.0 471
1584557966726 17.0 472
1584557968868 9.0 473
1584557971073 14.0 474
1584557973269 12.0 475
1584557975485 7.0 476
1584557977663 5.0 477
1584557979839 7.0 478
1584557981996 9.0 479
1584557984155 15.0 480
1584557986335 14.0 481
1584557988530 18.0 482
1584557990674 7.0 483
1584557992837 13.0 484
1584557995022 4.0 485
1584557997219 11.0 486
1584557999428 13.0 487
1584558001598 18.0 488
1584558003776 16.0 489
1584558005947 2.0 490
1584558008127 16.0 491
1584558010310 11.0 492
1584558012480 13.0 493
1584558014675 18.0 494
1584558016853 13.0 495
1584558019019 15.0 496
1584558021154 14.0 497
1584558023366 13.0 498
1584558025560 20.0 499
1584558027733 13.0 500
1584558029938 6.0 501
1584558032134 13.0 502
1584558034338 10.0 503
1584558036547 12.0 504
1584558038684 5.0 505
1584558040833 16.0 506
1584558043022 19.0 507
1584558045203 15.0 508
1584558047353 10.0 509
1584558049509 11.0 510
1584558051695 10.0 511
1584558053867 16.0 512
1584558056041 10.0 513
1584558058217 16.0 514
1584558060407 17.0 515
1584558062604 14.0 516
1584558064766 16.0 517
1584558066915 9.0 518
1584558069069 15.0 519
1584558071259 13.0 520
1584558073426 15.0 521
1584558075599 8.0 522
1584558077773 17.0 523
1584558079930 18.0 524
1584558082142 22.0 525
1584558084357 12.0 526
1584558086555 16.0 527
1584558088740 6.0 528
1584558090889 16.0 529
1584558093053 23.0 530
1584558095202 16.0 531
1584558097370 12.0 532
1584558099544 18.0 533
1584558101681 14.0 534
1584558103847 15.0 535
1584558105998 19.0 536
1584558108172 11.0 537
1584558110342 9.0 538
1584558112589 11.0 539
1584558114761 11.0 540
1584558116945 15.0 541
1584558119126 17.0 542
1584558121312 10.0 543
1584558123512 17.0 544
1584558125697 16.0 545
1584558127862 17.0 546
1584558130029 7.0 547
1584558132197 9.0 548
1584558134374 4.0 549
1584558136557 7.0 550
1584558138777 13.0 551
1584558140920 17.0 552
1584558143094 12.0 553
1584558145277 11.0 554
1584558147416 18.0 555
1584558149566 9.0 556
1584558151762 16.0 557
1584558153948 12.0 558
1584558156107 20.0 559
1584558158285 14.0 560
1584558160450 6.0 561
1584558162618 17.0 562
1584558164778 13.0 563
1584558166942 15.0 564
1584558169125 23.0 565
1584558171292 14.0 566
1584558173424 19.0 567
1584558175604 14.0 568
1584558177790 10.0 569
1584558179976 21.0 570
1584558182198 13.0 571
1584558184365 14.0 572
1584558186534 18.0 573
1584558188777 18.0 574
1584558190946 7.0 575
1584558193148 11.0 576
1584558195336 16.0 577
1584558197514 18.0 578
1584558199678 10.0 579
1584558201780 19.0 580
1584558203886 13.0 581
1584558206006 8.0 582
1584558208335 15.0 583
1584558210981 14.0 584
1584558213199 12.0 585
1584558215383 14.0 586
1584558217561 13.0 587
1584558219720 13.0 588
1584558221917 9.0 589
1584558224099 14.0 590
1584558226271 12.0 591
1584558228410 14.0 592
1584558230575 16.0 593
1584558232733 20.0 594
1584558234926 19.0 595
1584558237098 16.0 596
1584558239249 22.0 597
1584558241425 10.0 598
1584558243607 12.0 599
1584558245781 18.0 600
1584558248088 11.0 601
1584558250327 11.0 602
1584558252744 13.0 603
1584558254920 14.0 604
1584558257086 14.0 605
1584558259230 17.0 606
1584558261431 10.0 607
1584558263646 19.0 608
1584558265804 5.0 609
1584558267955 20.0 610
1584558270127 17.0 611
1584558272297 11.0 612
1584558274496 16.0 613
1584558276691 19.0 614
1584558278848 13.0 615
1584558281034 14.0 616
1584558283201 11.0 617
1584558285370 12.0 618
1584558287559 16.0 619
1584558289754 15.0 620
1584558291926 14.0 621
1584558294069 11.0 622
1584558296238 18.0 623
1584558298431 14.0 624
1584558300642 15.0 625
1584558302822 17.0 626
1584558305000 17.0 627
1584558307165 20.0 628
1584558309342 13.0 629
1584558311553 20.0 630
1584558313715 18.0 631
1584558315890 19.0 632
1584558318055 20.0 633
1584558320206 13.0 634
1584558322397 17.0 635
1584558324585 10.0 636
1584558326756 14.0 637
1584558328936 13.0 638
1584558331140 10.0 639
1584558333368 19.0 640
1584558335546 16.0 641
1584558337712 15.0 642
1584558339870 14.0 643
1584558342078 18.0 644
1584558344264 18.0 645
1584558346465 13.0 646
1584558348607 16.0 647
1584558350764 18.0 648
1584558352935 16.0 649
1584558355111 19.0 650
1584558357313 8.0 651
1584558359549 10.0 652
1584558361759 18.0 653
1584558363915 17.0 654
1584558366071 10.0 655
1584558368233 22.0 656
1584558370439 18.0 657
1584558372647 15.0 658
1584558374803 16.0 659
1584558376951 19.0 660
1584558379094 15.0 661
1584558381277 17.0 662
1584558383495 10.0 663
1584558385653 16.0 664
1584558387823 15.0 665
1584558390017 16.0 666
1584558392186 16.0 667
1584558394361 18.0 668
1584558396567 18.0 669
1584558398750 17.0 670
1584558400929 16.0 671
1584558403089 16.0 672
1584558405296 17.0 673
1584558407532 17.0 674
1584558409753 20.0 675
1584558412245 20.0 676
1584558414529 20.0 677
1584558416702 16.0 678
1584558418870 15.0 679
1584558421044 19.0 680
1584558423272 20.0 681
1584558425445 14.0 682
1584558427614 15.0 683
1584558429776 13.0 684
1584558431946 18.0 685
1584558434131 17.0 686
1584558436312 16.0 687
1584558438499 11.0 688
1584558440696 3.0 689
1584558442875 14.0 690
1584558445065 18.0 691
1584558447220 13.0 692
1584558449417 18.0 693
1584558451575 9.0 694
1584558453758 17.0 695
1584558455916 19.0 696
1584558458066 15.0 697
1584558460234 9.0 698
1584558462425 16.0 699
1584558464608 16.0 700
1584558466847 15.0 701
1584558469076 17.0 702
1584558471258 16.0 703
1584558473426 18.0 704
1584558475580 20.0 705
1584558477735 19.0 706
1584558479912 6.0 707
1584558482080 11.0 708
1584558484266 15.0 709
1584558486438 20.0 710
1584558488624 18.0 711
1584558490776 14.0 712
1584558492965 18.0 713
1584558495153 12.0 714
1584558497308 12.0 715
1584558499510 9.0 716
1584558501678 18.0 717
1584558503864 18.0 718
1584558506023 22.0 719
1584558508230 10.0 720
1584558510431 23.0 721
1584558512570 13.0 722
1584558514713 15.0 723
1584558516888 14.0 724
1584558519104 13.0 725
1584558521308 15.0 726
1584558523497 19.0 727
1584558525687 16.0 728
1584558527842 12.0 729
1584558530037 16.0 730
1584558532226 17.0 731
1584558534441 22.0 732
1584558536637 16.0 733
1584558538797 18.0 734
1584558540960 20.0 735
1584558543143 13.0 736
1584558545331 19.0 737
1584558547509 17.0 738
1584558549685 14.0 739
1584558551864 11.0 740
1584558554065 15.0 741
1584558556223 2.0 742
1584558558398 14.0 743
1584558560577 21.0 744
1584558562736 11.0 745
1584558564939 15.0 746
1584558567080 13.0 747
1584558569238 15.0 748
1584558571419 13.0 749
1584558573577 19.0 750
1584558575766 18.0 751
1584558577926 16.0 752
1584558580110 17.0 753
1584558582285 16.0 754
1584558584457 13.0 755
1584558586622 17.0 756
1584558588790 16.0 757
1584558590975 16.0 758
1584558593154 18.0 759
1584558595336 14.0 760
1584558597476 10.0 761
1584558599670 15.0 762
1584558601881 15.0 763
1584558604079 15.0 764
1584558606280 18.0 765
1584558608505 14.0 766
1584558610662 6.0 767
1584558612833 15.0 768
1584558615023 17.0 769
1584558617212 18.0 770
1584558619437 15.0 771
1584558621607 13.0 772
1584558623782 17.0 773
1584558625995 13.0 774
1584558628197 11.0 775
1584558630388 17.0 776
1584558632571 16.0 777
