1584680192145 1 1
1584680194555 0.995 2
1584680197224 0.990025 3
1584680199654 0.985074875 4
1584680202149 0.9801495006250001 5
1584680204625 0.9752487531218751 6
1584680207171 0.9703725093562657 7
1584680209594 0.9655206468094844 8
1584680212206 0.960693043575437 9
1584680214501 0.9558895783575597 10
1584680216826 0.9511101304657719 11
1584680219283 0.946354579813443 12
1584680221710 0.9416228069143757 13
1584680224280 0.9369146928798039 14
1584680226803 0.9322301194154049 15
1584680229921 0.9275689688183278 16
1584680232383 0.9229311239742362 17
1584680234657 0.918316468354365 18
1584680236911 0.9137248860125932 19
1584680239626 0.9091562615825302 20
1584680241877 0.9046104802746175 21
1584680244332 0.9000874278732445 22
1584680246461 0.8955869907338783 23
1584680248896 0.8911090557802088 24
1584680251110 0.8866535105013078 25
1584680253246 0.8822202429488013 26
1584680255375 0.8778091417340573 27
1584680257603 0.8734200960253871 28
1584680259766 0.8690529955452602 29
1584680262051 0.8647077305675338 30
1584680264179 0.8603841919146962 31
1584680266427 0.8560822709551227 32
1584680268784 0.851801859600347 33
1584680271011 0.8475428503023453 34
1584680273370 0.8433051360508336 35
1584680275651 0.8390886103705794 36
1584680278077 0.8348931673187264 37
1584680280411 0.8307187014821328 38
1584680282534 0.8265651079747222 39
1584680284637 0.8224322824348486 40
1584680286752 0.8183201210226743 41
1584680288981 0.8142285204175609 42
1584680291290 0.810157377815473 43
1584680293509 0.8061065909263957 44
1584680295834 0.8020760579717637 45
1584680298049 0.798065677681905 46
1584680300371 0.7940753492934954 47
1584680302581 0.7901049725470279 48
1584680305133 0.7861544476842928 49
1584680307515 0.7822236754458713 50
1584680309858 0.778312557068642 51
1584680312479 0.7744209942832988 52
1584680314954 0.7705488893118823 53
1584680317324 0.7666961448653229 54
1584680320235 0.7628626641409962 55
1584680322720 0.7590483508202912 56
1584680324937 0.7552531090661897 57
1584680327081 0.7514768435208588 58
1584680329341 0.7477194593032545 59
1584680331491 0.7439808620067382 60
1584680334554 0.7402609576967045 61
1584680336985 0.736559652908221 62
1584680339614 0.7328768546436799 63
1584680341744 0.7292124703704616 64
1584680344340 0.7255664080186093 65
1584680346814 0.7219385759785162 66
1584680349054 0.7183288830986236 67
1584680351202 0.7147372386831305 68
1584680353514 0.7111635524897149 69
1584680355959 0.7076077347272662 70
1584680358396 0.7040696960536299 71
1584680361577 0.7005493475733617 72
1584680363786 0.697046600835495 73
1584680366035 0.6935613678313175 74
1584680368424 0.6900935609921609 75
1584680370619 0.6866430931872001 76
1584680372802 0.6832098777212641 77
1584680375190 0.6797938283326578 78
1584680377586 0.6763948591909945 79
1584680380111 0.6730128848950395 80
1584680382580 0.6696478204705644 81
1584680385635 0.6662995813682115 82
1584680388575 0.6629680834613705 83
1584680391854 0.6596532430440636 84
1584680394884 0.6563549768288433 85
1584680398947 0.653073201944699 86
1584680403494 0.6498078359349755 87
1584680406562 0.6465587967553006 88
1584680411155 0.6433260027715241 89
1584680416075 0.6401093727576664 90
1584680420451 0.6369088258938781 91
1584680424511 0.6337242817644086 92
1584680428396 0.6305556603555866 93
1584680431117 0.6274028820538087 94
1584680433452 0.6242658676435396 95
1584680435887 0.6211445383053219 96
1584680438204 0.6180388156137953 97
1584680440382 0.6149486215357263 98
1584680442757 0.6118738784280476 99
1584680445648 0.6088145090359074 100
1584680448356 0.6057704364907278 101
1584680450977 0.6027415843082742 102
1584680454020 0.5997278763867329 103
1584680456655 0.5967292370047992 104
1584680459183 0.5937455908197752 105
1584680462382 0.5907768628656763 106
1584680464752 0.5878229785513479 107
1584680467311 0.5848838636585911 108
1584680469886 0.5819594443402982 109
1584680472596 0.5790496471185967 110
1584680474979 0.5761543988830038 111
1584680477450 0.5732736268885887 112
1584680480061 0.5704072587541458 113
1584680482411 0.567555222460375 114
1584680485448 0.5647174463480732 115
1584680488432 0.5618938591163328 116
1584680491227 0.5590843898207511 117
1584680493615 0.5562889678716474 118
1584680496061 0.5535075230322891 119
1584680498403 0.5507399854171277 120
1584680501206 0.547986285490042 121
1584680503484 0.5452463540625918 122
1584680505801 0.5425201222922789 123
1584680508401 0.5398075216808175 124
1584680510809 0.5371084840724134 125
1584680513239 0.5344229416520513 126
1584680515806 0.531750826943791 127
1584680518223 0.5290920728090721 128
1584680520782 0.5264466124450268 129
1584680523588 0.5238143793828016 130
1584680525902 0.5211953074858876 131
1584680528117 0.5185893309484582 132
1584680530538 0.5159963842937159 133
1584680533110 0.5134164023722473 134
1584680535292 0.510849320360386 135
1584680537526 0.5082950737585841 136
1584680539751 0.5057535983897912 137
1584680542003 0.5032248303978422 138
1584680544533 0.500708706245853 139
1584680546936 0.4982051627146237 140
1584680549465 0.49571413690105054 141
1584680551825 0.4932355662165453 142
1584680554057 0.4907693883854626 143
1584680556487 0.4883155414435353 144
1584680558997 0.4858739637363176 145
1584680561576 0.483444593917636 146
1584680563963 0.4810273709480478 147
1584680566229 0.47862223409330756 148
1584680568405 0.47622912292284103 149
1584680570588 0.4738479773082268 150
1584680572858 0.47147873742168567 151
1584680575064 0.46912134373457726 152
1584680577508 0.46677573701590436 153
1584680579775 0.46444185833082485 154
1584680582272 0.46211964903917074 155
1584680584553 0.4598090507939749 156
1584680586882 0.457510005540005 157
1584680589657 0.45522245551230495 158
1584680592190 0.4529463432347434 159
1584680594552 0.4506816115185697 160
1584680596752 0.4484282034609769 161
1584680599042 0.446186062443672 162
1584680601228 0.4439551321314536 163
1584680603450 0.4417353564707963 164
1584680605872 0.43952667968844233 165
1584680608474 0.43732904629000013 166
1584680610871 0.4351424010585501 167
1584680613406 0.43296668905325736 168
1584680615740 0.43080185560799106 169
1584680618680 0.4286478463299511 170
1584680621195 0.42650460709830135 171
1584680623880 0.42437208406280985 172
1584680626284 0.4222502236424958 173
1584680628529 0.42013897252428334 174
1584680630794 0.4180382776616619 175
1584680633064 0.4159480862733536 176
1584680635665 0.41386834584198684 177
1584680638169 0.4117990041127769 178
1584680640420 0.40974000909221303 179
1584680642689 0.40769130904675194 180
1584680645028 0.40565285250151817 181
1584680647405 0.4036245882390106 182
1584680649940 0.4016064652978155 183
1584680652257 0.3995984329713264 184
1584680654577 0.3976004408064698 185
1584680656907 0.39561243860243744 186
1584680659642 0.3936343764094253 187
1584680662001 0.39166620452737816 188
1584680664592 0.3897078735047413 189
1584680667129 0.3877593341372176 190
1584680669818 0.3858205374665315 191
1584680672166 0.38389143477919885 192
1584680674635 0.3819719776053028 193
1584680676831 0.3800621177172763 194
1584680679429 0.37816180712868996 195
1584680681971 0.37627099809304654 196
1584680684429 0.3743896431025813 197
1584680687223 0.37251769488706843 198
1584680689398 0.3706551064126331 199
1584680691628 0.36880183088056995 200
1584680694085 0.3669578217261671 201
1584680696336 0.36512303261753626 202
1584680698935 0.3632974174544486 203
1584680701250 0.3614809303671764 204
1584680703717 0.3596735257153405 205
1584680705998 0.3578751580867638 206
1584680708557 0.35608578229633 207
1584680711091 0.3543053533848483 208
1584680713592 0.35253382661792404 209
1584680715866 0.3507711574848344 210
1584680718410 0.34901730169741024 211
1584680720682 0.3472722151889232 212
1584680723027 0.3455358541129786 213
1584680725434 0.3438081748424137 214
1584680727969 0.3420891339682016 215
1584680730177 0.3403786882983606 216
1584680732463 0.3386767948568688 217
1584680734801 0.33698341088258443 218
1584680737182 0.3352984938281715 219
1584680739480 0.33362200135903064 220
1584680741991 0.33195389135223546 221
1584680744551 0.3302941218954743 222
1584680747245 0.32864265128599696 223
1584680749676 0.326999438029567 224
1584680752312 0.3253644408394192 225
1584680754822 0.3237376186352221 226
1584680757200 0.322118930542046 227
1584680759684 0.32050833588933575 228
1584680762016 0.31890579420988907 229
1584680764534 0.3173112652388396 230
1584680767198 0.3157247089126454 231
1584680769673 0.3141460853680822 232
1584680771873 0.3125753549412418 233
1584680774116 0.31101247816653554 234
1584680777810 0.30945741577570285 235
1584680780574 0.3079101286968243 236
1584680783227 0.3063705780533402 237
1584680785555 0.30483872516307353 238
1584680787724 0.3033145315372582 239
1584680789869 0.3017979588795719 240
1584680792125 0.30028896908517405 241
1584680794382 0.2987875242397482 242
1584680796563 0.29729358661854943 243
1584680800146 0.29580711868545667 244
1584680802637 0.2943280830920294 245
1584680805814 0.29285644267656924 246
1584680808401 0.2913921604631864 247
1584680810836 0.28993519966087045 248
1584680813053 0.2884855236625661 249
1584680816146 0.28704309604425327 250
1584680818309 0.285607880564032 251
1584680820473 0.28417984116121187 252
1584680822632 0.2827589419554058 253
1584680825155 0.28134514724562876 254
1584680827817 0.2799384215094006 255
1584680830124 0.27853872940185365 256
1584680832477 0.27714603575484437 257
1584680835052 0.2757603055760701 258
1584680837262 0.2743815040481898 259
1584680839519 0.2730095965279488 260
1584680841863 0.27164454854530906 261
1584680845654 0.2702863258025825 262
1584680849335 0.2689348941735696 263
1584680852789 0.26759021970270175 264
1584680855866 0.2662522686041882 265
1584680858425 0.2649210072611673 266
1584680860695 0.26359640222486147 267
1584680864288 0.26227842021373715 268
1584680867107 0.2609670281126685 269
1584680870929 0.25966219297210513 270
1584680874501 0.2583638820072446 271
1584680876839 0.2570720625972084 272
1584680879078 0.25578670228422234 273
1584680881538 0.25450776877280124 274
1584680884139 0.2532352299289372 275
1584680886429 0.2519690537792925 276
1584680888588 0.2507092085103961 277
1584680890727 0.2494556624678441 278
1584680892860 0.24820838415550486 279
1584680895171 0.24696734223472733 280
1584680897418 0.2457325055235537 281
1584680899558 0.24450384299593592 282
1584680901696 0.24328132378095624 283
1584680903831 0.24206491716205145 284
1584680906112 0.2408545925762412 285
1584680908895 0.23965031961336 286
1584680911233 0.2384520680152932 287
1584680914330 0.23725980767521673 288
1584680918312 0.23607350863684065 289
1584680920451 0.23489314109365644 290
1584680922564 0.23371867538818816 291
1584680924738 0.23255008201124722 292
1584680926961 0.231387331601191 293
1584680929330 0.23023039494318503 294
1584680931529 0.2290792429684691 295
1584680933931 0.22793384675362674 296
1584680936136 0.22679417751985861 297
1584680938303 0.22566020663225933 298
1584680940679 0.22453190559909803 299
1584680942894 0.22340924607110255 300
1584680945443 0.22229219984074702 301
1584680947665 0.2211807388415433 302
1584680949853 0.22007483514733558 303
1584680952005 0.2189744609715989 304
1584680954138 0.2178795886667409 305
1584680956275 0.2167901907234072 306
1584680958403 0.21570623976979014 307
1584680960547 0.21462770857094118 308
1584680962960 0.21355457002808648 309
1584680965125 0.21248679717794605 310
1584680967789 0.21142436319205632 311
1584680970439 0.21036724137609603 312
1584680972814 0.20931540516921554 313
1584680974983 0.20826882814336947 314
1584680977144 0.20722748400265262 315
1584680979377 0.20619134658263935 316
1584680981615 0.20516038984972615 317
1584680983922 0.2041345879004775 318
1584680986276 0.2031139149609751 319
1584680988825 0.20209834538617025 320
1584680991213 0.2010878536592394 321
1584680993588 0.2000824143909432 322
1584680995941 0.19908200231898848 323
1584680998117 0.19808659230739353 324
1584681000256 0.19709615934585656 325
1584681003127 0.19611067854912728 326
1584681006266 0.19513012515638165 327
1584681008490 0.19415447453059972 328
1584681011481 0.19318370215794672 329
1584681015175 0.192217783647157 330
1584681018000 0.1912566947289212 331
1584681020168 0.1903004112552766 332
1584681022434 0.18934890919900021 333
1584681024623 0.18840216465300522 334
1584681026759 0.18746015382974018 335
1584681029278 0.1865228530605915 336
1584681031557 0.18559023879528855 337
1584681033877 0.1846622876013121 338
1584681036066 0.18373897616330553 339
1584681038437 0.182820281282489 340
1584681040754 0.18190617987607657 341
1584681043163 0.18099664897669618 342
1584681045315 0.1800916657318127 343
1584681047461 0.17919120740315364 344
1584681049620 0.17829525136613786 345
1584681051772 0.17740377510930716 346
1584681053937 0.17651675623376062 347
1584681056086 0.1756341724525918 348
1584681058212 0.17475600159032884 349
1584681060471 0.17388222158237718 350
1584681062660 0.1730128104744653 351
1584681064840 0.17214774642209296 352
1584681068094 0.1712870076899825 353
1584681070237 0.17043057265153258 354
1584681072372 0.16957841978827493 355
1584681074817 0.16873052768933355 356
1584681077131 0.1678868750508869 357
1584681079585 0.16704744067563246 358
1584681082383 0.1662122034722543 359
1584681084713 0.16538114245489302 360
1584681089031 0.16455423674261854 361
1584681092271 0.16373146555890544 362
1584681094677 0.16291280823111093 363
1584681096900 0.16209824418995536 364
1584681099207 0.16128775296900558 365
1584681101476 0.16048131420416054 366
1584681103814 0.15967890763313974 367
1584681106243 0.15888051309497406 368
1584681108642 0.1580861105294992 369
1584681111015 0.1572956799768517 370
1584681113215 0.15650920157696743 371
1584681115499 0.1557266555690826 372
1584681117995 0.1549480222912372 373
1584681120342 0.15417328217978102 374
1584681122539 0.1534024157688821 375
1584681124753 0.1526354036900377 376
1584681126894 0.1518722266715875 377
1584681129153 0.15111286553822956 378
1584681131447 0.15035730121053842 379
1584681134006 0.14960551470448571 380
1584681136188 0.14885748713096328 381
1584681138499 0.14811319969530845 382
1584681140732 0.1473726336968319 383
1584681143169 0.14663577052834775 384
1584681145340 0.14590259167570602 385
1584681147740 0.1451730787173275 386
1584681150981 0.14444721332374086 387
1584681153329 0.14372497725712216 388
1584681157224 0.14300635237083656 389
1584681160827 0.14229132060898236 390
1584681163117 0.14157986400593744 391
1584681165463 0.14087196468590776 392
1584681169235 0.14016760486247823 393
1584681171763 0.13946676683816583 394
1584681174016 0.138769433003975 395
1584681176357 0.13807558583895513 396
1584681178548 0.13738520790976036 397
1584681180878 0.13669828187021155 398
1584681183161 0.13601479046086049 399
1584681185442 0.1353347165085562 400
1584681187886 0.1346580429260134 401
1584681190272 0.13398475271138335 402
1584681193861 0.13331482894782642 403
1584681196037 0.13264825480308728 404
1584681198238 0.13198501352907185 405
1584681200428 0.1313250884614265 406
1584681202723 0.13066846301911936 407
1584681204912 0.13001512070402377 408
1584681207933 0.12936504510050365 409
1584681210649 0.12871821987500112 410
1584681212944 0.12807462877562611 411
1584681215167 0.12743425563174798 412
1584681217991 0.12679708435358925 413
1584681222547 0.1261630989318213 414
1584681226606 0.1255322834371622 415
1584681230255 0.12490462201997637 416
1584681234929 0.1242800989098765 417
1584681239194 0.12365869841532712 418
1584681243551 0.12304040492325048 419
1584681246848 0.12242520289863423 420
1584681249537 0.12181307688414106 421
1584681252109 0.12120401149972035 422
1584681254688 0.12059799144222175 423
1584681257013 0.11999500148501063 424
1584681259279 0.11939502647758558 425
1584681261571 0.11879805134519765 426
1584681264166 0.11820406108847166 427
1584681266434 0.1176130407830293 428
1584681269376 0.11702497557911415 429
1584681271874 0.11643985070121858 430
1584681274340 0.11585765144771248 431
1584681276922 0.11527836319047392 432
1584681279225 0.11470197137452155 433
1584681281476 0.11412846151764894 434
1584681283823 0.1135578192100607 435
1584681286540 0.11299003011401039 436
1584681288876 0.11242507996344034 437
1584681291219 0.11186295456362313 438
1584681293392 0.11130363979080501 439
1584681295553 0.11074712159185099 440
1584681298633 0.11019338598389174 441
1584681302146 0.10964241905397228 442
1584681304885 0.10909420695870241 443
1584681308298 0.1085487359239089 444
1584681310725 0.10800599224428936 445
1584681313314 0.10746596228306791 446
1584681315652 0.10692863247165257 447
1584681317908 0.1063939893092943 448
1584681320395 0.10586201936274783 449
1584681322640 0.10533270926593409 450
1584681324821 0.10480604571960442 451
1584681327128 0.1042820154910064 452
1584681329315 0.10376060541355137 453
1584681331464 0.1032418023864836 454
1584681333661 0.10272559337455119 455
1584681335821 0.10221196540767843 456
1584681337992 0.10170090558064004 457
1584681340624 0.10119240105273684 458
1584681343117 0.10068643904747315 459
1584681345342 0.10018300685223579 460
1584681347745 0.0996820918179746 461
1584681350066 0.09918368135888474 462
1584681353312 0.09868776295209031 463
1584681356898 0.09819432413732986 464
1584681359092 0.09770335251664321 465
1584681361838 0.09721483575406 466
1584681364184 0.09672876157528969 467
1584681366548 0.09624511776741324 468
1584681368815 0.09576389217857617 469
1584681371267 0.09528507271768329 470
1584681374584 0.09480864735409487 471
1584681377753 0.0943346041173244 472
1584681380053 0.09386293109673778 473
1584681382281 0.09339361644125409 474
1584681384579 0.09292664835904782 475
1584681386993 0.09246201511725258 476
1584681389319 0.09199970504166631 477
1584681391529 0.09153970651645797 478
1584681393898 0.09108200798387568 479
1584681396507 0.0906265979439563 480
1584681400010 0.09017346495423652 481
1584681404739 0.08972259762946533 482
1584681407533 0.089273984641318 483
1584681409720 0.0888276147181114 484
1584681412018 0.08838347664452084 485
1584681414274 0.08794155926129824 486
1584681416541 0.08750185146499175 487
1584681418783 0.08706434220766679 488
1584681420993 0.08662902049662846 489
1584681423613 0.08619587539414532 490
1584681425837 0.08576489601717459 491
1584681428266 0.08533607153708872 492
1584681430649 0.08490939117940327 493
1584681432844 0.08448484422350626 494
1584681435201 0.08406242000238873 495
1584681437350 0.08364210790237678 496
1584681439487 0.0832238973628649 497
1584681441664 0.08280777787605056 498
1584681443814 0.08239373898667031 499
1584681445959 0.08198177029173696 500
1584681448216 0.08157186144027828 501
1584681450386 0.0811640021330769 502
1584681452608 0.08075818212241151 503
1584681454757 0.08035439121179945 504
1584681456951 0.07995261925574046 505
1584681459165 0.07955285615946175 506
1584681461364 0.07915509187866444 507
1584681463626 0.07875931641927113 508
1584681465783 0.07836551983717477 509
1584681467917 0.07797369223798889 510
1584681470060 0.07758382377679894 511
1584681472224 0.07719590465791494 512
1584681474401 0.07680992513462537 513
1584681476558 0.07642587550895225 514
1584681478717 0.07604374613140748 515
1584681480877 0.07566352740075044 516
1584681483027 0.07528520976374668 517
1584681485177 0.07490878371492794 518
1584681487322 0.0745342397963533 519
1584681489498 0.07416156859737154 520
1584681491660 0.07379076075438468 521
1584681493835 0.07342180695061275 522
1584681495973 0.07305469791585968 523
1584681498102 0.07268942442628039 524
1584681500257 0.07232597730414898 525
1584681502420 0.07196434741762824 526
1584681504555 0.0716045256805401 527
1584681506687 0.0712465030521374 528
1584681508870 0.0708902705368767 529
1584681511024 0.07053581918419231 530
1584681513222 0.07018314008827135 531
1584681515485 0.06983222438783 532
1584681517655 0.06948306326589085 533
1584681519867 0.0691356479495614 534
1584681522005 0.06878996970981359 535
1584681524157 0.06844601986126451 536
1584681526334 0.06810378976195819 537
1584681528510 0.0677632708131484 538
1584681530711 0.06742445445908266 539
1584681532879 0.06708733218678724 540
1584681535049 0.0667518955258533 541
1584681537245 0.06641813604822402 542
1584681539411 0.0660860453679829 543
1584681541566 0.06575561514114299 544
1584681543719 0.06542683706543727 545
1584681545865 0.06509970288011008 546
1584681548028 0.06477420436570952 547
1584681550237 0.06445033334388098 548
1584681552403 0.06412808167716157 549
1584681554638 0.06380744126877576 550
1584681556766 0.06348840406243188 551
1584681558917 0.06317096204211972 552
1584681561074 0.06285510723190912 553
1584681563236 0.06254083169574957 554
1584681565398 0.062228127537270826 555
1584681567547 0.06191698689958447 556
1584681569740 0.061607401965086545 557
1584681571882 0.06129936495526111 558
1584681574108 0.0609928681304848 559
1584681576253 0.060687903789832374 560
1584681578427 0.06038446427088321 561
1584681580702 0.06008254194952879 562
1584681582858 0.05978212923978115 563
1584681585038 0.05948321859358224 564
1584681587168 0.05918580250061433 565
1584681589345 0.058889873488111255 566
1584681591508 0.058595424120670696 567
1584681593664 0.05830244700006734 568
1584681595817 0.058010934765067 569
1584681597984 0.05772088009124167 570
1584681600166 0.05743227569078546 571
1584681602318 0.05714511431233153 572
1584681604495 0.05685938874076987 573
1584681606643 0.056575091797066025 574
1584681608841 0.056292216338080694 575
1584681610997 0.05601075525639029 576
1584681613128 0.05573070148010834 577
1584681615281 0.0554520479727078 578
1584681617501 0.05517478773284426 579
1584681619675 0.05489891379418004 580
1584681621837 0.05462441922520914 581
1584681624000 0.0543512971290831 582
1584681626189 0.05407954064343768 583
1584681628524 0.05380914294022049 584
1584681630754 0.05354009722551939 585
1584681632996 0.05327239673939179 586
1584681635167 0.053006034755694834 587
1584681637320 0.052741004581916356 588
1584681639543 0.052477299559006776 589
1584681641678 0.052214913061211746 590
1584681643833 0.05195383849590569 591
1584681645999 0.05169406930342616 592
1584681648148 0.05143559895690903 593
1584681650338 0.051178420962124486 594
1584681652543 0.05092252885731386 595
1584681654749 0.05066791621302729 596
1584681656963 0.05041457663196215 597
1584681659116 0.050162503748802344 598
1584681661265 0.049911691230058335 599
1584681663432 0.04966213277390804 600
1584681665629 0.0494138221100385 601
1584681667785 0.04916675299948831 602
1584681669959 0.04892091923449087 603
1584681672111 0.04867631463831842 604
1584681674267 0.048432933065126825 605
1584681676412 0.048190768399801194 606
1584681678574 0.04794981455780219 607
1584681680718 0.04771006548501318 608
1584681682900 0.047471515157588115 609
1584681685030 0.047234157581800176 610
1584681687215 0.046997986793891174 611
1584681689393 0.04676299685992172 612
1584681691573 0.04652918187562211 613
1584681693735 0.046296535966244 614
1584681695867 0.046065053286412784 615
1584681698012 0.04583472801998072 616
1584681700256 0.045605554379880814 617
1584681702427 0.04537752660798141 618
1584681704567 0.0451506389749415 619
1584681706742 0.044924885780066794 620
1584681708884 0.04470026135116646 621
1584681711026 0.04447676004441063 622
1584681713171 0.04425437624418858 623
1584681715316 0.04403310436296763 624
1584681717533 0.043812938841152796 625
1584681719697 0.04359387414694703 626
1584681721962 0.043375904776212296 627
1584681724102 0.043159025252331236 628
1584681726235 0.04294323012606958 629
1584681728392 0.04272851397543923 630
1584681730596 0.04251487140556204 631
1584681732768 0.04230229704853423 632
1584681734904 0.04209078556329156 633
1584681737050 0.0418803316354751 634
1584681739164 0.041670929977297724 635
1584681741288 0.04146257532741124 636
1584681743441 0.04125526245077418 637
1584681745587 0.04104898613852031 638
1584681747914 0.04084374120782771 639
1584681750125 0.04063952250178857 640
1584681752357 0.04043632488927963 641
1584681754552 0.04023414326483323 642
1584681756707 0.040032972548509065 643
1584681758943 0.03983280768576652 644
1584681761155 0.03963364364733769 645
1584681763349 0.039435475429100995 646
1584681765574 0.03923829805195549 647
1584681767766 0.03904210656169572 648
1584681769945 0.03884689602888724 649
1584681772166 0.0386526615487428 650
1584681774390 0.03845939824099909 651
1584681776564 0.03826710124979409 652
1584681778770 0.038075765743545126 653
1584681780942 0.0378853869148274 654
1584681783187 0.03769595998025326 655
1584681785409 0.03750748018035199 656
1584681787607 0.037319942779450235 657
1584681789860 0.037133343065552986 658
1584681792028 0.03694767635022522 659
1584681794235 0.036762937968474095 660
1584681796390 0.03657912327863173 661
1584681798582 0.036396227662238566 662
1584681800767 0.03621424652392737 663
1584681802980 0.036033175291307735 664
1584681805172 0.03585300941485119 665
1584681807421 0.035673744367776934 666
1584681809627 0.03549537564593805 667
1584681811797 0.035317898767708356 668
1584681814138 0.03514130927386981 669
1584681816671 0.03496560272750046 670
1584681818892 0.03479077471386296 671
1584681821109 0.03461682084029365 672
1584681823284 0.034443736736092176 673
1584681825476 0.034271518052411715 674
1584681827671 0.034100160462149656 675
1584681829867 0.03392965965983891 676
1584681832059 0.033760011361539714 677
1584681834256 0.03359121130473201 678
1584681836555 0.033423255248208356 679
1584681839262 0.03325613897196732 680
1584681841527 0.03308985827710748 681
1584681844029 0.032924408985721944 682
1584681846224 0.03275978694079333 683
1584681848538 0.032595988006089364 684
1584681851165 0.032433008066058915 685
1584681853367 0.03227084302572862 686
1584681855578 0.032109488810599975 687
1584681857777 0.031948941366546975 688
1584681859981 0.03178919665971424 689
1584681862161 0.03163025067641567 690
1584681864329 0.03147209942303359 691
1584681866655 0.03131473892591842 692
1584681868899 0.031158165231288826 693
1584681871240 0.03100237440513238 694
1584681873521 0.030847362533106718 695
1584681875793 0.030693125720441184 696
1584681878102 0.030539660091838977 697
1584681880790 0.03038696179137978 698
1584681883067 0.030235026982422884 699
1584681885257 0.030083851847510768 700
1584681887562 0.029933432588273214 701
1584681889726 0.029783765425331846 702
1584681892073 0.029634846598205186 703
1584681894470 0.02948667236521416 704
1584681896751 0.029339239003388088 705
1584681899060 0.029192542808371146 706
1584681901351 0.02904658009432929 707
1584681903582 0.028901347193857643 708
1584681905783 0.028756840457888354 709
1584681907986 0.02861305625559891 710
1584681910232 0.028469990974320916 711
1584681912424 0.02832764101944931 712
1584681914605 0.028186002814352063 713
1584681916803 0.0280450728002803 714
1584681918977 0.0279048474362789 715
1584681921166 0.027765323199097504 716
1584681923353 0.027626496583102015 717
1584681925655 0.027488364100186506 718
1584681928382 0.027350922279685573 719
1584681930923 0.027214167668287145 720
1584681933152 0.02707809682994571 721
1584681935381 0.02694270634579598 722
1584681937561 0.026807992814067 723
1584681939785 0.026673952849996664 724
1584681942035 0.02654058308574668 725
1584681944263 0.026407880170317945 726
1584681946462 0.026275840769466357 727
1584681948660 0.026144461565619025 728
1584681950829 0.02601373925779093 729
1584681953051 0.025883670561501974 730
1584681955270 0.025754252208694463 731
1584681957476 0.02562548094765099 732
1584681959720 0.025497353542912736 733
1584681962110 0.02536986677519817 734
1584681964298 0.02524301744132218 735
1584681966483 0.025116802354115567 736
1584681968655 0.024991218342344988 737
1584681970874 0.024866262250633264 738
1584681973061 0.024741930939380097 739
1584681975237 0.024618221284683196 740
1584681977471 0.02449513017825978 741
1584681979665 0.02437265452736848 742
1584681981861 0.024250791254731636 743
1584681984067 0.024129537298457977 744
1584681986261 0.024008889611965685 745
1584681988476 0.023888845163905856 746
1584681990627 0.023769400938086327 747
1584681992827 0.023650553933395897 748
1584681995020 0.023532301163728918 749
1584681997218 0.023414639657910272 750
1584681999473 0.023297566459620722 751
1584682001667 0.023181078627322618 752
1584682003857 0.023065173234186005 753
1584682006058 0.022949847368015076 754
1584682008337 0.022835098131175 755
1584682010494 0.022720922640519125 756
1584682012700 0.02260731802731653 757
1584682014863 0.022494281437179946 758
1584682017044 0.022381810029994047 759
1584682019228 0.022269900979844076 760
1584682021451 0.022158551474944856 761
1584682023649 0.022047758717570132 762
1584682025817 0.021937519923982282 763
1584682028019 0.021827832324362372 764
1584682030257 0.02171869316274056 765
1584682032446 0.021610099696926857 766
1584682034627 0.021502049198442223 767
1584682036816 0.021394538952450012 768
1584682039027 0.02128756625768776 769
1584682041194 0.021181128426399323 770
1584682043518 0.021075222784267326 771
1584682045708 0.020969846670345987 772
1584682047883 0.020864997436994256 773
1584682050075 0.020760672449809284 774
1584682052259 0.020656869087560238 775
1584682054527 0.020553584742122436 776
1584682056706 0.020450816818411825 777
1584682058900 0.020348562734319765 778
1584682061091 0.020246819920648168 779
1584682063300 0.020145585821044927 780
1584682065493 0.020044857891939702 781
1584682067694 0.019944633602480003 782
1584682069874 0.019844910434467605 783
1584682072168 0.019745685882295267 784
1584682074514 0.01964695745288379 785
1584682076683 0.01954872266561937 786
1584682078881 0.019450979052291272 787
1584682081109 0.019353724157029815 788
1584682083375 0.019256955536244666 789
1584682085564 0.019160670758563442 790
1584682087728 0.019064867404770626 791
1584682089972 0.018969543067746772 792
1584682092172 0.018874695352408037 793
1584682094400 0.018780321875645996 794
1584682096588 0.018686420266267767 795
1584682098788 0.018592988164936427 796
1584682100955 0.018500023224111744 797
1584682103158 0.018407523107991184 798
1584682105331 0.01831548549245123 799
1584682107564 0.018223908064988973 800
1584682109845 0.018132788524664028 801
1584682112048 0.018042124582040707 802
1584682114208 0.017951913959130504 803
1584682116389 0.01786215438933485 804
1584682118580 0.017772843617388175 805
1584682120841 0.017683979399301233 806
