1584680192145 300 1
1584680194555 300 2
1584680197224 300 3
1584680199654 300 4
1584680202149 300 5
1584680204625 300 6
1584680207171 300 7
1584680209594 300 8
1584680212206 300 9
1584680214501 300 10
1584680216826 300 11
1584680219283 300 12
1584680221710 300 13
1584680224280 300 14
1584680226803 300 15
1584680229921 300 16
1584680232383 300 17
1584680234657 300 18
1584680236911 300 19
1584680239626 300 20
1584680241877 300 21
1584680244332 300 22
1584680246461 300 23
1584680248896 300 24
1584680251110 300 25
1584680253246 300 26
1584680255375 300 27
1584680257603 300 28
1584680259766 300 29
1584680262051 300 30
1584680264179 300 31
1584680266427 300 32
1584680268784 300 33
1584680271011 300 34
1584680273370 300 35
1584680275651 300 36
1584680278077 300 37
1584680280411 300 38
1584680282534 300 39
1584680284637 300 40
1584680286752 300 41
1584680288981 300 42
1584680291290 300 43
1584680293509 300 44
1584680295834 300 45
1584680298049 300 46
1584680300371 300 47
1584680302581 300 48
1584680305133 300 49
1584680307515 300 50
1584680309858 300 51
1584680312479 300 52
1584680314954 300 53
1584680317324 300 54
1584680320235 300 55
1584680322720 300 56
1584680324937 300 57
1584680327081 300 58
1584680329341 300 59
1584680331491 300 60
1584680334554 300 61
1584680336985 300 62
1584680339614 300 63
1584680341744 300 64
1584680344340 300 65
1584680346814 300 66
1584680349054 300 67
1584680351202 300 68
1584680353514 300 69
1584680355959 300 70
1584680358396 300 71
1584680361577 300 72
1584680363786 300 73
1584680366035 300 74
1584680368424 300 75
1584680370619 300 76
1584680372802 300 77
1584680375190 300 78
1584680377586 300 79
1584680380111 300 80
1584680382580 300 81
1584680385635 300 82
1584680388575 300 83
1584680391854 300 84
1584680394884 300 85
1584680398947 300 86
1584680403494 300 87
1584680406562 300 88
1584680411155 300 89
1584680416075 300 90
1584680420451 300 91
1584680424511 300 92
1584680428396 300 93
1584680431117 300 94
1584680433452 300 95
1584680435887 300 96
1584680438204 300 97
1584680440382 300 98
1584680442757 300 99
1584680445648 300 100
1584680448356 300 101
1584680450977 300 102
1584680454020 300 103
1584680456655 300 104
1584680459183 300 105
1584680462382 300 106
1584680464752 300 107
1584680467311 300 108
1584680469886 300 109
1584680472596 300 110
1584680474979 300 111
1584680477450 300 112
1584680480061 300 113
1584680482411 300 114
1584680485448 300 115
1584680488432 300 116
1584680491227 300 117
1584680493615 300 118
1584680496061 300 119
1584680498403 300 120
1584680501206 300 121
1584680503484 300 122
1584680505801 300 123
1584680508401 300 124
1584680510809 300 125
1584680513239 300 126
1584680515806 300 127
1584680518223 300 128
1584680520782 300 129
1584680523588 300 130
1584680525902 300 131
1584680528117 300 132
1584680530538 300 133
1584680533110 300 134
1584680535292 300 135
1584680537526 300 136
1584680539751 300 137
1584680542003 300 138
1584680544533 300 139
1584680546936 300 140
1584680549465 300 141
1584680551825 300 142
1584680554057 300 143
1584680556487 300 144
1584680558997 300 145
1584680561576 300 146
1584680563963 300 147
1584680566229 300 148
1584680568405 300 149
1584680570588 300 150
1584680572858 300 151
1584680575064 300 152
1584680577508 300 153
1584680579775 300 154
1584680582272 300 155
1584680584553 300 156
1584680586882 300 157
1584680589657 300 158
1584680592190 300 159
1584680594552 300 160
1584680596752 300 161
1584680599042 300 162
1584680601228 300 163
1584680603450 300 164
1584680605872 300 165
1584680608474 300 166
1584680610871 300 167
1584680613406 300 168
1584680615740 300 169
1584680618680 300 170
1584680621195 300 171
1584680623880 300 172
1584680626284 300 173
1584680628529 300 174
1584680630794 300 175
1584680633064 300 176
1584680635665 300 177
1584680638169 300 178
1584680640420 300 179
1584680642689 300 180
1584680645028 300 181
1584680647405 300 182
1584680649940 300 183
1584680652257 300 184
1584680654577 300 185
1584680656907 300 186
1584680659642 300 187
1584680662001 300 188
1584680664592 300 189
1584680667129 300 190
1584680669818 300 191
1584680672166 300 192
1584680674635 300 193
1584680676831 300 194
1584680679429 300 195
1584680681971 300 196
1584680684429 300 197
1584680687223 300 198
1584680689398 300 199
1584680691628 300 200
1584680694085 300 201
1584680696336 300 202
1584680698935 300 203
1584680701250 300 204
1584680703717 300 205
1584680705998 300 206
1584680708557 300 207
1584680711091 300 208
1584680713592 300 209
1584680715866 300 210
1584680718410 300 211
1584680720682 300 212
1584680723027 300 213
1584680725434 300 214
1584680727969 300 215
1584680730177 300 216
1584680732463 300 217
1584680734801 300 218
1584680737182 300 219
1584680739480 300 220
1584680741991 300 221
1584680744551 300 222
1584680747245 300 223
1584680749676 300 224
1584680752312 300 225
1584680754822 300 226
1584680757200 300 227
1584680759684 300 228
1584680762016 300 229
1584680764534 300 230
1584680767198 300 231
1584680769673 300 232
1584680771873 300 233
1584680774116 300 234
1584680777810 300 235
1584680780574 300 236
1584680783227 300 237
1584680785555 300 238
1584680787724 300 239
1584680789869 300 240
1584680792125 300 241
1584680794382 300 242
1584680796563 300 243
1584680800146 300 244
1584680802637 300 245
1584680805814 300 246
1584680808401 300 247
1584680810836 300 248
1584680813053 300 249
1584680816146 300 250
1584680818309 300 251
1584680820473 300 252
1584680822632 300 253
1584680825155 300 254
1584680827817 300 255
1584680830124 300 256
1584680832477 300 257
1584680835052 300 258
1584680837262 300 259
1584680839519 300 260
1584680841863 300 261
1584680845654 300 262
1584680849335 300 263
1584680852789 300 264
1584680855866 300 265
1584680858425 300 266
1584680860695 300 267
1584680864288 300 268
1584680867107 300 269
1584680870929 300 270
1584680874501 300 271
1584680876839 300 272
1584680879078 300 273
1584680881538 300 274
1584680884139 300 275
1584680886429 300 276
1584680888588 300 277
1584680890727 300 278
1584680892860 300 279
1584680895171 300 280
1584680897418 300 281
1584680899558 300 282
1584680901696 300 283
1584680903831 300 284
1584680906112 300 285
1584680908895 300 286
1584680911233 300 287
1584680914330 300 288
1584680918312 300 289
1584680920451 300 290
1584680922564 300 291
1584680924738 300 292
1584680926961 300 293
1584680929330 300 294
1584680931529 300 295
1584680933931 300 296
1584680936136 300 297
1584680938303 300 298
1584680940679 300 299
1584680942894 300 300
1584680945443 300 301
1584680947665 300 302
1584680949853 300 303
1584680952005 300 304
1584680954138 300 305
1584680956275 300 306
1584680958403 300 307
1584680960547 300 308
1584680962960 300 309
1584680965125 300 310
1584680967789 300 311
1584680970439 300 312
1584680972814 300 313
1584680974983 300 314
1584680977144 300 315
1584680979377 300 316
1584680981615 300 317
1584680983922 300 318
1584680986276 300 319
1584680988825 300 320
1584680991213 300 321
1584680993588 300 322
1584680995941 300 323
1584680998117 300 324
1584681000256 300 325
1584681003127 300 326
1584681006266 300 327
1584681008490 300 328
1584681011481 300 329
1584681015175 300 330
1584681018000 300 331
1584681020168 300 332
1584681022434 300 333
1584681024623 300 334
1584681026759 300 335
1584681029278 300 336
1584681031557 300 337
1584681033877 300 338
1584681036066 300 339
1584681038437 300 340
1584681040754 300 341
1584681043163 300 342
1584681045315 300 343
1584681047461 300 344
1584681049620 300 345
1584681051772 300 346
1584681053937 300 347
1584681056086 300 348
1584681058212 300 349
1584681060471 300 350
1584681062660 300 351
1584681064840 300 352
1584681068094 300 353
1584681070237 300 354
1584681072372 300 355
1584681074817 300 356
1584681077131 300 357
1584681079585 300 358
1584681082383 300 359
1584681084713 300 360
1584681089031 300 361
1584681092271 300 362
1584681094677 300 363
1584681096900 300 364
1584681099207 300 365
1584681101476 300 366
1584681103814 300 367
1584681106243 300 368
1584681108642 300 369
1584681111015 300 370
1584681113215 300 371
1584681115499 300 372
1584681117995 300 373
1584681120342 300 374
1584681122539 300 375
1584681124753 300 376
1584681126894 300 377
1584681129153 300 378
1584681131447 300 379
1584681134006 300 380
1584681136188 300 381
1584681138499 300 382
1584681140732 300 383
1584681143169 300 384
1584681145340 300 385
1584681147740 300 386
1584681150981 300 387
1584681153329 300 388
1584681157224 300 389
1584681160827 300 390
1584681163117 300 391
1584681165463 300 392
1584681169235 300 393
1584681171763 300 394
1584681174016 300 395
1584681176357 300 396
1584681178548 300 397
1584681180878 300 398
1584681183161 300 399
1584681185442 300 400
1584681187886 300 401
1584681190272 300 402
1584681193861 300 403
1584681196037 300 404
1584681198238 300 405
1584681200428 300 406
1584681202723 300 407
1584681204912 300 408
1584681207933 300 409
1584681210649 300 410
1584681212944 300 411
1584681215167 300 412
1584681217991 300 413
1584681222547 300 414
1584681226606 300 415
1584681230255 300 416
1584681234929 300 417
1584681239194 300 418
1584681243551 300 419
1584681246848 300 420
1584681249537 300 421
1584681252109 300 422
1584681254688 300 423
1584681257013 300 424
1584681259279 300 425
1584681261571 300 426
1584681264166 300 427
1584681266434 300 428
1584681269376 300 429
1584681271874 300 430
1584681274340 300 431
1584681276922 300 432
1584681279225 300 433
1584681281476 300 434
1584681283823 300 435
1584681286540 300 436
1584681288876 300 437
1584681291219 300 438
1584681293392 300 439
1584681295553 300 440
1584681298633 300 441
1584681302146 300 442
1584681304885 300 443
1584681308298 300 444
1584681310725 300 445
1584681313314 300 446
1584681315652 300 447
1584681317908 300 448
1584681320395 300 449
1584681322640 300 450
1584681324821 300 451
1584681327128 300 452
1584681329315 300 453
1584681331464 300 454
1584681333661 300 455
1584681335821 300 456
1584681337992 300 457
1584681340624 300 458
1584681343117 300 459
1584681345342 300 460
1584681347745 300 461
1584681350066 300 462
1584681353312 300 463
1584681356898 300 464
1584681359092 300 465
1584681361838 300 466
1584681364184 300 467
1584681366548 300 468
1584681368815 300 469
1584681371267 300 470
1584681374584 300 471
1584681377753 300 472
1584681380053 300 473
1584681382281 300 474
1584681384579 300 475
1584681386993 300 476
1584681389319 300 477
1584681391529 300 478
1584681393898 300 479
1584681396507 300 480
1584681400010 300 481
1584681404739 300 482
1584681407533 300 483
1584681409720 300 484
1584681412018 300 485
1584681414274 300 486
1584681416541 300 487
1584681418783 300 488
1584681420993 300 489
1584681423613 300 490
1584681425837 300 491
1584681428266 300 492
1584681430649 300 493
1584681432844 300 494
1584681435201 300 495
1584681437350 300 496
1584681439487 300 497
1584681441664 300 498
1584681443814 300 499
1584681445959 300 500
1584681448216 300 501
1584681450386 300 502
1584681452608 300 503
1584681454757 300 504
1584681456951 300 505
1584681459165 300 506
1584681461364 300 507
1584681463626 300 508
1584681465783 300 509
1584681467917 300 510
1584681470060 300 511
1584681472224 300 512
1584681474401 300 513
1584681476558 300 514
1584681478717 300 515
1584681480877 300 516
1584681483027 300 517
1584681485177 300 518
1584681487322 300 519
1584681489498 300 520
1584681491660 300 521
1584681493835 300 522
1584681495973 300 523
1584681498102 300 524
1584681500257 300 525
1584681502420 300 526
1584681504555 300 527
1584681506687 300 528
1584681508870 300 529
1584681511024 300 530
1584681513222 300 531
1584681515485 300 532
1584681517655 300 533
1584681519867 300 534
1584681522005 300 535
1584681524157 300 536
1584681526334 300 537
1584681528510 300 538
1584681530711 300 539
1584681532879 300 540
1584681535049 300 541
1584681537245 300 542
1584681539411 300 543
1584681541566 300 544
1584681543719 300 545
1584681545865 300 546
1584681548028 300 547
1584681550237 300 548
1584681552403 300 549
1584681554638 300 550
1584681556766 300 551
1584681558917 300 552
1584681561074 300 553
1584681563236 300 554
1584681565398 300 555
1584681567547 300 556
1584681569740 300 557
1584681571882 300 558
1584681574108 300 559
1584681576253 300 560
1584681578427 300 561
1584681580702 300 562
1584681582858 300 563
1584681585038 300 564
1584681587168 300 565
1584681589345 300 566
1584681591508 300 567
1584681593664 300 568
1584681595817 300 569
1584681597984 300 570
1584681600166 300 571
1584681602318 300 572
1584681604495 300 573
1584681606643 300 574
1584681608841 300 575
1584681610997 300 576
1584681613128 300 577
1584681615281 300 578
1584681617501 300 579
1584681619675 300 580
1584681621837 300 581
1584681624000 300 582
1584681626189 300 583
1584681628524 300 584
1584681630754 300 585
1584681632996 300 586
1584681635167 300 587
1584681637320 300 588
1584681639543 300 589
1584681641678 300 590
1584681643833 300 591
1584681645999 300 592
1584681648148 300 593
1584681650338 300 594
1584681652543 300 595
1584681654749 300 596
1584681656963 300 597
1584681659116 300 598
1584681661265 300 599
1584681663432 300 600
1584681665629 300 601
1584681667785 300 602
1584681669959 300 603
1584681672111 300 604
1584681674267 300 605
1584681676412 300 606
1584681678574 300 607
1584681680718 300 608
1584681682900 300 609
1584681685030 300 610
1584681687215 300 611
1584681689393 300 612
1584681691573 300 613
1584681693735 300 614
1584681695867 300 615
1584681698012 300 616
1584681700256 300 617
1584681702427 300 618
1584681704567 300 619
1584681706742 300 620
1584681708884 300 621
1584681711026 300 622
1584681713171 300 623
1584681715316 300 624
1584681717533 300 625
1584681719697 300 626
1584681721962 300 627
1584681724102 300 628
1584681726235 300 629
1584681728392 300 630
1584681730596 300 631
1584681732768 300 632
1584681734904 300 633
1584681737050 300 634
1584681739164 300 635
1584681741288 300 636
1584681743441 300 637
1584681745587 300 638
1584681747914 300 639
1584681750125 300 640
1584681752357 300 641
1584681754552 300 642
1584681756707 300 643
1584681758943 300 644
1584681761155 300 645
1584681763349 300 646
1584681765574 300 647
1584681767766 300 648
1584681769945 300 649
1584681772166 300 650
1584681774390 300 651
1584681776564 300 652
1584681778770 300 653
1584681780942 300 654
1584681783187 300 655
1584681785409 300 656
1584681787607 300 657
1584681789860 300 658
1584681792028 300 659
1584681794235 300 660
1584681796390 300 661
1584681798582 300 662
1584681800767 300 663
1584681802980 300 664
1584681805172 300 665
1584681807421 300 666
1584681809627 300 667
1584681811797 300 668
1584681814138 300 669
1584681816671 300 670
1584681818892 300 671
1584681821109 300 672
1584681823284 300 673
1584681825476 300 674
1584681827671 300 675
1584681829867 300 676
1584681832059 300 677
1584681834256 300 678
1584681836555 300 679
1584681839262 300 680
1584681841527 300 681
1584681844029 300 682
1584681846224 300 683
1584681848538 300 684
1584681851165 300 685
1584681853367 300 686
1584681855578 300 687
1584681857777 300 688
1584681859981 300 689
1584681862161 300 690
1584681864329 300 691
1584681866655 300 692
1584681868899 300 693
1584681871240 300 694
1584681873521 300 695
1584681875793 300 696
1584681878102 300 697
1584681880790 300 698
1584681883067 300 699
1584681885257 300 700
1584681887562 300 701
1584681889726 300 702
1584681892073 300 703
1584681894470 300 704
1584681896751 300 705
1584681899060 300 706
1584681901351 300 707
1584681903582 300 708
1584681905783 300 709
1584681907986 300 710
1584681910232 300 711
1584681912424 300 712
1584681914605 300 713
1584681916803 300 714
1584681918977 300 715
1584681921166 300 716
1584681923353 300 717
1584681925655 300 718
1584681928382 300 719
1584681930923 300 720
1584681933152 300 721
1584681935381 300 722
1584681937561 300 723
1584681939785 300 724
1584681942035 300 725
1584681944263 300 726
1584681946462 300 727
1584681948660 300 728
1584681950829 300 729
1584681953051 300 730
1584681955270 300 731
1584681957476 300 732
1584681959720 300 733
1584681962110 300 734
1584681964298 300 735
1584681966483 300 736
1584681968655 300 737
1584681970874 300 738
1584681973061 300 739
1584681975237 300 740
1584681977471 300 741
1584681979665 300 742
1584681981861 300 743
1584681984067 300 744
1584681986261 300 745
1584681988476 300 746
1584681990627 300 747
1584681992827 300 748
1584681995020 300 749
1584681997218 300 750
1584681999473 300 751
1584682001667 300 752
1584682003857 300 753
1584682006058 300 754
1584682008337 300 755
1584682010494 300 756
1584682012700 300 757
1584682014863 300 758
1584682017044 300 759
1584682019228 300 760
1584682021451 300 761
1584682023649 300 762
1584682025817 300 763
1584682028019 300 764
1584682030257 300 765
1584682032446 300 766
1584682034627 300 767
1584682036816 300 768
1584682039027 300 769
1584682041194 300 770
1584682043518 300 771
1584682045708 300 772
1584682047883 300 773
1584682050075 300 774
1584682052259 300 775
1584682054527 300 776
1584682056706 300 777
1584682058900 300 778
1584682061091 300 779
1584682063300 300 780
1584682065493 300 781
1584682067694 300 782
1584682069874 300 783
1584682072168 300 784
1584682074514 300 785
1584682076683 300 786
1584682078881 300 787
1584682081109 300 788
1584682083375 300 789
1584682085564 300 790
1584682087728 300 791
1584682089972 300 792
1584682092172 300 793
1584682094400 300 794
1584682096588 300 795
1584682098788 300 796
1584682100955 300 797
1584682103158 300 798
1584682105331 300 799
1584682107564 300 800
1584682109845 300 801
1584682112048 300 802
1584682114208 300 803
1584682116389 300 804
1584682118580 300 805
1584682120841 300 806
