1584609357557 1 1
1584609360495 1 2
1584609364099 1 3
1584609367400 1 4
1584609370352 1 5
1584609373098 1 6
1584609375854 1 7
1584609378506 1 8
1584609381120 1 9
1584609383818 1 10
1584609386376 1 11
1584609389123 1 12
1584609391930 1 13
1584609394606 1 14
1584609397265 1 15
1584609399645 1 16
1584609402243 1 17
1584609405019 1 18
1584609407437 1 19
1584609410206 1 20
1584609412569 1 21
1584609414890 1 22
1584609417306 1 23
1584609419892 1 24
1584609422671 1 25
1584609425192 1 26
1584609427578 1 27
1584609429980 1 28
1584609432312 1 29
1584609434703 1 30
1584609437246 1 31
1584609440364 1 32
1584609443802 1 33
1584609446470 1 34
1584609448819 1 35
1584609451654 1 36
1584609454024 1 37
1584609456326 1 38
1584609458596 1 39
1584609461082 1 40
1584609463881 1 41
1584609466700 1 42
1584609469646 1 43
1584609472116 1 44
1584609474543 1 45
1584609476875 1 46
1584609479453 1 47
1584609482953 1 48
1584609485186 1 49
1584609487691 1 50
1584609489837 1 51
1584609492616 1 52
1584609495525 1 53
1584609497897 1 54
1584609500176 1 55
1584609502743 1 56
1584609505144 1 57
1584609507406 1 58
1584609509910 1 59
1584609512364 1 60
1584609514693 1 61
1584609517044 1 62
1584609519352 1 63
1584609521662 1 64
1584609523897 1 65
1584609526227 1 66
1584609528529 1 67
1584609530885 1 68
1584609533256 1 69
1584609535613 1 70
1584609537890 1 71
1584609540161 1 72
1584609542877 1 73
1584609545307 1 74
1584609547669 1 75
1584609549941 1 76
1584609552209 1 77
1584609554551 1 78
1584609556949 1 79
1584609559403 1 80
1584609561903 1 81
1584609564769 1 82
1584609567235 1 83
1584609569687 1 84
1584609572025 1 85
1584609574372 1 86
1584609576783 1 87
1584609579158 1 88
1584609581482 1 89
1584609583759 1 90
1584609586170 1 91
1584609588468 1 92
1584609590819 1 93
1584609593340 1 94
1584609596247 1 95
1584609599288 1 96
1584609604073 1 97
1584609606825 1 98
1584609609175 1 99
1584609611595 1 100
1584609614144 1 101
1584609616358 1 102
1584609618661 1 103
1584609621151 1 104
1584609623562 1 105
1584609625887 1 106
1584609628269 1 107
1584609630569 1 108
1584609632858 1 109
1584609635323 1 110
1584609637682 1 111
1584609640093 1 112
1584609642381 1 113
1584609644667 1 114
1584609646950 1 115
1584609649350 1 116
1584609651711 1 117
1584609654037 1 118
1584609656659 1 119
1584609659955 1 120
1584609663855 1 121
1584609666175 1 122
1584609668578 1 123
1584609670991 1 124
1584609673355 1 125
1584609675651 1 126
1584609677947 1 127
1584609680346 1 128
1584609682710 1 129
1584609685061 1 130
1584609687428 1 131
1584609690383 1 132
1584609694152 1 133
1584609696634 1 134
1584609699014 1 135
1584609702805 1 136
1584609706761 1 137
1584609708992 1 138
1584609711314 1 139
1584609713629 1 140
1584609716056 1 141
1584609718460 1 142
1584609721195 1 143
1584609724063 1 144
1584609726504 1 145
1584609728819 1 146
1584609731500 1 147
1584609734239 1 148
1584609737094 1 149
1584609739539 1 150
1584609741898 1 151
1584609744198 1 152
1584609746573 1 153
1584609748950 1 154
1584609751375 1 155
1584609753692 1 156
1584609756083 1 157
1584609758364 1 158
1584609760634 1 159
1584609763003 1 160
1584609765491 1 161
1584609767904 1 162
1584609770131 1 163
1584609772418 1 164
1584609774685 1 165
1584609777020 1 166
1584609779496 1 167
1584609782296 1 168
1584609784861 1 169
1584609787365 1 170
1584609789818 1 171
1584609792209 1 172
1584609794899 1 173
1584609797339 1 174
1584609800004 1 175
1584609802511 1 176
1584609804940 1 177
1584609807341 1 178
1584609809765 1 179
1584609812109 1 180
1584609814547 1 181
1584609816964 1 182
1584609819260 1 183
1584609821604 1 184
1584609823932 1 185
1584609826367 1 186
1584609828739 1 187
1584609831126 1 188
1584609833428 1 189
1584609835773 1 190
1584609838187 1 191
1584609840579 1 192
1584609843126 1 193
1584609845510 1 194
1584609847895 1 195
1584609850284 1 196
1584609853118 1 197
1584609856655 1 198
1584609859106 1 199
1584609861684 1 200
1584609864156 1 201
1584609866538 1 202
1584609868974 1 203
1584609871739 1 204
1584609874176 1 205
1584609876646 1 206
1584609879034 1 207
1584609881372 1 208
1584609883716 1 209
1584609886054 1 210
1584609888441 1 211
1584609890883 1 212
1584609893249 1 213
1584609895537 1 214
1584609898122 1 215
1584609901225 1 216
1584609903705 1 217
1584609906195 1 218
1584609908579 1 219
1584609911075 1 220
1584609913461 1 221
1584609915896 1 222
1584609918347 1 223
1584609920788 1 224
1584609923234 1 225
1584609925515 1 226
1584609927905 1 227
1584609930603 1 228
1584609933205 1 229
1584609935724 1 230
1584609938182 1 231
1584609940642 1 232
1584609943044 1 233
1584609945426 1 234
1584609947784 1 235
1584609950129 1 236
1584609952585 1 237
1584609954919 1 238
1584609957331 1 239
1584609959687 1 240
1584609962422 1 241
1584609964903 1 242
1584609967385 1 243
1584609969830 1 244
1584609972272 1 245
1584609974563 1 246
1584609976901 1 247
1584609979243 1 248
1584609981814 1 249
1584609984398 1 250
1584609986752 1 251
1584609989134 1 252
1584609991665 1 253
1584609994071 1 254
1584609996962 1 255
1584609999492 1 256
1584610001958 1 257
1584610004601 1 258
1584610007359 1 259
1584610010661 1 260
1584610013077 1 261
1584610015478 1 262
1584610017859 1 263
1584610020121 1 264
1584610022600 1 265
1584610025001 1 266
1584610027535 1 267
1584610030304 1 268
1584610032694 1 269
1584610035138 1 270
1584610037529 1 271
1584610039976 1 272
1584610042424 1 273
1584610044851 1 274
1584610047255 1 275
1584610049631 1 276
1584610052064 1 277
1584610054513 1 278
1584610056990 1 279
1584610059381 1 280
1584610061851 1 281
1584610064286 1 282
1584610066575 1 283
1584610068974 1 284
1584610071313 1 285
1584610073650 1 286
1584610076110 1 287
1584610078360 1 288
1584610080628 1 289
1584610083147 1 290
1584610085498 1 291
1584610087899 1 292
1584610090286 1 293
1584610092874 1 294
1584610095810 1 295
1584610098161 1 296
1584610100490 1 297
1584610102896 1 298
1584610105439 1 299
1584610107933 1 300
1584610110456 1 301
1584610112948 1 302
1584610115378 1 303
1584610117803 1 304
1584610120234 1 305
1584610122635 1 306
1584610125058 1 307
1584610127339 1 308
1584610129679 1 309
1584610132291 1 310
1584610136022 1 311
1584610138371 1 312
1584610140795 1 313
1584610143347 1 314
1584610145686 1 315
1584610148135 1 316
1584610150631 1 317
1584610153097 1 318
1584610155620 1 319
1584610158040 1 320
1584610160441 1 321
1584610162767 1 322
1584610165160 1 323
1584610167572 1 324
1584610169972 1 325
1584610172375 1 326
1584610174819 1 327
1584610177307 1 328
1584610179698 1 329
1584610182162 1 330
1584610184599 1 331
1584610187067 1 332
1584610189435 1 333
1584610192006 1 334
1584610194542 1 335
1584610197022 1 336
1584610199459 1 337
1584610202142 1 338
1584610204589 1 339
1584610206958 1 340
1584610209398 1 341
1584610212009 1 342
1584610214399 1 343
1584610216732 1 344
1584610219166 1 345
1584610221583 1 346
1584610224241 1 347
1584610226854 1 348
1584610229322 1 349
1584610231759 1 350
1584610234137 1 351
1584610236446 1 352
1584610238863 1 353
1584610241313 1 354
1584610243769 1 355
1584610246162 1 356
1584610248553 1 357
1584610250928 1 358
1584610253245 1 359
1584610255623 1 360
1584610258077 1 361
1584610261185 1 362
1584610263884 1 363
1584610266288 1 364
1584610268662 1 365
1584610271176 1 366
1584610273642 1 367
1584610276126 1 368
1584610278594 1 369
1584610281044 1 370
1584610283424 1 371
1584610285915 1 372
1584610288304 1 373
1584610291206 1 374
1584610293736 1 375
1584610296012 1 376
1584610298308 1 377
1584610300708 1 378
1584610303127 1 379
1584610305595 1 380
1584610307961 1 381
1584610310379 1 382
1584610312664 1 383
1584610314972 1 384
1584610317320 1 385
1584610319671 1 386
1584610322373 1 387
1584610324722 1 388
1584610326995 1 389
1584610329336 1 390
1584610331746 1 391
1584610334208 1 392
1584610336674 1 393
1584610339175 1 394
1584610341625 1 395
1584610343992 1 396
1584610346301 1 397
1584610348883 1 398
1584610351737 1 399
1584610355217 1 400
1584610357956 1 401
1584610363169 1 402
1584610367125 1 403
1584610370669 1 404
1584610372973 1 405
1584610375345 1 406
1584610377844 1 407
1584610382625 1 408
1584610384859 1 409
1584610387241 1 410
1584610391135 1 411
1584610393582 1 412
1584610396229 1 413
1584610398440 1 414
1584610400896 1 415
1584610403037 1 416
1584610405369 1 417
1584610407861 1 418
1584610411486 1 419
1584610414043 1 420
1584610416551 1 421
1584610419011 1 422
1584610421472 1 423
1584610424088 1 424
1584610427197 1 425
1584610430261 1 426
1584610432582 1 427
1584610435021 1 428
1584610437460 1 429
1584610439807 1 430
1584610442472 1 431
1584610445539 1 432
1584610448585 1 433
1584610451119 1 434
1584610453484 1 435
1584610455958 1 436
1584610458432 1 437
1584610460811 1 438
1584610463200 1 439
1584610465594 1 440
1584610468041 1 441
1584610470546 1 442
1584610472986 1 443
1584610475467 1 444
1584610478031 1 445
1584610480422 1 446
1584610482853 1 447
1584610485271 1 448
1584610487992 1 449
1584610490440 1 450
1584610492804 1 451
1584610495129 1 452
1584610497528 1 453
1584610500042 1 454
1584610502645 1 455
1584610505066 1 456
1584610507466 1 457
1584610509796 1 458
1584610512060 1 459
1584610514379 1 460
1584610516775 1 461
1584610519356 1 462
1584610521789 1 463
1584610524105 1 464
1584610526463 1 465
1584610528999 1 466
1584610531681 1 467
1584610534414 1 468
1584610536906 1 469
1584610539399 1 470
1584610541828 1 471
1584610544273 1 472
1584610546564 1 473
1584610549868 1 474
1584610552573 1 475
1584610554996 1 476
1584610557391 1 477
1584610559891 1 478
1584610562532 1 479
1584610565115 1 480
1584610567755 1 481
1584610570322 1 482
1584610572714 1 483
1584610575142 1 484
1584610577556 1 485
1584610580161 1 486
1584610582564 1 487
1584610585231 1 488
1584610587644 1 489
1584610589996 1 490
1584610592450 1 491
1584610594866 1 492
1584610597317 1 493
1584610599988 1 494
1584610604192 1 495
1584610608502 1 496
1584610612209 1 497
1584610614843 1 498
1584610617428 1 499
1584610619896 1 500
1584610622610 1 501
1584610625103 1 502
1584610627630 1 503
1584610630117 1 504
1584610632632 1 505
1584610635104 1 506
1584610637571 1 507
1584610639951 1 508
1584610642403 1 509
1584610644824 1 510
1584610647374 1 511
1584610649860 1 512
1584610652211 1 513
1584610654596 1 514
1584610657011 1 515
1584610659431 1 516
1584610661849 1 517
1584610664335 1 518
1584610666820 1 519
1584610669271 1 520
1584610671662 1 521
1584610673973 1 522
1584610676460 1 523
1584610678961 1 524
1584610681548 1 525
1584610684581 1 526
1584610686971 1 527
1584610689482 1 528
1584610691930 1 529
1584610694396 1 530
1584610696990 1 531
1584610699706 1 532
1584610702157 1 533
1584610704626 1 534
1584610707222 1 535
1584610709703 1 536
1584610712293 1 537
1584610714843 1 538
1584610717246 1 539
1584610719706 1 540
1584610722203 1 541
1584610724630 1 542
1584610727165 1 543
1584610729702 1 544
1584610732286 1 545
1584610734669 1 546
1584610737450 1 547
1584610739848 1 548
1584610743211 1 549
1584610746140 1 550
1584610748682 1 551
1584610751164 1 552
1584610753882 1 553
1584610756412 1 554
1584610758934 1 555
1584610761456 1 556
1584610763884 1 557
1584610766305 1 558
1584610768638 1 559
1584610771092 1 560
1584610773574 1 561
1584610776188 1 562
1584610778623 1 563
1584610781296 1 564
1584610783932 1 565
1584610786396 1 566
1584610788849 1 567
1584610791381 1 568
1584610793865 1 569
1584610796366 1 570
1584610798767 1 571
1584610801170 1 572
1584610803836 1 573
1584610806326 1 574
1584610808792 1 575
1584610811210 1 576
1584610813697 1 577
1584610816193 1 578
1584610818675 1 579
1584610821160 1 580
1584610823698 1 581
1584610826199 1 582
1584610828609 1 583
1584610831019 1 584
1584610833421 1 585
1584610835887 1 586
1584610838337 1 587
1584610840744 1 588
1584610843258 1 589
1584610845628 1 590
1584610848008 1 591
1584610850525 1 592
1584610853009 1 593
1584610855573 1 594
1584610858083 1 595
1584610860515 1 596
1584610863081 1 597
1584610865592 1 598
1584610868138 1 599
1584610870624 1 600
1584610873138 1 601
1584610876089 1 602
1584610880357 1 603
1584610883710 1 604
1584610886856 1 605
1584610889548 1 606
1584610893147 1 607
1584610895618 1 608
1584610898057 1 609
1584610900484 1 610
1584610903038 1 611
1584610905523 1 612
1584610907924 1 613
1584610910356 1 614
1584610912841 1 615
1584610915358 1 616
1584610917867 1 617
1584610920380 1 618
1584610922964 1 619
1584610925469 1 620
1584610927862 1 621
1584610930300 1 622
1584610932818 1 623
1584610935313 1 624
1584610937739 1 625
1584610940152 1 626
1584610942581 1 627
1584610945058 1 628
1584610947657 1 629
1584610950214 1 630
1584610952740 1 631
1584610955179 1 632
1584610957533 1 633
1584610959931 1 634
1584610962356 1 635
1584610964854 1 636
1584610967338 1 637
1584610969765 1 638
1584610972173 1 639
1584610974646 1 640
1584610977174 1 641
1584610981325 1 642
1584610984641 1 643
1584610987209 1 644
1584610990589 1 645
1584610995100 1 646
1584610997676 1 647
1584611000160 1 648
1584611002747 1 649
1584611005482 1 650
1584611007786 1 651
1584611009954 1 652
1584611012165 1 653
1584611014762 1 654
1584611017396 1 655
1584611019579 1 656
1584611022063 1 657
1584611024521 1 658
1584611026920 1 659
1584611029694 1 660
1584611032152 1 661
1584611034615 1 662
1584611037026 1 663
1584611039466 1 664
1584611042022 1 665
1584611044654 1 666
1584611047112 1 667
1584611049582 1 668
1584611052072 1 669
1584611054523 1 670
1584611056896 1 671
1584611059293 1 672
1584611061780 1 673
1584611064212 1 674
1584611066614 1 675
1584611069100 1 676
1584611071617 1 677
1584611074119 1 678
1584611076584 1 679
1584611079453 1 680
1584611081922 1 681
1584611084406 1 682
1584611086778 1 683
1584611089114 1 684
1584611091432 1 685
1584611093824 1 686
1584611096315 1 687
1584611098647 1 688
1584611101050 1 689
1584611103528 1 690
1584611106044 1 691
1584611108401 1 692
1584611110934 1 693
1584611113423 1 694
1584611115939 1 695
1584611118323 1 696
1584611121040 1 697
1584611123815 1 698
1584611126760 1 699
1584611129318 1 700
1584611132212 1 701
1584611134652 1 702
1584611137148 1 703
1584611139749 1 704
1584611142285 1 705
1584611144693 1 706
1584611147148 1 707
1584611149717 1 708
1584611152094 1 709
1584611154425 1 710
1584611156857 1 711
1584611159314 1 712
1584611161595 1 713
1584611164033 1 714
1584611166412 1 715
1584611168798 1 716
1584611171217 1 717
1584611173603 1 718
1584611176167 1 719
1584611178575 1 720
1584611180852 1 721
1584611183138 1 722
1584611185505 1 723
1584611187905 1 724
1584611190380 1 725
1584611192624 1 726
1584611195012 1 727
1584611197364 1 728
1584611199784 1 729
1584611202218 1 730
1584611204561 1 731
1584611207092 1 732
1584611209425 1 733
1584611212128 1 734
1584611215218 1 735
1584611217809 1 736
1584611220324 1 737
1584611222908 1 738
1584611225426 1 739
1584611228016 1 740
1584611230601 1 741
1584611233144 1 742
1584611235716 1 743
1584611238462 1 744
1584611240944 1 745
1584611243368 1 746
1584611245734 1 747
1584611248053 1 748
1584611250573 1 749
1584611253007 1 750
1584611255363 1 751
1584611257709 1 752
1584611260177 1 753
1584611263160 1 754
1584611265910 1 755
1584611268569 1 756
1584611271103 1 757
1584611273801 1 758
1584611276403 1 759
1584611278756 1 760
1584611281268 1 761
1584611283810 1 762
1584611286295 1 763
1584611288691 1 764
1584611291171 1 765
1584611293629 1 766
1584611296401 1 767
1584611298825 1 768
1584611301343 1 769
1584611303882 1 770
1584611306340 1 771
1584611308602 1 772
1584611311015 1 773
1584611313444 1 774
1584611315842 1 775
1584611318146 1 776
1584611320541 1 777
1584611322891 1 778
1584611325313 1 779
1584611328254 1 780
1584611330915 1 781
1584611333263 1 782
1584611335402 1 783
1584611337581 1 784
1584611339905 1 785
1584611342264 1 786
1584611344878 1 787
1584611347552 1 788
1584611349917 1 789
1584611352106 1 790
1584611355017 1 791
1584611357348 1 792
1584611360678 1 793
1584611363141 1 794
1584611366323 1 795
1584611368419 1 796
1584611370526 1 797
1584611372819 1 798
1584611375205 1 799
1584611377409 1 800
1584611379750 1 801
1584611381926 1 802
1584611384286 1 803
1584611386455 1 804
1584611388790 1 805
1584611391001 1 806
1584611393193 1 807
1584611395457 1 808
1584611397608 1 809
1584611399732 1 810
1584611402162 1 811
1584611404455 1 812
1584611406579 1 813
1584611408715 1 814
1584611410831 1 815
1584611413167 1 816
1584611415570 1 817
1584611417765 1 818
1584611419950 1 819
1584611422411 1 820
1584611424548 1 821
1584611427022 1 822
1584611429595 1 823
1584611432164 1 824
1584611434355 1 825
1584611437860 1 826
1584611440472 1 827
1584611442666 1 828
1584611444880 1 829
1584611447046 1 830
1584611449227 1 831
1584611451402 1 832
1584611453539 1 833
1584611455655 1 834
1584611457905 1 835
1584611460110 1 836
1584611462395 1 837
1584611464728 1 838
1584611467415 1 839
1584611470282 1 840
1584611472981 1 841
1584611475228 1 842
1584611477415 1 843
1584611479612 1 844
1584611482333 1 845
1584611484485 1 846
1584611486636 1 847
1584611488923 1 848
1584611491610 1 849
1584611495132 1 850
1584611497643 1 851
1584611500111 1 852
1584611502474 1 853
1584611504701 1 854
1584611507170 1 855
1584611509640 1 856
1584611512170 1 857
1584611514304 1 858
1584611516421 1 859
1584611518536 1 860
1584611520669 1 861
1584611523143 1 862
1584611525380 1 863
1584611527491 1 864
1584611529626 1 865
1584611531904 1 866
1584611534187 1 867
1584611537523 1 868
1584611540160 1 869
1584611542597 1 870
1584611544860 1 871
1584611547145 1 872
1584611549404 1 873
1584611552111 1 874
1584611554596 1 875
1584611557066 1 876
1584611559904 1 877
1584611562166 1 878
1584611564313 1 879
1584611566590 1 880
1584611568772 1 881
1584611571223 1 882
1584611573425 1 883
1584611575579 1 884
1584611579239 1 885
1584611583055 1 886
1584611585689 1 887
1584611588441 1 888
1584611590841 1 889
1584611593011 1 890
1584611595219 1 891
1584611597693 1 892
1584611600673 1 893
1584611603872 1 894
1584611606768 1 895
1584611609692 1 896
1584611612038 1 897
1584611614904 1 898
1584611617763 1 899
1584611620214 1 900
1584611624660 1 901
1584611628117 1 902
1584611631602 1 903
1584611634683 1 904
1584611637738 1 905
1584611640559 1 906
1584611644014 1 907
1584611646836 1 908
1584611649829 1 909
1584611653000 1 910
1584611655357 1 911
1584611657868 1 912
1584611660605 1 913
1584611662888 1 914
1584611665887 1 915
1584611668155 1 916
1584611670453 1 917
1584611673105 1 918
1584611675340 1 919
1584611677802 1 920
1584611679963 1 921
1584611682199 1 922
1584611684886 1 923
1584611687701 1 924
1584611690295 1 925
1584611693365 1 926
1584611695849 1 927
1584611698170 1 928
1584611700935 1 929
1584611704224 1 930
1584611707377 1 931
1584611710744 1 932
1584611713377 1 933
1584611715614 1 934
1584611718301 1 935
1584611720916 1 936
1584611724253 1 937
1584611728167 1 938
1584611730417 1 939
1584611732755 1 940
1584611735124 1 941
1584611737392 1 942
1584611740205 1 943
1584611742890 1 944
1584611745598 1 945
1584611747850 1 946
1584611750132 1 947
1584611752725 1 948
1584611755294 1 949
1584611758625 1 950
1584611762114 1 951
1584611764799 1 952
1584611767332 1 953
1584611769978 1 954
1584611772416 1 955
1584611774714 1 956
1584611777167 1 957
1584611779467 1 958
1584611781683 1 959
1584611783887 1 960
1584611786091 1 961
1584611788293 1 962
1584611790456 1 963
1584611792643 1 964
1584611794874 1 965
1584611797025 1 966
1584611799237 1 967
1584611801508 1 968
1584611803758 1 969
1584611805997 1 970
1584611808140 1 971
1584611810310 1 972
1584611812528 1 973
1584611814770 1 974
1584611817019 1 975
1584611819178 1 976
1584611821350 1 977
1584611823710 1 978
1584611825977 1 979
1584611828180 1 980
1584611830384 1 981
1584611832631 1 982
1584611834819 1 983
1584611836943 1 984
1584611839130 1 985
1584611841332 1 986
1584611843548 1 987
1584611845720 1 988
1584611847892 1 989
1584611850085 1 990
1584611852347 1 991
1584611854673 1 992
1584611856912 1 993
1584611859226 1 994
1584611861580 1 995
1584611863778 1 996
1584611865974 1 997
1584611868194 1 998
1584611870387 1 999
1584611872614 1 1000
1584611874942 1 1001
1584611877086 1 1002
1584611879254 1 1003
1584611881520 1 1004
1584611883850 1 1005
1584611886092 1 1006
1584611888350 1 1007
1584611890513 1 1008
1584611892677 1 1009
1584611894839 1 1010
1584611897108 1 1011
1584611899346 1 1012
1584611901514 1 1013
1584611903708 1 1014
1584611905906 1 1015
1584611908048 1 1016
1584611910287 1 1017
1584611912528 1 1018
1584611914890 1 1019
1584611918264 1 1020
1584611920443 1 1021
1584611922694 1 1022
1584611924933 1 1023
1584611927685 1 1024
1584611931143 1 1025
1584611933456 1 1026
1584611935767 1 1027
1584611938188 1 1028
1584611940540 1 1029
1584611943141 1 1030
1584611945532 1 1031
1584611947930 1 1032
1584611950148 1 1033
1584611952463 1 1034
1584611955048 1 1035
1584611957720 1 1036
1584611960265 1 1037
1584611962624 1 1038
1584611964942 1 1039
1584611967219 1 1040
1584611969588 1 1041
1584611972077 1 1042
1584611974502 1 1043
1584611977041 1 1044
1584611979550 1 1045
1584611981858 1 1046
1584611984178 1 1047
1584611986597 1 1048
1584611989076 1 1049
1584611991971 1 1050
1584611994196 1 1051
1584611996391 1 1052
1584611998571 1 1053
1584612001121 1 1054
1584612003643 1 1055
1584612005833 1 1056
1584612008278 1 1057
1584612010450 1 1058
1584612012585 1 1059
1584612015243 1 1060
1584612018825 1 1061
1584612022034 1 1062
1584612024848 1 1063
1584612027644 1 1064
1584612029904 1 1065
1584612032470 1 1066
1584612034728 1 1067
1584612037656 1 1068
1584612041252 1 1069
1584612044544 1 1070
1584612046702 1 1071
1584612048975 1 1072
1584612051541 1 1073
1584612055242 1 1074
1584612059043 1 1075
1584612061627 1 1076
1584612064445 1 1077
1584612067052 1 1078
1584612069579 1 1079
1584612072580 1 1080
1584612075190 1 1081
1584612077676 1 1082
1584612080124 1 1083
1584612082436 1 1084
1584612084866 1 1085
1584612087375 1 1086
1584612090355 1 1087
1584612092841 1 1088
1584612095198 1 1089
1584612097514 1 1090
1584612100745 1 1091
1584612104183 1 1092
1584612106583 1 1093
1584612109052 1 1094
1584612111521 1 1095
1584612113885 1 1096
1584612116167 1 1097
1584612118722 1 1098
1584612121363 1 1099
1584612123840 1 1100
1584612126419 1 1101
1584612128827 1 1102
1584612131268 1 1103
1584612133744 1 1104
1584612136423 1 1105
1584612139237 1 1106
1584612142047 1 1107
1584612144589 1 1108
1584612147148 1 1109
1584612149867 1 1110
1584612152345 1 1111
1584612155101 1 1112
1584612157597 1 1113
1584612159956 1 1114
1584612162384 1 1115
1584612164824 1 1116
1584612167274 1 1117
1584612169642 1 1118
1584612172162 1 1119
1584612174675 1 1120
1584612177011 1 1121
1584612179372 1 1122
1584612181865 1 1123
1584612184669 1 1124
1584612187333 1 1125
1584612190170 1 1126
1584612192617 1 1127
1584612195088 1 1128
1584612197599 1 1129
1584612200083 1 1130
1584612202677 1 1131
1584612205120 1 1132
1584612207422 1 1133
1584612209784 1 1134
1584612212228 1 1135
1584612214678 1 1136
1584612217276 1 1137
1584612219628 1 1138
1584612222032 1 1139
1584612224440 1 1140
1584612227050 1 1141
1584612229482 1 1142
1584612232013 1 1143
1584612234421 1 1144
1584612236887 1 1145
1584612239214 1 1146
1584612241591 1 1147
1584612244027 1 1148
1584612246597 1 1149
1584612249036 1 1150
1584612251533 1 1151
1584612254154 1 1152
1584612256665 1 1153
1584612259184 1 1154
1584612261693 1 1155
1584612264108 1 1156
1584612266556 1 1157
1584612268927 1 1158
1584612271406 1 1159
1584612273790 1 1160
1584612276275 1 1161
1584612278629 1 1162
1584612281015 1 1163
1584612283526 1 1164
1584612285853 1 1165
1584612288302 1 1166
1584612290779 1 1167
1584612293255 1 1168
1584612295784 1 1169
1584612298224 1 1170
1584612300609 1 1171
1584612303119 1 1172
1584612305671 1 1173
1584612308171 1 1174
1584612310578 1 1175
1584612312921 1 1176
1584612315391 1 1177
1584612317860 1 1178
1584612320400 1 1179
1584612322784 1 1180
1584612325210 1 1181
1584612327715 1 1182
1584612330223 1 1183
1584612332688 1 1184
1584612335136 1 1185
1584612337621 1 1186
1584612340156 1 1187
1584612342588 1 1188
1584612345074 1 1189
1584612347514 1 1190
1584612350068 1 1191
1584612352581 1 1192
1584612355251 1 1193
1584612357685 1 1194
1584612360757 1 1195
1584612363742 1 1196
1584612366640 1 1197
1584612370858 1 1198
1584612374395 1 1199
1584612377528 1 1200
1584612380381 1 1201
1584612382793 1 1202
1584612386036 1 1203
1584612390405 1 1204
1584612393703 1 1205
1584612396011 1 1206
1584612399171 1 1207
1584612401542 1 1208
1584612404135 1 1209
1584612406611 1 1210
1584612409246 1 1211
1584612412079 1 1212
1584612414432 1 1213
1584612417437 1 1214
1584612420385 1 1215
1584612423115 1 1216
1584612425531 1 1217
1584612427973 1 1218
1584612430253 1 1219
1584612432682 1 1220
1584612434872 1 1221
1584612437104 1 1222
1584612439730 1 1223
1584612442849 1 1224
1584612445352 1 1225
1584612448801 1 1226
1584612452438 1 1227
1584612454956 1 1228
1584612457396 1 1229
1584612459834 1 1230
1584612462303 1 1231
1584612464708 1 1232
1584612467169 1 1233
1584612469544 1 1234
1584612471975 1 1235
1584612474432 1 1236
1584612476977 1 1237
1584612479453 1 1238
1584612481926 1 1239
1584612484416 1 1240
1584612486859 1 1241
1584612489688 1 1242
1584612492210 1 1243
1584612494654 1 1244
1584612497039 1 1245
1584612499532 1 1246
1584612501900 1 1247
1584612504312 1 1248
1584612506781 1 1249
1584612509259 1 1250
1584612511754 1 1251
1584612514092 1 1252
1584612516504 1 1253
1584612518985 1 1254
1584612521491 1 1255
1584612523973 1 1256
1584612526504 1 1257
1584612528940 1 1258
1584612531384 1 1259
1584612533782 1 1260
1584612536285 1 1261
1584612538785 1 1262
1584612541285 1 1263
1584612543770 1 1264
1584612546338 1 1265
1584612548920 1 1266
1584612551387 1 1267
1584612553836 1 1268
1584612556328 1 1269
1584612558710 1 1270
1584612561086 1 1271
1584612563581 1 1272
1584612566017 1 1273
1584612568580 1 1274
1584612571031 1 1275
1584612573387 1 1276
1584612575800 1 1277
1584612578434 1 1278
1584612580855 1 1279
1584612583293 1 1280
1584612585786 1 1281
1584612588350 1 1282
1584612590727 1 1283
1584612593430 1 1284
1584612595945 1 1285
1584612598400 1 1286
1584612600964 1 1287
1584612603564 1 1288
1584612605904 1 1289
1584612608404 1 1290
1584612610805 1 1291
1584612613250 1 1292
1584612615925 1 1293
1584612618362 1 1294
1584612620904 1 1295
1584612623281 1 1296
1584612625648 1 1297
1584612628127 1 1298
1584612630632 1 1299
1584612633097 1 1300
1584612635898 1 1301
1584612638862 1 1302
1584612641703 1 1303
1584612644760 1 1304
1584612647467 1 1305
1584612650117 1 1306
1584612652689 1 1307
1584612655100 1 1308
1584612657482 1 1309
1584612659860 1 1310
1584612662545 1 1311
1584612664934 1 1312
1584612667232 1 1313
1584612669513 1 1314
1584612671777 1 1315
1584612674112 1 1316
1584612676642 1 1317
1584612678982 1 1318
1584612681512 1 1319
1584612683891 1 1320
1584612686220 1 1321
1584612688574 1 1322
1584612691079 1 1323
1584612693544 1 1324
1584612695979 1 1325
1584612698359 1 1326
1584612700700 1 1327
1584612703162 1 1328
1584612705529 1 1329
1584612707954 1 1330
1584612710319 1 1331
1584612712790 1 1332
1584612715159 1 1333
1584612717540 1 1334
1584612719876 1 1335
1584612722515 1 1336
1584612724994 1 1337
1584612727443 1 1338
1584612729800 1 1339
1584612732195 1 1340
1584612734589 1 1341
1584612737110 1 1342
1584612739518 1 1343
1584612742065 1 1344
1584612744912 1 1345
1584612747340 1 1346
1584612749731 1 1347
1584612752504 1 1348
1584612754981 1 1349
1584612757658 1 1350
1584612760033 1 1351
1584612762467 1 1352
1584612764994 1 1353
1584612767671 1 1354
1584612770401 1 1355
1584612772942 1 1356
1584612775470 1 1357
1584612777855 1 1358
1584612780193 1 1359
1584612782657 1 1360
1584612785018 1 1361
1584612787413 1 1362
1584612789877 1 1363
1584612792231 1 1364
1584612794506 1 1365
1584612796950 1 1366
1584612799410 1 1367
1584612801766 1 1368
1584612804252 1 1369
1584612806702 1 1370
1584612809054 1 1371
1584612811418 1 1372
1584612813799 1 1373
1584612816194 1 1374
1584612818537 1 1375
1584612820880 1 1376
1584612823312 1 1377
1584612825724 1 1378
1584612828158 1 1379
1584612830596 1 1380
1584612833651 1 1381
1584612836463 1 1382
1584612839251 1 1383
1584612842399 1 1384
1584612844883 1 1385
1584612847397 1 1386
1584612849941 1 1387
1584612852361 1 1388
1584612854695 1 1389
1584612857078 1 1390
1584612859576 1 1391
1584612862064 1 1392
1584612864579 1 1393
1584612867067 1 1394
1584612869565 1 1395
1584612872120 1 1396
1584612874550 1 1397
1584612877028 1 1398
1584612879563 1 1399
1584612881997 1 1400
1584612884617 1 1401
1584612887109 1 1402
1584612889608 1 1403
1584612892082 1 1404
1584612894616 1 1405
1584612897435 1 1406
1584612899997 1 1407
1584612903633 1 1408
1584612906189 1 1409
1584612908755 1 1410
1584612911272 1 1411
1584612913744 1 1412
1584612916353 1 1413
1584612918762 1 1414
1584612921245 1 1415
1584612923870 1 1416
1584612926404 1 1417
1584612928930 1 1418
1584612931634 1 1419
1584612934419 1 1420
1584612938622 1 1421
1584612942403 1 1422
1584612944891 1 1423
1584612948153 1 1424
1584612951715 1 1425
1584612954730 1 1426
1584612957315 1 1427
1584612960762 1 1428
1584612963785 1 1429
1584612966745 1 1430
1584612969118 1 1431
1584612971701 1 1432
1584612974879 1 1433
1584612977239 1 1434
1584612979569 1 1435
1584612981936 1 1436
1584612984180 1 1437
1584612986542 1 1438
1584612988687 1 1439
1584612990845 1 1440
1584612993255 1 1441
1584612995752 1 1442
1584612998431 1 1443
1584613001482 1 1444
1584613003852 1 1445
1584613006015 1 1446
1584613008123 1 1447
1584613010281 1 1448
1584613012451 1 1449
1584613015194 1 1450
1584613017396 1 1451
1584613019630 1 1452
1584613021905 1 1453
1584613024251 1 1454
1584613026857 1 1455
1584613029157 1 1456
1584613031464 1 1457
1584613033733 1 1458
1584613036183 1 1459
1584613038651 1 1460
1584613040926 1 1461
1584613043167 1 1462
1584613045446 1 1463
1584613047633 1 1464
1584613049964 1 1465
1584613052149 1 1466
1584613054398 1 1467
1584613056548 1 1468
1584613058703 1 1469
1584613060888 1 1470
1584613062992 1 1471
1584613065112 1 1472
1584613067326 1 1473
1584613070503 1 1474
1584613073230 1 1475
1584613076053 1 1476
1584613078412 1 1477
1584613080668 1 1478
1584613082939 1 1479
1584613085758 1 1480
1584613088504 1 1481
1584613091412 1 1482
1584613093802 1 1483
1584613096262 1 1484
1584613098585 1 1485
1584613101303 1 1486
1584613103935 1 1487
1584613106542 1 1488
1584613108855 1 1489
1584613111548 1 1490
1584613114042 1 1491
1584613116366 1 1492
1584613119044 1 1493
1584613122063 1 1494
1584613124657 1 1495
1584613127423 1 1496
1584613130409 1 1497
1584613132585 1 1498
1584613135064 1 1499
1584613138238 1 1500
1584613140750 1 1501
1584613143678 1 1502
1584613145951 1 1503
1584613148111 1 1504
1584613150261 1 1505
1584613152413 1 1506
1584613154649 1 1507
1584613157111 1 1508
1584613159730 1 1509
1584613162148 1 1510
1584613164575 1 1511
1584613166870 1 1512
1584613169030 1 1513
1584613171166 1 1514
1584613173335 1 1515
1584613175773 1 1516
1584613178068 1 1517
1584613180680 1 1518
1584613183676 1 1519
1584613186800 1 1520
1584613189446 1 1521
1584613191755 1 1522
1584613194243 1 1523
1584613196946 1 1524
1584613199637 1 1525
1584613203128 1 1526
1584613205330 1 1527
1584613208098 1 1528
1584613211099 1 1529
1584613213581 1 1530
1584613216128 1 1531
1584613218341 1 1532
1584613220507 1 1533
1584613222641 1 1534
1584613224777 1 1535
1584613227008 1 1536
1584613229129 1 1537
1584613231276 1 1538
1584613233464 1 1539
1584613235575 1 1540
1584613237757 1 1541
1584613239929 1 1542
1584613242103 1 1543
1584613244282 1 1544
1584613246451 1 1545
1584613248582 1 1546
1584613250710 1 1547
1584613252869 1 1548
1584613255023 1 1549
1584613257181 1 1550
1584613259315 1 1551
1584613261441 1 1552
1584613264110 1 1553
1584613266440 1 1554
1584613268803 1 1555
1584613271415 1 1556
1584613273665 1 1557
1584613276413 1 1558
1584613278755 1 1559
1584613281075 1 1560
1584613283202 1 1561
1584613285787 1 1562
1584613288380 1 1563
1584613291379 1 1564
1584613295284 1 1565
1584613298158 1 1566
1584613301237 1 1567
1584613303467 1 1568
1584613305707 1 1569
1584613307892 1 1570
1584613310141 1 1571
1584613312593 1 1572
1584613314897 1 1573
1584613317709 1 1574
1584613320083 1 1575
1584613322429 1 1576
1584613324990 1 1577
1584613327271 1 1578
1584613329687 1 1579
1584613332657 1 1580
1584613335178 1 1581
1584613337916 1 1582
1584613340363 1 1583
1584613342495 1 1584
1584613344641 1 1585
1584613346883 1 1586
1584613349512 1 1587
1584613352385 1 1588
1584613354644 1 1589
1584613356807 1 1590
1584613358968 1 1591
1584613361149 1 1592
1584613363702 1 1593
1584613365938 1 1594
1584613368141 1 1595
1584613370244 1 1596
1584613373102 1 1597
1584613376755 1 1598
1584613381230 1 1599
1584613386372 1 1600
1584613392191 1 1601
1584613397795 1 1602
1584613402072 1 1603
1584613405692 1 1604
1584613408712 1 1605
1584613411888 1 1606
1584613414763 1 1607
1584613417452 1 1608
1584613420239 1 1609
1584613422895 1 1610
1584613425463 1 1611
1584613428822 1 1612
1584613431440 1 1613
1584613434195 1 1614
1584613436647 1 1615
1584613439229 1 1616
1584613442078 1 1617
1584613445388 1 1618
1584613450167 1 1619
1584613455468 1 1620
1584613461138 1 1621
1584613464844 1 1622
1584613467337 1 1623
1584613469571 1 1624
1584613471910 1 1625
1584613475040 1 1626
1584613477222 1 1627
1584613479624 1 1628
1584613482273 1 1629
1584613484504 1 1630
1584613486737 1 1631
1584613488997 1 1632
1584613491954 1 1633
1584613494874 1 1634
1584613497323 1 1635
1584613499918 1 1636
1584613502931 1 1637
1584613505647 1 1638
1584613508239 1 1639
1584613510418 1 1640
1584613513642 1 1641
1584613516382 1 1642
1584613519045 1 1643
1584613521194 1 1644
1584613523385 1 1645
1584613525609 1 1646
1584613527757 1 1647
1584613529933 1 1648
1584613532082 1 1649
1584613534223 1 1650
1584613536334 1 1651
1584613538655 1 1652
1584613544018 1 1653
1584613546219 1 1654
1584613548347 1 1655
1584613550528 1 1656
1584613552679 1 1657
1584613554804 1 1658
1584613556979 1 1659
1584613559108 1 1660
1584613561339 1 1661
1584613563496 1 1662
1584613565607 1 1663
1584613567718 1 1664
1584613569861 1 1665
1584613572026 1 1666
1584613574190 1 1667
1584613576352 1 1668
1584613578483 1 1669
1584613580734 1 1670
1584613582916 1 1671
1584613585028 1 1672
1584613587226 1 1673
1584613589357 1 1674
1584613591582 1 1675
1584613593707 1 1676
1584613595834 1 1677
1584613598024 1 1678
1584613600186 1 1679
1584613602334 1 1680
1584613604502 1 1681
1584613606676 1 1682
1584613608795 1 1683
1584613610931 1 1684
1584613613091 1 1685
1584613615225 1 1686
1584613617461 1 1687
1584613619584 1 1688
1584613621773 1 1689
1584613624063 1 1690
1584613626249 1 1691
1584613628434 1 1692
1584613630609 1 1693
1584613632793 1 1694
1584613634967 1 1695
1584613637109 1 1696
1584613639240 1 1697
1584613641393 1 1698
1584613643574 1 1699
1584613645750 1 1700
1584613648046 1 1701
1584613650184 1 1702
1584613652382 1 1703
1584613654555 1 1704
1584613656724 1 1705
1584613658924 1 1706
1584613661128 1 1707
1584613663267 1 1708
1584613665395 1 1709
1584613667510 1 1710
1584613669686 1 1711
1584613671878 1 1712
1584613674026 1 1713
1584613676156 1 1714
1584613678305 1 1715
1584613680513 1 1716
1584613682856 1 1717
1584613685086 1 1718
1584613687245 1 1719
1584613689395 1 1720
1584613691563 1 1721
1584613693691 1 1722
1584613695901 1 1723
1584613698033 1 1724
1584613700242 1 1725
1584613702362 1 1726
1584613704541 1 1727
1584613706742 1 1728
1584613708928 1 1729
1584613711083 1 1730
1584613713334 1 1731
1584613715542 1 1732
1584613717690 1 1733
1584613719916 1 1734
1584613722095 1 1735
1584613724260 1 1736
1584613726436 1 1737
1584613728578 1 1738
1584613730720 1 1739
1584613732853 1 1740
1584613735050 1 1741
1584613737193 1 1742
1584613739474 1 1743
1584613741699 1 1744
1584613743984 1 1745
1584613746161 1 1746
1584613748277 1 1747
1584613750485 1 1748
1584613752629 1 1749
1584613754779 1 1750
1584613756919 1 1751
1584613759037 1 1752
1584613761258 1 1753
1584613763433 1 1754
1584613765582 1 1755
1584613767723 1 1756
1584613769896 1 1757
1584613772049 1 1758
1584613774202 1 1759
1584613776338 1 1760
1584613778501 1 1761
1584613780741 1 1762
1584613782887 1 1763
1584613785024 1 1764
1584613787160 1 1765
1584613789308 1 1766
1584613791469 1 1767
1584613793644 1 1768
1584613795832 1 1769
1584613798016 1 1770
1584613800353 1 1771
1584613803207 1 1772
1584613805367 1 1773
1584613807534 1 1774
1584613809768 1 1775
1584613811962 1 1776
1584613814146 1 1777
1584613817952 1 1778
1584613821386 1 1779
1584613825295 1 1780
1584613828753 1 1781
1584613832903 1 1782
1584613836593 1 1783
1584613840730 1 1784
1584613843031 1 1785
1584613845727 1 1786
1584613851271 1 1787
1584613853739 1 1788
1584613856001 1 1789
1584613858179 1 1790
1584613860421 1 1791
1584613862761 1 1792
1584613865690 1 1793
1584613869090 1 1794
1584613871315 1 1795
1584613873457 1 1796
1584613875625 1 1797
1584613877879 1 1798
1584613880072 1 1799
1584613882287 1 1800
1584613884625 1 1801
1584613886807 1 1802
1584613889022 1 1803
1584613891305 1 1804
1584613893540 1 1805
1584613895766 1 1806
1584613898059 1 1807
1584613900254 1 1808
1584613902439 1 1809
1584613904702 1 1810
1584613907055 1 1811
1584613909475 1 1812
1584613911630 1 1813
1584613913980 1 1814
1584613916237 1 1815
1584613918583 1 1816
1584613920837 1 1817
1584613923524 1 1818
1584613925810 1 1819
1584613928103 1 1820
1584613930298 1 1821
1584613932483 1 1822
1584613934721 1 1823
1584613936994 1 1824
1584613939204 1 1825
1584613941392 1 1826
1584613943558 1 1827
1584613945872 1 1828
1584613948102 1 1829
1584613950382 1 1830
1584613952601 1 1831
1584613954838 1 1832
1584613957001 1 1833
1584613959165 1 1834
1584613961394 1 1835
1584613963581 1 1836
1584613965893 1 1837
1584613968062 1 1838
1584613970451 1 1839
1584613972781 1 1840
1584613975273 1 1841
1584613977505 1 1842
1584613979872 1 1843
1584613982283 1 1844
1584613984678 1 1845
1584613986895 1 1846
1584613989059 1 1847
1584613991286 1 1848
1584613993517 1 1849
1584613995801 1 1850
1584613997995 1 1851
1584614000558 1 1852
1584614003145 1 1853
1584614006037 1 1854
1584614008315 1 1855
1584614012231 1 1856
1584614015016 1 1857
1584614017241 1 1858
1584614019574 1 1859
1584614021783 1 1860
1584614024063 1 1861
1584614026713 1 1862
1584614029008 1 1863
1584614031459 1 1864
1584614033777 1 1865
1584614036131 1 1866
1584614038391 1 1867
1584614041026 1 1868
1584614043516 1 1869
1584614046554 1 1870
1584614049042 1 1871
1584614051416 1 1872
1584614053767 1 1873
1584614056063 1 1874
1584614058357 1 1875
1584614060537 1 1876
1584614062689 1 1877
1584614065229 1 1878
1584614067492 1 1879
1584614070111 1 1880
1584614072827 1 1881
1584614075434 1 1882
1584614077802 1 1883
1584614080820 1 1884
1584614084619 1 1885
1584614090217 1 1886
1584614094290 1 1887
1584614099080 1 1888
1584614104176 1 1889
1584614107441 1 1890
1584614111716 1 1891
1584614116012 1 1892
1584614118908 1 1893
1584614121230 1 1894
1584614123576 1 1895
1584614125780 1 1896
1584614127975 1 1897
1584614130215 1 1898
1584614133278 1 1899
1584614136883 1 1900
1584614139340 1 1901
1584614141657 1 1902
1584614144067 1 1903
1584614147206 1 1904
1584614149826 1 1905
1584614152785 1 1906
1584614156007 1 1907
1584614158513 1 1908
1584614162277 1 1909
1584614166274 1 1910
1584614170493 1 1911
1584614173502 1 1912
1584614176891 1 1913
1584614179470 1 1914
1584614182033 1 1915
1584614184300 1 1916
1584614186525 1 1917
1584614188727 1 1918
1584614191029 1 1919
1584614193303 1 1920
1584614195461 1 1921
1584614197730 1 1922
1584614200141 1 1923
1584614202674 1 1924
1584614205005 1 1925
1584614209469 1 1926
1584614212129 1 1927
1584614214571 1 1928
1584614216923 1 1929
1584614219248 1 1930
1584614221499 1 1931
1584614223803 1 1932
1584614226047 1 1933
1584614228207 1 1934
1584614230437 1 1935
1584614232698 1 1936
1584614234940 1 1937
1584614237156 1 1938
1584614239332 1 1939
1584614241652 1 1940
1584614243905 1 1941
1584614246175 1 1942
1584614248380 1 1943
1584614250782 1 1944
1584614253125 1 1945
1584614255300 1 1946
1584614257532 1 1947
1584614259780 1 1948
1584614262095 1 1949
1584614264341 1 1950
1584614266530 1 1951
1584614268669 1 1952
1584614271208 1 1953
1584614273483 1 1954
1584614275771 1 1955
1584614278015 1 1956
1584614280302 1 1957
1584614282546 1 1958
1584614284736 1 1959
1584614286999 1 1960
1584614289236 1 1961
1584614291501 1 1962
1584614293660 1 1963
1584614295849 1 1964
1584614298023 1 1965
1584614301203 1 1966
1584614303669 1 1967
1584614307080 1 1968
1584614311049 1 1969
1584614315364 1 1970
1584614319104 1 1971
1584614322691 1 1972
1584614325697 1 1973
1584614329348 1 1974
1584614333000 1 1975
1584614336002 1 1976
1584614338327 1 1977
1584614340588 1 1978
1584614343081 1 1979
1584614345486 1 1980
1584614347705 1 1981
1584614350112 1 1982
1584614352753 1 1983
1584614355935 1 1984
1584614359694 1 1985
1584614364346 1 1986
1584614367966 1 1987
1584614371448 1 1988
1584614375420 1 1989
1584614378563 1 1990
1584614381547 1 1991
1584614384793 1 1992
1584614388008 1 1993
1584614391372 1 1994
1584614394059 1 1995
1584614397101 1 1996
1584614401145 1 1997
1584614404349 1 1998
1584614407413 1 1999
1584614411292 1 2000
