1584609357557 300 1
1584609360495 300 2
1584609364099 300 3
1584609367400 300 4
1584609370352 300 5
1584609373098 300 6
1584609375854 300 7
1584609378506 300 8
1584609381120 300 9
1584609383818 300 10
1584609386376 300 11
1584609389123 300 12
1584609391930 300 13
1584609394606 300 14
1584609397265 300 15
1584609399645 300 16
1584609402243 300 17
1584609405019 300 18
1584609407437 300 19
1584609410206 300 20
1584609412569 300 21
1584609414890 300 22
1584609417306 300 23
1584609419892 300 24
1584609422671 300 25
1584609425192 300 26
1584609427578 300 27
1584609429980 300 28
1584609432312 300 29
1584609434703 300 30
1584609437246 300 31
1584609440364 300 32
1584609443802 300 33
1584609446470 300 34
1584609448819 300 35
1584609451654 300 36
1584609454024 300 37
1584609456326 300 38
1584609458596 300 39
1584609461082 300 40
1584609463881 300 41
1584609466700 300 42
1584609469646 300 43
1584609472116 300 44
1584609474543 300 45
1584609476875 300 46
1584609479453 300 47
1584609482953 300 48
1584609485186 300 49
1584609487691 300 50
1584609489837 300 51
1584609492616 300 52
1584609495525 300 53
1584609497897 300 54
1584609500176 300 55
1584609502743 300 56
1584609505144 300 57
1584609507406 300 58
1584609509910 300 59
1584609512364 300 60
1584609514693 300 61
1584609517044 300 62
1584609519352 300 63
1584609521662 300 64
1584609523897 300 65
1584609526227 300 66
1584609528529 300 67
1584609530885 300 68
1584609533256 300 69
1584609535613 300 70
1584609537890 300 71
1584609540161 300 72
1584609542877 300 73
1584609545307 300 74
1584609547669 300 75
1584609549941 300 76
1584609552209 300 77
1584609554551 300 78
1584609556949 300 79
1584609559403 300 80
1584609561903 300 81
1584609564769 300 82
1584609567235 300 83
1584609569687 300 84
1584609572025 300 85
1584609574372 300 86
1584609576783 300 87
1584609579158 300 88
1584609581482 300 89
1584609583759 300 90
1584609586170 300 91
1584609588468 300 92
1584609590819 300 93
1584609593340 300 94
1584609596247 300 95
1584609599288 300 96
1584609604073 300 97
1584609606825 300 98
1584609609175 300 99
1584609611595 300 100
1584609614144 300 101
1584609616358 300 102
1584609618661 300 103
1584609621151 300 104
1584609623562 300 105
1584609625887 300 106
1584609628269 300 107
1584609630569 300 108
1584609632858 300 109
1584609635323 300 110
1584609637682 300 111
1584609640093 300 112
1584609642381 300 113
1584609644667 300 114
1584609646950 300 115
1584609649350 300 116
1584609651711 300 117
1584609654037 300 118
1584609656659 300 119
1584609659955 300 120
1584609663855 300 121
1584609666175 300 122
1584609668578 300 123
1584609670991 300 124
1584609673355 300 125
1584609675651 300 126
1584609677947 300 127
1584609680346 300 128
1584609682710 300 129
1584609685061 300 130
1584609687428 300 131
1584609690383 300 132
1584609694152 300 133
1584609696634 300 134
1584609699014 300 135
1584609702805 300 136
1584609706761 300 137
1584609708992 300 138
1584609711314 300 139
1584609713629 300 140
1584609716056 300 141
1584609718460 300 142
1584609721195 300 143
1584609724063 300 144
1584609726504 300 145
1584609728819 300 146
1584609731500 300 147
1584609734239 300 148
1584609737094 300 149
1584609739539 300 150
1584609741898 300 151
1584609744198 300 152
1584609746573 300 153
1584609748950 300 154
1584609751375 300 155
1584609753692 300 156
1584609756083 300 157
1584609758364 300 158
1584609760634 300 159
1584609763003 300 160
1584609765491 300 161
1584609767904 300 162
1584609770131 300 163
1584609772418 300 164
1584609774685 300 165
1584609777020 300 166
1584609779496 300 167
1584609782296 300 168
1584609784861 300 169
1584609787365 300 170
1584609789818 300 171
1584609792209 300 172
1584609794899 300 173
1584609797339 300 174
1584609800004 300 175
1584609802511 300 176
1584609804940 300 177
1584609807341 300 178
1584609809765 300 179
1584609812109 300 180
1584609814547 300 181
1584609816964 300 182
1584609819260 300 183
1584609821604 300 184
1584609823932 300 185
1584609826367 300 186
1584609828739 300 187
1584609831126 300 188
1584609833428 300 189
1584609835773 300 190
1584609838187 300 191
1584609840579 300 192
1584609843126 300 193
1584609845510 300 194
1584609847895 300 195
1584609850284 300 196
1584609853118 300 197
1584609856655 300 198
1584609859106 300 199
1584609861684 300 200
1584609864156 300 201
1584609866538 300 202
1584609868974 300 203
1584609871739 300 204
1584609874176 300 205
1584609876646 300 206
1584609879034 300 207
1584609881372 300 208
1584609883716 300 209
1584609886054 300 210
1584609888441 300 211
1584609890883 300 212
1584609893249 300 213
1584609895537 300 214
1584609898122 300 215
1584609901225 300 216
1584609903705 300 217
1584609906195 300 218
1584609908579 300 219
1584609911075 300 220
1584609913461 300 221
1584609915896 300 222
1584609918347 300 223
1584609920788 300 224
1584609923234 300 225
1584609925515 300 226
1584609927905 300 227
1584609930603 300 228
1584609933205 300 229
1584609935724 300 230
1584609938182 300 231
1584609940642 300 232
1584609943044 300 233
1584609945426 300 234
1584609947784 300 235
1584609950129 300 236
1584609952585 300 237
1584609954919 300 238
1584609957331 300 239
1584609959687 300 240
1584609962422 300 241
1584609964903 300 242
1584609967385 300 243
1584609969830 300 244
1584609972272 300 245
1584609974563 300 246
1584609976901 300 247
1584609979243 300 248
1584609981814 300 249
1584609984398 300 250
1584609986752 300 251
1584609989134 300 252
1584609991665 300 253
1584609994071 300 254
1584609996962 300 255
1584609999492 300 256
1584610001958 300 257
1584610004601 300 258
1584610007359 300 259
1584610010661 300 260
1584610013077 300 261
1584610015478 300 262
1584610017859 300 263
1584610020121 300 264
1584610022600 300 265
1584610025001 300 266
1584610027535 300 267
1584610030304 300 268
1584610032694 300 269
1584610035138 300 270
1584610037529 300 271
1584610039976 300 272
1584610042424 300 273
1584610044851 300 274
1584610047255 300 275
1584610049631 300 276
1584610052064 300 277
1584610054513 300 278
1584610056990 300 279
1584610059381 300 280
1584610061851 300 281
1584610064286 300 282
1584610066575 300 283
1584610068974 300 284
1584610071313 300 285
1584610073650 300 286
1584610076110 300 287
1584610078360 300 288
1584610080628 300 289
1584610083147 300 290
1584610085498 300 291
1584610087899 300 292
1584610090286 300 293
1584610092874 300 294
1584610095810 300 295
1584610098161 300 296
1584610100490 300 297
1584610102896 300 298
1584610105439 300 299
1584610107933 300 300
1584610110456 300 301
1584610112948 300 302
1584610115378 300 303
1584610117803 300 304
1584610120234 300 305
1584610122635 300 306
1584610125058 300 307
1584610127339 300 308
1584610129679 300 309
1584610132291 300 310
1584610136022 300 311
1584610138371 300 312
1584610140795 300 313
1584610143347 300 314
1584610145686 300 315
1584610148135 300 316
1584610150631 300 317
1584610153097 300 318
1584610155620 300 319
1584610158040 300 320
1584610160441 300 321
1584610162767 300 322
1584610165160 300 323
1584610167572 300 324
1584610169972 300 325
1584610172375 300 326
1584610174819 300 327
1584610177307 300 328
1584610179698 300 329
1584610182162 300 330
1584610184599 300 331
1584610187067 300 332
1584610189435 300 333
1584610192006 300 334
1584610194542 300 335
1584610197022 300 336
1584610199459 300 337
1584610202142 300 338
1584610204589 300 339
1584610206958 300 340
1584610209398 300 341
1584610212009 300 342
1584610214399 300 343
1584610216732 300 344
1584610219166 300 345
1584610221583 300 346
1584610224241 300 347
1584610226854 300 348
1584610229322 300 349
1584610231759 300 350
1584610234137 300 351
1584610236446 300 352
1584610238863 300 353
1584610241313 300 354
1584610243769 300 355
1584610246162 300 356
1584610248553 300 357
1584610250928 300 358
1584610253245 300 359
1584610255623 300 360
1584610258077 300 361
1584610261185 300 362
1584610263884 300 363
1584610266288 300 364
1584610268662 300 365
1584610271176 300 366
1584610273642 300 367
1584610276126 300 368
1584610278594 300 369
1584610281044 300 370
1584610283424 300 371
1584610285915 300 372
1584610288304 300 373
1584610291206 300 374
1584610293736 300 375
1584610296012 300 376
1584610298308 300 377
1584610300708 300 378
1584610303127 300 379
1584610305595 300 380
1584610307961 300 381
1584610310379 300 382
1584610312664 300 383
1584610314972 300 384
1584610317320 300 385
1584610319671 300 386
1584610322373 300 387
1584610324722 300 388
1584610326995 300 389
1584610329336 300 390
1584610331746 300 391
1584610334208 300 392
1584610336674 300 393
1584610339175 300 394
1584610341625 300 395
1584610343992 300 396
1584610346301 300 397
1584610348883 300 398
1584610351737 300 399
1584610355217 300 400
1584610357956 300 401
1584610363169 300 402
1584610367125 300 403
1584610370669 300 404
1584610372973 300 405
1584610375345 300 406
1584610377844 300 407
1584610382625 300 408
1584610384859 300 409
1584610387241 300 410
1584610391135 300 411
1584610393582 300 412
1584610396229 300 413
1584610398440 300 414
1584610400896 300 415
1584610403037 300 416
1584610405369 300 417
1584610407861 300 418
1584610411486 300 419
1584610414043 300 420
1584610416551 300 421
1584610419011 300 422
1584610421472 300 423
1584610424088 300 424
1584610427197 300 425
1584610430261 300 426
1584610432582 300 427
1584610435021 300 428
1584610437460 300 429
1584610439807 300 430
1584610442472 300 431
1584610445539 300 432
1584610448585 300 433
1584610451119 300 434
1584610453484 300 435
1584610455958 300 436
1584610458432 300 437
1584610460811 300 438
1584610463200 300 439
1584610465594 300 440
1584610468041 300 441
1584610470546 300 442
1584610472986 300 443
1584610475467 300 444
1584610478031 300 445
1584610480422 300 446
1584610482853 300 447
1584610485271 300 448
1584610487992 300 449
1584610490440 300 450
1584610492804 300 451
1584610495129 300 452
1584610497528 300 453
1584610500042 300 454
1584610502645 300 455
1584610505066 300 456
1584610507466 300 457
1584610509796 300 458
1584610512060 300 459
1584610514379 300 460
1584610516775 300 461
1584610519356 300 462
1584610521789 300 463
1584610524105 300 464
1584610526463 300 465
1584610528999 300 466
1584610531681 300 467
1584610534414 300 468
1584610536906 300 469
1584610539399 300 470
1584610541828 300 471
1584610544273 300 472
1584610546564 300 473
1584610549868 300 474
1584610552573 300 475
1584610554996 300 476
1584610557391 300 477
1584610559891 300 478
1584610562532 300 479
1584610565115 300 480
1584610567755 300 481
1584610570322 300 482
1584610572714 300 483
1584610575142 300 484
1584610577556 300 485
1584610580161 300 486
1584610582564 300 487
1584610585231 300 488
1584610587644 300 489
1584610589996 300 490
1584610592450 300 491
1584610594866 300 492
1584610597317 300 493
1584610599988 300 494
1584610604192 300 495
1584610608502 300 496
1584610612209 300 497
1584610614843 300 498
1584610617428 300 499
1584610619896 300 500
1584610622610 300 501
1584610625103 300 502
1584610627630 300 503
1584610630117 300 504
1584610632632 300 505
1584610635104 300 506
1584610637571 300 507
1584610639951 300 508
1584610642403 300 509
1584610644824 300 510
1584610647374 300 511
1584610649860 300 512
1584610652211 300 513
1584610654596 300 514
1584610657011 300 515
1584610659431 300 516
1584610661849 300 517
1584610664335 300 518
1584610666820 300 519
1584610669271 300 520
1584610671662 300 521
1584610673973 300 522
1584610676460 300 523
1584610678961 300 524
1584610681548 300 525
1584610684581 300 526
1584610686971 300 527
1584610689482 300 528
1584610691930 300 529
1584610694396 300 530
1584610696990 300 531
1584610699706 300 532
1584610702157 300 533
1584610704626 300 534
1584610707222 300 535
1584610709703 300 536
1584610712293 300 537
1584610714843 300 538
1584610717246 300 539
1584610719706 300 540
1584610722203 300 541
1584610724630 300 542
1584610727165 300 543
1584610729702 300 544
1584610732286 300 545
1584610734669 300 546
1584610737450 300 547
1584610739848 300 548
1584610743211 300 549
1584610746140 300 550
1584610748682 300 551
1584610751164 300 552
1584610753882 300 553
1584610756412 300 554
1584610758934 300 555
1584610761456 300 556
1584610763884 300 557
1584610766305 300 558
1584610768638 300 559
1584610771092 300 560
1584610773574 300 561
1584610776188 300 562
1584610778623 300 563
1584610781296 300 564
1584610783932 300 565
1584610786396 300 566
1584610788849 300 567
1584610791381 300 568
1584610793865 300 569
1584610796366 300 570
1584610798767 300 571
1584610801170 300 572
1584610803836 300 573
1584610806326 300 574
1584610808792 300 575
1584610811210 300 576
1584610813697 300 577
1584610816193 300 578
1584610818675 300 579
1584610821160 300 580
1584610823698 300 581
1584610826199 300 582
1584610828609 300 583
1584610831019 300 584
1584610833421 300 585
1584610835887 300 586
1584610838337 300 587
1584610840744 300 588
1584610843258 300 589
1584610845628 300 590
1584610848008 300 591
1584610850525 300 592
1584610853009 300 593
1584610855573 300 594
1584610858083 300 595
1584610860515 300 596
1584610863081 300 597
1584610865592 300 598
1584610868138 300 599
1584610870624 300 600
1584610873138 300 601
1584610876089 300 602
1584610880357 300 603
1584610883710 300 604
1584610886856 300 605
1584610889548 300 606
1584610893147 300 607
1584610895618 300 608
1584610898057 300 609
1584610900484 300 610
1584610903038 300 611
1584610905523 300 612
1584610907924 300 613
1584610910356 300 614
1584610912841 300 615
1584610915358 300 616
1584610917867 300 617
1584610920380 300 618
1584610922964 300 619
1584610925469 300 620
1584610927862 300 621
1584610930300 300 622
1584610932818 300 623
1584610935313 300 624
1584610937739 300 625
1584610940152 300 626
1584610942581 300 627
1584610945058 300 628
1584610947657 300 629
1584610950214 300 630
1584610952740 300 631
1584610955179 300 632
1584610957533 300 633
1584610959931 300 634
1584610962356 300 635
1584610964854 300 636
1584610967338 300 637
1584610969765 300 638
1584610972173 300 639
1584610974646 300 640
1584610977174 300 641
1584610981325 300 642
1584610984641 300 643
1584610987209 300 644
1584610990589 300 645
1584610995100 300 646
1584610997676 300 647
1584611000160 300 648
1584611002747 300 649
1584611005482 300 650
1584611007786 300 651
1584611009954 300 652
1584611012165 300 653
1584611014762 300 654
1584611017396 300 655
1584611019579 300 656
1584611022063 300 657
1584611024521 300 658
1584611026920 300 659
1584611029694 300 660
1584611032152 300 661
1584611034615 300 662
1584611037026 300 663
1584611039466 300 664
1584611042022 300 665
1584611044654 300 666
1584611047112 300 667
1584611049582 300 668
1584611052072 300 669
1584611054523 300 670
1584611056896 300 671
1584611059293 300 672
1584611061780 300 673
1584611064212 300 674
1584611066614 300 675
1584611069100 300 676
1584611071617 300 677
1584611074119 300 678
1584611076584 300 679
1584611079453 300 680
1584611081922 300 681
1584611084406 300 682
1584611086778 300 683
1584611089114 300 684
1584611091432 300 685
1584611093824 300 686
1584611096315 300 687
1584611098647 300 688
1584611101050 300 689
1584611103528 300 690
1584611106044 300 691
1584611108401 300 692
1584611110934 300 693
1584611113423 300 694
1584611115939 300 695
1584611118323 300 696
1584611121040 300 697
1584611123815 300 698
1584611126760 300 699
1584611129318 300 700
1584611132212 300 701
1584611134652 300 702
1584611137148 300 703
1584611139749 300 704
1584611142285 300 705
1584611144693 300 706
1584611147148 300 707
1584611149717 300 708
1584611152094 300 709
1584611154425 300 710
1584611156857 300 711
1584611159314 300 712
1584611161595 300 713
1584611164033 300 714
1584611166412 300 715
1584611168798 300 716
1584611171217 300 717
1584611173603 300 718
1584611176167 300 719
1584611178575 300 720
1584611180852 300 721
1584611183138 300 722
1584611185505 300 723
1584611187905 300 724
1584611190380 300 725
1584611192624 300 726
1584611195012 300 727
1584611197364 300 728
1584611199784 300 729
1584611202218 300 730
1584611204561 300 731
1584611207092 300 732
1584611209425 300 733
1584611212128 300 734
1584611215218 300 735
1584611217809 300 736
1584611220324 300 737
1584611222908 300 738
1584611225426 300 739
1584611228016 300 740
1584611230601 300 741
1584611233144 300 742
1584611235716 300 743
1584611238462 300 744
1584611240944 300 745
1584611243368 300 746
1584611245734 300 747
1584611248053 300 748
1584611250573 300 749
1584611253007 300 750
1584611255363 300 751
1584611257709 300 752
1584611260177 300 753
1584611263160 300 754
1584611265910 300 755
1584611268569 300 756
1584611271103 300 757
1584611273801 300 758
1584611276403 300 759
1584611278756 300 760
1584611281268 300 761
1584611283810 300 762
1584611286295 300 763
1584611288691 300 764
1584611291171 300 765
1584611293629 300 766
1584611296401 300 767
1584611298825 300 768
1584611301343 300 769
1584611303882 300 770
1584611306340 300 771
1584611308602 300 772
1584611311015 300 773
1584611313444 300 774
1584611315842 300 775
1584611318146 300 776
1584611320541 300 777
1584611322891 300 778
1584611325313 300 779
1584611328254 300 780
1584611330915 300 781
1584611333263 300 782
1584611335402 300 783
1584611337581 300 784
1584611339905 300 785
1584611342264 300 786
1584611344878 300 787
1584611347552 300 788
1584611349917 300 789
1584611352106 300 790
1584611355017 300 791
1584611357348 300 792
1584611360678 300 793
1584611363141 300 794
1584611366323 300 795
1584611368419 300 796
1584611370526 300 797
1584611372819 300 798
1584611375205 300 799
1584611377409 300 800
1584611379750 300 801
1584611381926 300 802
1584611384286 300 803
1584611386455 300 804
1584611388790 300 805
1584611391001 300 806
1584611393193 300 807
1584611395457 300 808
1584611397608 300 809
1584611399732 300 810
1584611402162 300 811
1584611404455 300 812
1584611406579 300 813
1584611408715 300 814
1584611410831 300 815
1584611413167 300 816
1584611415570 300 817
1584611417765 300 818
1584611419950 300 819
1584611422411 300 820
1584611424548 300 821
1584611427022 300 822
1584611429595 300 823
1584611432164 300 824
1584611434355 300 825
1584611437860 300 826
1584611440472 300 827
1584611442666 300 828
1584611444880 300 829
1584611447046 300 830
1584611449227 300 831
1584611451402 300 832
1584611453539 300 833
1584611455655 300 834
1584611457905 300 835
1584611460110 300 836
1584611462395 300 837
1584611464728 300 838
1584611467415 300 839
1584611470282 300 840
1584611472981 300 841
1584611475228 300 842
1584611477415 300 843
1584611479612 300 844
1584611482333 300 845
1584611484485 300 846
1584611486636 300 847
1584611488923 300 848
1584611491610 300 849
1584611495132 300 850
1584611497643 300 851
1584611500111 300 852
1584611502474 300 853
1584611504701 300 854
1584611507170 300 855
1584611509640 300 856
1584611512170 300 857
1584611514304 300 858
1584611516421 300 859
1584611518536 300 860
1584611520669 300 861
1584611523143 300 862
1584611525380 300 863
1584611527491 300 864
1584611529626 300 865
1584611531904 300 866
1584611534187 300 867
1584611537523 300 868
1584611540160 300 869
1584611542597 300 870
1584611544860 300 871
1584611547145 300 872
1584611549404 300 873
1584611552111 300 874
1584611554596 300 875
1584611557066 300 876
1584611559904 300 877
1584611562166 300 878
1584611564313 300 879
1584611566590 300 880
1584611568772 300 881
1584611571223 300 882
1584611573425 300 883
1584611575579 300 884
1584611579239 300 885
1584611583055 300 886
1584611585689 300 887
1584611588441 300 888
1584611590841 300 889
1584611593011 300 890
1584611595219 300 891
1584611597693 300 892
1584611600673 300 893
1584611603872 300 894
1584611606768 300 895
1584611609692 300 896
1584611612038 300 897
1584611614904 300 898
1584611617763 300 899
1584611620214 300 900
1584611624660 300 901
1584611628117 300 902
1584611631602 300 903
1584611634683 300 904
1584611637738 300 905
1584611640559 300 906
1584611644014 300 907
1584611646836 300 908
1584611649829 300 909
1584611653000 300 910
1584611655357 300 911
1584611657868 300 912
1584611660605 300 913
1584611662888 300 914
1584611665887 300 915
1584611668155 300 916
1584611670453 300 917
1584611673105 300 918
1584611675340 300 919
1584611677802 300 920
1584611679963 300 921
1584611682199 300 922
1584611684886 300 923
1584611687701 300 924
1584611690295 300 925
1584611693365 300 926
1584611695849 300 927
1584611698170 300 928
1584611700935 300 929
1584611704224 300 930
1584611707377 300 931
1584611710744 300 932
1584611713377 300 933
1584611715614 300 934
1584611718301 300 935
1584611720916 300 936
1584611724253 300 937
1584611728167 300 938
1584611730417 300 939
1584611732755 300 940
1584611735124 300 941
1584611737392 300 942
1584611740205 300 943
1584611742890 300 944
1584611745598 300 945
1584611747850 300 946
1584611750132 300 947
1584611752725 300 948
1584611755294 300 949
1584611758625 300 950
1584611762114 300 951
1584611764799 300 952
1584611767332 300 953
1584611769978 300 954
1584611772416 300 955
1584611774714 300 956
1584611777167 300 957
1584611779467 300 958
1584611781683 300 959
1584611783887 300 960
1584611786091 300 961
1584611788293 300 962
1584611790456 300 963
1584611792643 300 964
1584611794874 300 965
1584611797025 300 966
1584611799237 300 967
1584611801508 300 968
1584611803758 300 969
1584611805997 300 970
1584611808140 300 971
1584611810310 300 972
1584611812528 300 973
1584611814770 300 974
1584611817019 300 975
1584611819178 300 976
1584611821350 300 977
1584611823710 300 978
1584611825977 300 979
1584611828180 300 980
1584611830384 300 981
1584611832631 300 982
1584611834819 300 983
1584611836943 300 984
1584611839130 300 985
1584611841332 300 986
1584611843548 300 987
1584611845720 300 988
1584611847892 300 989
1584611850085 300 990
1584611852347 300 991
1584611854673 300 992
1584611856912 300 993
1584611859226 300 994
1584611861580 300 995
1584611863778 300 996
1584611865974 300 997
1584611868194 300 998
1584611870387 300 999
1584611872614 300 1000
1584611874942 300 1001
1584611877086 300 1002
1584611879254 300 1003
1584611881520 300 1004
1584611883850 300 1005
1584611886092 300 1006
1584611888350 300 1007
1584611890513 300 1008
1584611892677 300 1009
1584611894839 300 1010
1584611897108 300 1011
1584611899346 300 1012
1584611901514 300 1013
1584611903708 300 1014
1584611905906 300 1015
1584611908048 300 1016
1584611910287 300 1017
1584611912528 300 1018
1584611914890 300 1019
1584611918264 300 1020
1584611920443 300 1021
1584611922694 300 1022
1584611924933 300 1023
1584611927685 300 1024
1584611931143 300 1025
1584611933456 300 1026
1584611935767 300 1027
1584611938188 300 1028
1584611940540 300 1029
1584611943141 300 1030
1584611945532 300 1031
1584611947930 300 1032
1584611950148 300 1033
1584611952463 300 1034
1584611955048 300 1035
1584611957720 300 1036
1584611960265 300 1037
1584611962624 300 1038
1584611964942 300 1039
1584611967219 300 1040
1584611969588 300 1041
1584611972077 300 1042
1584611974502 300 1043
1584611977041 300 1044
1584611979550 300 1045
1584611981858 300 1046
1584611984178 300 1047
1584611986597 300 1048
1584611989076 300 1049
1584611991971 300 1050
1584611994196 300 1051
1584611996391 300 1052
1584611998571 300 1053
1584612001121 300 1054
1584612003643 300 1055
1584612005833 300 1056
1584612008278 300 1057
1584612010450 300 1058
1584612012585 300 1059
1584612015243 300 1060
1584612018825 300 1061
1584612022034 300 1062
1584612024848 300 1063
1584612027644 300 1064
1584612029904 300 1065
1584612032470 300 1066
1584612034728 300 1067
1584612037656 300 1068
1584612041252 300 1069
1584612044544 300 1070
1584612046702 300 1071
1584612048975 300 1072
1584612051541 300 1073
1584612055242 300 1074
1584612059043 300 1075
1584612061627 300 1076
1584612064445 300 1077
1584612067052 300 1078
1584612069579 300 1079
1584612072580 300 1080
1584612075190 300 1081
1584612077676 300 1082
1584612080124 300 1083
1584612082436 300 1084
1584612084866 300 1085
1584612087375 300 1086
1584612090355 300 1087
1584612092841 300 1088
1584612095198 300 1089
1584612097514 300 1090
1584612100745 300 1091
1584612104183 300 1092
1584612106583 300 1093
1584612109052 300 1094
1584612111521 300 1095
1584612113885 300 1096
1584612116167 300 1097
1584612118722 300 1098
1584612121363 300 1099
1584612123840 300 1100
1584612126419 300 1101
1584612128827 300 1102
1584612131268 300 1103
1584612133744 300 1104
1584612136423 300 1105
1584612139237 300 1106
1584612142047 300 1107
1584612144589 300 1108
1584612147148 300 1109
1584612149867 300 1110
1584612152345 300 1111
1584612155101 300 1112
1584612157597 300 1113
1584612159956 300 1114
1584612162384 300 1115
1584612164824 300 1116
1584612167274 300 1117
1584612169642 300 1118
1584612172162 300 1119
1584612174675 300 1120
1584612177011 300 1121
1584612179372 300 1122
1584612181865 300 1123
1584612184669 300 1124
1584612187333 300 1125
1584612190170 300 1126
1584612192617 300 1127
1584612195088 300 1128
1584612197599 300 1129
1584612200083 300 1130
1584612202677 300 1131
1584612205120 300 1132
1584612207422 300 1133
1584612209784 300 1134
1584612212228 300 1135
1584612214678 300 1136
1584612217276 300 1137
1584612219628 300 1138
1584612222032 300 1139
1584612224440 300 1140
1584612227050 300 1141
1584612229482 300 1142
1584612232013 300 1143
1584612234421 300 1144
1584612236887 300 1145
1584612239214 300 1146
1584612241591 300 1147
1584612244027 300 1148
1584612246597 300 1149
1584612249036 300 1150
1584612251533 300 1151
1584612254154 300 1152
1584612256665 300 1153
1584612259184 300 1154
1584612261693 300 1155
1584612264108 300 1156
1584612266556 300 1157
1584612268927 300 1158
1584612271406 300 1159
1584612273790 300 1160
1584612276275 300 1161
1584612278629 300 1162
1584612281015 300 1163
1584612283526 300 1164
1584612285853 300 1165
1584612288302 300 1166
1584612290779 300 1167
1584612293255 300 1168
1584612295784 300 1169
1584612298224 300 1170
1584612300609 300 1171
1584612303119 300 1172
1584612305671 300 1173
1584612308171 300 1174
1584612310578 300 1175
1584612312921 300 1176
1584612315391 300 1177
1584612317860 300 1178
1584612320400 300 1179
1584612322784 300 1180
1584612325210 300 1181
1584612327715 300 1182
1584612330223 300 1183
1584612332688 300 1184
1584612335136 300 1185
1584612337621 300 1186
1584612340156 300 1187
1584612342588 300 1188
1584612345074 300 1189
1584612347514 300 1190
1584612350068 300 1191
1584612352581 300 1192
1584612355251 300 1193
1584612357685 300 1194
1584612360757 300 1195
1584612363742 300 1196
1584612366640 300 1197
1584612370858 300 1198
1584612374395 300 1199
1584612377528 300 1200
1584612380381 300 1201
1584612382793 300 1202
1584612386036 300 1203
1584612390405 300 1204
1584612393703 300 1205
1584612396011 300 1206
1584612399171 300 1207
1584612401542 300 1208
1584612404135 300 1209
1584612406611 300 1210
1584612409246 300 1211
1584612412079 300 1212
1584612414432 300 1213
1584612417437 300 1214
1584612420385 300 1215
1584612423115 300 1216
1584612425531 300 1217
1584612427973 300 1218
1584612430253 300 1219
1584612432682 300 1220
1584612434872 300 1221
1584612437104 300 1222
1584612439730 300 1223
1584612442849 300 1224
1584612445352 300 1225
1584612448801 300 1226
1584612452438 300 1227
1584612454956 300 1228
1584612457396 300 1229
1584612459834 300 1230
1584612462303 300 1231
1584612464708 300 1232
1584612467169 300 1233
1584612469544 300 1234
1584612471975 300 1235
1584612474432 300 1236
1584612476977 300 1237
1584612479453 300 1238
1584612481926 300 1239
1584612484416 300 1240
1584612486859 300 1241
1584612489688 300 1242
1584612492210 300 1243
1584612494654 300 1244
1584612497039 300 1245
1584612499532 300 1246
1584612501900 300 1247
1584612504312 300 1248
1584612506781 300 1249
1584612509259 300 1250
1584612511754 300 1251
1584612514092 300 1252
1584612516504 300 1253
1584612518985 300 1254
1584612521491 300 1255
1584612523973 300 1256
1584612526504 300 1257
1584612528940 300 1258
1584612531384 300 1259
1584612533782 300 1260
1584612536285 300 1261
1584612538785 300 1262
1584612541285 300 1263
1584612543770 300 1264
1584612546338 300 1265
1584612548920 300 1266
1584612551387 300 1267
1584612553836 300 1268
1584612556328 300 1269
1584612558710 300 1270
1584612561086 300 1271
1584612563581 300 1272
1584612566017 300 1273
1584612568580 300 1274
1584612571031 300 1275
1584612573387 300 1276
1584612575800 300 1277
1584612578434 300 1278
1584612580855 300 1279
1584612583293 300 1280
1584612585786 300 1281
1584612588350 300 1282
1584612590727 300 1283
1584612593430 300 1284
1584612595945 300 1285
1584612598400 300 1286
1584612600964 300 1287
1584612603564 300 1288
1584612605904 300 1289
1584612608404 300 1290
1584612610805 300 1291
1584612613250 300 1292
1584612615925 300 1293
1584612618362 300 1294
1584612620904 300 1295
1584612623281 300 1296
1584612625648 300 1297
1584612628127 300 1298
1584612630632 300 1299
1584612633097 300 1300
1584612635898 300 1301
1584612638862 300 1302
1584612641703 300 1303
1584612644760 300 1304
1584612647467 300 1305
1584612650117 300 1306
1584612652689 300 1307
1584612655100 300 1308
1584612657482 300 1309
1584612659860 300 1310
1584612662545 300 1311
1584612664934 300 1312
1584612667232 300 1313
1584612669513 300 1314
1584612671777 300 1315
1584612674112 300 1316
1584612676642 300 1317
1584612678982 300 1318
1584612681512 300 1319
1584612683891 300 1320
1584612686220 300 1321
1584612688574 300 1322
1584612691079 300 1323
1584612693544 300 1324
1584612695979 300 1325
1584612698359 300 1326
1584612700700 300 1327
1584612703162 300 1328
1584612705529 300 1329
1584612707954 300 1330
1584612710319 300 1331
1584612712790 300 1332
1584612715159 300 1333
1584612717540 300 1334
1584612719876 300 1335
1584612722515 300 1336
1584612724994 300 1337
1584612727443 300 1338
1584612729800 300 1339
1584612732195 300 1340
1584612734589 300 1341
1584612737110 300 1342
1584612739518 300 1343
1584612742065 300 1344
1584612744912 300 1345
1584612747340 300 1346
1584612749731 300 1347
1584612752504 300 1348
1584612754981 300 1349
1584612757658 300 1350
1584612760033 300 1351
1584612762467 300 1352
1584612764994 300 1353
1584612767671 300 1354
1584612770401 300 1355
1584612772942 300 1356
1584612775470 300 1357
1584612777855 300 1358
1584612780193 300 1359
1584612782657 300 1360
1584612785018 300 1361
1584612787413 300 1362
1584612789877 300 1363
1584612792231 300 1364
1584612794506 300 1365
1584612796950 300 1366
1584612799410 300 1367
1584612801766 300 1368
1584612804252 300 1369
1584612806702 300 1370
1584612809054 300 1371
1584612811418 300 1372
1584612813799 300 1373
1584612816194 300 1374
1584612818537 300 1375
1584612820880 300 1376
1584612823312 300 1377
1584612825724 300 1378
1584612828158 300 1379
1584612830596 300 1380
1584612833651 300 1381
1584612836463 300 1382
1584612839251 300 1383
1584612842399 300 1384
1584612844883 300 1385
1584612847397 300 1386
1584612849941 300 1387
1584612852361 300 1388
1584612854695 300 1389
1584612857078 300 1390
1584612859576 300 1391
1584612862064 300 1392
1584612864579 300 1393
1584612867067 300 1394
1584612869565 300 1395
1584612872120 300 1396
1584612874550 300 1397
1584612877028 300 1398
1584612879563 300 1399
1584612881997 300 1400
1584612884617 300 1401
1584612887109 300 1402
1584612889608 300 1403
1584612892082 300 1404
1584612894616 300 1405
1584612897435 300 1406
1584612899997 300 1407
1584612903633 300 1408
1584612906189 300 1409
1584612908755 300 1410
1584612911272 300 1411
1584612913744 300 1412
1584612916353 300 1413
1584612918762 300 1414
1584612921245 300 1415
1584612923870 300 1416
1584612926404 300 1417
1584612928930 300 1418
1584612931634 300 1419
1584612934419 300 1420
1584612938622 300 1421
1584612942403 300 1422
1584612944891 300 1423
1584612948153 300 1424
1584612951715 300 1425
1584612954730 300 1426
1584612957315 300 1427
1584612960762 300 1428
1584612963785 300 1429
1584612966745 300 1430
1584612969118 300 1431
1584612971701 300 1432
1584612974879 300 1433
1584612977239 300 1434
1584612979569 300 1435
1584612981936 300 1436
1584612984180 300 1437
1584612986542 300 1438
1584612988687 300 1439
1584612990845 300 1440
1584612993255 300 1441
1584612995752 300 1442
1584612998431 300 1443
1584613001482 300 1444
1584613003852 300 1445
1584613006015 300 1446
1584613008123 300 1447
1584613010281 300 1448
1584613012451 300 1449
1584613015194 300 1450
1584613017396 300 1451
1584613019630 300 1452
1584613021905 300 1453
1584613024251 300 1454
1584613026857 300 1455
1584613029157 300 1456
1584613031464 300 1457
1584613033733 300 1458
1584613036183 300 1459
1584613038651 300 1460
1584613040926 300 1461
1584613043167 300 1462
1584613045446 300 1463
1584613047633 300 1464
1584613049964 300 1465
1584613052149 300 1466
1584613054398 300 1467
1584613056548 300 1468
1584613058703 300 1469
1584613060888 300 1470
1584613062992 300 1471
1584613065112 300 1472
1584613067326 300 1473
1584613070503 300 1474
1584613073230 300 1475
1584613076053 300 1476
1584613078412 300 1477
1584613080668 300 1478
1584613082939 300 1479
1584613085758 300 1480
1584613088504 300 1481
1584613091412 300 1482
1584613093802 300 1483
1584613096262 300 1484
1584613098585 300 1485
1584613101303 300 1486
1584613103935 300 1487
1584613106542 300 1488
1584613108855 300 1489
1584613111548 300 1490
1584613114042 300 1491
1584613116366 300 1492
1584613119044 300 1493
1584613122063 300 1494
1584613124657 300 1495
1584613127423 300 1496
1584613130409 300 1497
1584613132585 300 1498
1584613135064 300 1499
1584613138238 300 1500
1584613140750 300 1501
1584613143678 300 1502
1584613145951 300 1503
1584613148111 300 1504
1584613150261 300 1505
1584613152413 300 1506
1584613154649 300 1507
1584613157111 300 1508
1584613159730 300 1509
1584613162148 300 1510
1584613164575 300 1511
1584613166870 300 1512
1584613169030 300 1513
1584613171166 300 1514
1584613173335 300 1515
1584613175773 300 1516
1584613178068 300 1517
1584613180680 300 1518
1584613183676 300 1519
1584613186800 300 1520
1584613189446 300 1521
1584613191755 300 1522
1584613194243 300 1523
1584613196946 300 1524
1584613199637 300 1525
1584613203128 300 1526
1584613205330 300 1527
1584613208098 300 1528
1584613211099 300 1529
1584613213581 300 1530
1584613216128 300 1531
1584613218341 300 1532
1584613220507 300 1533
1584613222641 300 1534
1584613224777 300 1535
1584613227008 300 1536
1584613229129 300 1537
1584613231276 300 1538
1584613233464 300 1539
1584613235575 300 1540
1584613237757 300 1541
1584613239929 300 1542
1584613242103 300 1543
1584613244282 300 1544
1584613246451 300 1545
1584613248582 300 1546
1584613250710 300 1547
1584613252869 300 1548
1584613255023 300 1549
1584613257181 300 1550
1584613259315 300 1551
1584613261441 300 1552
1584613264110 300 1553
1584613266440 300 1554
1584613268803 300 1555
1584613271415 300 1556
1584613273665 300 1557
1584613276413 300 1558
1584613278755 300 1559
1584613281075 300 1560
1584613283202 300 1561
1584613285787 300 1562
1584613288380 300 1563
1584613291379 300 1564
1584613295284 300 1565
1584613298158 300 1566
1584613301237 300 1567
1584613303467 300 1568
1584613305707 300 1569
1584613307892 300 1570
1584613310141 300 1571
1584613312593 300 1572
1584613314897 300 1573
1584613317709 300 1574
1584613320083 300 1575
1584613322429 300 1576
1584613324990 300 1577
1584613327271 300 1578
1584613329687 300 1579
1584613332657 300 1580
1584613335178 300 1581
1584613337916 300 1582
1584613340363 300 1583
1584613342495 300 1584
1584613344641 300 1585
1584613346883 300 1586
1584613349512 300 1587
1584613352385 300 1588
1584613354644 300 1589
1584613356807 300 1590
1584613358968 300 1591
1584613361149 300 1592
1584613363702 300 1593
1584613365938 300 1594
1584613368141 300 1595
1584613370244 300 1596
1584613373102 300 1597
1584613376755 300 1598
1584613381230 300 1599
1584613386372 300 1600
1584613392191 300 1601
1584613397795 300 1602
1584613402072 300 1603
1584613405692 300 1604
1584613408712 300 1605
1584613411888 300 1606
1584613414763 300 1607
1584613417452 300 1608
1584613420239 300 1609
1584613422895 300 1610
1584613425463 300 1611
1584613428822 300 1612
1584613431440 300 1613
1584613434195 300 1614
1584613436647 300 1615
1584613439229 300 1616
1584613442078 300 1617
1584613445388 300 1618
1584613450167 300 1619
1584613455468 300 1620
1584613461138 300 1621
1584613464844 300 1622
1584613467337 300 1623
1584613469571 300 1624
1584613471910 300 1625
1584613475040 300 1626
1584613477222 300 1627
1584613479624 300 1628
1584613482273 300 1629
1584613484504 300 1630
1584613486737 300 1631
1584613488997 300 1632
1584613491954 300 1633
1584613494874 300 1634
1584613497323 300 1635
1584613499918 300 1636
1584613502931 300 1637
1584613505647 300 1638
1584613508239 300 1639
1584613510418 300 1640
1584613513642 300 1641
1584613516382 300 1642
1584613519045 300 1643
1584613521194 300 1644
1584613523385 300 1645
1584613525609 300 1646
1584613527757 300 1647
1584613529933 300 1648
1584613532082 300 1649
1584613534223 300 1650
1584613536334 300 1651
1584613538655 300 1652
1584613544018 300 1653
1584613546219 300 1654
1584613548347 300 1655
1584613550528 300 1656
1584613552679 300 1657
1584613554804 300 1658
1584613556979 300 1659
1584613559108 300 1660
1584613561339 300 1661
1584613563496 300 1662
1584613565607 300 1663
1584613567718 300 1664
1584613569861 300 1665
1584613572026 300 1666
1584613574190 300 1667
1584613576352 300 1668
1584613578483 300 1669
1584613580734 300 1670
1584613582916 300 1671
1584613585028 300 1672
1584613587226 300 1673
1584613589357 300 1674
1584613591582 300 1675
1584613593707 300 1676
1584613595834 300 1677
1584613598024 300 1678
1584613600186 300 1679
1584613602334 300 1680
1584613604502 300 1681
1584613606676 300 1682
1584613608795 300 1683
1584613610931 300 1684
1584613613091 300 1685
1584613615225 300 1686
1584613617461 300 1687
1584613619584 300 1688
1584613621773 300 1689
1584613624063 300 1690
1584613626249 300 1691
1584613628434 300 1692
1584613630609 300 1693
1584613632793 300 1694
1584613634967 300 1695
1584613637109 300 1696
1584613639240 300 1697
1584613641393 300 1698
1584613643574 300 1699
1584613645750 300 1700
1584613648046 300 1701
1584613650184 300 1702
1584613652382 300 1703
1584613654555 300 1704
1584613656724 300 1705
1584613658924 300 1706
1584613661128 300 1707
1584613663267 300 1708
1584613665395 300 1709
1584613667510 300 1710
1584613669686 300 1711
1584613671878 300 1712
1584613674026 300 1713
1584613676156 300 1714
1584613678305 300 1715
1584613680513 300 1716
1584613682856 300 1717
1584613685086 300 1718
1584613687245 300 1719
1584613689395 300 1720
1584613691563 300 1721
1584613693691 300 1722
1584613695901 300 1723
1584613698033 300 1724
1584613700242 300 1725
1584613702362 300 1726
1584613704541 300 1727
1584613706742 300 1728
1584613708928 300 1729
1584613711083 300 1730
1584613713334 300 1731
1584613715542 300 1732
1584613717690 300 1733
1584613719916 300 1734
1584613722095 300 1735
1584613724260 300 1736
1584613726436 300 1737
1584613728578 300 1738
1584613730720 300 1739
1584613732853 300 1740
1584613735050 300 1741
1584613737193 300 1742
1584613739474 300 1743
1584613741699 300 1744
1584613743984 300 1745
1584613746161 300 1746
1584613748277 300 1747
1584613750485 300 1748
1584613752629 300 1749
1584613754779 300 1750
1584613756919 300 1751
1584613759037 300 1752
1584613761258 300 1753
1584613763433 300 1754
1584613765582 300 1755
1584613767723 300 1756
1584613769896 300 1757
1584613772049 300 1758
1584613774202 300 1759
1584613776338 300 1760
1584613778501 300 1761
1584613780741 300 1762
1584613782887 300 1763
1584613785024 300 1764
1584613787160 300 1765
1584613789308 300 1766
1584613791469 300 1767
1584613793644 300 1768
1584613795832 300 1769
1584613798016 300 1770
1584613800353 300 1771
1584613803207 300 1772
1584613805367 300 1773
1584613807534 300 1774
1584613809768 300 1775
1584613811962 300 1776
1584613814146 300 1777
1584613817952 300 1778
1584613821386 300 1779
1584613825295 300 1780
1584613828753 300 1781
1584613832903 300 1782
1584613836593 300 1783
1584613840730 300 1784
1584613843031 300 1785
1584613845727 300 1786
1584613851271 300 1787
1584613853739 300 1788
1584613856001 300 1789
1584613858179 300 1790
1584613860421 300 1791
1584613862761 300 1792
1584613865690 300 1793
1584613869090 300 1794
1584613871315 300 1795
1584613873457 300 1796
1584613875625 300 1797
1584613877879 300 1798
1584613880072 300 1799
1584613882287 300 1800
1584613884625 300 1801
1584613886807 300 1802
1584613889022 300 1803
1584613891305 300 1804
1584613893540 300 1805
1584613895766 300 1806
1584613898059 300 1807
1584613900254 300 1808
1584613902439 300 1809
1584613904702 300 1810
1584613907055 300 1811
1584613909475 300 1812
1584613911630 300 1813
1584613913980 300 1814
1584613916237 300 1815
1584613918583 300 1816
1584613920837 300 1817
1584613923524 300 1818
1584613925810 300 1819
1584613928103 300 1820
1584613930298 300 1821
1584613932483 300 1822
1584613934721 300 1823
1584613936994 300 1824
1584613939204 300 1825
1584613941392 300 1826
1584613943558 300 1827
1584613945872 300 1828
1584613948102 300 1829
1584613950382 300 1830
1584613952601 300 1831
1584613954838 300 1832
1584613957001 300 1833
1584613959165 300 1834
1584613961394 300 1835
1584613963581 300 1836
1584613965893 300 1837
1584613968062 300 1838
1584613970451 300 1839
1584613972781 300 1840
1584613975273 300 1841
1584613977505 300 1842
1584613979872 300 1843
1584613982283 300 1844
1584613984678 300 1845
1584613986895 300 1846
1584613989059 300 1847
1584613991286 300 1848
1584613993517 300 1849
1584613995801 300 1850
1584613997995 300 1851
1584614000558 300 1852
1584614003145 300 1853
1584614006037 300 1854
1584614008315 300 1855
1584614012231 300 1856
1584614015016 300 1857
1584614017241 300 1858
1584614019574 300 1859
1584614021783 300 1860
1584614024063 300 1861
1584614026713 300 1862
1584614029008 300 1863
1584614031459 300 1864
1584614033777 300 1865
1584614036131 300 1866
1584614038391 300 1867
1584614041026 300 1868
1584614043516 300 1869
1584614046554 300 1870
1584614049042 300 1871
1584614051416 300 1872
1584614053767 300 1873
1584614056063 300 1874
1584614058357 300 1875
1584614060537 300 1876
1584614062689 300 1877
1584614065229 300 1878
1584614067492 300 1879
1584614070111 300 1880
1584614072827 300 1881
1584614075434 300 1882
1584614077802 300 1883
1584614080820 300 1884
1584614084619 300 1885
1584614090217 300 1886
1584614094290 300 1887
1584614099080 300 1888
1584614104176 300 1889
1584614107441 300 1890
1584614111716 300 1891
1584614116012 300 1892
1584614118908 300 1893
1584614121230 300 1894
1584614123576 300 1895
1584614125780 300 1896
1584614127975 300 1897
1584614130215 300 1898
1584614133278 300 1899
1584614136883 300 1900
1584614139340 300 1901
1584614141657 300 1902
1584614144067 300 1903
1584614147206 300 1904
1584614149826 300 1905
1584614152785 300 1906
1584614156007 300 1907
1584614158513 300 1908
1584614162277 300 1909
1584614166274 300 1910
1584614170493 300 1911
1584614173502 300 1912
1584614176891 300 1913
1584614179470 300 1914
1584614182033 300 1915
1584614184300 300 1916
1584614186525 300 1917
1584614188727 300 1918
1584614191029 300 1919
1584614193303 300 1920
1584614195461 300 1921
1584614197730 300 1922
1584614200141 300 1923
1584614202674 300 1924
1584614205005 300 1925
1584614209469 300 1926
1584614212129 300 1927
1584614214571 300 1928
1584614216923 300 1929
1584614219248 300 1930
1584614221499 300 1931
1584614223803 300 1932
1584614226047 300 1933
1584614228207 300 1934
1584614230437 300 1935
1584614232698 300 1936
1584614234940 300 1937
1584614237156 300 1938
1584614239332 300 1939
1584614241652 300 1940
1584614243905 300 1941
1584614246175 300 1942
1584614248380 300 1943
1584614250782 300 1944
1584614253125 300 1945
1584614255300 300 1946
1584614257532 300 1947
1584614259780 300 1948
1584614262095 300 1949
1584614264341 300 1950
1584614266530 300 1951
1584614268669 300 1952
1584614271208 300 1953
1584614273483 300 1954
1584614275771 300 1955
1584614278015 300 1956
1584614280302 300 1957
1584614282546 300 1958
1584614284736 300 1959
1584614286999 300 1960
1584614289236 300 1961
1584614291501 300 1962
1584614293660 300 1963
1584614295849 300 1964
1584614298023 300 1965
1584614301203 300 1966
1584614303669 300 1967
1584614307080 300 1968
1584614311049 300 1969
1584614315364 300 1970
1584614319104 300 1971
1584614322691 300 1972
1584614325697 300 1973
1584614329348 300 1974
1584614333000 300 1975
1584614336002 300 1976
1584614338327 300 1977
1584614340588 300 1978
1584614343081 300 1979
1584614345486 300 1980
1584614347705 300 1981
1584614350112 300 1982
1584614352753 300 1983
1584614355935 300 1984
1584614359694 300 1985
1584614364346 300 1986
1584614367966 300 1987
1584614371448 300 1988
1584614375420 300 1989
1584614378563 300 1990
1584614381547 300 1991
1584614384793 300 1992
1584614388008 300 1993
1584614391372 300 1994
1584614394059 300 1995
1584614397101 300 1996
1584614401145 300 1997
1584614404349 300 1998
1584614407413 300 1999
1584614411292 300 2000
