1584609357557 -1.0 1
1584609360495 -2.0 2
1584609364099 2.0 3
1584609367400 1.0 4
1584609370352 0.0 5
1584609373098 0.0 6
1584609375854 0.0 7
1584609378506 0.0 8
1584609381120 -1.0 9
1584609383818 0.0 10
1584609386376 1.0 11
1584609389123 1.0 12
1584609391930 0.0 13
1584609394606 3.0 14
1584609397265 0.0 15
1584609399645 -2.0 16
1584609402243 0.0 17
1584609405019 -2.0 18
1584609407437 0.0 19
1584609410206 0.0 20
1584609412569 1.0 21
1584609414890 0.0 22
1584609417306 0.0 23
1584609419892 0.0 24
1584609422671 0.0 25
1584609425192 1.0 26
1584609427578 0.0 27
1584609429980 0.0 28
1584609432312 0.0 29
1584609434703 0.0 30
1584609437246 1.0 31
1584609440364 -1.0 32
1584609443802 1.0 33
1584609446470 0.0 34
1584609448819 1.0 35
1584609451654 0.0 36
1584609454024 1.0 37
1584609456326 0.0 38
1584609458596 -1.0 39
1584609461082 1.0 40
1584609463881 0.0 41
1584609466700 0.0 42
1584609469646 1.0 43
1584609472116 -1.0 44
1584609474543 -1.0 45
1584609476875 1.0 46
1584609479453 -1.0 47
1584609482953 0.0 48
1584609485186 -1.0 49
1584609487691 0.0 50
1584609489837 1.0 51
1584609492616 0.0 52
1584609495525 -1.0 53
1584609497897 0.0 54
1584609500176 1.0 55
1584609502743 0.0 56
1584609505144 -1.0 57
1584609507406 1.0 58
1584609509910 -1.0 59
1584609512364 0.0 60
1584609514693 1.0 61
1584609517044 -1.0 62
1584609519352 2.0 63
1584609521662 2.0 64
1584609523897 -1.0 65
1584609526227 -2.0 66
1584609528529 -1.0 67
1584609530885 -1.0 68
1584609533256 0.0 69
1584609535613 0.0 70
1584609537890 0.0 71
1584609540161 -1.0 72
1584609542877 1.0 73
1584609545307 2.0 74
1584609547669 1.0 75
1584609549941 1.0 76
1584609552209 -2.0 77
1584609554551 1.0 78
1584609556949 0.0 79
1584609559403 0.0 80
1584609561903 0.0 81
1584609564769 -1.0 82
1584609567235 0.0 83
1584609569687 -2.0 84
1584609572025 1.0 85
1584609574372 0.0 86
1584609576783 0.0 87
1584609579158 1.0 88
1584609581482 -1.0 89
1584609583759 -1.0 90
1584609586170 0.0 91
1584609588468 0.0 92
1584609590819 -2.0 93
1584609593340 0.0 94
1584609596247 0.0 95
1584609599288 -1.0 96
1584609604073 0.0 97
1584609606825 -1.0 98
1584609609175 1.0 99
1584609611595 0.0 100
1584609614144 1.0 101
1584609616358 0.0 102
1584609618661 0.0 103
1584609621151 1.0 104
1584609623562 1.0 105
1584609625887 1.0 106
1584609628269 0.0 107
1584609630569 0.0 108
1584609632858 0.0 109
1584609635323 3.0 110
1584609637682 0.0 111
1584609640093 0.0 112
1584609642381 0.0 113
1584609644667 0.0 114
1584609646950 0.0 115
1584609649350 2.0 116
1584609651711 0.0 117
1584609654037 0.0 118
1584609656659 -1.0 119
1584609659955 -1.0 120
1584609663855 -1.0 121
1584609666175 -1.0 122
1584609668578 -1.0 123
1584609670991 1.0 124
1584609673355 1.0 125
1584609675651 1.0 126
1584609677947 3.0 127
1584609680346 2.0 128
1584609682710 0.0 129
1584609685061 -1.0 130
1584609687428 1.0 131
1584609690383 1.0 132
1584609694152 -1.0 133
1584609696634 0.0 134
1584609699014 -2.0 135
1584609702805 1.0 136
1584609706761 1.0 137
1584609708992 1.0 138
1584609711314 0.0 139
1584609713629 -1.0 140
1584609716056 -2.0 141
1584609718460 0.0 142
1584609721195 0.0 143
1584609724063 3.0 144
1584609726504 0.0 145
1584609728819 1.0 146
1584609731500 -1.0 147
1584609734239 1.0 148
1584609737094 -1.0 149
1584609739539 -1.0 150
1584609741898 0.0 151
1584609744198 0.0 152
1584609746573 0.0 153
1584609748950 1.0 154
1584609751375 0.0 155
1584609753692 0.0 156
1584609756083 0.0 157
1584609758364 -1.0 158
1584609760634 -1.0 159
1584609763003 1.0 160
1584609765491 -3.0 161
1584609767904 0.0 162
1584609770131 1.0 163
1584609772418 -1.0 164
1584609774685 1.0 165
1584609777020 -1.0 166
1584609779496 0.0 167
1584609782296 1.0 168
1584609784861 1.0 169
1584609787365 0.0 170
1584609789818 0.0 171
1584609792209 3.0 172
1584609794899 -1.0 173
1584609797339 -2.0 174
1584609800004 0.0 175
1584609802511 1.0 176
1584609804940 0.0 177
1584609807341 1.0 178
1584609809765 1.0 179
1584609812109 1.0 180
1584609814547 -1.0 181
1584609816964 0.0 182
1584609819260 -4.0 183
1584609821604 -1.0 184
1584609823932 -1.0 185
1584609826367 0.0 186
1584609828739 1.0 187
1584609831126 1.0 188
1584609833428 0.0 189
1584609835773 -1.0 190
1584609838187 1.0 191
1584609840579 1.0 192
1584609843126 0.0 193
1584609845510 0.0 194
1584609847895 2.0 195
1584609850284 0.0 196
1584609853118 0.0 197
1584609856655 -1.0 198
1584609859106 1.0 199
1584609861684 4.0 200
1584609864156 0.0 201
1584609866538 1.0 202
1584609868974 1.0 203
1584609871739 0.0 204
1584609874176 0.0 205
1584609876646 0.0 206
1584609879034 0.0 207
1584609881372 0.0 208
1584609883716 3.0 209
1584609886054 0.0 210
1584609888441 1.0 211
1584609890883 0.0 212
1584609893249 0.0 213
1584609895537 -2.0 214
1584609898122 2.0 215
1584609901225 0.0 216
1584609903705 -1.0 217
1584609906195 1.0 218
1584609908579 1.0 219
1584609911075 1.0 220
1584609913461 0.0 221
1584609915896 0.0 222
1584609918347 -2.0 223
1584609920788 5.0 224
1584609923234 -2.0 225
1584609925515 0.0 226
1584609927905 -1.0 227
1584609930603 0.0 228
1584609933205 -1.0 229
1584609935724 3.0 230
1584609938182 -3.0 231
1584609940642 1.0 232
1584609943044 0.0 233
1584609945426 1.0 234
1584609947784 -2.0 235
1584609950129 3.0 236
1584609952585 1.0 237
1584609954919 2.0 238
1584609957331 1.0 239
1584609959687 1.0 240
1584609962422 0.0 241
1584609964903 1.0 242
1584609967385 1.0 243
1584609969830 0.0 244
1584609972272 0.0 245
1584609974563 2.0 246
1584609976901 2.0 247
1584609979243 3.0 248
1584609981814 -1.0 249
1584609984398 3.0 250
1584609986752 0.0 251
1584609989134 2.0 252
1584609991665 -1.0 253
1584609994071 0.0 254
1584609996962 2.0 255
1584609999492 2.0 256
1584610001958 -3.0 257
1584610004601 2.0 258
1584610007359 4.0 259
1584610010661 1.0 260
1584610013077 0.0 261
1584610015478 0.0 262
1584610017859 0.0 263
1584610020121 1.0 264
1584610022600 1.0 265
1584610025001 0.0 266
1584610027535 1.0 267
1584610030304 3.0 268
1584610032694 0.0 269
1584610035138 1.0 270
1584610037529 1.0 271
1584610039976 1.0 272
1584610042424 0.0 273
1584610044851 2.0 274
1584610047255 -1.0 275
1584610049631 1.0 276
1584610052064 1.0 277
1584610054513 2.0 278
1584610056990 1.0 279
1584610059381 2.0 280
1584610061851 0.0 281
1584610064286 0.0 282
1584610066575 2.0 283
1584610068974 3.0 284
1584610071313 0.0 285
1584610073650 -1.0 286
1584610076110 1.0 287
1584610078360 -2.0 288
1584610080628 0.0 289
1584610083147 1.0 290
1584610085498 0.0 291
1584610087899 0.0 292
1584610090286 1.0 293
1584610092874 1.0 294
1584610095810 0.0 295
1584610098161 0.0 296
1584610100490 2.0 297
1584610102896 2.0 298
1584610105439 1.0 299
1584610107933 1.0 300
1584610110456 1.0 301
1584610112948 1.0 302
1584610115378 -1.0 303
1584610117803 -1.0 304
1584610120234 0.0 305
1584610122635 1.0 306
1584610125058 0.0 307
1584610127339 1.0 308
1584610129679 -1.0 309
1584610132291 -1.0 310
1584610136022 2.0 311
1584610138371 1.0 312
1584610140795 1.0 313
1584610143347 3.0 314
1584610145686 0.0 315
1584610148135 2.0 316
1584610150631 0.0 317
1584610153097 -1.0 318
1584610155620 0.0 319
1584610158040 0.0 320
1584610160441 0.0 321
1584610162767 -2.0 322
1584610165160 -2.0 323
1584610167572 1.0 324
1584610169972 1.0 325
1584610172375 2.0 326
1584610174819 3.0 327
1584610177307 0.0 328
1584610179698 3.0 329
1584610182162 1.0 330
1584610184599 -1.0 331
1584610187067 1.0 332
1584610189435 -1.0 333
1584610192006 0.0 334
1584610194542 1.0 335
1584610197022 0.0 336
1584610199459 0.0 337
1584610202142 -2.0 338
1584610204589 -1.0 339
1584610206958 0.0 340
1584610209398 -1.0 341
1584610212009 1.0 342
1584610214399 2.0 343
1584610216732 2.0 344
1584610219166 2.0 345
1584610221583 0.0 346
1584610224241 3.0 347
1584610226854 3.0 348
1584610229322 -1.0 349
1584610231759 1.0 350
1584610234137 0.0 351
1584610236446 1.0 352
1584610238863 0.0 353
1584610241313 -2.0 354
1584610243769 -1.0 355
1584610246162 1.0 356
1584610248553 0.0 357
1584610250928 1.0 358
1584610253245 1.0 359
1584610255623 0.0 360
1584610258077 4.0 361
1584610261185 0.0 362
1584610263884 2.0 363
1584610266288 1.0 364
1584610268662 4.0 365
1584610271176 0.0 366
1584610273642 1.0 367
1584610276126 2.0 368
1584610278594 1.0 369
1584610281044 0.0 370
1584610283424 2.0 371
1584610285915 4.0 372
1584610288304 -4.0 373
1584610291206 1.0 374
1584610293736 1.0 375
1584610296012 1.0 376
1584610298308 -2.0 377
1584610300708 -2.0 378
1584610303127 -2.0 379
1584610305595 0.0 380
1584610307961 3.0 381
1584610310379 1.0 382
1584610312664 1.0 383
1584610314972 3.0 384
1584610317320 2.0 385
1584610319671 -2.0 386
1584610322373 1.0 387
1584610324722 -1.0 388
1584610326995 3.0 389
1584610329336 1.0 390
1584610331746 1.0 391
1584610334208 -1.0 392
1584610336674 2.0 393
1584610339175 -1.0 394
1584610341625 3.0 395
1584610343992 1.0 396
1584610346301 2.0 397
1584610348883 1.0 398
1584610351737 1.0 399
1584610355217 -1.0 400
1584610357956 1.0 401
1584610363169 2.0 402
1584610367125 -1.0 403
1584610370669 1.0 404
1584610372973 2.0 405
1584610375345 6.0 406
1584610377844 2.0 407
1584610382625 3.0 408
1584610384859 5.0 409
1584610387241 0.0 410
1584610391135 -1.0 411
1584610393582 2.0 412
1584610396229 1.0 413
1584610398440 1.0 414
1584610400896 0.0 415
1584610403037 2.0 416
1584610405369 3.0 417
1584610407861 1.0 418
1584610411486 1.0 419
1584610414043 1.0 420
1584610416551 1.0 421
1584610419011 2.0 422
1584610421472 1.0 423
1584610424088 1.0 424
1584610427197 1.0 425
1584610430261 2.0 426
1584610432582 -2.0 427
1584610435021 2.0 428
1584610437460 -1.0 429
1584610439807 0.0 430
1584610442472 -1.0 431
1584610445539 0.0 432
1584610448585 0.0 433
1584610451119 2.0 434
1584610453484 3.0 435
1584610455958 0.0 436
1584610458432 1.0 437
1584610460811 5.0 438
1584610463200 2.0 439
1584610465594 4.0 440
1584610468041 0.0 441
1584610470546 0.0 442
1584610472986 1.0 443
1584610475467 0.0 444
1584610478031 2.0 445
1584610480422 2.0 446
1584610482853 -1.0 447
1584610485271 3.0 448
1584610487992 0.0 449
1584610490440 1.0 450
1584610492804 1.0 451
1584610495129 1.0 452
1584610497528 3.0 453
1584610500042 2.0 454
1584610502645 3.0 455
1584610505066 0.0 456
1584610507466 6.0 457
1584610509796 2.0 458
1584610512060 0.0 459
1584610514379 0.0 460
1584610516775 1.0 461
1584610519356 4.0 462
1584610521789 6.0 463
1584610524105 0.0 464
1584610526463 0.0 465
1584610528999 -1.0 466
1584610531681 3.0 467
1584610534414 0.0 468
1584610536906 0.0 469
1584610539399 1.0 470
1584610541828 4.0 471
1584610544273 1.0 472
1584610546564 1.0 473
1584610549868 3.0 474
1584610552573 2.0 475
1584610554996 4.0 476
1584610557391 1.0 477
1584610559891 4.0 478
1584610562532 3.0 479
1584610565115 3.0 480
1584610567755 2.0 481
1584610570322 0.0 482
1584610572714 2.0 483
1584610575142 1.0 484
1584610577556 0.0 485
1584610580161 3.0 486
1584610582564 2.0 487
1584610585231 2.0 488
1584610587644 2.0 489
1584610589996 3.0 490
1584610592450 0.0 491
1584610594866 1.0 492
1584610597317 1.0 493
1584610599988 1.0 494
1584610604192 3.0 495
1584610608502 5.0 496
1584610612209 1.0 497
1584610614843 1.0 498
1584610617428 0.0 499
1584610619896 -1.0 500
1584610622610 -1.0 501
1584610625103 2.0 502
1584610627630 2.0 503
1584610630117 2.0 504
1584610632632 0.0 505
1584610635104 -1.0 506
1584610637571 2.0 507
1584610639951 1.0 508
1584610642403 4.0 509
1584610644824 2.0 510
1584610647374 2.0 511
1584610649860 0.0 512
1584610652211 4.0 513
1584610654596 1.0 514
1584610657011 1.0 515
1584610659431 0.0 516
1584610661849 1.0 517
1584610664335 0.0 518
1584610666820 2.0 519
1584610669271 3.0 520
1584610671662 1.0 521
1584610673973 2.0 522
1584610676460 2.0 523
1584610678961 4.0 524
1584610681548 3.0 525
1584610684581 2.0 526
1584610686971 4.0 527
1584610689482 1.0 528
1584610691930 1.0 529
1584610694396 0.0 530
1584610696990 0.0 531
1584610699706 2.0 532
1584610702157 3.0 533
1584610704626 2.0 534
1584610707222 0.0 535
1584610709703 5.0 536
1584610712293 2.0 537
1584610714843 1.0 538
1584610717246 3.0 539
1584610719706 4.0 540
1584610722203 0.0 541
1584610724630 1.0 542
1584610727165 0.0 543
1584610729702 1.0 544
1584610732286 0.0 545
1584610734669 1.0 546
1584610737450 2.0 547
1584610739848 1.0 548
1584610743211 0.0 549
1584610746140 4.0 550
1584610748682 2.0 551
1584610751164 2.0 552
1584610753882 1.0 553
1584610756412 0.0 554
1584610758934 3.0 555
1584610761456 5.0 556
1584610763884 1.0 557
1584610766305 3.0 558
1584610768638 -1.0 559
1584610771092 0.0 560
1584610773574 4.0 561
1584610776188 5.0 562
1584610778623 0.0 563
1584610781296 1.0 564
1584610783932 1.0 565
1584610786396 1.0 566
1584610788849 0.0 567
1584610791381 1.0 568
1584610793865 3.0 569
1584610796366 1.0 570
1584610798767 4.0 571
1584610801170 2.0 572
1584610803836 2.0 573
1584610806326 2.0 574
1584610808792 4.0 575
1584610811210 2.0 576
1584610813697 0.0 577
1584610816193 2.0 578
1584610818675 2.0 579
1584610821160 2.0 580
1584610823698 1.0 581
1584610826199 5.0 582
1584610828609 0.0 583
1584610831019 4.0 584
1584610833421 4.0 585
1584610835887 2.0 586
1584610838337 -1.0 587
1584610840744 1.0 588
1584610843258 6.0 589
1584610845628 2.0 590
1584610848008 1.0 591
1584610850525 3.0 592
1584610853009 4.0 593
1584610855573 2.0 594
1584610858083 -1.0 595
1584610860515 1.0 596
1584610863081 0.0 597
1584610865592 2.0 598
1584610868138 5.0 599
1584610870624 1.0 600
1584610873138 -1.0 601
1584610876089 2.0 602
1584610880357 1.0 603
1584610883710 1.0 604
1584610886856 2.0 605
1584610889548 2.0 606
1584610893147 3.0 607
1584610895618 -1.0 608
1584610898057 2.0 609
1584610900484 4.0 610
1584610903038 2.0 611
1584610905523 0.0 612
1584610907924 1.0 613
1584610910356 3.0 614
1584610912841 3.0 615
1584610915358 4.0 616
1584610917867 1.0 617
1584610920380 3.0 618
1584610922964 3.0 619
1584610925469 7.0 620
1584610927862 0.0 621
1584610930300 1.0 622
1584610932818 3.0 623
1584610935313 0.0 624
1584610937739 1.0 625
1584610940152 3.0 626
1584610942581 1.0 627
1584610945058 2.0 628
1584610947657 4.0 629
1584610950214 1.0 630
1584610952740 1.0 631
1584610955179 2.0 632
1584610957533 2.0 633
1584610959931 1.0 634
1584610962356 3.0 635
1584610964854 2.0 636
1584610967338 0.0 637
1584610969765 2.0 638
1584610972173 3.0 639
1584610974646 2.0 640
1584610977174 3.0 641
1584610981325 4.0 642
1584610984641 4.0 643
1584610987209 2.0 644
1584610990589 4.0 645
1584610995100 1.0 646
1584610997676 3.0 647
1584611000160 3.0 648
1584611002747 3.0 649
1584611005482 3.0 650
1584611007786 3.0 651
1584611009954 5.0 652
1584611012165 -1.0 653
1584611014762 3.0 654
1584611017396 0.0 655
1584611019579 4.0 656
1584611022063 5.0 657
1584611024521 4.0 658
1584611026920 2.0 659
1584611029694 0.0 660
1584611032152 1.0 661
1584611034615 0.0 662
1584611037026 4.0 663
1584611039466 0.0 664
1584611042022 1.0 665
1584611044654 0.0 666
1584611047112 1.0 667
1584611049582 1.0 668
1584611052072 1.0 669
1584611054523 0.0 670
1584611056896 3.0 671
1584611059293 2.0 672
1584611061780 6.0 673
1584611064212 2.0 674
1584611066614 3.0 675
1584611069100 0.0 676
1584611071617 3.0 677
1584611074119 1.0 678
1584611076584 3.0 679
1584611079453 1.0 680
1584611081922 4.0 681
1584611084406 5.0 682
1584611086778 2.0 683
1584611089114 4.0 684
1584611091432 4.0 685
1584611093824 1.0 686
1584611096315 2.0 687
1584611098647 1.0 688
1584611101050 1.0 689
1584611103528 3.0 690
1584611106044 4.0 691
1584611108401 3.0 692
1584611110934 3.0 693
1584611113423 2.0 694
1584611115939 1.0 695
1584611118323 4.0 696
1584611121040 3.0 697
1584611123815 1.0 698
1584611126760 2.0 699
1584611129318 4.0 700
1584611132212 2.0 701
1584611134652 2.0 702
1584611137148 3.0 703
1584611139749 2.0 704
1584611142285 1.0 705
1584611144693 3.0 706
1584611147148 1.0 707
1584611149717 2.0 708
1584611152094 2.0 709
1584611154425 -2.0 710
1584611156857 3.0 711
1584611159314 2.0 712
1584611161595 3.0 713
1584611164033 2.0 714
1584611166412 1.0 715
1584611168798 4.0 716
1584611171217 1.0 717
1584611173603 1.0 718
1584611176167 3.0 719
1584611178575 6.0 720
1584611180852 6.0 721
1584611183138 0.0 722
1584611185505 4.0 723
1584611187905 0.0 724
1584611190380 2.0 725
1584611192624 2.0 726
1584611195012 3.0 727
1584611197364 7.0 728
1584611199784 0.0 729
1584611202218 2.0 730
1584611204561 2.0 731
1584611207092 2.0 732
1584611209425 5.0 733
1584611212128 2.0 734
1584611215218 4.0 735
1584611217809 2.0 736
1584611220324 6.0 737
1584611222908 2.0 738
1584611225426 2.0 739
1584611228016 3.0 740
1584611230601 5.0 741
1584611233144 5.0 742
1584611235716 4.0 743
1584611238462 2.0 744
1584611240944 2.0 745
1584611243368 2.0 746
1584611245734 5.0 747
1584611248053 2.0 748
1584611250573 1.0 749
1584611253007 3.0 750
1584611255363 4.0 751
1584611257709 2.0 752
1584611260177 2.0 753
1584611263160 3.0 754
1584611265910 4.0 755
1584611268569 4.0 756
1584611271103 5.0 757
1584611273801 6.0 758
1584611276403 4.0 759
1584611278756 0.0 760
1584611281268 1.0 761
1584611283810 0.0 762
1584611286295 4.0 763
1584611288691 3.0 764
1584611291171 2.0 765
1584611293629 1.0 766
1584611296401 1.0 767
1584611298825 3.0 768
1584611301343 2.0 769
1584611303882 1.0 770
1584611306340 2.0 771
1584611308602 3.0 772
1584611311015 2.0 773
1584611313444 3.0 774
1584611315842 3.0 775
1584611318146 2.0 776
1584611320541 2.0 777
1584611322891 0.0 778
1584611325313 2.0 779
1584611328254 1.0 780
1584611330915 6.0 781
1584611333263 2.0 782
1584611335402 7.0 783
1584611337581 1.0 784
1584611339905 6.0 785
1584611342264 3.0 786
1584611344878 2.0 787
1584611347552 8.0 788
1584611349917 1.0 789
1584611352106 5.0 790
1584611355017 4.0 791
1584611357348 1.0 792
1584611360678 6.0 793
1584611363141 3.0 794
1584611366323 2.0 795
1584611368419 6.0 796
1584611370526 2.0 797
1584611372819 1.0 798
1584611375205 3.0 799
1584611377409 1.0 800
1584611379750 0.0 801
1584611381926 9.0 802
1584611384286 5.0 803
1584611386455 1.0 804
1584611388790 4.0 805
1584611391001 4.0 806
1584611393193 4.0 807
1584611395457 6.0 808
1584611397608 1.0 809
1584611399732 3.0 810
1584611402162 5.0 811
1584611404455 2.0 812
1584611406579 4.0 813
1584611408715 3.0 814
1584611410831 8.0 815
1584611413167 3.0 816
1584611415570 5.0 817
1584611417765 1.0 818
1584611419950 3.0 819
1584611422411 3.0 820
1584611424548 2.0 821
1584611427022 1.0 822
1584611429595 2.0 823
1584611432164 2.0 824
1584611434355 5.0 825
1584611437860 5.0 826
1584611440472 7.0 827
1584611442666 5.0 828
1584611444880 5.0 829
1584611447046 3.0 830
1584611449227 3.0 831
1584611451402 4.0 832
1584611453539 5.0 833
1584611455655 3.0 834
1584611457905 3.0 835
1584611460110 6.0 836
1584611462395 7.0 837
1584611464728 2.0 838
1584611467415 2.0 839
1584611470282 1.0 840
1584611472981 1.0 841
1584611475228 4.0 842
1584611477415 3.0 843
1584611479612 2.0 844
1584611482333 4.0 845
1584611484485 5.0 846
1584611486636 3.0 847
1584611488923 4.0 848
1584611491610 1.0 849
1584611495132 4.0 850
1584611497643 4.0 851
1584611500111 6.0 852
1584611502474 1.0 853
1584611504701 4.0 854
1584611507170 2.0 855
1584611509640 10.0 856
1584611512170 4.0 857
1584611514304 1.0 858
1584611516421 4.0 859
1584611518536 4.0 860
1584611520669 4.0 861
1584611523143 2.0 862
1584611525380 5.0 863
1584611527491 5.0 864
1584611529626 1.0 865
1584611531904 4.0 866
1584611534187 0.0 867
1584611537523 4.0 868
1584611540160 4.0 869
1584611542597 4.0 870
1584611544860 2.0 871
1584611547145 3.0 872
1584611549404 1.0 873
1584611552111 4.0 874
1584611554596 0.0 875
1584611557066 0.0 876
1584611559904 3.0 877
1584611562166 6.0 878
1584611564313 2.0 879
1584611566590 5.0 880
1584611568772 1.0 881
1584611571223 7.0 882
1584611573425 7.0 883
1584611575579 5.0 884
1584611579239 4.0 885
1584611583055 2.0 886
1584611585689 0.0 887
1584611588441 7.0 888
1584611590841 1.0 889
1584611593011 5.0 890
1584611595219 2.0 891
1584611597693 3.0 892
1584611600673 7.0 893
1584611603872 4.0 894
1584611606768 0.0 895
1584611609692 7.0 896
1584611612038 2.0 897
1584611614904 5.0 898
1584611617763 3.0 899
1584611620214 6.0 900
1584611624660 3.0 901
1584611628117 5.0 902
1584611631602 5.0 903
1584611634683 5.0 904
1584611637738 2.0 905
1584611640559 5.0 906
1584611644014 1.0 907
1584611646836 3.0 908
1584611649829 3.0 909
1584611653000 2.0 910
1584611655357 1.0 911
1584611657868 3.0 912
1584611660605 4.0 913
1584611662888 2.0 914
1584611665887 4.0 915
1584611668155 5.0 916
1584611670453 3.0 917
1584611673105 4.0 918
1584611675340 4.0 919
1584611677802 6.0 920
1584611679963 9.0 921
1584611682199 4.0 922
1584611684886 3.0 923
1584611687701 4.0 924
1584611690295 1.0 925
1584611693365 6.0 926
1584611695849 3.0 927
1584611698170 2.0 928
1584611700935 2.0 929
1584611704224 7.0 930
1584611707377 4.0 931
1584611710744 5.0 932
1584611713377 7.0 933
1584611715614 1.0 934
1584611718301 5.0 935
1584611720916 3.0 936
1584611724253 -2.0 937
1584611728167 6.0 938
1584611730417 1.0 939
1584611732755 8.0 940
1584611735124 5.0 941
1584611737392 5.0 942
1584611740205 1.0 943
1584611742890 5.0 944
1584611745598 5.0 945
1584611747850 6.0 946
1584611750132 3.0 947
1584611752725 1.0 948
1584611755294 6.0 949
1584611758625 3.0 950
1584611762114 6.0 951
1584611764799 4.0 952
1584611767332 2.0 953
1584611769978 7.0 954
1584611772416 4.0 955
1584611774714 6.0 956
1584611777167 3.0 957
1584611779467 7.0 958
1584611781683 4.0 959
1584611783887 0.0 960
1584611786091 5.0 961
1584611788293 4.0 962
1584611790456 3.0 963
1584611792643 8.0 964
1584611794874 7.0 965
1584611797025 6.0 966
1584611799237 6.0 967
1584611801508 8.0 968
1584611803758 6.0 969
1584611805997 5.0 970
1584611808140 3.0 971
1584611810310 3.0 972
1584611812528 3.0 973
1584611814770 6.0 974
1584611817019 7.0 975
1584611819178 3.0 976
1584611821350 4.0 977
1584611823710 3.0 978
1584611825977 1.0 979
1584611828180 10.0 980
1584611830384 5.0 981
1584611832631 3.0 982
1584611834819 4.0 983
1584611836943 4.0 984
1584611839130 3.0 985
1584611841332 2.0 986
1584611843548 10.0 987
1584611845720 3.0 988
1584611847892 2.0 989
1584611850085 0.0 990
1584611852347 7.0 991
1584611854673 6.0 992
1584611856912 4.0 993
1584611859226 5.0 994
1584611861580 3.0 995
1584611863778 0.0 996
1584611865974 2.0 997
1584611868194 4.0 998
1584611870387 3.0 999
1584611872614 7.0 1000
1584611874942 5.0 1001
1584611877086 2.0 1002
1584611879254 1.0 1003
1584611881520 4.0 1004
1584611883850 5.0 1005
1584611886092 3.0 1006
1584611888350 4.0 1007
1584611890513 5.0 1008
1584611892677 5.0 1009
1584611894839 6.0 1010
1584611897108 1.0 1011
1584611899346 9.0 1012
1584611901514 5.0 1013
1584611903708 5.0 1014
1584611905906 4.0 1015
1584611908048 5.0 1016
1584611910287 8.0 1017
1584611912528 3.0 1018
1584611914890 6.0 1019
1584611918264 7.0 1020
1584611920443 8.0 1021
1584611922694 2.0 1022
1584611924933 7.0 1023
1584611927685 6.0 1024
1584611931143 8.0 1025
1584611933456 7.0 1026
1584611935767 7.0 1027
1584611938188 2.0 1028
1584611940540 5.0 1029
1584611943141 4.0 1030
1584611945532 4.0 1031
1584611947930 6.0 1032
1584611950148 3.0 1033
1584611952463 1.0 1034
1584611955048 5.0 1035
1584611957720 4.0 1036
1584611960265 2.0 1037
1584611962624 3.0 1038
1584611964942 6.0 1039
1584611967219 3.0 1040
1584611969588 4.0 1041
1584611972077 6.0 1042
1584611974502 6.0 1043
1584611977041 4.0 1044
1584611979550 6.0 1045
1584611981858 3.0 1046
1584611984178 5.0 1047
1584611986597 7.0 1048
1584611989076 0.0 1049
1584611991971 8.0 1050
1584611994196 5.0 1051
1584611996391 4.0 1052
1584611998571 1.0 1053
1584612001121 5.0 1054
1584612003643 4.0 1055
1584612005833 3.0 1056
1584612008278 5.0 1057
1584612010450 5.0 1058
1584612012585 6.0 1059
1584612015243 7.0 1060
1584612018825 5.0 1061
1584612022034 8.0 1062
1584612024848 7.0 1063
1584612027644 7.0 1064
1584612029904 -1.0 1065
1584612032470 1.0 1066
1584612034728 6.0 1067
1584612037656 6.0 1068
1584612041252 4.0 1069
1584612044544 4.0 1070
1584612046702 6.0 1071
1584612048975 6.0 1072
1584612051541 4.0 1073
1584612055242 5.0 1074
1584612059043 1.0 1075
1584612061627 4.0 1076
1584612064445 1.0 1077
1584612067052 3.0 1078
1584612069579 3.0 1079
1584612072580 4.0 1080
1584612075190 2.0 1081
1584612077676 6.0 1082
1584612080124 9.0 1083
1584612082436 3.0 1084
1584612084866 8.0 1085
1584612087375 6.0 1086
1584612090355 6.0 1087
1584612092841 4.0 1088
1584612095198 3.0 1089
1584612097514 9.0 1090
1584612100745 3.0 1091
1584612104183 4.0 1092
1584612106583 5.0 1093
1584612109052 5.0 1094
1584612111521 2.0 1095
1584612113885 6.0 1096
1584612116167 3.0 1097
1584612118722 4.0 1098
1584612121363 5.0 1099
1584612123840 4.0 1100
1584612126419 5.0 1101
1584612128827 3.0 1102
1584612131268 3.0 1103
1584612133744 5.0 1104
1584612136423 5.0 1105
1584612139237 5.0 1106
1584612142047 5.0 1107
1584612144589 7.0 1108
1584612147148 1.0 1109
1584612149867 3.0 1110
1584612152345 4.0 1111
1584612155101 6.0 1112
1584612157597 7.0 1113
1584612159956 2.0 1114
1584612162384 4.0 1115
1584612164824 9.0 1116
1584612167274 3.0 1117
1584612169642 5.0 1118
1584612172162 4.0 1119
1584612174675 4.0 1120
1584612177011 7.0 1121
1584612179372 3.0 1122
1584612181865 10.0 1123
1584612184669 6.0 1124
1584612187333 3.0 1125
1584612190170 4.0 1126
1584612192617 6.0 1127
1584612195088 4.0 1128
1584612197599 2.0 1129
1584612200083 6.0 1130
1584612202677 9.0 1131
1584612205120 5.0 1132
1584612207422 3.0 1133
1584612209784 4.0 1134
1584612212228 5.0 1135
1584612214678 4.0 1136
1584612217276 3.0 1137
1584612219628 1.0 1138
1584612222032 1.0 1139
1584612224440 4.0 1140
1584612227050 4.0 1141
1584612229482 7.0 1142
1584612232013 5.0 1143
1584612234421 5.0 1144
1584612236887 4.0 1145
1584612239214 1.0 1146
1584612241591 8.0 1147
1584612244027 8.0 1148
1584612246597 4.0 1149
1584612249036 6.0 1150
1584612251533 5.0 1151
1584612254154 9.0 1152
1584612256665 7.0 1153
1584612259184 1.0 1154
1584612261693 8.0 1155
1584612264108 5.0 1156
1584612266556 4.0 1157
1584612268927 7.0 1158
1584612271406 2.0 1159
1584612273790 1.0 1160
1584612276275 5.0 1161
1584612278629 8.0 1162
1584612281015 2.0 1163
1584612283526 4.0 1164
1584612285853 4.0 1165
1584612288302 4.0 1166
1584612290779 4.0 1167
1584612293255 7.0 1168
1584612295784 3.0 1169
1584612298224 9.0 1170
1584612300609 6.0 1171
1584612303119 2.0 1172
1584612305671 6.0 1173
1584612308171 -1.0 1174
1584612310578 5.0 1175
1584612312921 4.0 1176
1584612315391 2.0 1177
1584612317860 7.0 1178
1584612320400 1.0 1179
1584612322784 4.0 1180
1584612325210 8.0 1181
1584612327715 8.0 1182
1584612330223 3.0 1183
1584612332688 5.0 1184
1584612335136 5.0 1185
1584612337621 9.0 1186
1584612340156 12.0 1187
1584612342588 5.0 1188
1584612345074 8.0 1189
1584612347514 4.0 1190
1584612350068 4.0 1191
1584612352581 6.0 1192
1584612355251 6.0 1193
1584612357685 5.0 1194
1584612360757 8.0 1195
1584612363742 8.0 1196
1584612366640 6.0 1197
1584612370858 9.0 1198
1584612374395 3.0 1199
1584612377528 6.0 1200
1584612380381 8.0 1201
1584612382793 7.0 1202
1584612386036 9.0 1203
1584612390405 10.0 1204
1584612393703 6.0 1205
1584612396011 0.0 1206
1584612399171 8.0 1207
1584612401542 11.0 1208
1584612404135 5.0 1209
1584612406611 7.0 1210
1584612409246 7.0 1211
1584612412079 5.0 1212
1584612414432 5.0 1213
1584612417437 7.0 1214
1584612420385 4.0 1215
1584612423115 4.0 1216
1584612425531 9.0 1217
1584612427973 10.0 1218
1584612430253 3.0 1219
1584612432682 13.0 1220
1584612434872 4.0 1221
1584612437104 8.0 1222
1584612439730 5.0 1223
1584612442849 2.0 1224
1584612445352 4.0 1225
1584612448801 1.0 1226
1584612452438 2.0 1227
1584612454956 5.0 1228
1584612457396 3.0 1229
1584612459834 2.0 1230
1584612462303 8.0 1231
1584612464708 7.0 1232
1584612467169 1.0 1233
1584612469544 10.0 1234
1584612471975 4.0 1235
1584612474432 2.0 1236
1584612476977 9.0 1237
1584612479453 11.0 1238
1584612481926 5.0 1239
1584612484416 2.0 1240
1584612486859 10.0 1241
1584612489688 7.0 1242
1584612492210 4.0 1243
1584612494654 4.0 1244
1584612497039 6.0 1245
1584612499532 7.0 1246
1584612501900 5.0 1247
1584612504312 3.0 1248
1584612506781 8.0 1249
1584612509259 4.0 1250
1584612511754 4.0 1251
1584612514092 4.0 1252
1584612516504 2.0 1253
1584612518985 3.0 1254
1584612521491 4.0 1255
1584612523973 4.0 1256
1584612526504 4.0 1257
1584612528940 3.0 1258
1584612531384 4.0 1259
1584612533782 0.0 1260
1584612536285 4.0 1261
1584612538785 2.0 1262
1584612541285 3.0 1263
1584612543770 6.0 1264
1584612546338 5.0 1265
1584612548920 3.0 1266
1584612551387 5.0 1267
1584612553836 2.0 1268
1584612556328 10.0 1269
1584612558710 7.0 1270
1584612561086 9.0 1271
1584612563581 8.0 1272
1584612566017 8.0 1273
1584612568580 8.0 1274
1584612571031 3.0 1275
1584612573387 5.0 1276
1584612575800 8.0 1277
1584612578434 5.0 1278
1584612580855 9.0 1279
1584612583293 7.0 1280
1584612585786 5.0 1281
1584612588350 3.0 1282
1584612590727 5.0 1283
1584612593430 9.0 1284
1584612595945 8.0 1285
1584612598400 6.0 1286
1584612600964 8.0 1287
1584612603564 4.0 1288
1584612605904 0.0 1289
1584612608404 9.0 1290
1584612610805 5.0 1291
1584612613250 8.0 1292
1584612615925 9.0 1293
1584612618362 7.0 1294
1584612620904 4.0 1295
1584612623281 6.0 1296
1584612625648 10.0 1297
1584612628127 6.0 1298
1584612630632 7.0 1299
1584612633097 7.0 1300
1584612635898 1.0 1301
1584612638862 7.0 1302
1584612641703 2.0 1303
1584612644760 7.0 1304
1584612647467 7.0 1305
1584612650117 5.0 1306
1584612652689 3.0 1307
1584612655100 8.0 1308
1584612657482 6.0 1309
1584612659860 9.0 1310
1584612662545 5.0 1311
1584612664934 5.0 1312
1584612667232 5.0 1313
1584612669513 6.0 1314
1584612671777 4.0 1315
1584612674112 2.0 1316
1584612676642 6.0 1317
1584612678982 0.0 1318
1584612681512 5.0 1319
1584612683891 4.0 1320
1584612686220 7.0 1321
1584612688574 5.0 1322
1584612691079 6.0 1323
1584612693544 7.0 1324
1584612695979 7.0 1325
1584612698359 4.0 1326
1584612700700 5.0 1327
1584612703162 4.0 1328
1584612705529 5.0 1329
1584612707954 9.0 1330
1584612710319 7.0 1331
1584612712790 7.0 1332
1584612715159 6.0 1333
1584612717540 5.0 1334
1584612719876 7.0 1335
1584612722515 8.0 1336
1584612724994 8.0 1337
1584612727443 8.0 1338
1584612729800 2.0 1339
1584612732195 4.0 1340
1584612734589 8.0 1341
1584612737110 8.0 1342
1584612739518 8.0 1343
1584612742065 6.0 1344
1584612744912 2.0 1345
1584612747340 6.0 1346
1584612749731 4.0 1347
1584612752504 4.0 1348
1584612754981 9.0 1349
1584612757658 8.0 1350
1584612760033 7.0 1351
1584612762467 6.0 1352
1584612764994 1.0 1353
1584612767671 7.0 1354
1584612770401 6.0 1355
1584612772942 9.0 1356
1584612775470 1.0 1357
1584612777855 5.0 1358
1584612780193 5.0 1359
1584612782657 5.0 1360
1584612785018 8.0 1361
1584612787413 8.0 1362
1584612789877 7.0 1363
1584612792231 8.0 1364
1584612794506 4.0 1365
1584612796950 7.0 1366
1584612799410 6.0 1367
1584612801766 2.0 1368
1584612804252 1.0 1369
1584612806702 7.0 1370
1584612809054 3.0 1371
1584612811418 6.0 1372
1584612813799 8.0 1373
1584612816194 5.0 1374
1584612818537 9.0 1375
1584612820880 2.0 1376
1584612823312 9.0 1377
1584612825724 5.0 1378
1584612828158 7.0 1379
1584612830596 6.0 1380
1584612833651 8.0 1381
1584612836463 10.0 1382
1584612839251 3.0 1383
1584612842399 9.0 1384
1584612844883 10.0 1385
1584612847397 7.0 1386
1584612849941 6.0 1387
1584612852361 4.0 1388
1584612854695 7.0 1389
1584612857078 5.0 1390
1584612859576 3.0 1391
1584612862064 2.0 1392
1584612864579 4.0 1393
1584612867067 9.0 1394
1584612869565 7.0 1395
1584612872120 1.0 1396
1584612874550 5.0 1397
1584612877028 9.0 1398
1584612879563 9.0 1399
1584612881997 7.0 1400
1584612884617 3.0 1401
1584612887109 8.0 1402
1584612889608 5.0 1403
1584612892082 7.0 1404
1584612894616 7.0 1405
1584612897435 7.0 1406
1584612899997 3.0 1407
1584612903633 4.0 1408
1584612906189 9.0 1409
1584612908755 6.0 1410
1584612911272 9.0 1411
1584612913744 9.0 1412
1584612916353 5.0 1413
1584612918762 2.0 1414
1584612921245 4.0 1415
1584612923870 9.0 1416
1584612926404 8.0 1417
1584612928930 10.0 1418
1584612931634 4.0 1419
1584612934419 3.0 1420
1584612938622 7.0 1421
1584612942403 8.0 1422
1584612944891 8.0 1423
1584612948153 9.0 1424
1584612951715 3.0 1425
1584612954730 6.0 1426
1584612957315 7.0 1427
1584612960762 8.0 1428
1584612963785 11.0 1429
1584612966745 7.0 1430
1584612969118 6.0 1431
1584612971701 7.0 1432
1584612974879 5.0 1433
1584612977239 4.0 1434
1584612979569 9.0 1435
1584612981936 6.0 1436
1584612984180 7.0 1437
1584612986542 3.0 1438
1584612988687 5.0 1439
1584612990845 6.0 1440
1584612993255 6.0 1441
1584612995752 9.0 1442
1584612998431 10.0 1443
1584613001482 7.0 1444
1584613003852 8.0 1445
1584613006015 9.0 1446
1584613008123 5.0 1447
1584613010281 9.0 1448
1584613012451 8.0 1449
1584613015194 5.0 1450
1584613017396 5.0 1451
1584613019630 9.0 1452
1584613021905 6.0 1453
1584613024251 7.0 1454
1584613026857 5.0 1455
1584613029157 8.0 1456
1584613031464 9.0 1457
1584613033733 6.0 1458
1584613036183 10.0 1459
1584613038651 4.0 1460
1584613040926 2.0 1461
1584613043167 6.0 1462
1584613045446 12.0 1463
1584613047633 8.0 1464
1584613049964 4.0 1465
1584613052149 7.0 1466
1584613054398 6.0 1467
1584613056548 5.0 1468
1584613058703 6.0 1469
1584613060888 2.0 1470
1584613062992 2.0 1471
1584613065112 12.0 1472
1584613067326 5.0 1473
1584613070503 4.0 1474
1584613073230 3.0 1475
1584613076053 5.0 1476
1584613078412 8.0 1477
1584613080668 7.0 1478
1584613082939 11.0 1479
1584613085758 7.0 1480
1584613088504 4.0 1481
1584613091412 8.0 1482
1584613093802 9.0 1483
1584613096262 6.0 1484
1584613098585 8.0 1485
1584613101303 1.0 1486
1584613103935 8.0 1487
1584613106542 3.0 1488
1584613108855 8.0 1489
1584613111548 9.0 1490
1584613114042 11.0 1491
1584613116366 3.0 1492
1584613119044 2.0 1493
1584613122063 4.0 1494
1584613124657 9.0 1495
1584613127423 6.0 1496
1584613130409 3.0 1497
1584613132585 3.0 1498
1584613135064 5.0 1499
1584613138238 7.0 1500
1584613140750 8.0 1501
1584613143678 3.0 1502
1584613145951 7.0 1503
1584613148111 10.0 1504
1584613150261 11.0 1505
1584613152413 3.0 1506
1584613154649 7.0 1507
1584613157111 7.0 1508
1584613159730 8.0 1509
1584613162148 6.0 1510
1584613164575 5.0 1511
1584613166870 1.0 1512
1584613169030 7.0 1513
1584613171166 9.0 1514
1584613173335 12.0 1515
1584613175773 8.0 1516
1584613178068 10.0 1517
1584613180680 7.0 1518
1584613183676 2.0 1519
1584613186800 11.0 1520
1584613189446 4.0 1521
1584613191755 10.0 1522
1584613194243 5.0 1523
1584613196946 11.0 1524
1584613199637 13.0 1525
1584613203128 5.0 1526
1584613205330 9.0 1527
1584613208098 3.0 1528
1584613211099 8.0 1529
1584613213581 8.0 1530
1584613216128 6.0 1531
1584613218341 6.0 1532
1584613220507 8.0 1533
1584613222641 13.0 1534
1584613224777 5.0 1535
1584613227008 11.0 1536
1584613229129 13.0 1537
1584613231276 10.0 1538
1584613233464 6.0 1539
1584613235575 8.0 1540
1584613237757 6.0 1541
1584613239929 6.0 1542
1584613242103 7.0 1543
1584613244282 4.0 1544
1584613246451 4.0 1545
1584613248582 2.0 1546
1584613250710 6.0 1547
1584613252869 3.0 1548
1584613255023 5.0 1549
1584613257181 11.0 1550
1584613259315 7.0 1551
1584613261441 11.0 1552
1584613264110 9.0 1553
1584613266440 6.0 1554
1584613268803 8.0 1555
1584613271415 10.0 1556
1584613273665 6.0 1557
1584613276413 7.0 1558
1584613278755 6.0 1559
1584613281075 4.0 1560
1584613283202 8.0 1561
1584613285787 7.0 1562
1584613288380 8.0 1563
1584613291379 7.0 1564
1584613295284 6.0 1565
1584613298158 4.0 1566
1584613301237 8.0 1567
1584613303467 0.0 1568
1584613305707 8.0 1569
1584613307892 7.0 1570
1584613310141 8.0 1571
1584613312593 10.0 1572
1584613314897 9.0 1573
1584613317709 9.0 1574
1584613320083 3.0 1575
1584613322429 3.0 1576
1584613324990 11.0 1577
1584613327271 7.0 1578
1584613329687 7.0 1579
1584613332657 9.0 1580
1584613335178 5.0 1581
1584613337916 7.0 1582
1584613340363 6.0 1583
1584613342495 6.0 1584
1584613344641 10.0 1585
1584613346883 10.0 1586
1584613349512 4.0 1587
1584613352385 8.0 1588
1584613354644 7.0 1589
1584613356807 4.0 1590
1584613358968 8.0 1591
1584613361149 8.0 1592
1584613363702 5.0 1593
1584613365938 6.0 1594
1584613368141 12.0 1595
1584613370244 4.0 1596
1584613373102 11.0 1597
1584613376755 6.0 1598
1584613381230 10.0 1599
1584613386372 9.0 1600
1584613392191 8.0 1601
1584613397795 11.0 1602
1584613402072 7.0 1603
1584613405692 6.0 1604
1584613408712 9.0 1605
1584613411888 13.0 1606
1584613414763 5.0 1607
1584613417452 2.0 1608
1584613420239 5.0 1609
1584613422895 10.0 1610
1584613425463 7.0 1611
1584613428822 4.0 1612
1584613431440 7.0 1613
1584613434195 4.0 1614
1584613436647 7.0 1615
1584613439229 9.0 1616
1584613442078 5.0 1617
1584613445388 6.0 1618
1584613450167 5.0 1619
1584613455468 4.0 1620
1584613461138 0.0 1621
1584613464844 5.0 1622
1584613467337 8.0 1623
1584613469571 7.0 1624
1584613471910 6.0 1625
1584613475040 9.0 1626
1584613477222 10.0 1627
1584613479624 8.0 1628
1584613482273 9.0 1629
1584613484504 8.0 1630
1584613486737 7.0 1631
1584613488997 6.0 1632
1584613491954 9.0 1633
1584613494874 6.0 1634
1584613497323 7.0 1635
1584613499918 7.0 1636
1584613502931 3.0 1637
1584613505647 5.0 1638
1584613508239 2.0 1639
1584613510418 4.0 1640
1584613513642 7.0 1641
1584613516382 8.0 1642
1584613519045 7.0 1643
1584613521194 8.0 1644
1584613523385 9.0 1645
1584613525609 0.0 1646
1584613527757 11.0 1647
1584613529933 5.0 1648
1584613532082 9.0 1649
1584613534223 8.0 1650
1584613536334 9.0 1651
1584613538655 5.0 1652
1584613544018 4.0 1653
1584613546219 10.0 1654
1584613548347 3.0 1655
1584613550528 8.0 1656
1584613552679 9.0 1657
1584613554804 -1.0 1658
1584613556979 12.0 1659
1584613559108 4.0 1660
1584613561339 11.0 1661
1584613563496 8.0 1662
1584613565607 8.0 1663
1584613567718 4.0 1664
1584613569861 8.0 1665
1584613572026 5.0 1666
1584613574190 4.0 1667
1584613576352 2.0 1668
1584613578483 4.0 1669
1584613580734 10.0 1670
1584613582916 4.0 1671
1584613585028 10.0 1672
1584613587226 8.0 1673
1584613589357 5.0 1674
1584613591582 12.0 1675
1584613593707 11.0 1676
1584613595834 7.0 1677
1584613598024 10.0 1678
1584613600186 2.0 1679
1584613602334 9.0 1680
1584613604502 10.0 1681
1584613606676 12.0 1682
1584613608795 4.0 1683
1584613610931 8.0 1684
1584613613091 9.0 1685
1584613615225 10.0 1686
1584613617461 7.0 1687
1584613619584 14.0 1688
1584613621773 9.0 1689
1584613624063 9.0 1690
1584613626249 8.0 1691
1584613628434 3.0 1692
1584613630609 6.0 1693
1584613632793 7.0 1694
1584613634967 5.0 1695
1584613637109 8.0 1696
1584613639240 6.0 1697
1584613641393 6.0 1698
1584613643574 11.0 1699
1584613645750 8.0 1700
1584613648046 4.0 1701
1584613650184 9.0 1702
1584613652382 5.0 1703
1584613654555 6.0 1704
1584613656724 9.0 1705
1584613658924 7.0 1706
1584613661128 7.0 1707
1584613663267 10.0 1708
1584613665395 9.0 1709
1584613667510 1.0 1710
1584613669686 5.0 1711
1584613671878 8.0 1712
1584613674026 7.0 1713
1584613676156 4.0 1714
1584613678305 5.0 1715
1584613680513 9.0 1716
1584613682856 10.0 1717
1584613685086 3.0 1718
1584613687245 8.0 1719
1584613689395 6.0 1720
1584613691563 7.0 1721
1584613693691 10.0 1722
1584613695901 2.0 1723
1584613698033 5.0 1724
1584613700242 13.0 1725
1584613702362 11.0 1726
1584613704541 3.0 1727
1584613706742 5.0 1728
1584613708928 11.0 1729
1584613711083 11.0 1730
1584613713334 2.0 1731
1584613715542 13.0 1732
1584613717690 7.0 1733
1584613719916 12.0 1734
1584613722095 5.0 1735
1584613724260 8.0 1736
1584613726436 6.0 1737
1584613728578 13.0 1738
1584613730720 3.0 1739
1584613732853 12.0 1740
1584613735050 4.0 1741
1584613737193 7.0 1742
1584613739474 1.0 1743
1584613741699 7.0 1744
1584613743984 4.0 1745
1584613746161 5.0 1746
1584613748277 12.0 1747
1584613750485 5.0 1748
1584613752629 8.0 1749
1584613754779 10.0 1750
1584613756919 8.0 1751
1584613759037 4.0 1752
1584613761258 5.0 1753
1584613763433 4.0 1754
1584613765582 10.0 1755
1584613767723 12.0 1756
1584613769896 13.0 1757
1584613772049 9.0 1758
1584613774202 5.0 1759
1584613776338 6.0 1760
1584613778501 8.0 1761
1584613780741 12.0 1762
1584613782887 2.0 1763
1584613785024 8.0 1764
1584613787160 10.0 1765
1584613789308 3.0 1766
1584613791469 9.0 1767
1584613793644 8.0 1768
1584613795832 7.0 1769
1584613798016 9.0 1770
1584613800353 7.0 1771
1584613803207 12.0 1772
1584613805367 6.0 1773
1584613807534 4.0 1774
1584613809768 10.0 1775
1584613811962 7.0 1776
1584613814146 8.0 1777
1584613817952 8.0 1778
1584613821386 7.0 1779
1584613825295 11.0 1780
1584613828753 6.0 1781
1584613832903 11.0 1782
1584613836593 10.0 1783
1584613840730 7.0 1784
1584613843031 6.0 1785
1584613845727 10.0 1786
1584613851271 8.0 1787
1584613853739 11.0 1788
1584613856001 9.0 1789
1584613858179 8.0 1790
1584613860421 8.0 1791
1584613862761 10.0 1792
1584613865690 10.0 1793
1584613869090 15.0 1794
1584613871315 4.0 1795
1584613873457 7.0 1796
1584613875625 9.0 1797
1584613877879 3.0 1798
1584613880072 9.0 1799
1584613882287 8.0 1800
1584613884625 5.0 1801
1584613886807 8.0 1802
1584613889022 8.0 1803
1584613891305 10.0 1804
1584613893540 7.0 1805
1584613895766 10.0 1806
1584613898059 7.0 1807
1584613900254 9.0 1808
1584613902439 6.0 1809
1584613904702 4.0 1810
1584613907055 8.0 1811
1584613909475 6.0 1812
1584613911630 11.0 1813
1584613913980 8.0 1814
1584613916237 1.0 1815
1584613918583 8.0 1816
1584613920837 6.0 1817
1584613923524 6.0 1818
1584613925810 7.0 1819
1584613928103 7.0 1820
1584613930298 10.0 1821
1584613932483 9.0 1822
1584613934721 12.0 1823
1584613936994 7.0 1824
1584613939204 8.0 1825
1584613941392 12.0 1826
1584613943558 7.0 1827
1584613945872 12.0 1828
1584613948102 11.0 1829
1584613950382 8.0 1830
1584613952601 7.0 1831
1584613954838 6.0 1832
1584613957001 11.0 1833
1584613959165 9.0 1834
1584613961394 13.0 1835
1584613963581 8.0 1836
1584613965893 9.0 1837
1584613968062 11.0 1838
1584613970451 6.0 1839
1584613972781 9.0 1840
1584613975273 5.0 1841
1584613977505 8.0 1842
1584613979872 12.0 1843
1584613982283 6.0 1844
1584613984678 7.0 1845
1584613986895 7.0 1846
1584613989059 11.0 1847
1584613991286 8.0 1848
1584613993517 8.0 1849
1584613995801 7.0 1850
1584613997995 8.0 1851
1584614000558 10.0 1852
1584614003145 11.0 1853
1584614006037 11.0 1854
1584614008315 11.0 1855
1584614012231 4.0 1856
1584614015016 8.0 1857
1584614017241 10.0 1858
1584614019574 11.0 1859
1584614021783 5.0 1860
1584614024063 8.0 1861
1584614026713 11.0 1862
1584614029008 5.0 1863
1584614031459 5.0 1864
1584614033777 10.0 1865
1584614036131 12.0 1866
1584614038391 4.0 1867
1584614041026 7.0 1868
1584614043516 8.0 1869
1584614046554 12.0 1870
1584614049042 4.0 1871
1584614051416 11.0 1872
1584614053767 5.0 1873
1584614056063 3.0 1874
1584614058357 9.0 1875
1584614060537 6.0 1876
1584614062689 10.0 1877
1584614065229 7.0 1878
1584614067492 6.0 1879
1584614070111 9.0 1880
1584614072827 6.0 1881
1584614075434 14.0 1882
1584614077802 7.0 1883
1584614080820 8.0 1884
1584614084619 6.0 1885
1584614090217 13.0 1886
1584614094290 11.0 1887
1584614099080 11.0 1888
1584614104176 5.0 1889
1584614107441 13.0 1890
1584614111716 6.0 1891
1584614116012 12.0 1892
1584614118908 7.0 1893
1584614121230 12.0 1894
1584614123576 8.0 1895
1584614125780 4.0 1896
1584614127975 8.0 1897
1584614130215 3.0 1898
1584614133278 9.0 1899
1584614136883 6.0 1900
1584614139340 8.0 1901
1584614141657 6.0 1902
1584614144067 9.0 1903
1584614147206 12.0 1904
1584614149826 6.0 1905
1584614152785 9.0 1906
1584614156007 8.0 1907
1584614158513 9.0 1908
1584614162277 8.0 1909
1584614166274 11.0 1910
1584614170493 12.0 1911
1584614173502 6.0 1912
1584614176891 11.0 1913
1584614179470 9.0 1914
1584614182033 6.0 1915
1584614184300 8.0 1916
1584614186525 7.0 1917
1584614188727 8.0 1918
1584614191029 12.0 1919
1584614193303 7.0 1920
1584614195461 8.0 1921
1584614197730 1.0 1922
1584614200141 10.0 1923
1584614202674 9.0 1924
1584614205005 5.0 1925
1584614209469 9.0 1926
1584614212129 7.0 1927
1584614214571 8.0 1928
1584614216923 14.0 1929
1584614219248 12.0 1930
1584614221499 6.0 1931
1584614223803 11.0 1932
1584614226047 15.0 1933
1584614228207 10.0 1934
1584614230437 9.0 1935
1584614232698 7.0 1936
1584614234940 10.0 1937
1584614237156 6.0 1938
1584614239332 8.0 1939
1584614241652 8.0 1940
1584614243905 7.0 1941
1584614246175 4.0 1942
1584614248380 9.0 1943
1584614250782 8.0 1944
1584614253125 11.0 1945
1584614255300 12.0 1946
1584614257532 9.0 1947
1584614259780 9.0 1948
1584614262095 7.0 1949
1584614264341 10.0 1950
1584614266530 9.0 1951
1584614268669 8.0 1952
1584614271208 8.0 1953
1584614273483 4.0 1954
1584614275771 12.0 1955
1584614278015 7.0 1956
1584614280302 14.0 1957
1584614282546 9.0 1958
1584614284736 10.0 1959
1584614286999 7.0 1960
1584614289236 12.0 1961
1584614291501 5.0 1962
1584614293660 9.0 1963
1584614295849 10.0 1964
1584614298023 10.0 1965
1584614301203 6.0 1966
1584614303669 8.0 1967
1584614307080 11.0 1968
1584614311049 4.0 1969
1584614315364 9.0 1970
1584614319104 8.0 1971
1584614322691 6.0 1972
1584614325697 12.0 1973
1584614329348 8.0 1974
1584614333000 12.0 1975
1584614336002 5.0 1976
1584614338327 8.0 1977
1584614340588 13.0 1978
1584614343081 7.0 1979
1584614345486 6.0 1980
1584614347705 6.0 1981
1584614350112 12.0 1982
1584614352753 6.0 1983
1584614355935 10.0 1984
1584614359694 9.0 1985
1584614364346 7.0 1986
1584614367966 9.0 1987
1584614371448 9.0 1988
1584614375420 10.0 1989
1584614378563 5.0 1990
1584614381547 6.0 1991
1584614384793 9.0 1992
1584614388008 10.0 1993
1584614391372 5.0 1994
1584614394059 8.0 1995
1584614397101 11.0 1996
1584614401145 7.0 1997
1584614404349 7.0 1998
1584614407413 9.0 1999
1584614411292 5.0 2000
