1584315176044 0.0 1
1584315180160 0.0 2
1584315186233 4.0 3
1584315191107 0.0 4
1584315195938 -1.0 5
1584315200124 1.0 6
1584315204999 2.0 7
1584315212819 1.0 8
1584315216575 0.0 9
1584315220391 2.0 10
1584315224346 -1.0 11
1584315228075 -4.0 12
1584315231672 -2.0 13
1584315235258 0.0 14
1584315239027 3.0 15
1584315241893 0.0 16
1584315244011 0.0 17
1584315246941 1.0 18
1584315251847 0.0 19
1584315255276 1.0 20
1584315258144 4.0 21
1584315263092 0.0 22
1584315266148 0.0 23
1584315268954 -1.0 24
1584315271590 0.0 25
1584315275029 0.0 26
1584315277357 1.0 27
1584315279723 0.0 28
1584315281930 1.0 29
1584315284126 1.0 30
1584315286286 1.0 31
1584315288435 1.0 32
1584315290563 2.0 33
1584315292923 0.0 34
1584315295366 2.0 35
1584315297692 0.0 36
1584315299894 1.0 37
1584315302180 1.0 38
1584315304379 1.0 39
1584315306531 1.0 40
1584315308717 0.0 41
1584315310872 6.0 42
1584315313054 4.0 43
1584315315426 1.0 44
1584315317989 1.0 45
1584315320194 1.0 46
1584315322340 1.0 47
1584315324597 2.0 48
1584315326769 2.0 49
1584315328938 2.0 50
1584315331104 1.0 51
1584315333253 -2.0 52
1584315335398 2.0 53
1584315337569 2.0 54
1584315339756 1.0 55
1584315341941 2.0 56
1584315344107 3.0 57
1584315346361 -1.0 58
1584315348648 7.0 59
1584315350836 4.0 60
1584315353209 3.0 61
1584315355425 7.0 62
1584315357593 3.0 63
1584315359976 4.0 64
1584315362119 2.0 65
1584315364296 6.0 66
1584315366447 3.0 67
1584315368592 0.0 68
1584315370769 4.0 69
1584315372918 5.0 70
1584315375263 2.0 71
1584315377603 7.0 72
1584315379742 1.0 73
1584315381877 0.0 74
1584315384085 5.0 75
1584315386266 3.0 76
1584315388628 3.0 77
1584315391120 5.0 78
1584315393699 4.0 79
1584315395952 6.0 80
1584315398193 3.0 81
1584315400736 0.0 82
1584315403134 2.0 83
1584315405308 6.0 84
1584315407463 4.0 85
1584315409775 5.0 86
1584315411931 1.0 87
1584315414190 7.0 88
1584315416472 4.0 89
1584315418626 7.0 90
1584315420848 1.0 91
1584315423019 3.0 92
1584315425932 4.0 93
1584315428833 0.0 94
1584315431881 0.0 95
1584315434041 2.0 96
1584315436259 1.0 97
1584315438453 4.0 98
1584315440687 0.0 99
1584315442938 2.0 100
1584315445108 3.0 101
1584315447367 6.0 102
1584315449620 0.0 103
1584315451869 3.0 104
1584315454019 1.0 105
1584315456427 5.0 106
1584315458970 6.0 107
1584315461256 0.0 108
1584315464587 7.0 109
1584315466921 2.0 110
1584315469093 1.0 111
1584315472198 0.0 112
1584315474946 0.0 113
1584315477420 1.0 114
1584315480011 2.0 115
1584315482358 2.0 116
1584315485148 7.0 117
1584315487528 15.0 118
1584315489805 2.0 119
1584315492063 7.0 120
1584315494241 10.0 121
1584315496478 6.0 122
1584315498770 5.0 123
1584315501142 8.0 124
1584315503317 3.0 125
1584315505476 3.0 126
1584315507647 5.0 127
1584315510005 7.0 128
1584315512413 3.0 129
1584315514755 0.0 130
1584315517231 0.0 131
1584315519446 4.0 132
1584315521621 7.0 133
1584315523944 3.0 134
1584315526321 11.0 135
1584315528456 2.0 136
1584315530605 17.0 137
1584315532732 10.0 138
1584315534910 5.0 139
1584315537068 8.0 140
1584315539222 5.0 141
1584315541368 11.0 142
1584315543565 16.0 143
1584315545725 4.0 144
1584315547898 10.0 145
1584315550063 10.0 146
1584315552311 0.0 147
1584315554686 4.0 148
1584315556905 7.0 149
1584315559054 10.0 150
1584315561252 5.0 151
1584315563413 7.0 152
1584315565568 5.0 153
1584315567701 1.0 154
1584315569880 10.0 155
1584315572140 12.0 156
1584315574379 14.0 157
1584315576673 2.0 158
1584315578992 11.0 159
1584315581378 6.0 160
1584315583645 11.0 161
1584315585873 12.0 162
1584315588160 9.0 163
1584315590326 7.0 164
1584315592465 8.0 165
1584315594615 16.0 166
1584315596769 4.0 167
1584315598918 8.0 168
1584315601079 4.0 169
1584315603234 6.0 170
1584315605386 4.0 171
1584315607565 7.0 172
1584315609724 15.0 173
1584315611869 7.0 174
1584315614168 5.0 175
1584315616290 11.0 176
1584315618459 1.0 177
1584315620593 10.0 178
1584315622752 4.0 179
1584315624937 1.0 180
1584315627113 15.0 181
1584315629283 5.0 182
1584315631785 17.0 183
1584315634030 8.0 184
1584315636399 0.0 185
1584315638740 13.0 186
1584315640918 15.0 187
1584315643127 6.0 188
1584315645302 11.0 189
1584315647450 2.0 190
1584315649783 14.0 191
1584315651951 10.0 192
1584315654085 11.0 193
1584315656244 7.0 194
1584315658404 11.0 195
1584315660598 19.0 196
1584315662733 13.0 197
1584315664876 9.0 198
1584315667083 5.0 199
1584315669385 12.0 200
1584315671556 11.0 201
1584315673699 9.0 202
1584315676171 5.0 203
1584315678457 13.0 204
1584315680654 8.0 205
1584315682833 2.0 206
1584315685188 15.0 207
1584315687512 9.0 208
1584315689758 10.0 209
1584315691951 17.0 210
1584315694128 6.0 211
1584315696304 10.0 212
1584315698648 15.0 213
1584315700967 11.0 214
1584315703143 9.0 215
1584315705327 10.0 216
1584315707492 9.0 217
1584315709640 13.0 218
1584315711814 8.0 219
1584315713972 13.0 220
1584315716158 9.0 221
1584315718357 13.0 222
1584315720516 10.0 223
1584315722705 12.0 224
1584315724865 15.0 225
1584315727023 4.0 226
1584315729181 10.0 227
1584315731336 7.0 228
1584315733685 4.0 229
1584315735872 7.0 230
1584315738070 7.0 231
1584315740263 7.0 232
1584315742538 7.0 233
1584315744977 6.0 234
1584315747708 7.0 235
1584315749952 5.0 236
1584315752590 17.0 237
1584315754965 12.0 238
1584315757101 11.0 239
1584315759435 16.0 240
1584315761583 15.0 241
1584315763790 11.0 242
1584315766020 7.0 243
1584315768193 15.0 244
1584315770357 4.0 245
1584315772545 19.0 246
1584315774717 5.0 247
1584315776895 9.0 248
1584315779034 17.0 249
1584315781176 17.0 250
1584315783330 11.0 251
1584315785555 0.0 252
1584315787834 14.0 253
1584315790005 12.0 254
1584315792158 16.0 255
1584315794404 11.0 256
1584315796539 5.0 257
1584315798721 13.0 258
1584315800898 1.0 259
1584315803076 12.0 260
1584315805232 17.0 261
1584315807479 9.0 262
1584315809769 9.0 263
1584315811978 0.0 264
1584315814133 -1.0 265
1584315816275 18.0 266
1584315818468 9.0 267
1584315820696 4.0 268
1584315822855 2.0 269
1584315825028 18.0 270
1584315827180 14.0 271
1584315829430 3.0 272
1584315831621 14.0 273
1584315833814 13.0 274
1584315836224 3.0 275
1584315838543 14.0 276
1584315840736 14.0 277
1584315843205 14.0 278
1584315845833 6.0 279
1584315848109 9.0 280
1584315850518 17.0 281
1584315852763 14.0 282
1584315855099 18.0 283
1584315857302 15.0 284
1584315859489 15.0 285
1584315861761 15.0 286
1584315863940 17.0 287
1584315866090 9.0 288
1584315868238 12.0 289
1584315870417 15.0 290
1584315872592 10.0 291
1584315874814 5.0 292
1584315876982 4.0 293
1584315879365 13.0 294
1584315881565 3.0 295
1584315883998 18.0 296
1584315886280 8.0 297
1584315888418 12.0 298
1584315890599 0.0 299
1584315892796 14.0 300
1584315894961 19.0 301
1584315897117 16.0 302
1584315899592 21.0 303
1584315901758 10.0 304
1584315904014 10.0 305
1584315906217 5.0 306
1584315908397 16.0 307
1584315910618 19.0 308
1584315912917 11.0 309
1584315915647 11.0 310
1584315917872 7.0 311
1584315920021 16.0 312
1584315922161 16.0 313
1584315924313 15.0 314
1584315926487 11.0 315
1584315928790 17.0 316
1584315931292 15.0 317
1584315933463 13.0 318
1584315935769 19.0 319
1584315937954 4.0 320
1584315940240 16.0 321
1584315942393 16.0 322
1584315944587 8.0 323
1584315946737 13.0 324
1584315948907 15.0 325
1584315951085 13.0 326
1584315953235 14.0 327
1584315955380 13.0 328
1584315957607 10.0 329
1584315959831 11.0 330
1584315962078 16.0 331
1584315964390 21.0 332
1584315966546 15.0 333
1584315968714 10.0 334
1584315971035 13.0 335
1584315973221 8.0 336
1584315975399 12.0 337
1584315977547 5.0 338
1584315979712 21.0 339
1584315981876 11.0 340
1584315984294 20.0 341
1584315986660 7.0 342
1584315988920 15.0 343
1584315991120 12.0 344
1584315993277 17.0 345
1584315995436 7.0 346
1584315997650 20.0 347
1584315999821 16.0 348
1584316002050 18.0 349
1584316004231 18.0 350
1584316006476 18.0 351
1584316008786 15.0 352
1584316010964 17.0 353
1584316013125 16.0 354
1584316015301 8.0 355
1584316017507 13.0 356
1584316019695 17.0 357
1584316021887 12.0 358
1584316024021 11.0 359
1584316026211 19.0 360
1584316028373 17.0 361
1584316030571 11.0 362
1584316032737 14.0 363
1584316035008 13.0 364
1584316037792 15.0 365
1584316040085 17.0 366
1584316042238 15.0 367
1584316044771 15.0 368
1584316047140 9.0 369
1584316049353 8.0 370
1584316051527 6.0 371
1584316053777 12.0 372
1584316055977 12.0 373
1584316058407 11.0 374
1584316060584 10.0 375
1584316063387 7.0 376
1584316065784 18.0 377
1584316068097 15.0 378
1584316070265 17.0 379
1584316072464 17.0 380
1584316074670 13.0 381
1584316076831 20.0 382
1584316078987 16.0 383
1584316081165 16.0 384
1584316083316 8.0 385
1584316085505 6.0 386
1584316087683 15.0 387
1584316089838 8.0 388
1584316091986 17.0 389
1584316094192 15.0 390
1584316096360 17.0 391
1584316098577 22.0 392
1584316100726 19.0 393
1584316102909 13.0 394
1584316105120 11.0 395
1584316107306 9.0 396
1584316109719 18.0 397
1584316111924 14.0 398
1584316114332 16.0 399
1584316116569 15.0 400
1584316118759 18.0 401
1584316120930 11.0 402
1584316123111 17.0 403
1584316125507 16.0 404
1584316127856 13.0 405
1584316130204 16.0 406
1584316132493 18.0 407
1584316134882 17.0 408
1584316137224 14.0 409
1584316139422 13.0 410
1584316141623 18.0 411
1584316143835 14.0 412
1584316146016 16.0 413
1584316148209 7.0 414
1584316150382 21.0 415
1584316152569 19.0 416
1584316154932 16.0 417
1584316157200 16.0 418
1584316159353 15.0 419
1584316161626 15.0 420
1584316164048 15.0 421
1584316166388 10.0 422
1584316169022 23.0 423
1584316171521 15.0 424
1584316173708 16.0 425
1584316175976 6.0 426
1584316178342 22.0 427
1584316180520 15.0 428
1584316182875 21.0 429
1584316185369 15.0 430
1584316187612 20.0 431
1584316189940 12.0 432
1584316192297 9.0 433
1584316194532 18.0 434
1584316196684 14.0 435
1584316198863 9.0 436
1584316201066 18.0 437
1584316203230 15.0 438
1584316205401 22.0 439
1584316207572 2.0 440
1584316209766 15.0 441
1584316212137 13.0 442
1584316214541 19.0 443
1584316217541 10.0 444
1584316219843 6.0 445
1584316222554 13.0 446
1584316224740 15.0 447
1584316227001 11.0 448
1584316229207 17.0 449
1584316231588 7.0 450
1584316233765 13.0 451
1584316235934 18.0 452
1584316238082 22.0 453
1584316240229 9.0 454
1584316242497 15.0 455
1584316244734 18.0 456
1584316246909 12.0 457
1584316249087 19.0 458
1584316251263 14.0 459
1584316253565 13.0 460
1584316255865 14.0 461
1584316259543 16.0 462
1584316263112 16.0 463
1584316265755 19.0 464
1584316268185 21.0 465
1584316270395 17.0 466
1584316272604 16.0 467
1584316274962 13.0 468
1584316277251 16.0 469
1584316279467 17.0 470
1584316281690 13.0 471
1584316283871 23.0 472
1584316286062 12.0 473
1584316288321 20.0 474
1584316290865 18.0 475
1584316293130 12.0 476
1584316295534 13.0 477
1584316297920 18.0 478
1584316300340 13.0 479
1584316302994 13.0 480
1584316305381 17.0 481
1584316308477 13.0 482
1584316310726 22.0 483
1584316313006 20.0 484
1584316315994 21.0 485
1584316318618 23.0 486
1584316321093 17.0 487
1584316323589 13.0 488
1584316325887 8.0 489
1584316328765 13.0 490
1584316331002 11.0 491
1584316333373 19.0 492
1584316335832 16.0 493
1584316338085 19.0 494
1584316340474 17.0 495
1584316342738 11.0 496
1584316345057 11.0 497
1584316347670 18.0 498
1584316350059 13.0 499
1584316352424 15.0 500
1584316355126 16.0 501
1584316357287 14.0 502
1584316359702 11.0 503
1584316361865 17.0 504
1584316364817 6.0 505
1584316367205 24.0 506
1584316369441 10.0 507
1584316371774 17.0 508
1584316373952 13.0 509
1584316376361 13.0 510
1584316378694 21.0 511
1584316380975 17.0 512
1584316383167 14.0 513
1584316385738 19.0 514
1584316388161 15.0 515
1584316390348 24.0 516
1584316392681 16.0 517
1584316395284 16.0 518
1584316397497 16.0 519
1584316399650 20.0 520
1584316401930 19.0 521
1584316404117 10.0 522
1584316406543 14.0 523
1584316409138 17.0 524
1584316411609 22.0 525
1584316413852 15.0 526
1584316416263 13.0 527
1584316419417 16.0 528
1584316421753 17.0 529
1584316424089 11.0 530
1584316426731 17.0 531
1584316428977 7.0 532
1584316431339 15.0 533
1584316433648 21.0 534
1584316436164 19.0 535
1584316438491 16.0 536
1584316440997 17.0 537
1584316443220 21.0 538
1584316445462 20.0 539
1584316447837 17.0 540
1584316450150 16.0 541
1584316452309 16.0 542
1584316454537 15.0 543
1584316456728 19.0 544
1584316458889 12.0 545
1584316461066 22.0 546
1584316463259 13.0 547
1584316465451 19.0 548
1584316467789 11.0 549
1584316470081 21.0 550
1584316472300 22.0 551
1584316474525 12.0 552
1584316476699 14.0 553
1584316478900 12.0 554
1584316481062 15.0 555
1584316483239 20.0 556
1584316485544 17.0 557
1584316487985 17.0 558
1584316490169 11.0 559
1584316492334 18.0 560
1584316494646 11.0 561
1584316496919 16.0 562
1584316499070 14.0 563
1584316501256 19.0 564
1584316503458 16.0 565
1584316506035 16.0 566
1584316508259 9.0 567
1584316510457 9.0 568
1584316512861 16.0 569
1584316515425 19.0 570
1584316517679 14.0 571
1584316519886 12.0 572
1584316522290 19.0 573
1584316524462 16.0 574
1584316526631 6.0 575
1584316528819 18.0 576
1584316531010 20.0 577
1584316533239 16.0 578
1584316535401 16.0 579
1584316537582 15.0 580
1584316539753 19.0 581
1584316541964 18.0 582
1584316544156 20.0 583
1584316546339 14.0 584
1584316548608 19.0 585
1584316550776 1.0 586
1584316553029 13.0 587
1584316555310 15.0 588
1584316557813 13.0 589
1584316560448 20.0 590
1584316562786 18.0 591
1584316565084 24.0 592
1584316567235 13.0 593
1584316569404 15.0 594
1584316571581 11.0 595
1584316573798 9.0 596
1584316575964 12.0 597
1584316578138 16.0 598
1584316580306 14.0 599
1584316582573 13.0 600
1584316584733 13.0 601
1584316586887 16.0 602
1584316589047 15.0 603
1584316591218 18.0 604
1584316593415 7.0 605
1584316595612 19.0 606
1584316597856 17.0 607
1584316600139 21.0 608
1584316602438 13.0 609
1584316604659 1.0 610
1584316606831 12.0 611
1584316609030 15.0 612
1584316611196 20.0 613
1584316613420 16.0 614
1584316615601 16.0 615
1584316617989 17.0 616
1584316620337 16.0 617
1584316622727 23.0 618
1584316625019 13.0 619
1584316627182 21.0 620
1584316629378 18.0 621
1584316631564 22.0 622
1584316633800 23.0 623
1584316636017 17.0 624
1584316638222 15.0 625
1584316640459 19.0 626
1584316642900 9.0 627
1584316645116 22.0 628
1584316647324 20.0 629
1584316649739 24.0 630
1584316652182 20.0 631
1584316654384 13.0 632
1584316656563 14.0 633
1584316658739 16.0 634
1584316660920 14.0 635
1584316663134 20.0 636
1584316665322 18.0 637
1584316667540 17.0 638
1584316669722 19.0 639
1584316671868 17.0 640
1584316674086 21.0 641
1584316676289 16.0 642
1584316678515 11.0 643
1584316680666 21.0 644
1584316682841 15.0 645
1584316685061 19.0 646
1584316687216 16.0 647
1584316689402 17.0 648
