1584488019900 1 1
1584488024905 1 2
1584488028422 1 3
1584488032332 1 4
1584488035929 1 5
1584488039182 1 6
1584488041706 1 7
1584488044296 1 8
1584488046808 1 9
1584488049382 1 10
1584488051880 1 11
1584488054313 1 12
1584488056815 1 13
1584488059295 1 14
1584488061839 1 15
1584488064329 1 16
1584488067028 1 17
1584488069622 1 18
1584488072096 1 19
1584488074492 1 20
1584488077039 1 21
1584488079487 1 22
1584488081977 1 23
1584488084436 1 24
1584488086922 1 25
1584488089333 1 26
1584488093007 1 27
1584488096508 1 28
1584488100573 1 29
1584488103544 1 30
1584488107672 1 31
1584488110658 1 32
1584488113494 1 33
1584488115843 1 34
1584488119439 1 35
1584488122255 1 36
1584488124754 1 37
1584488127194 1 38
1584488129432 1 39
1584488131726 1 40
1584488134001 1 41
1584488136248 1 42
1584488138638 1 43
1584488140906 1 44
1584488143397 1 45
1584488146242 1 46
1584488149575 1 47
1584488151831 1 48
1584488154745 1 49
1584488157991 1 50
1584488160407 1 51
1584488162955 1 52
1584488165975 1 53
1584488168464 1 54
1584488170791 1 55
1584488173108 1 56
1584488175375 1 57
1584488177609 1 58
1584488179901 1 59
1584488182366 1 60
1584488184697 1 61
1584488187283 1 62
1584488190099 1 63
1584488193263 1 64
1584488195550 1 65
1584488197913 1 66
1584488200302 1 67
1584488202833 1 68
1584488205388 1 69
1584488207732 1 70
1584488210467 1 71
1584488213642 1 72
1584488217002 1 73
1584488219652 1 74
1584488222690 1 75
1584488225413 1 76
1584488227998 1 77
1584488230605 1 78
1584488233250 1 79
1584488236099 1 80
1584488238762 1 81
1584488241432 1 82
1584488244197 1 83
1584488246987 1 84
1584488249746 1 85
1584488252428 1 86
1584488255141 1 87
1584488257696 1 88
1584488260421 1 89
1584488263125 1 90
1584488266034 1 91
1584488268731 1 92
1584488272277 1 93
1584488276213 1 94
1584488280752 1 95
1584488284950 1 96
1584488287416 1 97
1584488290079 1 98
1584488292670 1 99
1584488295434 1 100
