1583063298493 0.0 1
1583063300675 0.5 2
1583063302789 0.6666666666666666 3
1583063304920 0.75 4
1583063307039 0.6 5
1583063309192 0.3333333333333333 6
1583063311324 0.14285714285714285 7
1583063313431 0.0 8
1583063315539 -0.1111111111111111 9
1583063317661 0.0 10
1583063319794 0.0 11
1583063321906 -0.08333333333333333 12
1583063324040 -0.15384615384615385 13
1583063326166 -0.07142857142857142 14
1583063328268 -0.06666666666666667 15
1583063330411 0.0 16
1583063332534 -0.058823529411764705 17
1583063334658 -0.1111111111111111 18
1583063336793 -0.05263157894736842 19
1583063338907 0.0 20
