1584058941167 0.0 1
1584058943524 0.5 2
1584058945773 0.6666666666666666 3
1584058947948 0.75 4
1584058950220 0.6 5
1584058952455 0.3333333333333333 6
1584058954700 0.14285714285714285 7
1584058957085 0.0 8
1584058959439 -0.1111111111111111 9
1584058961899 0.0 10
1584058964131 0.0 11
1584058966334 -0.08333333333333333 12
1584058968471 -0.15384615384615385 13
1584058970656 -0.07142857142857142 14
1584058972866 -0.06666666666666667 15
1584058975037 0.0 16
1584058977788 -0.058823529411764705 17
1584058980663 -0.1111111111111111 18
1584058982899 -0.05263157894736842 19
1584058985095 0.0 20
1584058987646 0.0 21
1584058990276 0.045454545454545456 22
1584058992777 0.043478260869565216 23
1584058995151 0.041666666666666664 24
1584058997336 0.04 25
1584058999576 0.038461538461538464 26
1584059001911 0.037037037037037035 27
1584059004316 0.03571428571428571 28
1584059006528 0.0 29
1584059008745 0.0 30
1584059010975 -0.06451612903225806 31
1584059013165 -0.0625 32
1584059015401 -0.06060606060606061 33
1584059017565 -0.029411764705882353 34
1584059019777 0.0 35
1584059021971 0.0 36
1584059024153 0.0 37
1584059026310 0.0 38
1584059028480 0.0 39
1584059030673 0.025 40
1584059032913 0.024390243902439025 41
1584059035432 0.07142857142857142 42
1584059037992 0.06976744186046512 43
1584059040363 0.11363636363636363 44
1584059042635 0.1111111111111111 45
1584059045115 0.08695652173913043 46
1584059047530 0.06382978723404255 47
1584059049818 0.08333333333333333 48
1584059052266 0.08163265306122448 49
1584059054587 0.1 50
1584059057026 0.058823529411764705 51
1584059059281 0.057692307692307696 52
1584059061523 0.1320754716981132 53
1584059063851 0.12962962962962962 54
1584059066252 0.14545454545454545 55
1584059068608 0.16071428571428573 56
1584059070817 0.15789473684210525 57
1584059072985 0.1896551724137931 58
1584059075160 0.22033898305084745 59
1584059077567 0.25 60
1584059080100 0.2459016393442623 61
1584059082268 0.25806451612903225 62
1584059084486 0.25396825396825395 63
1584059086990 0.28125 64
1584059089548 0.3076923076923077 65
1584059091954 0.3484848484848485 66
1584059094749 0.3582089552238806 67
1584059097253 0.39705882352941174 68
1584059099421 0.391304347826087 69
1584059101760 0.44285714285714284 70
1584059104176 0.43661971830985913 71
1584059106358 0.4444444444444444 72
1584059108500 0.5068493150684932 73
1584059110626 0.5 74
1584059112816 0.5066666666666667 75
1584059114966 0.5 76
1584059117250 0.4935064935064935 77
1584059119440 0.5128205128205128 78
1584059121622 0.5443037974683544 79
1584059123802 0.5625 80
1584059126293 0.5802469135802469 81
1584059128831 0.573170731707317 82
1584059131264 0.5783132530120482 83
1584059133485 0.5952380952380952 84
1584059135753 0.6 85
1584059137957 0.6511627906976745 86
1584059140279 0.6781609195402298 87
1584059143279 0.6818181818181818 88
1584059145993 0.7528089887640449 89
1584059150838 0.8 90
1584059157181 0.8021978021978022 91
1584059162019 0.8152173913043478 92
1584059164433 0.8387096774193549 93
1584059167286 0.8617021276595744 94
1584059169697 0.8842105263157894 95
1584059172694 0.8645833333333334 96
1584059175098 0.8969072164948454 97
1584059177765 0.9183673469387755 98
1584059180269 0.9191919191919192 99
1584059182963 0.95 100
1584059185403 0.94 101
1584059187938 0.97 102
1584059191789 1.0 103
1584059195147 0.99 104
1584059197651 1.05 105
1584059201120 1.09 106
1584059203570 1.12 107
1584059206061 1.14 108
1584059209015 1.17 109
1584059211609 1.18 110
1584059214522 1.22 111
1584059216978 1.26 112
1584059222287 1.3 113
1584059229952 1.28 114
1584059239420 1.36 115
1584059246124 1.4 116
1584059248871 1.5 117
1584059251600 1.58 118
1584059254653 1.59 119
1584059257564 1.62 120
1584059260142 1.67 121
1584059265541 1.7 122
1584059268019 1.75 123
1584059275738 1.8 124
1584059281459 1.82 125
1584059283962 1.85 126
1584059286657 1.91 127
1584059289596 1.95 128
1584059294223 2.01 129
1584059298590 2.03 130
1584059302757 2.09 131
1584059306455 2.15 132
1584059308760 2.17 133
1584059311132 2.2 134
1584059315309 2.18 135
1584059318812 2.21 136
1584059321257 2.22 137
1584059328486 2.26 138
1584059331159 2.27 139
1584059333693 2.34 140
1584059336868 2.37 141
1584059340998 2.39 142
1584059343484 2.43 143
1584059347747 2.43 144
1584059351917 2.47 145
1584059356567 2.53 146
1584059360167 2.58 147
1584059362415 2.61 148
1584059364636 2.66 149
1584059366889 2.71 150
1584059369125 2.77 151
1584059371385 2.85 152
1584059374383 2.89 153
1584059377181 2.93 154
1584059379697 2.96 155
1584059384524 3.01 156
1584059387619 3.07 157
1584059391434 3.1 158
1584059394930 3.12 159
1584059399770 3.18 160
1584059404645 3.27 161
1584059409484 3.31 162
1584059415837 3.38 163
1584059418699 3.37 164
1584059423099 3.39 165
1584059427548 3.42 166
1584059430027 3.45 167
1584059433731 3.46 168
1584059435997 3.54 169
1584059440739 3.54 170
1584059446199 3.6 171
1584059451101 3.62 172
1584059454461 3.65 173
1584059456863 3.7 174
1584059460413 3.75 175
1584059462767 3.8 176
1584059465509 3.87 177
1584059467821 3.9 178
1584059470990 3.91 179
1584059476786 3.96 180
1584059482377 4.03 181
1584059486234 4.06 182
1584059489547 4.11 183
1584059492787 4.08 184
1584059496074 4.14 185
1584059499814 4.19 186
1584059503544 4.21 187
1584059507776 4.24 188
1584059511379 4.21 189
1584059513919 4.24 190
1584059518082 4.24 191
1584059521460 4.29 192
1584059524059 4.34 193
1584059526325 4.4 194
1584059529727 4.45 195
1584059534674 4.5 196
1584059537665 4.58 197
