1584058941158 0.0 1
1584058943516 1.0 2
1584058945766 1.0 3
1584058947939 1.0 4
1584058950150 0.0 5
1584058952450 -1.0 6
1584058954690 -1.0 7
1584058957080 -1.0 8
1584058959425 -1.0 9
1584058961892 1.0 10
1584058964125 0.0 11
1584058966328 -1.0 12
1584058968465 -1.0 13
1584058970651 1.0 14
1584058972859 0.0 15
1584058975029 1.0 16
1584058977780 -1.0 17
1584058980658 -1.0 18
1584058982893 1.0 19
1584058985088 1.0 20
1584058987636 0.0 21
1584058990267 1.0 22
1584058992769 0.0 23
1584058995145 0.0 24
1584058997330 0.0 25
1584058999571 0.0 26
1584059001906 0.0 27
1584059004309 0.0 28
1584059006521 -1.0 29
1584059008738 0.0 30
1584059010970 -2.0 31
1584059013159 0.0 32
1584059015396 0.0 33
1584059017558 1.0 34
1584059019771 1.0 35
1584059021964 0.0 36
1584059024147 0.0 37
1584059026305 0.0 38
1584059028473 0.0 39
1584059030668 1.0 40
1584059032906 0.0 41
1584059035421 2.0 42
1584059037986 0.0 43
1584059040357 2.0 44
1584059042628 0.0 45
1584059045108 -1.0 46
1584059047520 -1.0 47
1584059049813 1.0 48
1584059052258 0.0 49
1584059054579 1.0 50
1584059057020 -2.0 51
1584059059271 0.0 52
1584059061517 4.0 53
1584059063838 0.0 54
1584059066244 1.0 55
1584059068604 1.0 56
1584059070811 0.0 57
1584059072981 2.0 58
1584059075151 2.0 59
1584059077561 2.0 60
1584059080093 0.0 61
1584059082264 1.0 62
1584059084479 0.0 63
1584059086984 2.0 64
1584059089521 2.0 65
1584059091938 3.0 66
1584059094743 1.0 67
1584059097246 3.0 68
1584059099415 0.0 69
1584059101749 4.0 70
1584059104170 0.0 71
1584059106352 1.0 72
1584059108494 5.0 73
1584059110621 0.0 74
1584059112809 1.0 75
1584059114960 0.0 76
1584059117245 0.0 77
1584059119435 2.0 78
1584059121615 3.0 79
1584059123797 2.0 80
1584059126285 2.0 81
1584059128823 0.0 82
1584059131255 1.0 83
1584059133478 2.0 84
1584059135745 1.0 85
1584059137951 5.0 86
1584059140271 3.0 87
1584059143271 1.0 88
1584059145952 7.0 89
1584059150826 5.0 90
1584059157168 1.0 91
1584059162010 2.0 92
1584059164426 3.0 93
1584059167278 3.0 94
1584059169685 3.0 95
1584059172684 -1.0 96
1584059175080 4.0 97
1584059177755 3.0 98
1584059180258 1.0 99
1584059182958 4.0 100
1584059185394 -1.0 101
1584059187929 4.0 102
1584059191781 4.0 103
1584059195142 0.0 104
1584059197642 6.0 105
1584059201105 3.0 106
1584059203556 2.0 107
1584059206054 1.0 108
1584059209006 2.0 109
1584059211593 2.0 110
1584059214504 4.0 111
1584059216971 3.0 112
1584059222271 3.0 113
1584059229944 -1.0 114
1584059239406 8.0 115
1584059246117 5.0 116
1584059248863 9.0 117
1584059251593 7.0 118
1584059254642 2.0 119
1584059257556 4.0 120
1584059260136 5.0 121
1584059265532 4.0 122
1584059268012 5.0 123
1584059275726 5.0 124
1584059281451 2.0 125
1584059283951 3.0 126
1584059286647 6.0 127
1584059289570 4.0 128
1584059294215 5.0 129
1584059298581 2.0 130
1584059302743 4.0 131
1584059306449 6.0 132
1584059308753 2.0 133
1584059311091 4.0 134
1584059315300 -1.0 135
1584059318802 3.0 136
1584059321250 1.0 137
1584059328478 4.0 138
1584059331147 1.0 139
1584059333680 8.0 140
1584059336855 3.0 141
1584059340985 4.0 142
1584059343476 4.0 143
1584059347741 2.0 144
1584059351911 4.0 145
1584059356559 5.0 146
1584059360162 4.0 147
1584059362409 4.0 148
1584059364630 5.0 149
1584059366881 6.0 150
1584059369101 4.0 151
1584059371379 8.0 152
1584059374375 8.0 153
1584059377160 4.0 154
1584059379692 4.0 155
1584059384510 6.0 156
1584059387611 6.0 157
1584059391427 5.0 158
1584059394913 4.0 159
1584059399763 8.0 160
1584059404637 9.0 161
1584059409471 5.0 162
1584059415804 7.0 163
1584059418693 1.0 164
1584059423090 4.0 165
1584059427540 6.0 166
1584059430017 4.0 167
1584059433725 4.0 168
1584059435990 8.0 169
1584059440725 4.0 170
1584059446192 6.0 171
1584059451093 3.0 172
1584059454448 8.0 173
1584059456857 5.0 174
1584059460406 6.0 175
1584059462760 5.0 176
1584059465503 7.0 177
1584059467816 5.0 178
1584059470982 4.0 179
1584059476781 7.0 180
1584059482372 9.0 181
1584059486228 3.0 182
1584059489540 6.0 183
1584059492782 -1.0 184
1584059496059 7.0 185
1584059499802 10.0 186
1584059503535 5.0 187
1584059507767 4.0 188
1584059511370 4.0 189
1584059513911 8.0 190
1584059518071 1.0 191
1584059521447 7.0 192
1584059524045 8.0 193
1584059526319 9.0 194
1584059529714 8.0 195
1584059534666 4.0 196
1584059537649 12.0 197
