1584586724289 1 1
1584586726729 1 2
1584586729354 1 3
1584586731772 1 4
1584586734198 1 5
1584586736769 1 6
1584586739232 1 7
1584586741774 1 8
1584586744190 1 9
1584586746535 1 10
1584586748793 1 11
1584586751037 1 12
1584586753316 1 13
1584586755552 1 14
1584586757787 1 15
1584586760216 1 16
1584586762535 1 17
1584586764822 1 18
1584586767116 1 19
1584586769405 1 20
1584586771704 1 21
1584586774061 1 22
1584586776309 1 23
1584586778601 1 24
1584586780898 1 25
1584586783159 1 26
1584586785396 1 27
1584586787651 1 28
1584586789907 1 29
1584586792153 1 30
1584586794441 1 31
1584586796707 1 32
1584586798969 1 33
1584586801235 1 34
1584586803591 1 35
1584586805841 1 36
1584586808104 1 37
1584586810365 1 38
1584586812650 1 39
1584586814886 1 40
1584586817139 1 41
1584586819401 1 42
1584586821669 1 43
1584586823937 1 44
1584586826190 1 45
1584586828501 1 46
1584586830760 1 47
1584586833015 1 48
1584586835248 1 49
1584586837523 1 50
1584586839976 1 51
1584586842236 1 52
1584586844467 1 53
1584586846712 1 54
1584586848936 1 55
1584586851185 1 56
1584586853440 1 57
1584586855748 1 58
1584586858054 1 59
1584586860350 1 60
1584586862634 1 61
1584586864945 1 62
1584586867244 1 63
1584586869556 1 64
1584586871817 1 65
1584586874126 1 66
1584586876377 1 67
1584586878649 1 68
1584586880869 1 69
1584586883161 1 70
1584586885424 1 71
1584586887691 1 72
1584586889948 1 73
1584586892219 1 74
1584586894505 1 75
1584586896754 1 76
1584586899028 1 77
1584586901323 1 78
1584586903568 1 79
1584586905833 1 80
1584586908099 1 81
1584586910358 1 82
1584586912614 1 83
1584586914900 1 84
1584586917152 1 85
1584586919541 1 86
1584586921800 1 87
1584586924098 1 88
1584586926375 1 89
1584586928651 1 90
1584586930965 1 91
1584586933228 1 92
1584586935583 1 93
1584586937864 1 94
1584586940138 1 95
1584586942438 1 96
1584586944686 1 97
1584586946981 1 98
1584586949225 1 99
1584586951530 1 100
1584586953850 1 101
1584586956167 1 102
1584586958441 1 103
1584586960743 1 104
1584586962985 1 105
1584586965326 1 106
1584586967588 1 107
1584586969898 1 108
1584586972165 1 109
1584586974460 1 110
1584586976732 1 111
1584586979016 1 112
1584586981312 1 113
1584586983614 1 114
1584586985863 1 115
1584586988149 1 116
1584586990491 1 117
1584586992761 1 118
1584586995050 1 119
1584586997467 1 120
1584586999761 1 121
1584587002058 1 122
1584587004324 1 123
1584587006603 1 124
1584587008842 1 125
1584587011124 1 126
1584587013385 1 127
1584587015640 1 128
1584587017900 1 129
1584587020164 1 130
1584587022441 1 131
1584587024723 1 132
1584587027026 1 133
1584587029319 1 134
1584587031784 1 135
1584587034090 1 136
1584587036371 1 137
1584587038671 1 138
1584587040947 1 139
1584587043225 1 140
1584587045475 1 141
1584587047771 1 142
1584587050037 1 143
1584587052323 1 144
1584587054627 1 145
1584587056906 1 146
1584587059178 1 147
1584587061458 1 148
1584587063792 1 149
1584587066057 1 150
1584587068340 1 151
1584587070623 1 152
1584587072887 1 153
1584587075139 1 154
1584587077403 1 155
1584587079686 1 156
1584587081978 1 157
1584587084255 1 158
1584587086521 1 159
1584587088803 1 160
1584587091064 1 161
1584587093335 1 162
1584587095608 1 163
1584587097850 1 164
1584587100101 1 165
1584587102361 1 166
1584587104648 1 167
1584587106909 1 168
1584587109207 1 169
1584587111508 1 170
1584587113796 1 171
1584587116080 1 172
1584587118387 1 173
1584587120673 1 174
1584587122979 1 175
1584587125270 1 176
1584587127595 1 177
1584587130131 1 178
1584587132398 1 179
1584587134680 1 180
1584587136964 1 181
1584587139475 1 182
1584587141863 1 183
1584587144176 1 184
1584587146453 1 185
1584587148743 1 186
1584587151004 1 187
1584587153301 1 188
1584587155565 1 189
1584587157855 1 190
1584587160318 1 191
1584587162649 1 192
1584587164955 1 193
1584587167375 1 194
1584587169667 1 195
1584587171946 1 196
1584587174233 1 197
1584587176520 1 198
1584587178759 1 199
1584587181021 1 200
1584587183368 1 201
1584587185675 1 202
1584587187963 1 203
1584587190354 1 204
1584587192596 1 205
1584587194904 1 206
1584587197197 1 207
1584587199576 1 208
1584587201885 1 209
1584587204226 1 210
1584587206504 1 211
1584587208811 1 212
1584587211122 1 213
1584587213433 1 214
1584587215782 1 215
1584587218047 1 216
1584587220401 1 217
1584587222686 1 218
1584587225177 1 219
1584587227530 1 220
1584587229986 1 221
1584587232370 1 222
1584587234687 1 223
1584587237007 1 224
1584587239310 1 225
1584587241588 1 226
1584587243866 1 227
1584587246147 1 228
1584587248431 1 229
1584587250726 1 230
1584587252974 1 231
1584587255294 1 232
1584587257583 1 233
1584587259900 1 234
1584587262209 1 235
1584587264507 1 236
1584587266801 1 237
1584587269081 1 238
1584587271404 1 239
1584587273693 1 240
1584587276007 1 241
1584587278321 1 242
1584587280627 1 243
1584587282940 1 244
1584587285278 1 245
1584587287568 1 246
1584587289878 1 247
1584587292443 1 248
1584587294708 1 249
1584587297004 1 250
1584587299290 1 251
1584587301578 1 252
1584587303827 1 253
1584587306090 1 254
1584587308350 1 255
1584587310651 1 256
1584587312929 1 257
1584587315198 1 258
1584587317540 1 259
1584587319840 1 260
1584587322303 1 261
1584587324579 1 262
1584587326851 1 263
1584587329298 1 264
1584587331597 1 265
1584587333877 1 266
1584587336168 1 267
1584587338562 1 268
1584587340938 1 269
1584587343287 1 270
1584587345597 1 271
1584587347913 1 272
1584587350241 1 273
1584587352619 1 274
1584587354908 1 275
1584587357204 1 276
1584587359508 1 277
1584587361802 1 278
1584587364102 1 279
1584587366414 1 280
1584587368706 1 281
1584587371023 1 282
1584587373317 1 283
1584587375642 1 284
1584587377935 1 285
1584587380240 1 286
1584587382534 1 287
1584587384822 1 288
1584587387100 1 289
1584587389363 1 290
1584587391670 1 291
1584587393973 1 292
1584587396288 1 293
1584587398607 1 294
1584587400896 1 295
1584587403233 1 296
1584587405463 1 297
1584587407718 1 298
1584587410014 1 299
1584587412348 1 300
1584587414707 1 301
1584587417000 1 302
1584587419525 1 303
1584587421863 1 304
1584587424179 1 305
1584587426462 1 306
1584587428751 1 307
1584587431044 1 308
1584587433305 1 309
1584587435604 1 310
1584587437879 1 311
1584587440226 1 312
1584587442518 1 313
1584587444821 1 314
1584587447094 1 315
1584587449423 1 316
1584587451688 1 317
1584587453965 1 318
1584587456233 1 319
1584587458570 1 320
1584587460925 1 321
1584587463248 1 322
1584587465577 1 323
1584587467873 1 324
1584587470144 1 325
1584587472462 1 326
1584587474758 1 327
1584587477043 1 328
1584587479364 1 329
1584587481686 1 330
1584587483975 1 331
1584587486265 1 332
1584587488566 1 333
1584587490866 1 334
1584587493144 1 335
1584587495417 1 336
1584587497696 1 337
1584587500062 1 338
1584587502369 1 339
1584587504680 1 340
1584587506931 1 341
1584587509257 1 342
1584587511575 1 343
1584587513863 1 344
1584587516581 1 345
1584587518871 1 346
1584587521182 1 347
1584587523469 1 348
1584587525761 1 349
1584587528015 1 350
1584587530297 1 351
1584587532548 1 352
1584587534831 1 353
1584587537111 1 354
1584587539361 1 355
1584587541654 1 356
1584587543943 1 357
1584587546289 1 358
1584587548577 1 359
1584587550896 1 360
1584587553168 1 361
1584587555425 1 362
1584587557681 1 363
1584587560016 1 364
1584587562297 1 365
1584587564588 1 366
1584587566880 1 367
1584587569189 1 368
1584587571532 1 369
1584587573817 1 370
1584587576158 1 371
1584587578433 1 372
1584587580734 1 373
1584587583042 1 374
1584587585338 1 375
1584587587706 1 376
1584587589995 1 377
1584587592290 1 378
1584587594560 1 379
1584587596849 1 380
1584587599138 1 381
1584587601463 1 382
1584587603756 1 383
1584587606200 1 384
1584587608494 1 385
1584587610790 1 386
1584587613197 1 387
1584587615489 1 388
1584587617769 1 389
1584587620073 1 390
1584587622351 1 391
1584587624619 1 392
1584587626892 1 393
1584587629194 1 394
1584587631461 1 395
1584587633801 1 396
1584587636084 1 397
1584587638411 1 398
1584587640743 1 399
1584587643082 1 400
1584587645489 1 401
1584587647780 1 402
1584587650070 1 403
1584587652392 1 404
1584587654681 1 405
1584587656972 1 406
1584587659243 1 407
1584587661514 1 408
1584587663783 1 409
1584587666061 1 410
1584587668370 1 411
1584587670666 1 412
1584587673002 1 413
1584587675313 1 414
1584587677597 1 415
1584587679860 1 416
1584587682127 1 417
1584587684377 1 418
1584587686643 1 419
1584587688928 1 420
1584587691180 1 421
1584587693415 1 422
1584587695699 1 423
1584587698016 1 424
1584587700286 1 425
1584587702622 1 426
1584587704893 1 427
1584587707173 1 428
1584587709614 1 429
1584587711901 1 430
1584587714176 1 431
1584587716497 1 432
1584587718885 1 433
1584587721195 1 434
1584587723485 1 435
1584587725794 1 436
1584587728241 1 437
1584587730702 1 438
1584587732986 1 439
1584587735312 1 440
1584587737575 1 441
1584587739949 1 442
1584587742230 1 443
1584587744504 1 444
1584587746798 1 445
1584587749092 1 446
1584587751374 1 447
1584587753679 1 448
1584587755968 1 449
1584587758261 1 450
1584587760608 1 451
1584587762901 1 452
1584587765212 1 453
1584587767502 1 454
1584587769850 1 455
1584587772160 1 456
1584587774436 1 457
1584587776748 1 458
1584587779052 1 459
1584587781324 1 460
1584587783586 1 461
1584587785882 1 462
1584587788169 1 463
1584587790500 1 464
1584587792780 1 465
1584587795078 1 466
1584587797348 1 467
1584587799707 1 468
1584587801976 1 469
1584587804307 1 470
1584587806668 1 471
1584587808985 1 472
1584587811261 1 473
1584587813574 1 474
1584587815954 1 475
1584587818258 1 476
1584587820573 1 477
1584587822869 1 478
1584587825162 1 479
1584587827439 1 480
1584587829717 1 481
1584587832030 1 482
1584587834314 1 483
1584587836753 1 484
1584587839003 1 485
1584587841318 1 486
1584587843661 1 487
1584587845942 1 488
1584587848238 1 489
1584587850583 1 490
1584587852877 1 491
1584587855195 1 492
1584587857488 1 493
1584587859789 1 494
1584587862091 1 495
1584587864367 1 496
1584587866715 1 497
1584587869033 1 498
1584587871327 1 499
1584587873627 1 500
1584587875978 1 501
1584587878269 1 502
1584587880553 1 503
1584587882829 1 504
1584587885122 1 505
1584587887385 1 506
1584587889698 1 507
1584587891995 1 508
1584587894288 1 509
1584587896637 1 510
1584587898892 1 511
1584587901349 1 512
1584587903629 1 513
1584587905922 1 514
1584587908276 1 515
1584587910588 1 516
1584587912925 1 517
1584587915201 1 518
1584587917494 1 519
1584587919812 1 520
1584587922110 1 521
1584587924402 1 522
1584587926661 1 523
1584587928948 1 524
1584587931213 1 525
1584587933576 1 526
1584587935840 1 527
1584587938139 1 528
1584587940421 1 529
1584587942699 1 530
1584587944975 1 531
1584587947278 1 532
1584587949560 1 533
1584587951808 1 534
1584587954082 1 535
1584587956355 1 536
1584587958658 1 537
1584587960990 1 538
1584587963308 1 539
1584587965600 1 540
1584587967856 1 541
1584587970128 1 542
1584587972421 1 543
1584587974690 1 544
1584587977004 1 545
1584587979284 1 546
1584587981568 1 547
1584587983869 1 548
1584587986187 1 549
1584587988518 1 550
1584587990828 1 551
1584587993157 1 552
1584587995426 1 553
1584587997779 1 554
1584588000075 1 555
1584588002407 1 556
1584588004705 1 557
1584588006977 1 558
1584588009255 1 559
1584588011568 1 560
1584588013814 1 561
1584588016090 1 562
1584588018357 1 563
1584588020594 1 564
1584588022826 1 565
1584588025087 1 566
1584588027332 1 567
1584588029795 1 568
1584588032087 1 569
1584588034396 1 570
1584588036696 1 571
1584588038989 1 572
1584588041267 1 573
1584588043545 1 574
1584588045833 1 575
1584588048119 1 576
1584588050384 1 577
1584588052713 1 578
1584588055021 1 579
1584588057342 1 580
1584588059790 1 581
1584588062120 1 582
1584588064501 1 583
1584588066766 1 584
1584588069141 1 585
1584588071385 1 586
1584588073692 1 587
1584588075976 1 588
1584588078266 1 589
1584588080553 1 590
1584588082843 1 591
1584588085144 1 592
1584588087383 1 593
1584588089850 1 594
1584588092141 1 595
1584588094597 1 596
1584588096893 1 597
1584588099201 1 598
1584588101475 1 599
1584588103739 1 600
1584588106059 1 601
1584588108344 1 602
1584588110697 1 603
1584588113675 1 604
1584588115969 1 605
1584588118299 1 606
1584588120599 1 607
1584588124126 1 608
1584588126460 1 609
1584588128745 1 610
1584588131030 1 611
1584588133338 1 612
1584588135675 1 613
1584588137996 1 614
1584588140280 1 615
1584588142565 1 616
1584588144788 1 617
1584588147059 1 618
1584588149385 1 619
1584588151730 1 620
1584588154025 1 621
1584588156349 1 622
1584588158599 1 623
1584588160914 1 624
1584588163184 1 625
1584588165523 1 626
1584588167877 1 627
1584588170187 1 628
1584588172498 1 629
1584588174792 1 630
1584588177207 1 631
1584588179547 1 632
1584588181847 1 633
1584588184201 1 634
1584588186533 1 635
1584588188824 1 636
1584588191294 1 637
1584588193654 1 638
1584588195936 1 639
1584588198237 1 640
1584588200574 1 641
1584588202920 1 642
1584588205247 1 643
1584588207527 1 644
1584588209861 1 645
1584588212167 1 646
1584588214480 1 647
1584588216769 1 648
1584588219043 1 649
1584588221383 1 650
1584588223766 1 651
1584588226063 1 652
1584588228335 1 653
1584588230630 1 654
1584588233125 1 655
1584588235636 1 656
1584588237965 1 657
1584588240339 1 658
1584588242680 1 659
1584588244963 1 660
1584588247216 1 661
1584588249491 1 662
1584588251859 1 663
1584588254132 1 664
1584588256442 1 665
1584588258720 1 666
1584588260982 1 667
1584588263312 1 668
1584588265603 1 669
1584588267882 1 670
1584588270151 1 671
1584588272480 1 672
1584588274746 1 673
1584588277040 1 674
1584588279349 1 675
1584588281844 1 676
1584588284149 1 677
1584588286515 1 678
1584588289320 1 679
1584588291630 1 680
1584588293919 1 681
1584588296225 1 682
1584588298548 1 683
1584588300877 1 684
1584588303168 1 685
1584588305463 1 686
1584588307726 1 687
1584588310034 1 688
1584588312320 1 689
1584588314605 1 690
1584588316913 1 691
1584588319278 1 692
1584588321589 1 693
1584588324029 1 694
1584588326330 1 695
1584588328615 1 696
1584588330900 1 697
1584588333210 1 698
1584588335505 1 699
1584588337812 1 700
1584588340277 1 701
1584588342579 1 702
1584588344916 1 703
1584588347225 1 704
1584588349574 1 705
1584588351879 1 706
1584588354201 1 707
1584588356490 1 708
1584588358766 1 709
1584588361140 1 710
1584588363455 1 711
1584588365758 1 712
1584588368058 1 713
1584588370426 1 714
1584588372747 1 715
1584588375081 1 716
1584588377390 1 717
1584588379765 1 718
1584588382063 1 719
1584588384493 1 720
1584588386781 1 721
1584588389122 1 722
1584588391432 1 723
1584588393729 1 724
1584588396054 1 725
1584588398348 1 726
1584588400663 1 727
1584588402952 1 728
1584588405248 1 729
1584588407667 1 730
1584588409992 1 731
1584588412309 1 732
1584588414672 1 733
1584588416962 1 734
1584588419216 1 735
1584588421524 1 736
1584588423837 1 737
1584588426096 1 738
1584588428397 1 739
1584588430692 1 740
1584588432984 1 741
1584588435302 1 742
1584588437569 1 743
1584588439891 1 744
1584588442164 1 745
1584588444456 1 746
1584588446779 1 747
1584588449057 1 748
1584588451341 1 749
1584588453644 1 750
1584588455922 1 751
1584588458167 1 752
1584588460467 1 753
1584588462733 1 754
1584588465027 1 755
1584588467324 1 756
1584588469629 1 757
1584588471915 1 758
1584588474158 1 759
1584588476527 1 760
1584588478789 1 761
1584588481183 1 762
1584588483479 1 763
1584588485715 1 764
1584588488005 1 765
1584588490287 1 766
1584588492578 1 767
1584588494868 1 768
1584588497134 1 769
1584588499411 1 770
1584588501694 1 771
1584588504017 1 772
1584588506275 1 773
1584588508633 1 774
1584588510964 1 775
1584588513283 1 776
1584588515586 1 777
1584588517880 1 778
1584588520156 1 779
1584588522433 1 780
1584588524716 1 781
1584588527011 1 782
1584588529294 1 783
1584588531630 1 784
1584588533910 1 785
1584588536176 1 786
1584588538487 1 787
1584588540748 1 788
1584588543137 1 789
1584588545393 1 790
1584588547646 1 791
1584588549911 1 792
1584588552226 1 793
1584588554496 1 794
1584588556796 1 795
1584588559081 1 796
1584588561367 1 797
1584588563653 1 798
1584588565914 1 799
1584588568169 1 800
1584588570562 1 801
1584588572877 1 802
1584588575142 1 803
1584588577421 1 804
1584588579691 1 805
1584588582031 1 806
1584588584322 1 807
1584588586637 1 808
1584588588920 1 809
1584588591227 1 810
1584588593537 1 811
1584588595849 1 812
1584588598249 1 813
1584588600610 1 814
1584588602935 1 815
1584588605204 1 816
1584588607467 1 817
1584588609733 1 818
1584588611995 1 819
1584588614370 1 820
1584588616636 1 821
1584588618896 1 822
1584588621188 1 823
1584588623474 1 824
1584588625770 1 825
1584588628048 1 826
1584588630300 1 827
1584588632648 1 828
1584588634922 1 829
1584588637207 1 830
1584588639506 1 831
1584588641814 1 832
1584588644152 1 833
1584588646419 1 834
1584588648696 1 835
1584588650967 1 836
1584588653245 1 837
1584588655569 1 838
1584588657861 1 839
1584588660199 1 840
1584588662517 1 841
1584588664793 1 842
1584588667044 1 843
1584588669363 1 844
1584588671668 1 845
1584588674004 1 846
1584588676275 1 847
1584588678759 1 848
1584588681108 1 849
1584588683393 1 850
1584588685713 1 851
1584588688000 1 852
1584588690372 1 853
1584588692704 1 854
1584588694992 1 855
1584588697273 1 856
1584588699602 1 857
1584588701916 1 858
1584588704210 1 859
1584588706481 1 860
1584588708798 1 861
1584588711123 1 862
1584588713391 1 863
1584588715734 1 864
1584588717976 1 865
1584588720289 1 866
1584588722559 1 867
1584588725024 1 868
1584588727292 1 869
1584588729605 1 870
1584588731916 1 871
1584588734244 1 872
1584588736554 1 873
1584588738864 1 874
1584588741140 1 875
1584588743396 1 876
1584588745681 1 877
1584588747943 1 878
1584588750225 1 879
1584588752505 1 880
1584588754784 1 881
