1584586724289 300 1
1584586726729 300 2
1584586729354 300 3
1584586731772 300 4
1584586734198 300 5
1584586736769 300 6
1584586739232 300 7
1584586741774 300 8
1584586744190 300 9
1584586746535 300 10
1584586748793 300 11
1584586751037 300 12
1584586753316 300 13
1584586755552 300 14
1584586757787 300 15
1584586760216 300 16
1584586762535 300 17
1584586764822 300 18
1584586767116 300 19
1584586769405 300 20
1584586771704 300 21
1584586774061 300 22
1584586776309 300 23
1584586778601 300 24
1584586780898 300 25
1584586783159 300 26
1584586785396 300 27
1584586787651 300 28
1584586789907 300 29
1584586792153 300 30
1584586794441 300 31
1584586796707 300 32
1584586798969 300 33
1584586801235 300 34
1584586803591 300 35
1584586805841 300 36
1584586808104 300 37
1584586810365 300 38
1584586812650 300 39
1584586814886 300 40
1584586817139 300 41
1584586819401 300 42
1584586821669 300 43
1584586823937 300 44
1584586826190 300 45
1584586828501 300 46
1584586830760 300 47
1584586833015 300 48
1584586835248 300 49
1584586837523 300 50
1584586839976 300 51
1584586842236 300 52
1584586844467 300 53
1584586846712 300 54
1584586848936 300 55
1584586851185 300 56
1584586853440 300 57
1584586855748 300 58
1584586858054 300 59
1584586860350 300 60
1584586862634 300 61
1584586864945 300 62
1584586867244 300 63
1584586869556 300 64
1584586871817 300 65
1584586874126 300 66
1584586876377 300 67
1584586878649 300 68
1584586880869 300 69
1584586883161 300 70
1584586885424 300 71
1584586887691 300 72
1584586889948 300 73
1584586892219 300 74
1584586894505 300 75
1584586896754 300 76
1584586899028 300 77
1584586901323 300 78
1584586903568 300 79
1584586905833 300 80
1584586908099 300 81
1584586910358 300 82
1584586912614 300 83
1584586914900 300 84
1584586917152 300 85
1584586919541 300 86
1584586921800 300 87
1584586924098 300 88
1584586926375 300 89
1584586928651 300 90
1584586930965 300 91
1584586933228 300 92
1584586935583 300 93
1584586937864 300 94
1584586940138 300 95
1584586942438 300 96
1584586944686 300 97
1584586946981 300 98
1584586949225 300 99
1584586951530 300 100
1584586953850 300 101
1584586956167 300 102
1584586958441 300 103
1584586960743 300 104
1584586962985 300 105
1584586965326 300 106
1584586967588 300 107
1584586969898 300 108
1584586972165 300 109
1584586974460 300 110
1584586976732 300 111
1584586979016 300 112
1584586981312 300 113
1584586983614 300 114
1584586985863 300 115
1584586988149 300 116
1584586990491 300 117
1584586992761 300 118
1584586995050 300 119
1584586997467 300 120
1584586999761 300 121
1584587002058 300 122
1584587004324 300 123
1584587006603 300 124
1584587008842 300 125
1584587011124 300 126
1584587013385 300 127
1584587015640 300 128
1584587017900 300 129
1584587020164 300 130
1584587022441 300 131
1584587024723 300 132
1584587027026 300 133
1584587029319 300 134
1584587031784 300 135
1584587034090 300 136
1584587036371 300 137
1584587038671 300 138
1584587040947 300 139
1584587043225 300 140
1584587045475 300 141
1584587047771 300 142
1584587050037 300 143
1584587052323 300 144
1584587054627 300 145
1584587056906 300 146
1584587059178 300 147
1584587061458 300 148
1584587063792 300 149
1584587066057 300 150
1584587068340 300 151
1584587070623 300 152
1584587072887 300 153
1584587075139 300 154
1584587077403 300 155
1584587079686 300 156
1584587081978 300 157
1584587084255 300 158
1584587086521 300 159
1584587088803 300 160
1584587091064 300 161
1584587093335 300 162
1584587095608 300 163
1584587097850 300 164
1584587100101 300 165
1584587102361 300 166
1584587104648 300 167
1584587106909 300 168
1584587109207 300 169
1584587111508 300 170
1584587113796 300 171
1584587116080 300 172
1584587118387 300 173
1584587120673 300 174
1584587122979 300 175
1584587125270 300 176
1584587127595 300 177
1584587130131 300 178
1584587132398 300 179
1584587134680 300 180
1584587136964 300 181
1584587139475 300 182
1584587141863 300 183
1584587144176 300 184
1584587146453 300 185
1584587148743 300 186
1584587151004 300 187
1584587153301 300 188
1584587155565 300 189
1584587157855 300 190
1584587160318 300 191
1584587162649 300 192
1584587164955 300 193
1584587167375 300 194
1584587169667 300 195
1584587171946 300 196
1584587174233 300 197
1584587176520 300 198
1584587178759 300 199
1584587181021 300 200
1584587183368 300 201
1584587185675 300 202
1584587187963 300 203
1584587190354 300 204
1584587192596 300 205
1584587194904 300 206
1584587197197 300 207
1584587199576 300 208
1584587201885 300 209
1584587204226 300 210
1584587206504 300 211
1584587208811 300 212
1584587211122 300 213
1584587213433 300 214
1584587215782 300 215
1584587218047 300 216
1584587220401 300 217
1584587222686 300 218
1584587225177 300 219
1584587227530 300 220
1584587229986 300 221
1584587232370 300 222
1584587234687 300 223
1584587237007 300 224
1584587239310 300 225
1584587241588 300 226
1584587243866 300 227
1584587246147 300 228
1584587248431 300 229
1584587250726 300 230
1584587252974 300 231
1584587255294 300 232
1584587257583 300 233
1584587259900 300 234
1584587262209 300 235
1584587264507 300 236
1584587266801 300 237
1584587269081 300 238
1584587271404 300 239
1584587273693 300 240
1584587276007 300 241
1584587278321 300 242
1584587280627 300 243
1584587282940 300 244
1584587285278 300 245
1584587287568 300 246
1584587289878 300 247
1584587292443 300 248
1584587294708 300 249
1584587297004 300 250
1584587299290 300 251
1584587301578 300 252
1584587303827 300 253
1584587306090 300 254
1584587308350 300 255
1584587310651 300 256
1584587312929 300 257
1584587315198 300 258
1584587317540 300 259
1584587319840 300 260
1584587322303 300 261
1584587324579 300 262
1584587326851 300 263
1584587329298 300 264
1584587331597 300 265
1584587333877 300 266
1584587336168 300 267
1584587338562 300 268
1584587340938 300 269
1584587343287 300 270
1584587345597 300 271
1584587347913 300 272
1584587350241 300 273
1584587352619 300 274
1584587354908 300 275
1584587357204 300 276
1584587359508 300 277
1584587361802 300 278
1584587364102 300 279
1584587366414 300 280
1584587368706 300 281
1584587371023 300 282
1584587373317 300 283
1584587375642 300 284
1584587377935 300 285
1584587380240 300 286
1584587382534 300 287
1584587384822 300 288
1584587387100 300 289
1584587389363 300 290
1584587391670 300 291
1584587393973 300 292
1584587396288 300 293
1584587398607 300 294
1584587400896 300 295
1584587403233 300 296
1584587405463 300 297
1584587407718 300 298
1584587410014 300 299
1584587412348 300 300
1584587414707 300 301
1584587417000 300 302
1584587419525 300 303
1584587421863 300 304
1584587424179 300 305
1584587426462 300 306
1584587428751 300 307
1584587431044 300 308
1584587433305 300 309
1584587435604 300 310
1584587437879 300 311
1584587440226 300 312
1584587442518 300 313
1584587444821 300 314
1584587447094 300 315
1584587449423 300 316
1584587451688 300 317
1584587453965 300 318
1584587456233 300 319
1584587458570 300 320
1584587460925 300 321
1584587463248 300 322
1584587465577 300 323
1584587467873 300 324
1584587470144 300 325
1584587472462 300 326
1584587474758 300 327
1584587477043 300 328
1584587479364 300 329
1584587481686 300 330
1584587483975 300 331
1584587486265 300 332
1584587488566 300 333
1584587490866 300 334
1584587493144 300 335
1584587495417 300 336
1584587497696 300 337
1584587500062 300 338
1584587502369 300 339
1584587504680 300 340
1584587506931 300 341
1584587509257 300 342
1584587511575 300 343
1584587513863 300 344
1584587516581 300 345
1584587518871 300 346
1584587521182 300 347
1584587523469 300 348
1584587525761 300 349
1584587528015 300 350
1584587530297 300 351
1584587532548 300 352
1584587534831 300 353
1584587537111 300 354
1584587539361 300 355
1584587541654 300 356
1584587543943 300 357
1584587546289 300 358
1584587548577 300 359
1584587550896 300 360
1584587553168 300 361
1584587555425 300 362
1584587557681 300 363
1584587560016 300 364
1584587562297 300 365
1584587564588 300 366
1584587566880 300 367
1584587569189 300 368
1584587571532 300 369
1584587573817 300 370
1584587576158 300 371
1584587578433 300 372
1584587580734 300 373
1584587583042 300 374
1584587585338 300 375
1584587587706 300 376
1584587589995 300 377
1584587592290 300 378
1584587594560 300 379
1584587596849 300 380
1584587599138 300 381
1584587601463 300 382
1584587603756 300 383
1584587606200 300 384
1584587608494 300 385
1584587610790 300 386
1584587613197 300 387
1584587615489 300 388
1584587617769 300 389
1584587620073 300 390
1584587622351 300 391
1584587624619 300 392
1584587626892 300 393
1584587629194 300 394
1584587631461 300 395
1584587633801 300 396
1584587636084 300 397
1584587638411 300 398
1584587640743 300 399
1584587643082 300 400
1584587645489 300 401
1584587647780 300 402
1584587650070 300 403
1584587652392 300 404
1584587654681 300 405
1584587656972 300 406
1584587659243 300 407
1584587661514 300 408
1584587663783 300 409
1584587666061 300 410
1584587668370 300 411
1584587670666 300 412
1584587673002 300 413
1584587675313 300 414
1584587677597 300 415
1584587679860 300 416
1584587682127 300 417
1584587684377 300 418
1584587686643 300 419
1584587688928 300 420
1584587691180 300 421
1584587693415 300 422
1584587695699 300 423
1584587698016 300 424
1584587700286 300 425
1584587702622 300 426
1584587704893 300 427
1584587707173 300 428
1584587709614 300 429
1584587711901 300 430
1584587714176 300 431
1584587716497 300 432
1584587718885 300 433
1584587721195 300 434
1584587723485 300 435
1584587725794 300 436
1584587728241 300 437
1584587730702 300 438
1584587732986 300 439
1584587735312 300 440
1584587737575 300 441
1584587739949 300 442
1584587742230 300 443
1584587744504 300 444
1584587746798 300 445
1584587749092 300 446
1584587751374 300 447
1584587753679 300 448
1584587755968 300 449
1584587758261 300 450
1584587760608 300 451
1584587762901 300 452
1584587765212 300 453
1584587767502 300 454
1584587769850 300 455
1584587772160 300 456
1584587774436 300 457
1584587776748 300 458
1584587779052 300 459
1584587781324 300 460
1584587783586 300 461
1584587785882 300 462
1584587788169 300 463
1584587790500 300 464
1584587792780 300 465
1584587795078 300 466
1584587797348 300 467
1584587799707 300 468
1584587801976 300 469
1584587804307 300 470
1584587806668 300 471
1584587808985 300 472
1584587811261 300 473
1584587813574 300 474
1584587815954 300 475
1584587818258 300 476
1584587820573 300 477
1584587822869 300 478
1584587825162 300 479
1584587827439 300 480
1584587829717 300 481
1584587832030 300 482
1584587834314 300 483
1584587836753 300 484
1584587839003 300 485
1584587841318 300 486
1584587843661 300 487
1584587845942 300 488
1584587848238 300 489
1584587850583 300 490
1584587852877 300 491
1584587855195 300 492
1584587857488 300 493
1584587859789 300 494
1584587862091 300 495
1584587864367 300 496
1584587866715 300 497
1584587869033 300 498
1584587871327 300 499
1584587873627 300 500
1584587875978 300 501
1584587878269 300 502
1584587880553 300 503
1584587882829 300 504
1584587885122 300 505
1584587887385 300 506
1584587889698 300 507
1584587891995 300 508
1584587894288 300 509
1584587896637 300 510
1584587898892 300 511
1584587901349 300 512
1584587903629 300 513
1584587905922 300 514
1584587908276 300 515
1584587910588 300 516
1584587912925 300 517
1584587915201 300 518
1584587917494 300 519
1584587919812 300 520
1584587922110 300 521
1584587924402 300 522
1584587926661 300 523
1584587928948 300 524
1584587931213 300 525
1584587933576 300 526
1584587935840 300 527
1584587938139 300 528
1584587940421 300 529
1584587942699 300 530
1584587944975 300 531
1584587947278 300 532
1584587949560 300 533
1584587951808 300 534
1584587954082 300 535
1584587956355 300 536
1584587958658 300 537
1584587960990 300 538
1584587963308 300 539
1584587965600 300 540
1584587967856 300 541
1584587970128 300 542
1584587972421 300 543
1584587974690 300 544
1584587977004 300 545
1584587979284 300 546
1584587981568 300 547
1584587983869 300 548
1584587986187 300 549
1584587988518 300 550
1584587990828 300 551
1584587993157 300 552
1584587995426 300 553
1584587997779 300 554
1584588000075 300 555
1584588002407 300 556
1584588004705 300 557
1584588006977 300 558
1584588009255 300 559
1584588011568 300 560
1584588013814 300 561
1584588016090 300 562
1584588018357 300 563
1584588020594 300 564
1584588022826 300 565
1584588025087 300 566
1584588027332 300 567
1584588029795 300 568
1584588032087 300 569
1584588034396 300 570
1584588036696 300 571
1584588038989 300 572
1584588041267 300 573
1584588043545 300 574
1584588045833 300 575
1584588048119 300 576
1584588050384 300 577
1584588052713 300 578
1584588055021 300 579
1584588057342 300 580
1584588059790 300 581
1584588062120 300 582
1584588064501 300 583
1584588066766 300 584
1584588069141 300 585
1584588071385 300 586
1584588073692 300 587
1584588075976 300 588
1584588078266 300 589
1584588080553 300 590
1584588082843 300 591
1584588085144 300 592
1584588087383 300 593
1584588089850 300 594
1584588092141 300 595
1584588094597 300 596
1584588096893 300 597
1584588099201 300 598
1584588101475 300 599
1584588103739 300 600
1584588106059 300 601
1584588108344 300 602
1584588110697 300 603
1584588113675 300 604
1584588115969 300 605
1584588118299 300 606
1584588120599 300 607
1584588124126 300 608
1584588126460 300 609
1584588128745 300 610
1584588131030 300 611
1584588133338 300 612
1584588135675 300 613
1584588137996 300 614
1584588140280 300 615
1584588142565 300 616
1584588144788 300 617
1584588147059 300 618
1584588149385 300 619
1584588151730 300 620
1584588154025 300 621
1584588156349 300 622
1584588158599 300 623
1584588160914 300 624
1584588163184 300 625
1584588165523 300 626
1584588167877 300 627
1584588170187 300 628
1584588172498 300 629
1584588174792 300 630
1584588177207 300 631
1584588179547 300 632
1584588181847 300 633
1584588184201 300 634
1584588186533 300 635
1584588188824 300 636
1584588191294 300 637
1584588193654 300 638
1584588195936 300 639
1584588198237 300 640
1584588200574 300 641
1584588202920 300 642
1584588205247 300 643
1584588207527 300 644
1584588209861 300 645
1584588212167 300 646
1584588214480 300 647
1584588216769 300 648
1584588219043 300 649
1584588221383 300 650
1584588223766 300 651
1584588226063 300 652
1584588228335 300 653
1584588230630 300 654
1584588233125 300 655
1584588235636 300 656
1584588237965 300 657
1584588240339 300 658
1584588242680 300 659
1584588244963 300 660
1584588247216 300 661
1584588249491 300 662
1584588251859 300 663
1584588254132 300 664
1584588256442 300 665
1584588258720 300 666
1584588260982 300 667
1584588263312 300 668
1584588265603 300 669
1584588267882 300 670
1584588270151 300 671
1584588272480 300 672
1584588274746 300 673
1584588277040 300 674
1584588279349 300 675
1584588281844 300 676
1584588284149 300 677
1584588286515 300 678
1584588289320 300 679
1584588291630 300 680
1584588293919 300 681
1584588296225 300 682
1584588298548 300 683
1584588300877 300 684
1584588303168 300 685
1584588305463 300 686
1584588307726 300 687
1584588310034 300 688
1584588312320 300 689
1584588314605 300 690
1584588316913 300 691
1584588319278 300 692
1584588321589 300 693
1584588324029 300 694
1584588326330 300 695
1584588328615 300 696
1584588330900 300 697
1584588333210 300 698
1584588335505 300 699
1584588337812 300 700
1584588340277 300 701
1584588342579 300 702
1584588344916 300 703
1584588347225 300 704
1584588349574 300 705
1584588351879 300 706
1584588354201 300 707
1584588356490 300 708
1584588358766 300 709
1584588361140 300 710
1584588363455 300 711
1584588365758 300 712
1584588368058 300 713
1584588370426 300 714
1584588372747 300 715
1584588375081 300 716
1584588377390 300 717
1584588379765 300 718
1584588382063 300 719
1584588384493 300 720
1584588386781 300 721
1584588389122 300 722
1584588391432 300 723
1584588393729 300 724
1584588396054 300 725
1584588398348 300 726
1584588400663 300 727
1584588402952 300 728
1584588405248 300 729
1584588407667 300 730
1584588409992 300 731
1584588412309 300 732
1584588414672 300 733
1584588416962 300 734
1584588419216 300 735
1584588421524 300 736
1584588423837 300 737
1584588426096 300 738
1584588428397 300 739
1584588430692 300 740
1584588432984 300 741
1584588435302 300 742
1584588437569 300 743
1584588439891 300 744
1584588442164 300 745
1584588444456 300 746
1584588446779 300 747
1584588449057 300 748
1584588451341 300 749
1584588453644 300 750
1584588455922 300 751
1584588458167 300 752
1584588460467 300 753
1584588462733 300 754
1584588465027 300 755
1584588467324 300 756
1584588469629 300 757
1584588471915 300 758
1584588474158 300 759
1584588476527 300 760
1584588478789 300 761
1584588481183 300 762
1584588483479 300 763
1584588485715 300 764
1584588488005 300 765
1584588490287 300 766
1584588492578 300 767
1584588494868 300 768
1584588497134 300 769
1584588499411 300 770
1584588501694 300 771
1584588504017 300 772
1584588506275 300 773
1584588508633 300 774
1584588510964 300 775
1584588513283 300 776
1584588515586 300 777
1584588517880 300 778
1584588520156 300 779
1584588522433 300 780
1584588524716 300 781
1584588527011 300 782
1584588529294 300 783
1584588531630 300 784
1584588533910 300 785
1584588536176 300 786
1584588538487 300 787
1584588540748 300 788
1584588543137 300 789
1584588545393 300 790
1584588547646 300 791
1584588549911 300 792
1584588552226 300 793
1584588554496 300 794
1584588556796 300 795
1584588559081 300 796
1584588561367 300 797
1584588563653 300 798
1584588565914 300 799
1584588568169 300 800
1584588570562 300 801
1584588572877 300 802
1584588575142 300 803
1584588577421 300 804
1584588579691 300 805
1584588582031 300 806
1584588584322 300 807
1584588586637 300 808
1584588588920 300 809
1584588591227 300 810
1584588593537 300 811
1584588595849 300 812
1584588598249 300 813
1584588600610 300 814
1584588602935 300 815
1584588605204 300 816
1584588607467 300 817
1584588609733 300 818
1584588611995 300 819
1584588614370 300 820
1584588616636 300 821
1584588618896 300 822
1584588621188 300 823
1584588623474 300 824
1584588625770 300 825
1584588628048 300 826
1584588630300 300 827
1584588632648 300 828
1584588634922 300 829
1584588637207 300 830
1584588639506 300 831
1584588641814 300 832
1584588644152 300 833
1584588646419 300 834
1584588648696 300 835
1584588650967 300 836
1584588653245 300 837
1584588655569 300 838
1584588657861 300 839
1584588660199 300 840
1584588662517 300 841
1584588664793 300 842
1584588667044 300 843
1584588669363 300 844
1584588671668 300 845
1584588674004 300 846
1584588676275 300 847
1584588678759 300 848
1584588681108 300 849
1584588683393 300 850
1584588685713 300 851
1584588688000 300 852
1584588690372 300 853
1584588692704 300 854
1584588694992 300 855
1584588697273 300 856
1584588699602 300 857
1584588701916 300 858
1584588704210 300 859
1584588706481 300 860
1584588708798 300 861
1584588711123 300 862
1584588713391 300 863
1584588715734 300 864
1584588717976 300 865
1584588720289 300 866
1584588722559 300 867
1584588725024 300 868
1584588727292 300 869
1584588729605 300 870
1584588731916 300 871
1584588734244 300 872
1584588736554 300 873
1584588738864 300 874
1584588741140 300 875
1584588743396 300 876
1584588745681 300 877
1584588747943 300 878
1584588750225 300 879
1584588752505 300 880
1584588754784 300 881
