1583061966451 1.0 1
1583061969438 0.995 2
1583061971610 0.990025 3
1583061973716 0.985074875 4
1583061975822 0.9801495006250001 5
1583061977947 0.9752487531218751 6
1583061980125 0.9703725093562657 7
1583061982260 0.9655206468094844 8
1583061984372 0.960693043575437 9
1583061986474 0.9558895783575597 10
1583061989200 0.9511101304657719 11
1583061991673 0.946354579813443 12
1583061994578 0.9416228069143757 13
1583061996766 0.9369146928798039 14
1583062000996 0.9322301194154049 15
1583062004169 0.9275689688183278 16
1583062007500 0.9229311239742362 17
1583062011336 0.918316468354365 18
1583062015612 0.9137248860125932 19
1583062020090 0.9091562615825302 20
