1583062438214 1.0 1
1583062441141 0.995 2
1583062443307 0.990025 3
1583062445430 0.985074875 4
1583062447540 0.9801495006250001 5
1583062449650 0.9752487531218751 6
1583062451827 0.9703725093562657 7
1583062453959 0.9655206468094844 8
1583062456073 0.960693043575437 9
1583062458211 0.9558895783575597 10
1583062460349 0.9511101304657719 11
1583062462464 0.946354579813443 12
1583062464575 0.9416228069143757 13
1583062466692 0.9369146928798039 14
1583062468821 0.9322301194154049 15
1583062470946 0.9275689688183278 16
1583062473072 0.9229311239742362 17
1583062475209 0.918316468354365 18
1583062477331 0.9137248860125932 19
1583062479454 0.9091562615825302 20
