1583062441134 0.0 1
1583062443301 0.5 2
1583062445424 0.6666666666666666 3
1583062447536 0.75 4
1583062449646 0.6 5
1583062451820 0.3333333333333333 6
1583062453953 0.14285714285714285 7
1583062456068 0.0 8
1583062458208 -0.1111111111111111 9
1583062460342 0.0 10
1583062462459 0.0 11
1583062464569 -0.08333333333333333 12
1583062466686 -0.15384615384615385 13
1583062468815 -0.07142857142857142 14
1583062470941 -0.06666666666666667 15
1583062473066 0.0 16
1583062475203 -0.058823529411764705 17
1583062477326 -0.1111111111111111 18
1583062479449 -0.05263157894736842 19
1583062481562 0.0 20
