1584488329774 1 1
1584488332076 1 2
1584488336299 1 3
1584488340116 1 4
1584488343092 1 5
1584488345465 1 6
1584488347780 1 7
1584488349946 1 8
1584488352256 1 9
1584488354540 1 10
1584488357874 1 11
1584488361436 1 12
1584488364498 1 13
1584488367399 1 14
1584488370217 1 15
1584488373074 1 16
1584488375852 1 17
1584488378649 1 18
1584488381528 1 19
1584488384004 1 20
1584488387244 1 21
1584488389387 1 22
1584488391749 1 23
1584488393919 1 24
1584488396324 1 25
1584488399027 1 26
1584488403259 1 27
1584488405271 1 28
1584488408760 1 29
1584488411762 1 30
1584488414913 1 31
1584488417747 1 32
1584488420251 1 33
1584488423657 1 34
1584488425890 1 35
1584488428121 1 36
1584488430610 1 37
1584488433293 1 38
1584488435571 1 39
1584488437556 1 40
1584488439593 1 41
1584488441624 1 42
1584488444183 1 43
1584488447197 1 44
1584488449979 1 45
1584488452412 1 46
1584488454644 1 47
1584488457140 1 48
1584488459542 1 49
1584488462097 1 50
1584488464752 1 51
1584488467230 1 52
1584488469683 1 53
1584488472006 1 54
1584488474496 1 55
1584488476805 1 56
1584488479222 1 57
1584488481998 1 58
1584488485505 1 59
1584488487775 1 60
1584488491679 1 61
1584488494004 1 62
1584488496343 1 63
1584488499989 1 64
1584488504128 1 65
1584488507680 1 66
1584488510807 1 67
1584488514862 1 68
1584488518481 1 69
1584488522259 1 70
1584488525667 1 71
1584488529335 1 72
1584488533120 1 73
1584488536565 1 74
1584488539840 1 75
1584488543340 1 76
1584488546844 1 77
1584488550901 1 78
1584488553924 1 79
1584488558308 1 80
1584488561405 1 81
1584488565562 1 82
1584488568717 1 83
1584488572028 1 84
1584488575452 1 85
1584488578964 1 86
1584488581987 1 87
1584488585907 1 88
1584488589366 1 89
1584488592771 1 90
1584488596171 1 91
1584488600182 1 92
1584488603552 1 93
1584488606548 1 94
1584488609286 1 95
1584488613131 1 96
1584488616437 1 97
1584488619659 1 98
1584488623369 1 99
1584488626734 1 100
1584488630696 1 101
1584488634347 1 102
1584488638196 1 103
1584488641470 1 104
1584488644905 1 105
1584488648415 1 106
1584488651452 1 107
1584488654074 1 108
1584488657673 1 109
1584488661516 1 110
1584488665385 1 111
1584488669258 1 112
1584488673039 1 113
1584488676440 1 114
1584488680121 1 115
1584488683487 1 116
1584488686362 1 117
1584488689203 1 118
1584488693165 1 119
1584488697027 1 120
1584488700289 1 121
1584488702901 1 122
1584488706504 1 123
1584488709653 1 124
1584488712630 1 125
1584488715330 1 126
1584488717937 1 127
1584488721074 1 128
1584488724432 1 129
1584488726794 1 130
1584488729489 1 131
1584488731932 1 132
1584488736080 1 133
1584488739634 1 134
1584488743464 1 135
1584488746198 1 136
1584488748435 1 137
1584488750852 1 138
1584488753135 1 139
1584488755538 1 140
1584488757791 1 141
1584488760085 1 142
1584488762384 1 143
1584488765375 1 144
1584488768143 1 145
1584488770757 1 146
1584488773306 1 147
1584488776063 1 148
1584488780142 1 149
1584488782367 1 150
1584488786350 1 151
1584488789438 1 152
1584488791674 1 153
1584488794123 1 154
1584488796660 1 155
1584488798903 1 156
1584488801145 1 157
1584488803376 1 158
1584488805667 1 159
1584488807905 1 160
1584488810128 1 161
1584488812373 1 162
1584488814478 1 163
1584488816796 1 164
1584488819026 1 165
1584488821287 1 166
1584488823512 1 167
1584488825843 1 168
1584488828110 1 169
1584488830379 1 170
1584488832739 1 171
1584488836445 1 172
1584488839975 1 173
1584488842663 1 174
1584488844831 1 175
1584488847045 1 176
1584488849316 1 177
1584488851698 1 178
1584488854007 1 179
1584488856311 1 180
1584488858598 1 181
1584488860869 1 182
1584488863165 1 183
1584488865504 1 184
1584488867715 1 185
1584488869964 1 186
1584488872226 1 187
1584488874421 1 188
1584488876731 1 189
1584488878973 1 190
1584488881278 1 191
1584488883496 1 192
1584488885795 1 193
1584488888812 1 194
1584488891065 1 195
1584488894236 1 196
1584488897071 1 197
1584488899370 1 198
1584488901639 1 199
1584488903902 1 200
1584488906321 1 201
1584488908699 1 202
1584488911029 1 203
1584488913390 1 204
1584488915664 1 205
1584488917905 1 206
1584488920201 1 207
1584488922493 1 208
1584488924869 1 209
1584488927214 1 210
1584488929536 1 211
1584488931768 1 212
1584488934081 1 213
1584488936386 1 214
1584488938637 1 215
1584488940910 1 216
1584488943228 1 217
1584488945493 1 218
1584488947702 1 219
1584488949990 1 220
1584488952267 1 221
1584488954580 1 222
1584488956852 1 223
1584488959166 1 224
1584488961438 1 225
1584488963670 1 226
1584488965967 1 227
1584488968366 1 228
1584488970768 1 229
1584488973012 1 230
1584488975173 1 231
1584488978603 1 232
1584488982778 1 233
1584488986403 1 234
1584488988852 1 235
1584488992035 1 236
1584488994653 1 237
1584488998202 1 238
1584489000982 1 239
1584489003372 1 240
1584489005701 1 241
1584489008077 1 242
1584489010340 1 243
1584489012635 1 244
1584489014928 1 245
1584489017201 1 246
1584489019492 1 247
1584489021882 1 248
1584489024149 1 249
1584489026493 1 250
1584489028741 1 251
1584489031114 1 252
1584489033390 1 253
1584489035658 1 254
1584489037925 1 255
1584489040201 1 256
1584489042515 1 257
1584489044764 1 258
1584489047124 1 259
1584489049392 1 260
1584489051738 1 261
1584489054057 1 262
1584489057530 1 263
1584489060720 1 264
1584489062961 1 265
1584489065630 1 266
1584489068117 1 267
1584489071216 1 268
1584489073489 1 269
1584489075807 1 270
1584489078387 1 271
1584489080641 1 272
1584489083036 1 273
1584489085708 1 274
1584489089806 1 275
1584489092147 1 276
1584489095117 1 277
1584489097562 1 278
1584489100483 1 279
1584489103136 1 280
1584489105367 1 281
1584489107671 1 282
1584489109868 1 283
1584489112120 1 284
1584489114393 1 285
1584489116688 1 286
1584489119218 1 287
1584489121483 1 288
1584489123718 1 289
1584489126129 1 290
1584489128386 1 291
1584489130581 1 292
1584489132832 1 293
1584489135266 1 294
1584489137666 1 295
1584489139934 1 296
1584489142201 1 297
1584489144362 1 298
1584489146553 1 299
1584489148864 1 300
1584489151391 1 301
1584489153753 1 302
1584489156087 1 303
1584489158385 1 304
1584489160676 1 305
1584489163018 1 306
1584489165354 1 307
1584489167668 1 308
1584489169986 1 309
1584489172639 1 310
1584489175416 1 311
1584489178482 1 312
1584489181801 1 313
1584489184431 1 314
1584489187194 1 315
1584489189383 1 316
1584489191674 1 317
1584489193950 1 318
1584489196267 1 319
1584489198563 1 320
1584489200813 1 321
1584489203119 1 322
1584489205437 1 323
1584489207793 1 324
1584489210050 1 325
1584489212224 1 326
1584489214524 1 327
1584489217001 1 328
1584489220371 1 329
1584489223443 1 330
1584489226196 1 331
1584489228993 1 332
1584489232687 1 333
1584489236647 1 334
1584489240875 1 335
1584489245140 1 336
1584489249167 1 337
1584489252653 1 338
1584489256006 1 339
1584489260246 1 340
1584489263946 1 341
1584489267926 1 342
1584489271116 1 343
1584489275183 1 344
1584489278801 1 345
1584489282694 1 346
1584489285653 1 347
1584489288939 1 348
1584489291962 1 349
1584489295117 1 350
1584489298509 1 351
1584489302155 1 352
1584489305512 1 353
1584489308902 1 354
1584489312224 1 355
1584489315655 1 356
1584489319718 1 357
1584489322641 1 358
1584489325549 1 359
1584489328879 1 360
1584489332233 1 361
1584489335883 1 362
1584489339536 1 363
1584489342960 1 364
1584489346557 1 365
1584489349441 1 366
1584489352294 1 367
1584489355788 1 368
1584489359445 1 369
1584489362417 1 370
1584489365520 1 371
1584489368894 1 372
1584489372228 1 373
1584489375615 1 374
1584489379352 1 375
1584489383437 1 376
1584489387192 1 377
1584489390860 1 378
1584489394446 1 379
1584489397728 1 380
1584489401379 1 381
1584489404903 1 382
1584489408242 1 383
1584489411152 1 384
1584489414222 1 385
1584489417742 1 386
1584489421064 1 387
1584489424665 1 388
1584489428363 1 389
1584489431250 1 390
1584489434048 1 391
1584489436928 1 392
1584489440115 1 393
1584489443151 1 394
1584489446291 1 395
1584489450104 1 396
1584489453685 1 397
1584489457280 1 398
1584489460788 1 399
1584489464409 1 400
1584489468294 1 401
1584489471618 1 402
1584489475032 1 403
1584489479003 1 404
1584489482903 1 405
1584489486451 1 406
1584489489905 1 407
1584489493162 1 408
1584489496517 1 409
1584489499808 1 410
1584489502966 1 411
1584489506788 1 412
1584489510215 1 413
1584489513934 1 414
1584489517574 1 415
1584489521195 1 416
1584489524753 1 417
1584489528299 1 418
1584489531425 1 419
1584489534539 1 420
1584489538083 1 421
1584489541470 1 422
1584489544852 1 423
1584489548067 1 424
1584489551661 1 425
1584489554626 1 426
1584489557478 1 427
1584489560255 1 428
1584489563607 1 429
1584489566831 1 430
1584489570361 1 431
1584489573972 1 432
1584489578065 1 433
1584489581622 1 434
1584489584520 1 435
1584489587147 1 436
1584489590055 1 437
1584489593437 1 438
1584489596913 1 439
1584489600848 1 440
1584489605026 1 441
1584489609111 1 442
1584489612038 1 443
1584489614833 1 444
1584489617890 1 445
1584489620631 1 446
1584489623197 1 447
1584489625680 1 448
1584489629762 1 449
1584489633078 1 450
1584489636551 1 451
1584489640092 1 452
1584489642607 1 453
1584489646080 1 454
1584489650625 1 455
1584489655807 1 456
1584489659574 1 457
1584489663177 1 458
1584489666779 1 459
1584489670270 1 460
1584489674111 1 461
1584489678278 1 462
1584489681658 1 463
1584489685036 1 464
1584489688908 1 465
1584489692684 1 466
1584489696170 1 467
1584489699743 1 468
1584489703064 1 469
1584489706681 1 470
1584489710148 1 471
1584489713767 1 472
1584489716901 1 473
1584489719843 1 474
1584489723390 1 475
1584489726733 1 476
1584489730160 1 477
1584489733459 1 478
1584489736686 1 479
1584489740752 1 480
1584489744311 1 481
1584489747455 1 482
1584489750721 1 483
1584489753511 1 484
1584489756461 1 485
1584489760139 1 486
1584489763407 1 487
1584489766386 1 488
1584489769287 1 489
1584489772006 1 490
1584489775066 1 491
1584489777889 1 492
1584489781109 1 493
1584489784314 1 494
1584489787390 1 495
1584489791099 1 496
1584489793779 1 497
1584489796852 1 498
1584489800815 1 499
1584489804339 1 500
1584489809136 1 501
1584489812097 1 502
1584489815054 1 503
1584489818089 1 504
1584489821990 1 505
1584489825224 1 506
1584489828629 1 507
1584489832242 1 508
1584489835511 1 509
1584489838666 1 510
1584489842162 1 511
1584489845384 1 512
1584489848396 1 513
1584489851354 1 514
1584489854233 1 515
1584489857928 1 516
1584489861118 1 517
1584489864328 1 518
1584489868215 1 519
1584489872249 1 520
1584489875963 1 521
1584489878955 1 522
1584489882084 1 523
1584489885245 1 524
1584489888638 1 525
1584489891872 1 526
1584489894835 1 527
1584489897768 1 528
1584489900869 1 529
1584489903780 1 530
1584489907617 1 531
1584489910742 1 532
1584489913623 1 533
1584489916490 1 534
1584489919531 1 535
1584489922582 1 536
1584489925891 1 537
1584489930395 1 538
1584489933915 1 539
1584489937848 1 540
1584489941267 1 541
1584489944816 1 542
1584489947700 1 543
1584489951209 1 544
1584489955145 1 545
1584489958541 1 546
1584489962244 1 547
1584489965710 1 548
1584489969063 1 549
1584489972981 1 550
1584489976148 1 551
1584489979246 1 552
1584489982583 1 553
1584489985795 1 554
1584489988977 1 555
1584489991912 1 556
1584489995216 1 557
1584489998064 1 558
1584490001487 1 559
1584490004597 1 560
1584490008133 1 561
1584490011320 1 562
1584490014435 1 563
1584490017502 1 564
1584490021385 1 565
1584490024195 1 566
1584490027699 1 567
1584490031525 1 568
1584490034901 1 569
1584490038140 1 570
1584490041209 1 571
1584490044559 1 572
1584490048228 1 573
1584490051462 1 574
1584490054231 1 575
1584490057724 1 576
1584490060927 1 577
1584490064157 1 578
1584490067028 1 579
1584490070571 1 580
1584490074340 1 581
1584490078023 1 582
1584490081574 1 583
1584490085160 1 584
1584490088544 1 585
1584490092095 1 586
1584490095452 1 587
1584490098971 1 588
1584490102696 1 589
1584490105927 1 590
1584490108890 1 591
1584490111590 1 592
1584490114539 1 593
1584490118284 1 594
1584490121890 1 595
1584490125348 1 596
1584490128713 1 597
1584490132006 1 598
1584490135539 1 599
1584490138573 1 600
1584490141957 1 601
1584490145789 1 602
1584490148733 1 603
1584490151776 1 604
1584490155470 1 605
1584490159066 1 606
1584490162631 1 607
1584490165626 1 608
1584490169218 1 609
1584490172811 1 610
1584490176073 1 611
1584490179782 1 612
1584490183051 1 613
1584490186768 1 614
1584490190362 1 615
1584490194067 1 616
1584490197393 1 617
1584490201037 1 618
1584490204232 1 619
1584490207339 1 620
1584490210763 1 621
1584490214214 1 622
1584490217584 1 623
1584490221049 1 624
1584490224204 1 625
1584490227617 1 626
1584490231337 1 627
1584490235411 1 628
1584490239097 1 629
1584490242298 1 630
1584490245362 1 631
1584490248261 1 632
