1584292293748 1 1
1584292297800 1 2
1584292301611 1 3
1584292305304 1 4
1584292308366 1 5
1584292310621 1 6
1584292312858 1 7
1584292315059 1 8
1584292317261 1 9
1584292319411 1 10
1584292321634 1 11
1584292323848 1 12
1584292327005 1 13
1584292329851 1 14
1584292332060 1 15
1584292334269 1 16
1584292336429 1 17
1584292338660 1 18
1584292341197 1 19
1584292344979 1 20
1584292347588 1 21
1584292350115 1 22
1584292352458 1 23
1584292354802 1 24
1584292357035 1 25
1584292359522 1 26
1584292361745 1 27
1584292363902 1 28
1584292366585 1 29
1584292369496 1 30
1584292372197 1 31
1584292374603 1 32
1584292378052 1 33
1584292380420 1 34
1584292383076 1 35
1584292385727 1 36
1584292388013 1 37
1584292390459 1 38
1584292392675 1 39
1584292394844 1 40
1584292397039 1 41
1584292399271 1 42
1584292401456 1 43
1584292403606 1 44
1584292405825 1 45
1584292407975 1 46
1584292410100 1 47
1584292412280 1 48
1584292414474 1 49
1584292416623 1 50
1584292418761 1 51
1584292421377 1 52
1584292423712 1 53
1584292426274 1 54
1584292428619 1 55
1584292430761 1 56
1584292432882 1 57
1584292435012 1 58
1584292437128 1 59
1584292439298 1 60
1584292441431 1 61
1584292443548 1 62
1584292445698 1 63
1584292447845 1 64
1584292450010 1 65
1584292452160 1 66
1584292454336 1 67
1584292456465 1 68
1584292458594 1 69
1584292460726 1 70
1584292462864 1 71
1584292465005 1 72
1584292467147 1 73
1584292469293 1 74
1584292471409 1 75
1584292473542 1 76
1584292475689 1 77
1584292477817 1 78
1584292479969 1 79
1584292482110 1 80
1584292484254 1 81
1584292486565 1 82
1584292488685 1 83
1584292490802 1 84
1584292492918 1 85
1584292495053 1 86
1584292497179 1 87
1584292499302 1 88
1584292501433 1 89
1584292503553 1 90
1584292505675 1 91
1584292507813 1 92
1584292509931 1 93
1584292512057 1 94
1584292514215 1 95
1584292516389 1 96
1584292518528 1 97
1584292520662 1 98
1584292522800 1 99
1584292524949 1 100
1584292527087 1 101
1584292529223 1 102
1584292531363 1 103
1584292533504 1 104
1584292535641 1 105
1584292537786 1 106
1584292539912 1 107
1584292542061 1 108
1584292544229 1 109
1584292546376 1 110
1584292548504 1 111
1584292550664 1 112
1584292552803 1 113
1584292554926 1 114
1584292557115 1 115
1584292559260 1 116
1584292561386 1 117
1584292563525 1 118
1584292565661 1 119
1584292567806 1 120
1584292569940 1 121
1584292572096 1 122
1584292574243 1 123
1584292576519 1 124
1584292578674 1 125
1584292580847 1 126
1584292583441 1 127
1584292585610 1 128
1584292587744 1 129
1584292589922 1 130
1584292592063 1 131
1584292594263 1 132
1584292596405 1 133
1584292598548 1 134
1584292600692 1 135
1584292602823 1 136
1584292604974 1 137
1584292607109 1 138
1584292609293 1 139
1584292611440 1 140
1584292613627 1 141
1584292615752 1 142
1584292617904 1 143
1584292620027 1 144
1584292622187 1 145
1584292624399 1 146
1584292626533 1 147
1584292628648 1 148
1584292630787 1 149
1584292632950 1 150
1584292635080 1 151
1584292637229 1 152
1584292639390 1 153
1584292641513 1 154
1584292643670 1 155
1584292645796 1 156
1584292647925 1 157
1584292650077 1 158
1584292652237 1 159
1584292654388 1 160
1584292656530 1 161
1584292658660 1 162
1584292660815 1 163
1584292662959 1 164
1584292665127 1 165
1584292667274 1 166
1584292669423 1 167
1584292671556 1 168
1584292673755 1 169
1584292675894 1 170
1584292678056 1 171
1584292680390 1 172
1584292682516 1 173
1584292684684 1 174
1584292686848 1 175
1584292689001 1 176
1584292691179 1 177
1584292693342 1 178
1584292695547 1 179
1584292697680 1 180
1584292699841 1 181
1584292701982 1 182
1584292704127 1 183
1584292706296 1 184
1584292708497 1 185
1584292710700 1 186
1584292712846 1 187
1584292715022 1 188
1584292717162 1 189
1584292719329 1 190
1584292721506 1 191
1584292723662 1 192
1584292725836 1 193
1584292727969 1 194
1584292730154 1 195
1584292732349 1 196
1584292734557 1 197
1584292736758 1 198
1584292738934 1 199
1584292741187 1 200
1584292743362 1 201
1584292745685 1 202
1584292747898 1 203
1584292750070 1 204
1584292752284 1 205
1584292754513 1 206
1584292756715 1 207
1584292758916 1 208
1584292761088 1 209
1584292763282 1 210
