1584292293748 300 1
1584292297800 300 2
1584292301611 300 3
1584292305304 300 4
1584292308366 300 5
1584292310621 300 6
1584292312858 300 7
1584292315059 300 8
1584292317261 300 9
1584292319411 300 10
1584292321634 300 11
1584292323848 300 12
1584292327005 300 13
1584292329851 300 14
1584292332060 300 15
1584292334269 300 16
1584292336429 300 17
1584292338660 300 18
1584292341197 300 19
1584292344979 300 20
1584292347588 300 21
1584292350115 300 22
1584292352458 300 23
1584292354802 300 24
1584292357035 300 25
1584292359522 300 26
1584292361745 300 27
1584292363902 300 28
1584292366585 300 29
1584292369496 300 30
1584292372197 300 31
1584292374603 300 32
1584292378052 300 33
1584292380420 300 34
1584292383076 300 35
1584292385727 300 36
1584292388013 300 37
1584292390459 300 38
1584292392675 300 39
1584292394844 300 40
1584292397039 300 41
1584292399271 300 42
1584292401456 300 43
1584292403606 300 44
1584292405825 300 45
1584292407975 300 46
1584292410100 300 47
1584292412280 300 48
1584292414474 300 49
1584292416623 300 50
1584292418761 300 51
1584292421377 300 52
1584292423712 300 53
1584292426274 300 54
1584292428619 300 55
1584292430761 300 56
1584292432882 300 57
1584292435012 300 58
1584292437128 300 59
1584292439298 300 60
1584292441431 300 61
1584292443548 300 62
1584292445698 300 63
1584292447845 300 64
1584292450010 300 65
1584292452160 300 66
1584292454336 300 67
1584292456465 300 68
1584292458594 300 69
1584292460726 300 70
1584292462864 300 71
1584292465005 300 72
1584292467147 300 73
1584292469293 300 74
1584292471409 300 75
1584292473542 300 76
1584292475689 300 77
1584292477817 300 78
1584292479969 300 79
1584292482110 300 80
1584292484254 300 81
1584292486565 300 82
1584292488685 300 83
1584292490802 300 84
1584292492918 300 85
1584292495053 300 86
1584292497179 300 87
1584292499302 300 88
1584292501433 300 89
1584292503553 300 90
1584292505675 300 91
1584292507813 300 92
1584292509931 300 93
1584292512057 300 94
1584292514215 300 95
1584292516389 300 96
1584292518528 300 97
1584292520662 300 98
1584292522800 300 99
1584292524949 300 100
1584292527087 300 101
1584292529223 300 102
1584292531363 300 103
1584292533504 300 104
1584292535641 300 105
1584292537786 300 106
1584292539912 300 107
1584292542061 300 108
1584292544229 300 109
1584292546376 300 110
1584292548504 300 111
1584292550664 300 112
1584292552803 300 113
1584292554926 300 114
1584292557115 300 115
1584292559260 300 116
1584292561386 300 117
1584292563525 300 118
1584292565661 300 119
1584292567806 300 120
1584292569940 300 121
1584292572096 300 122
1584292574243 300 123
1584292576519 300 124
1584292578674 300 125
1584292580847 300 126
1584292583441 300 127
1584292585610 300 128
1584292587744 300 129
1584292589922 300 130
1584292592063 300 131
1584292594263 300 132
1584292596405 300 133
1584292598548 300 134
1584292600692 300 135
1584292602823 300 136
1584292604974 300 137
1584292607109 300 138
1584292609293 300 139
1584292611440 300 140
1584292613627 300 141
1584292615752 300 142
1584292617904 300 143
1584292620027 300 144
1584292622187 300 145
1584292624399 300 146
1584292626533 300 147
1584292628648 300 148
1584292630787 300 149
1584292632950 300 150
1584292635080 300 151
1584292637229 300 152
1584292639390 300 153
1584292641513 300 154
1584292643670 300 155
1584292645796 300 156
1584292647925 300 157
1584292650077 300 158
1584292652237 300 159
1584292654388 300 160
1584292656530 300 161
1584292658660 300 162
1584292660815 300 163
1584292662959 300 164
1584292665127 300 165
1584292667274 300 166
1584292669423 300 167
1584292671556 300 168
1584292673755 300 169
1584292675894 300 170
1584292678056 300 171
1584292680390 300 172
1584292682516 300 173
1584292684684 300 174
1584292686848 300 175
1584292689001 300 176
1584292691179 300 177
1584292693342 300 178
1584292695547 300 179
1584292697680 300 180
1584292699841 300 181
1584292701982 300 182
1584292704127 300 183
1584292706296 300 184
1584292708497 300 185
1584292710700 300 186
1584292712846 300 187
1584292715022 300 188
1584292717162 300 189
1584292719329 300 190
1584292721506 300 191
1584292723662 300 192
1584292725836 300 193
1584292727969 300 194
1584292730154 300 195
1584292732349 300 196
1584292734557 300 197
1584292736758 300 198
1584292738934 300 199
1584292741187 300 200
1584292743362 300 201
1584292745685 300 202
1584292747898 300 203
1584292750070 300 204
1584292752284 300 205
1584292754513 300 206
1584292756715 300 207
1584292758916 300 208
1584292761088 300 209
1584292763282 300 210
