1584558635258 1 1
1584558637503 0.1 2
1584558639774 0.010000000000000002 3
1584558641992 0.01 4
1584558644281 0.01 5
1584558646511 0.01 6
1584558648761 0.01 7
1584558650883 0.01 8
1584558653043 0.01 9
1584558655207 0.01 10
1584558657367 0.01 11
1584558659489 0.01 12
1584558661707 0.01 13
1584558663900 0.01 14
1584558666090 0.01 15
1584558668248 0.01 16
1584558670412 0.01 17
1584558672571 0.01 18
1584558674711 0.01 19
1584558676907 0.01 20
1584558679085 0.01 21
1584558681262 0.01 22
1584558683460 0.01 23
1584558685644 0.01 24
1584558687799 0.01 25
1584558689984 0.01 26
1584558692213 0.01 27
1584558694394 0.01 28
1584558696610 0.01 29
1584558698782 0.01 30
1584558700944 0.01 31
1584558703129 0.01 32
1584558705334 0.01 33
1584558707488 0.01 34
1584558709651 0.01 35
1584558711816 0.01 36
1584558713980 0.01 37
1584558716154 0.01 38
1584558718335 0.01 39
1584558720557 0.01 40
1584558722722 0.01 41
1584558724898 0.01 42
1584558727067 0.01 43
1584558729271 0.01 44
1584558731422 0.01 45
1584558733644 0.01 46
1584558735791 0.01 47
1584558737956 0.01 48
1584558740160 0.01 49
1584558742341 0.01 50
1584558744543 0.01 51
1584558746714 0.01 52
1584558748876 0.01 53
1584558751066 0.01 54
1584558753245 0.01 55
1584558755448 0.01 56
1584558757637 0.01 57
1584558759798 0.01 58
1584558761963 0.01 59
1584558764143 0.01 60
1584558766344 0.01 61
1584558768540 0.01 62
1584558770705 0.01 63
1584558772886 0.01 64
1584558775066 0.01 65
1584558777278 0.01 66
1584558779439 0.01 67
1584558781645 0.01 68
1584558783867 0.01 69
1584558786072 0.01 70
1584558788329 0.01 71
1584558790505 0.01 72
1584558792684 0.01 73
1584558794865 0.01 74
1584558797049 0.01 75
1584558799223 0.01 76
1584558801395 0.01 77
1584558803560 0.01 78
1584558805685 0.01 79
1584558807809 0.01 80
1584558809962 0.01 81
1584558812161 0.01 82
1584558814374 0.01 83
1584558816561 0.01 84
1584558818732 0.01 85
1584558820891 0.01 86
1584558823075 0.01 87
1584558825274 0.01 88
1584558827448 0.01 89
1584558829630 0.01 90
1584558831802 0.01 91
1584558833976 0.01 92
1584558836159 0.01 93
1584558838361 0.01 94
1584558840565 0.01 95
1584558842736 0.01 96
1584558844931 0.01 97
1584558847093 0.01 98
1584558849309 0.01 99
1584558851490 0.01 100
1584558853794 0.01 101
1584558855965 0.01 102
1584558858101 0.01 103
1584558860281 0.01 104
1584558862421 0.01 105
1584558864611 0.01 106
1584558866749 0.01 107
1584558868872 0.01 108
1584558871015 0.01 109
1584558873220 0.01 110
1584558875367 0.01 111
1584558877524 0.01 112
1584558879683 0.01 113
1584558881837 0.01 114
1584558884024 0.01 115
1584558886170 0.01 116
1584558888381 0.01 117
1584558890661 0.01 118
1584558892826 0.01 119
1584558895018 0.01 120
1584558897188 0.01 121
1584558899369 0.01 122
1584558901564 0.01 123
1584558903729 0.01 124
1584558905885 0.01 125
1584558908046 0.01 126
1584558910236 0.01 127
1584558912414 0.01 128
1584558914623 0.01 129
1584558916800 0.01 130
1584558918989 0.01 131
1584558921200 0.01 132
1584558923389 0.01 133
1584558925628 0.01 134
1584558927828 0.01 135
1584558930013 0.01 136
1584558932225 0.01 137
1584558934429 0.01 138
1584558936595 0.01 139
1584558938773 0.01 140
1584558941001 0.01 141
1584558943171 0.01 142
1584558945374 0.01 143
1584558947556 0.01 144
1584558949768 0.01 145
1584558952012 0.01 146
1584558954302 0.01 147
1584558956497 0.01 148
1584558958703 0.01 149
1584558960886 0.01 150
1584558963091 0.01 151
1584558965235 0.01 152
1584558967440 0.01 153
1584558969671 0.01 154
1584558971867 0.01 155
1584558974047 0.01 156
1584558976240 0.01 157
1584558978398 0.01 158
1584558980593 0.01 159
1584558982783 0.01 160
1584558984957 0.01 161
1584558987241 0.01 162
1584558989455 0.01 163
1584558991651 0.01 164
1584558993838 0.01 165
1584558996014 0.01 166
1584558998216 0.01 167
1584559000406 0.01 168
1584559002604 0.01 169
1584559004774 0.01 170
1584559006993 0.01 171
1584559009167 0.01 172
1584559011333 0.01 173
1584559013491 0.01 174
1584559015652 0.01 175
1584559017835 0.01 176
1584559019995 0.01 177
1584559022208 0.01 178
1584559024422 0.01 179
1584559026630 0.01 180
1584559028812 0.01 181
1584559030979 0.01 182
1584559033157 0.01 183
1584559035377 0.01 184
1584559037575 0.01 185
1584559039755 0.01 186
1584559041922 0.01 187
1584559044107 0.01 188
1584559046331 0.01 189
1584559048568 0.01 190
1584559050770 0.01 191
1584559052962 0.01 192
1584559055158 0.01 193
1584559057337 0.01 194
1584559059515 0.01 195
1584559061689 0.01 196
1584559063876 0.01 197
1584559066019 0.01 198
1584559068212 0.01 199
1584559070516 0.01 200
1584559072710 0.01 201
1584559074885 0.01 202
1584559077100 0.01 203
1584559079287 0.01 204
1584559081489 0.01 205
1584559083782 0.01 206
1584559085928 0.01 207
1584559088102 0.01 208
1584559090306 0.01 209
1584559092466 0.01 210
1584559094687 0.01 211
1584559096871 0.01 212
1584559099037 0.01 213
1584559101209 0.01 214
1584559103395 0.01 215
1584559105846 0.01 216
1584559108016 0.01 217
1584559110216 0.01 218
1584559112405 0.01 219
1584559114639 0.01 220
1584559116803 0.01 221
1584559118993 0.01 222
1584559121199 0.01 223
1584559123400 0.01 224
1584559125560 0.01 225
1584559127741 0.01 226
1584559129931 0.01 227
1584559132102 0.01 228
1584559134323 0.01 229
1584559136495 0.01 230
1584559138666 0.01 231
1584559140860 0.01 232
1584559143037 0.01 233
1584559145226 0.01 234
1584559147397 0.01 235
1584559149565 0.01 236
1584559151730 0.01 237
1584559153923 0.01 238
1584559156157 0.01 239
1584559158346 0.01 240
1584559160538 0.01 241
1584559162719 0.01 242
1584559164923 0.01 243
1584559167076 0.01 244
1584559169229 0.01 245
1584559171397 0.01 246
1584559173604 0.01 247
1584559175822 0.01 248
1584559178014 0.01 249
1584559180283 0.01 250
1584559182490 0.01 251
1584559184680 0.01 252
1584559186875 0.01 253
1584559189035 0.01 254
1584559191226 0.01 255
1584559193386 0.01 256
1584559195612 0.01 257
1584559197769 0.01 258
1584559199948 0.01 259
1584559202147 0.01 260
1584559204334 0.01 261
1584559206518 0.01 262
1584559208706 0.01 263
1584559210937 0.01 264
1584559213140 0.01 265
1584559215310 0.01 266
1584559217489 0.01 267
1584559219662 0.01 268
1584559221875 0.01 269
1584559224092 0.01 270
1584559226302 0.01 271
1584559228475 0.01 272
1584559230672 0.01 273
1584559232863 0.01 274
1584559235062 0.01 275
1584559237292 0.01 276
1584559239484 0.01 277
1584559241715 0.01 278
1584559243876 0.01 279
1584559246078 0.01 280
1584559248290 0.01 281
1584559250513 0.01 282
1584559252685 0.01 283
1584559254894 0.01 284
1584559257074 0.01 285
1584559259246 0.01 286
1584559261408 0.01 287
1584559263615 0.01 288
1584559265804 0.01 289
1584559267943 0.01 290
1584559270119 0.01 291
1584559272336 0.01 292
1584559274539 0.01 293
1584559276749 0.01 294
1584559278928 0.01 295
1584559281123 0.01 296
1584559283327 0.01 297
1584559285537 0.01 298
1584559287783 0.01 299
1584559290400 0.01 300
1584559292822 0.01 301
1584559295016 0.01 302
1584559297223 0.01 303
1584559299418 0.01 304
1584559301624 0.01 305
1584559303806 0.01 306
1584559305969 0.01 307
1584559308152 0.01 308
1584559310363 0.01 309
1584559312575 0.01 310
1584559314774 0.01 311
1584559316971 0.01 312
1584559319188 0.01 313
1584559321400 0.01 314
1584559323618 0.01 315
1584559325803 0.01 316
1584559328006 0.01 317
1584559330187 0.01 318
1584559332362 0.01 319
1584559334535 0.01 320
1584559336738 0.01 321
1584559338932 0.01 322
1584559341146 0.01 323
1584559343384 0.01 324
1584559345600 0.01 325
1584559347807 0.01 326
1584559350067 0.01 327
1584559352239 0.01 328
1584559354454 0.01 329
1584559356638 0.01 330
1584559359256 0.01 331
1584559363351 0.01 332
1584559365661 0.01 333
1584559367879 0.01 334
1584559370088 0.01 335
1584559372285 0.01 336
1584559374601 0.01 337
1584559376775 0.01 338
1584559378949 0.01 339
1584559381138 0.01 340
1584559383333 0.01 341
1584559385537 0.01 342
1584559387725 0.01 343
1584559389885 0.01 344
1584559392073 0.01 345
1584559394276 0.01 346
1584559396459 0.01 347
1584559398672 0.01 348
1584559400884 0.01 349
1584559403049 0.01 350
1584559405232 0.01 351
1584559407382 0.01 352
1584559409576 0.01 353
1584559411768 0.01 354
1584559413976 0.01 355
1584559416165 0.01 356
1584559418347 0.01 357
1584559420574 0.01 358
1584559422763 0.01 359
1584559424936 0.01 360
1584559427098 0.01 361
1584559429326 0.01 362
1584559431522 0.01 363
1584559433734 0.01 364
1584559435901 0.01 365
1584559438067 0.01 366
1584559440281 0.01 367
1584559442466 0.01 368
1584559444680 0.01 369
1584559446866 0.01 370
1584559449075 0.01 371
1584559451260 0.01 372
1584559453440 0.01 373
1584559455612 0.01 374
1584559457795 0.01 375
1584559459994 0.01 376
1584559462212 0.01 377
1584559464433 0.01 378
1584559466618 0.01 379
1584559469074 0.01 380
1584559471708 0.01 381
1584559474105 0.01 382
1584559476332 0.01 383
1584559478549 0.01 384
1584559480751 0.01 385
1584559482933 0.01 386
1584559485130 0.01 387
1584559487313 0.01 388
1584559489574 0.01 389
1584559491775 0.01 390
1584559493942 0.01 391
1584559496172 0.01 392
1584559498365 0.01 393
1584559500613 0.01 394
1584559502810 0.01 395
1584559504973 0.01 396
1584559507149 0.01 397
1584559509350 0.01 398
1584559511530 0.01 399
1584559513719 0.01 400
1584559515961 0.01 401
1584559518171 0.01 402
1584559520369 0.01 403
1584559522547 0.01 404
1584559524766 0.01 405
1584559526964 0.01 406
1584559529158 0.01 407
1584559531375 0.01 408
1584559533580 0.01 409
1584559535779 0.01 410
1584559537958 0.01 411
1584559540158 0.01 412
1584559542357 0.01 413
1584559544539 0.01 414
1584559546707 0.01 415
1584559548885 0.01 416
1584559551070 0.01 417
1584559553230 0.01 418
1584559555429 0.01 419
1584559557575 0.01 420
1584559559780 0.01 421
1584559561987 0.01 422
1584559564207 0.01 423
1584559566473 0.01 424
1584559568742 0.01 425
1584559570935 0.01 426
1584559573099 0.01 427
1584559575300 0.01 428
1584559577472 0.01 429
1584559579659 0.01 430
1584559581847 0.01 431
1584559584023 0.01 432
1584559586234 0.01 433
1584559588412 0.01 434
1584559590606 0.01 435
1584559592781 0.01 436
1584559594951 0.01 437
1584559597157 0.01 438
1584559599351 0.01 439
1584559601578 0.01 440
1584559603763 0.01 441
1584559605953 0.01 442
1584559608148 0.01 443
1584559610335 0.01 444
1584559612517 0.01 445
1584559614699 0.01 446
1584559616877 0.01 447
1584559619064 0.01 448
1584559621244 0.01 449
1584559623451 0.01 450
1584559625676 0.01 451
1584559627886 0.01 452
1584559630068 0.01 453
1584559632321 0.01 454
1584559634529 0.01 455
1584559636726 0.01 456
1584559638910 0.01 457
1584559641086 0.01 458
1584559643282 0.01 459
1584559645482 0.01 460
1584559647686 0.01 461
1584559649894 0.01 462
1584559652088 0.01 463
1584559654283 0.01 464
1584559656509 0.01 465
1584559658755 0.01 466
1584559660935 0.01 467
1584559663179 0.01 468
1584559665381 0.01 469
1584559667546 0.01 470
1584559669741 0.01 471
1584559671918 0.01 472
1584559674146 0.01 473
1584559676325 0.01 474
1584559678529 0.01 475
1584559680714 0.01 476
1584559682878 0.01 477
1584559685072 0.01 478
1584559687259 0.01 479
1584559689498 0.01 480
1584559691710 0.01 481
1584559693937 0.01 482
1584559696126 0.01 483
1584559698314 0.01 484
1584559700541 0.01 485
1584559702698 0.01 486
1584559704901 0.01 487
1584559707120 0.01 488
1584559709338 0.01 489
1584559711523 0.01 490
1584559713709 0.01 491
1584559715882 0.01 492
1584559718048 0.01 493
1584559720252 0.01 494
1584559722418 0.01 495
1584559724591 0.01 496
1584559727026 0.01 497
1584559729733 0.01 498
1584559731928 0.01 499
1584559734122 0.01 500
1584559736351 0.01 501
1584559738551 0.01 502
1584559741097 0.01 503
1584559743407 0.01 504
1584559745935 0.01 505
1584559748109 0.01 506
1584559750324 0.01 507
1584559752561 0.01 508
1584559754757 0.01 509
1584559756894 0.01 510
1584559759085 0.01 511
1584559761342 0.01 512
1584559763545 0.01 513
1584559765759 0.01 514
1584559767944 0.01 515
1584559770132 0.01 516
1584559772312 0.01 517
1584559774563 0.01 518
1584559776805 0.01 519
1584559778992 0.01 520
1584559781180 0.01 521
1584559783350 0.01 522
1584559785541 0.01 523
1584559787722 0.01 524
1584559789923 0.01 525
1584559792102 0.01 526
1584559794276 0.01 527
1584559796516 0.01 528
1584559798675 0.01 529
1584559800911 0.01 530
1584559803106 0.01 531
1584559805294 0.01 532
1584559807475 0.01 533
1584559809674 0.01 534
1584559811843 0.01 535
1584559814012 0.01 536
1584559816195 0.01 537
1584559818366 0.01 538
1584559820577 0.01 539
1584559822763 0.01 540
1584559824955 0.01 541
1584559827135 0.01 542
1584559829334 0.01 543
1584559831530 0.01 544
1584559833689 0.01 545
1584559835938 0.01 546
1584559838161 0.01 547
1584559840374 0.01 548
1584559842587 0.01 549
1584559844803 0.01 550
1584559846990 0.01 551
1584559849197 0.01 552
1584559851434 0.01 553
1584559853597 0.01 554
1584559855815 0.01 555
1584559858063 0.01 556
1584559860277 0.01 557
1584559862475 0.01 558
1584559864682 0.01 559
1584559866848 0.01 560
1584559869036 0.01 561
1584559871255 0.01 562
1584559873462 0.01 563
1584559875673 0.01 564
1584559877842 0.01 565
1584559880023 0.01 566
1584559882216 0.01 567
1584559884409 0.01 568
1584559886603 0.01 569
1584559888832 0.01 570
1584559891002 0.01 571
1584559893176 0.01 572
1584559895374 0.01 573
1584559897549 0.01 574
1584559899763 0.01 575
1584559901946 0.01 576
1584559904152 0.01 577
1584559906359 0.01 578
1584559908531 0.01 579
1584559910723 0.01 580
1584559912939 0.01 581
1584559915118 0.01 582
1584559917321 0.01 583
1584559919504 0.01 584
1584559921663 0.01 585
1584559923864 0.01 586
1584559926048 0.01 587
1584559928260 0.01 588
1584559930473 0.01 589
1584559932666 0.01 590
1584559934837 0.01 591
1584559937022 0.01 592
1584559939192 0.01 593
1584559941391 0.01 594
1584559943558 0.01 595
1584559945760 0.01 596
1584559947966 0.01 597
1584559950167 0.01 598
1584559952430 0.01 599
1584559954787 0.01 600
1584559957064 0.01 601
1584559959256 0.01 602
1584559961488 0.01 603
1584559963685 0.01 604
1584559965866 0.01 605
1584559968051 0.01 606
1584559970365 0.01 607
1584559972569 0.01 608
1584559974760 0.01 609
1584559976933 0.01 610
1584559979113 0.01 611
1584559981317 0.01 612
1584559983515 0.01 613
1584559985728 0.01 614
1584559987945 0.01 615
1584559990161 0.01 616
1584559992346 0.01 617
1584559994567 0.01 618
1584559996760 0.01 619
1584559998935 0.01 620
1584560001155 0.01 621
1584560003336 0.01 622
1584560005560 0.01 623
1584560007731 0.01 624
1584560009917 0.01 625
1584560012083 0.01 626
1584560014329 0.01 627
1584560016565 0.01 628
1584560018779 0.01 629
1584560020981 0.01 630
1584560023151 0.01 631
1584560025414 0.01 632
1584560027635 0.01 633
1584560029847 0.01 634
1584560032009 0.01 635
1584560034189 0.01 636
1584560036373 0.01 637
1584560038554 0.01 638
1584560040806 0.01 639
1584560042999 0.01 640
1584560045204 0.01 641
1584560047367 0.01 642
1584560049589 0.01 643
1584560051873 0.01 644
1584560054065 0.01 645
1584560056244 0.01 646
1584560058508 0.01 647
1584560060721 0.01 648
1584560062909 0.01 649
1584560065160 0.01 650
1584560067358 0.01 651
1584560069552 0.01 652
1584560071760 0.01 653
1584560073947 0.01 654
1584560076192 0.01 655
1584560078366 0.01 656
1584560080589 0.01 657
1584560082778 0.01 658
1584560084948 0.01 659
1584560087150 0.01 660
1584560089333 0.01 661
1584560091504 0.01 662
1584560093684 0.01 663
1584560095917 0.01 664
1584560098123 0.01 665
1584560100353 0.01 666
1584560102569 0.01 667
1584560104766 0.01 668
1584560106950 0.01 669
1584560109134 0.01 670
1584560111436 0.01 671
1584560113606 0.01 672
1584560115823 0.01 673
1584560118005 0.01 674
1584560120234 0.01 675
1584560122461 0.01 676
1584560124674 0.01 677
1584560126909 0.01 678
1584560129125 0.01 679
1584560131365 0.01 680
1584560133532 0.01 681
1584560135767 0.01 682
1584560137954 0.01 683
1584560140136 0.01 684
1584560142320 0.01 685
1584560144497 0.01 686
1584560146785 0.01 687
1584560148999 0.01 688
1584560151196 0.01 689
1584560153430 0.01 690
1584560155601 0.01 691
1584560157802 0.01 692
1584560159986 0.01 693
1584560162180 0.01 694
1584560164352 0.01 695
1584560166538 0.01 696
1584560168744 0.01 697
1584560170943 0.01 698
1584560173109 0.01 699
1584560175343 0.01 700
1584560177652 0.01 701
1584560179828 0.01 702
1584560182028 0.01 703
1584560184217 0.01 704
1584560186431 0.01 705
1584560188650 0.01 706
1584560190887 0.01 707
1584560193151 0.01 708
1584560195383 0.01 709
1584560197726 0.01 710
1584560199896 0.01 711
1584560202071 0.01 712
1584560204286 0.01 713
1584560206470 0.01 714
1584560208716 0.01 715
1584560210880 0.01 716
1584560213060 0.01 717
1584560215239 0.01 718
1584560217426 0.01 719
1584560219662 0.01 720
1584560221859 0.01 721
1584560224036 0.01 722
1584560226214 0.01 723
1584560228411 0.01 724
1584560230595 0.01 725
1584560232779 0.01 726
1584560234951 0.01 727
1584560237158 0.01 728
1584560239338 0.01 729
1584560241541 0.01 730
1584560243837 0.01 731
1584560246038 0.01 732
1584560248203 0.01 733
1584560250408 0.01 734
1584560252596 0.01 735
1584560254801 0.01 736
1584560257025 0.01 737
1584560259256 0.01 738
1584560261463 0.01 739
1584560263696 0.01 740
1584560265884 0.01 741
1584560268051 0.01 742
1584560270248 0.01 743
1584560272452 0.01 744
1584560274688 0.01 745
1584560276865 0.01 746
1584560279066 0.01 747
1584560281249 0.01 748
1584560283477 0.01 749
1584560285661 0.01 750
1584560287843 0.01 751
1584560290053 0.01 752
1584560292257 0.01 753
1584560294450 0.01 754
1584560296658 0.01 755
1584560298870 0.01 756
1584560301040 0.01 757
1584560303225 0.01 758
1584560305435 0.01 759
1584560307603 0.01 760
1584560309785 0.01 761
1584560311973 0.01 762
1584560314144 0.01 763
1584560316347 0.01 764
1584560318522 0.01 765
1584560320695 0.01 766
1584560322890 0.01 767
1584560325060 0.01 768
1584560327264 0.01 769
1584560329485 0.01 770
1584560331683 0.01 771
1584560333913 0.01 772
1584560336104 0.01 773
1584560338304 0.01 774
1584560340707 0.01 775
1584560342913 0.01 776
1584560345100 0.01 777
1584560347291 0.01 778
1584560349469 0.01 779
1584560351668 0.01 780
1584560353849 0.01 781
1584560356040 0.01 782
1584560358215 0.01 783
1584560360400 0.01 784
1584560362591 0.01 785
1584560364783 0.01 786
1584560366962 0.01 787
1584560369163 0.01 788
1584560371393 0.01 789
1584560373560 0.01 790
1584560375740 0.01 791
1584560377924 0.01 792
1584560380138 0.01 793
1584560382338 0.01 794
1584560384544 0.01 795
1584560386775 0.01 796
1584560388960 0.01 797
1584560391179 0.01 798
1584560393399 0.01 799
1584560395594 0.01 800
1584560397924 0.01 801
1584560400123 0.01 802
1584560402410 0.01 803
1584560404600 0.01 804
1584560406767 0.01 805
1584560408945 0.01 806
1584560411141 0.01 807
1584560413328 0.01 808
1584560415510 0.01 809
1584560417695 0.01 810
1584560419881 0.01 811
1584560422107 0.01 812
1584560424413 0.01 813
1584560426748 0.01 814
1584560428952 0.01 815
1584560431185 0.01 816
1584560433383 0.01 817
1584560435610 0.01 818
1584560437887 0.01 819
