1584558635258 300 1
1584558637503 300 2
1584558639774 300 3
1584558641992 300 4
1584558644281 300 5
1584558646511 300 6
1584558648761 300 7
1584558650883 300 8
1584558653043 300 9
1584558655207 300 10
1584558657367 300 11
1584558659489 300 12
1584558661707 300 13
1584558663900 300 14
1584558666090 300 15
1584558668248 300 16
1584558670412 300 17
1584558672571 300 18
1584558674711 300 19
1584558676907 300 20
1584558679085 300 21
1584558681262 300 22
1584558683460 300 23
1584558685644 300 24
1584558687799 300 25
1584558689984 300 26
1584558692213 300 27
1584558694394 300 28
1584558696610 300 29
1584558698782 300 30
1584558700944 300 31
1584558703129 300 32
1584558705334 300 33
1584558707488 300 34
1584558709651 300 35
1584558711816 300 36
1584558713980 300 37
1584558716154 300 38
1584558718335 300 39
1584558720557 300 40
1584558722722 300 41
1584558724898 300 42
1584558727067 300 43
1584558729271 300 44
1584558731422 300 45
1584558733644 300 46
1584558735791 300 47
1584558737956 300 48
1584558740160 300 49
1584558742341 300 50
1584558744543 300 51
1584558746714 300 52
1584558748876 300 53
1584558751066 300 54
1584558753245 300 55
1584558755448 300 56
1584558757637 300 57
1584558759798 300 58
1584558761963 300 59
1584558764143 300 60
1584558766344 300 61
1584558768540 300 62
1584558770705 300 63
1584558772886 300 64
1584558775066 300 65
1584558777278 300 66
1584558779439 300 67
1584558781645 300 68
1584558783867 300 69
1584558786072 300 70
1584558788329 300 71
1584558790505 300 72
1584558792684 300 73
1584558794865 300 74
1584558797049 300 75
1584558799223 300 76
1584558801395 300 77
1584558803560 300 78
1584558805685 300 79
1584558807809 300 80
1584558809962 300 81
1584558812161 300 82
1584558814374 300 83
1584558816561 300 84
1584558818732 300 85
1584558820891 300 86
1584558823075 300 87
1584558825274 300 88
1584558827448 300 89
1584558829630 300 90
1584558831802 300 91
1584558833976 300 92
1584558836159 300 93
1584558838361 300 94
1584558840565 300 95
1584558842736 300 96
1584558844931 300 97
1584558847093 300 98
1584558849309 300 99
1584558851490 300 100
1584558853794 300 101
1584558855965 300 102
1584558858101 300 103
1584558860281 300 104
1584558862421 300 105
1584558864611 300 106
1584558866749 300 107
1584558868872 300 108
1584558871015 300 109
1584558873220 300 110
1584558875367 300 111
1584558877524 300 112
1584558879683 300 113
1584558881837 300 114
1584558884024 300 115
1584558886170 300 116
1584558888381 300 117
1584558890661 300 118
1584558892826 300 119
1584558895018 300 120
1584558897188 300 121
1584558899369 300 122
1584558901564 300 123
1584558903729 300 124
1584558905885 300 125
1584558908046 300 126
1584558910236 300 127
1584558912414 300 128
1584558914623 300 129
1584558916800 300 130
1584558918989 300 131
1584558921200 300 132
1584558923389 300 133
1584558925628 300 134
1584558927828 300 135
1584558930013 300 136
1584558932225 300 137
1584558934429 300 138
1584558936595 300 139
1584558938773 300 140
1584558941001 300 141
1584558943171 300 142
1584558945374 300 143
1584558947556 300 144
1584558949768 300 145
1584558952012 300 146
1584558954302 300 147
1584558956497 300 148
1584558958703 300 149
1584558960886 300 150
1584558963091 300 151
1584558965235 300 152
1584558967440 300 153
1584558969671 300 154
1584558971867 300 155
1584558974047 300 156
1584558976240 300 157
1584558978398 300 158
1584558980593 300 159
1584558982783 300 160
1584558984957 300 161
1584558987241 300 162
1584558989455 300 163
1584558991651 300 164
1584558993838 300 165
1584558996014 300 166
1584558998216 300 167
1584559000406 300 168
1584559002604 300 169
1584559004774 300 170
1584559006993 300 171
1584559009167 300 172
1584559011333 300 173
1584559013491 300 174
1584559015652 300 175
1584559017835 300 176
1584559019995 300 177
1584559022208 300 178
1584559024422 300 179
1584559026630 300 180
1584559028812 300 181
1584559030979 300 182
1584559033157 300 183
1584559035377 300 184
1584559037575 300 185
1584559039755 300 186
1584559041922 300 187
1584559044107 300 188
1584559046331 300 189
1584559048568 300 190
1584559050770 300 191
1584559052962 300 192
1584559055158 300 193
1584559057337 300 194
1584559059515 300 195
1584559061689 300 196
1584559063876 300 197
1584559066019 300 198
1584559068212 300 199
1584559070516 300 200
1584559072710 300 201
1584559074885 300 202
1584559077100 300 203
1584559079287 300 204
1584559081489 300 205
1584559083782 300 206
1584559085928 300 207
1584559088102 300 208
1584559090306 300 209
1584559092466 300 210
1584559094687 300 211
1584559096871 300 212
1584559099037 300 213
1584559101209 300 214
1584559103395 300 215
1584559105846 300 216
1584559108016 300 217
1584559110216 300 218
1584559112405 300 219
1584559114639 300 220
1584559116803 300 221
1584559118993 300 222
1584559121199 300 223
1584559123400 300 224
1584559125560 300 225
1584559127741 300 226
1584559129931 300 227
1584559132102 300 228
1584559134323 300 229
1584559136495 300 230
1584559138666 300 231
1584559140860 300 232
1584559143037 300 233
1584559145226 300 234
1584559147397 300 235
1584559149565 300 236
1584559151730 300 237
1584559153923 300 238
1584559156157 300 239
1584559158346 300 240
1584559160538 300 241
1584559162719 300 242
1584559164923 300 243
1584559167076 300 244
1584559169229 300 245
1584559171397 300 246
1584559173604 300 247
1584559175822 300 248
1584559178014 300 249
1584559180283 300 250
1584559182490 300 251
1584559184680 300 252
1584559186875 300 253
1584559189035 300 254
1584559191226 300 255
1584559193386 300 256
1584559195612 300 257
1584559197769 300 258
1584559199948 300 259
1584559202147 300 260
1584559204334 300 261
1584559206518 300 262
1584559208706 300 263
1584559210937 300 264
1584559213140 300 265
1584559215310 300 266
1584559217489 300 267
1584559219662 300 268
1584559221875 300 269
1584559224092 300 270
1584559226302 300 271
1584559228475 300 272
1584559230672 300 273
1584559232863 300 274
1584559235062 300 275
1584559237292 300 276
1584559239484 300 277
1584559241715 300 278
1584559243876 300 279
1584559246078 300 280
1584559248290 300 281
1584559250513 300 282
1584559252685 300 283
1584559254894 300 284
1584559257074 300 285
1584559259246 300 286
1584559261408 300 287
1584559263615 300 288
1584559265804 300 289
1584559267943 300 290
1584559270119 300 291
1584559272336 300 292
1584559274539 300 293
1584559276749 300 294
1584559278928 300 295
1584559281123 300 296
1584559283327 300 297
1584559285537 300 298
1584559287783 300 299
1584559290400 300 300
1584559292822 300 301
1584559295016 300 302
1584559297223 300 303
1584559299418 300 304
1584559301624 300 305
1584559303806 300 306
1584559305969 300 307
1584559308152 300 308
1584559310363 300 309
1584559312575 300 310
1584559314774 300 311
1584559316971 300 312
1584559319188 300 313
1584559321400 300 314
1584559323618 300 315
1584559325803 300 316
1584559328006 300 317
1584559330187 300 318
1584559332362 300 319
1584559334535 300 320
1584559336738 300 321
1584559338932 300 322
1584559341146 300 323
1584559343384 300 324
1584559345600 300 325
1584559347807 300 326
1584559350067 300 327
1584559352239 300 328
1584559354454 300 329
1584559356638 300 330
1584559359256 300 331
1584559363351 300 332
1584559365661 300 333
1584559367879 300 334
1584559370088 300 335
1584559372285 300 336
1584559374601 300 337
1584559376775 300 338
1584559378949 300 339
1584559381138 300 340
1584559383333 300 341
1584559385537 300 342
1584559387725 300 343
1584559389885 300 344
1584559392073 300 345
1584559394276 300 346
1584559396459 300 347
1584559398672 300 348
1584559400884 300 349
1584559403049 300 350
1584559405232 300 351
1584559407382 300 352
1584559409576 300 353
1584559411768 300 354
1584559413976 300 355
1584559416165 300 356
1584559418347 300 357
1584559420574 300 358
1584559422763 300 359
1584559424936 300 360
1584559427098 300 361
1584559429326 300 362
1584559431522 300 363
1584559433734 300 364
1584559435901 300 365
1584559438067 300 366
1584559440281 300 367
1584559442466 300 368
1584559444680 300 369
1584559446866 300 370
1584559449075 300 371
1584559451260 300 372
1584559453440 300 373
1584559455612 300 374
1584559457795 300 375
1584559459994 300 376
1584559462212 300 377
1584559464433 300 378
1584559466618 300 379
1584559469074 300 380
1584559471708 300 381
1584559474105 300 382
1584559476332 300 383
1584559478549 300 384
1584559480751 300 385
1584559482933 300 386
1584559485130 300 387
1584559487313 300 388
1584559489574 300 389
1584559491775 300 390
1584559493942 300 391
1584559496172 300 392
1584559498365 300 393
1584559500613 300 394
1584559502810 300 395
1584559504973 300 396
1584559507149 300 397
1584559509350 300 398
1584559511530 300 399
1584559513719 300 400
1584559515961 300 401
1584559518171 300 402
1584559520369 300 403
1584559522547 300 404
1584559524766 300 405
1584559526964 300 406
1584559529158 300 407
1584559531375 300 408
1584559533580 300 409
1584559535779 300 410
1584559537958 300 411
1584559540158 300 412
1584559542357 300 413
1584559544539 300 414
1584559546707 300 415
1584559548885 300 416
1584559551070 300 417
1584559553230 300 418
1584559555429 300 419
1584559557575 300 420
1584559559780 300 421
1584559561987 300 422
1584559564207 300 423
1584559566473 300 424
1584559568742 300 425
1584559570935 300 426
1584559573099 300 427
1584559575300 300 428
1584559577472 300 429
1584559579659 300 430
1584559581847 300 431
1584559584023 300 432
1584559586234 300 433
1584559588412 300 434
1584559590606 300 435
1584559592781 300 436
1584559594951 300 437
1584559597157 300 438
1584559599351 300 439
1584559601578 300 440
1584559603763 300 441
1584559605953 300 442
1584559608148 300 443
1584559610335 300 444
1584559612517 300 445
1584559614699 300 446
1584559616877 300 447
1584559619064 300 448
1584559621244 300 449
1584559623451 300 450
1584559625676 300 451
1584559627886 300 452
1584559630068 300 453
1584559632321 300 454
1584559634529 300 455
1584559636726 300 456
1584559638910 300 457
1584559641086 300 458
1584559643282 300 459
1584559645482 300 460
1584559647686 300 461
1584559649894 300 462
1584559652088 300 463
1584559654283 300 464
1584559656509 300 465
1584559658755 300 466
1584559660935 300 467
1584559663179 300 468
1584559665381 300 469
1584559667546 300 470
1584559669741 300 471
1584559671918 300 472
1584559674146 300 473
1584559676325 300 474
1584559678529 300 475
1584559680714 300 476
1584559682878 300 477
1584559685072 300 478
1584559687259 300 479
1584559689498 300 480
1584559691710 300 481
1584559693937 300 482
1584559696126 300 483
1584559698314 300 484
1584559700541 300 485
1584559702698 300 486
1584559704901 300 487
1584559707120 300 488
1584559709338 300 489
1584559711523 300 490
1584559713709 300 491
1584559715882 300 492
1584559718048 300 493
1584559720252 300 494
1584559722418 300 495
1584559724591 300 496
1584559727026 300 497
1584559729733 300 498
1584559731928 300 499
1584559734122 300 500
1584559736351 300 501
1584559738551 300 502
1584559741097 300 503
1584559743407 300 504
1584559745935 300 505
1584559748109 300 506
1584559750324 300 507
1584559752561 300 508
1584559754757 300 509
1584559756894 300 510
1584559759085 300 511
1584559761342 300 512
1584559763545 300 513
1584559765759 300 514
1584559767944 300 515
1584559770132 300 516
1584559772312 300 517
1584559774563 300 518
1584559776805 300 519
1584559778992 300 520
1584559781180 300 521
1584559783350 300 522
1584559785541 300 523
1584559787722 300 524
1584559789923 300 525
1584559792102 300 526
1584559794276 300 527
1584559796516 300 528
1584559798675 300 529
1584559800911 300 530
1584559803106 300 531
1584559805294 300 532
1584559807475 300 533
1584559809674 300 534
1584559811843 300 535
1584559814012 300 536
1584559816195 300 537
1584559818366 300 538
1584559820577 300 539
1584559822763 300 540
1584559824955 300 541
1584559827135 300 542
1584559829334 300 543
1584559831530 300 544
1584559833689 300 545
1584559835938 300 546
1584559838161 300 547
1584559840374 300 548
1584559842587 300 549
1584559844803 300 550
1584559846990 300 551
1584559849197 300 552
1584559851434 300 553
1584559853597 300 554
1584559855815 300 555
1584559858063 300 556
1584559860277 300 557
1584559862475 300 558
1584559864682 300 559
1584559866848 300 560
1584559869036 300 561
1584559871255 300 562
1584559873462 300 563
1584559875673 300 564
1584559877842 300 565
1584559880023 300 566
1584559882216 300 567
1584559884409 300 568
1584559886603 300 569
1584559888832 300 570
1584559891002 300 571
1584559893176 300 572
1584559895374 300 573
1584559897549 300 574
1584559899763 300 575
1584559901946 300 576
1584559904152 300 577
1584559906359 300 578
1584559908531 300 579
1584559910723 300 580
1584559912939 300 581
1584559915118 300 582
1584559917321 300 583
1584559919504 300 584
1584559921663 300 585
1584559923864 300 586
1584559926048 300 587
1584559928260 300 588
1584559930473 300 589
1584559932666 300 590
1584559934837 300 591
1584559937022 300 592
1584559939192 300 593
1584559941391 300 594
1584559943558 300 595
1584559945760 300 596
1584559947966 300 597
1584559950167 300 598
1584559952430 300 599
1584559954787 300 600
1584559957064 300 601
1584559959256 300 602
1584559961488 300 603
1584559963685 300 604
1584559965866 300 605
1584559968051 300 606
1584559970365 300 607
1584559972569 300 608
1584559974760 300 609
1584559976933 300 610
1584559979113 300 611
1584559981317 300 612
1584559983515 300 613
1584559985728 300 614
1584559987945 300 615
1584559990161 300 616
1584559992346 300 617
1584559994567 300 618
1584559996760 300 619
1584559998935 300 620
1584560001155 300 621
1584560003336 300 622
1584560005560 300 623
1584560007731 300 624
1584560009917 300 625
1584560012083 300 626
1584560014329 300 627
1584560016565 300 628
1584560018779 300 629
1584560020981 300 630
1584560023151 300 631
1584560025414 300 632
1584560027635 300 633
1584560029847 300 634
1584560032009 300 635
1584560034189 300 636
1584560036373 300 637
1584560038554 300 638
1584560040806 300 639
1584560042999 300 640
1584560045204 300 641
1584560047367 300 642
1584560049589 300 643
1584560051873 300 644
1584560054065 300 645
1584560056244 300 646
1584560058508 300 647
1584560060721 300 648
1584560062909 300 649
1584560065160 300 650
1584560067358 300 651
1584560069552 300 652
1584560071760 300 653
1584560073947 300 654
1584560076192 300 655
1584560078366 300 656
1584560080589 300 657
1584560082778 300 658
1584560084948 300 659
1584560087150 300 660
1584560089333 300 661
1584560091504 300 662
1584560093684 300 663
1584560095917 300 664
1584560098123 300 665
1584560100353 300 666
1584560102569 300 667
1584560104766 300 668
1584560106950 300 669
1584560109134 300 670
1584560111436 300 671
1584560113606 300 672
1584560115823 300 673
1584560118005 300 674
1584560120234 300 675
1584560122461 300 676
1584560124674 300 677
1584560126909 300 678
1584560129125 300 679
1584560131365 300 680
1584560133532 300 681
1584560135767 300 682
1584560137954 300 683
1584560140136 300 684
1584560142320 300 685
1584560144497 300 686
1584560146785 300 687
1584560148999 300 688
1584560151196 300 689
1584560153430 300 690
1584560155601 300 691
1584560157802 300 692
1584560159986 300 693
1584560162180 300 694
1584560164352 300 695
1584560166538 300 696
1584560168744 300 697
1584560170943 300 698
1584560173109 300 699
1584560175343 300 700
1584560177652 300 701
1584560179828 300 702
1584560182028 300 703
1584560184217 300 704
1584560186431 300 705
1584560188650 300 706
1584560190887 300 707
1584560193151 300 708
1584560195383 300 709
1584560197726 300 710
1584560199896 300 711
1584560202071 300 712
1584560204286 300 713
1584560206470 300 714
1584560208716 300 715
1584560210880 300 716
1584560213060 300 717
1584560215239 300 718
1584560217426 300 719
1584560219662 300 720
1584560221859 300 721
1584560224036 300 722
1584560226214 300 723
1584560228411 300 724
1584560230595 300 725
1584560232779 300 726
1584560234951 300 727
1584560237158 300 728
1584560239338 300 729
1584560241541 300 730
1584560243837 300 731
1584560246038 300 732
1584560248203 300 733
1584560250408 300 734
1584560252596 300 735
1584560254801 300 736
1584560257025 300 737
1584560259256 300 738
1584560261463 300 739
1584560263696 300 740
1584560265884 300 741
1584560268051 300 742
1584560270248 300 743
1584560272452 300 744
1584560274688 300 745
1584560276865 300 746
1584560279066 300 747
1584560281249 300 748
1584560283477 300 749
1584560285661 300 750
1584560287843 300 751
1584560290053 300 752
1584560292257 300 753
1584560294450 300 754
1584560296658 300 755
1584560298870 300 756
1584560301040 300 757
1584560303225 300 758
1584560305435 300 759
1584560307603 300 760
1584560309785 300 761
1584560311973 300 762
1584560314144 300 763
1584560316347 300 764
1584560318522 300 765
1584560320695 300 766
1584560322890 300 767
1584560325060 300 768
1584560327264 300 769
1584560329485 300 770
1584560331683 300 771
1584560333913 300 772
1584560336104 300 773
1584560338304 300 774
1584560340707 300 775
1584560342913 300 776
1584560345100 300 777
1584560347291 300 778
1584560349469 300 779
1584560351668 300 780
1584560353849 300 781
1584560356040 300 782
1584560358215 300 783
1584560360400 300 784
1584560362591 300 785
1584560364783 300 786
1584560366962 300 787
1584560369163 300 788
1584560371393 300 789
1584560373560 300 790
1584560375740 300 791
1584560377924 300 792
1584560380138 300 793
1584560382338 300 794
1584560384544 300 795
1584560386775 300 796
1584560388960 300 797
1584560391179 300 798
1584560393399 300 799
1584560395594 300 800
1584560397924 300 801
1584560400123 300 802
1584560402410 300 803
1584560404600 300 804
1584560406767 300 805
1584560408945 300 806
1584560411141 300 807
1584560413328 300 808
1584560415510 300 809
1584560417695 300 810
1584560419881 300 811
1584560422107 300 812
1584560424413 300 813
1584560426748 300 814
1584560428952 300 815
1584560431185 300 816
1584560433383 300 817
1584560435610 300 818
1584560437887 300 819
