1584558635258 -1.0 1
1584558637503 1.0 2
1584558639774 -1.0 3
1584558641992 0.0 4
1584558644281 1.0 5
1584558646511 1.0 6
1584558648761 0.0 7
1584558650883 -2.0 8
1584558653043 0.0 9
1584558655207 0.0 10
1584558657367 -1.0 11
1584558659489 0.0 12
1584558661707 1.0 13
1584558663900 0.0 14
1584558666090 0.0 15
1584558668248 0.0 16
1584558670412 2.0 17
1584558672571 1.0 18
1584558674711 0.0 19
1584558676907 1.0 20
1584558679085 0.0 21
1584558681262 2.0 22
1584558683460 2.0 23
1584558685644 0.0 24
1584558687799 0.0 25
1584558689984 0.0 26
1584558692213 0.0 27
1584558694394 1.0 28
1584558696610 2.0 29
1584558698782 0.0 30
1584558700944 0.0 31
1584558703129 0.0 32
1584558705334 1.0 33
1584558707488 -1.0 34
1584558709651 1.0 35
1584558711816 1.0 36
1584558713980 1.0 37
1584558716154 0.0 38
1584558718335 -1.0 39
1584558720557 0.0 40
1584558722722 -2.0 41
1584558724898 2.0 42
1584558727067 2.0 43
1584558729271 0.0 44
1584558731422 1.0 45
1584558733644 1.0 46
1584558735791 0.0 47
1584558737956 0.0 48
1584558740160 1.0 49
1584558742341 2.0 50
1584558744543 0.0 51
1584558746714 1.0 52
1584558748876 1.0 53
1584558751066 1.0 54
1584558753245 -3.0 55
1584558755448 0.0 56
1584558757637 -1.0 57
1584558759798 0.0 58
1584558761963 1.0 59
1584558764143 3.0 60
1584558766344 1.0 61
1584558768540 1.0 62
1584558770705 2.0 63
1584558772886 0.0 64
1584558775066 1.0 65
1584558777278 1.0 66
1584558779439 3.0 67
1584558781645 0.0 68
1584558783867 0.0 69
1584558786072 1.0 70
1584558788329 -2.0 71
1584558790505 2.0 72
1584558792684 -2.0 73
1584558794865 1.0 74
1584558797049 3.0 75
1584558799223 0.0 76
1584558801395 1.0 77
1584558803560 0.0 78
1584558805685 2.0 79
1584558807809 1.0 80
1584558809962 0.0 81
1584558812161 2.0 82
1584558814374 2.0 83
1584558816561 0.0 84
1584558818732 0.0 85
1584558820891 4.0 86
1584558823075 2.0 87
1584558825274 0.0 88
1584558827448 0.0 89
1584558829630 2.0 90
1584558831802 3.0 91
1584558833976 0.0 92
1584558836159 2.0 93
1584558838361 4.0 94
1584558840565 3.0 95
1584558842736 1.0 96
1584558844931 3.0 97
1584558847093 2.0 98
1584558849309 3.0 99
1584558851490 1.0 100
1584558853794 2.0 101
1584558855965 3.0 102
1584558858101 6.0 103
1584558860281 4.0 104
1584558862421 8.0 105
1584558864611 1.0 106
1584558866749 5.0 107
1584558868872 3.0 108
1584558871015 3.0 109
1584558873220 7.0 110
1584558875367 0.0 111
1584558877524 3.0 112
1584558879683 0.0 113
1584558881837 4.0 114
1584558884024 10.0 115
1584558886170 1.0 116
1584558888381 0.0 117
1584558890661 1.0 118
1584558892826 6.0 119
1584558895018 1.0 120
1584558897188 0.0 121
1584558899369 8.0 122
1584558901564 7.0 123
1584558903729 3.0 124
1584558905885 3.0 125
1584558908046 4.0 126
1584558910236 7.0 127
1584558912414 8.0 128
1584558914623 1.0 129
1584558916800 -1.0 130
1584558918989 9.0 131
1584558921200 8.0 132
1584558923389 1.0 133
1584558925628 5.0 134
1584558927828 1.0 135
1584558930013 8.0 136
1584558932225 3.0 137
1584558934429 5.0 138
1584558936595 7.0 139
1584558938773 1.0 140
1584558941001 6.0 141
1584558943171 4.0 142
1584558945374 6.0 143
1584558947556 5.0 144
1584558949768 3.0 145
1584558952012 14.0 146
1584558954302 3.0 147
1584558956497 10.0 148
1584558958703 0.0 149
1584558960886 10.0 150
1584558963091 7.0 151
1584558965235 7.0 152
1584558967440 9.0 153
1584558969671 2.0 154
1584558971867 6.0 155
1584558974047 0.0 156
1584558976240 0.0 157
1584558978398 2.0 158
1584558980593 4.0 159
1584558982783 8.0 160
1584558984957 2.0 161
1584558987241 9.0 162
1584558989455 5.0 163
1584558991651 6.0 164
1584558993838 9.0 165
1584558996014 11.0 166
1584558998216 12.0 167
1584559000406 6.0 168
1584559002604 7.0 169
1584559004774 0.0 170
1584559006993 5.0 171
1584559009167 5.0 172
1584559011333 3.0 173
1584559013491 3.0 174
1584559015652 8.0 175
1584559017835 5.0 176
1584559019995 6.0 177
1584559022208 0.0 178
1584559024422 4.0 179
1584559026630 -1.0 180
1584559028812 4.0 181
1584559030979 4.0 182
1584559033157 8.0 183
1584559035377 1.0 184
1584559037575 5.0 185
1584559039755 11.0 186
1584559041922 10.0 187
1584559044107 14.0 188
1584559046331 1.0 189
1584559048568 10.0 190
1584559050770 6.0 191
1584559052962 1.0 192
1584559055158 1.0 193
1584559057337 7.0 194
1584559059515 6.0 195
1584559061689 8.0 196
1584559063876 9.0 197
1584559066019 10.0 198
1584559068212 8.0 199
1584559070516 5.0 200
1584559072710 10.0 201
1584559074885 1.0 202
1584559077100 1.0 203
1584559079287 11.0 204
1584559081489 16.0 205
1584559083782 1.0 206
1584559085928 9.0 207
1584559088102 1.0 208
1584559090306 6.0 209
1584559092466 9.0 210
1584559094687 6.0 211
1584559096871 6.0 212
1584559099037 2.0 213
1584559101209 9.0 214
1584559103395 10.0 215
1584559105846 11.0 216
1584559108016 6.0 217
1584559110216 5.0 218
1584559112405 8.0 219
1584559114639 11.0 220
1584559116803 5.0 221
1584559118993 9.0 222
1584559121199 3.0 223
1584559123400 13.0 224
1584559125560 2.0 225
1584559127741 13.0 226
1584559129931 10.0 227
1584559132102 10.0 228
1584559134323 7.0 229
1584559136495 10.0 230
1584559138666 2.0 231
1584559140860 12.0 232
1584559143037 9.0 233
1584559145226 11.0 234
1584559147397 12.0 235
1584559149565 12.0 236
1584559151730 14.0 237
1584559153923 8.0 238
1584559156157 10.0 239
1584559158346 18.0 240
1584559160538 1.0 241
1584559162719 2.0 242
1584559164923 5.0 243
1584559167076 2.0 244
1584559169229 10.0 245
1584559171397 3.0 246
1584559173604 6.0 247
1584559175822 4.0 248
1584559178014 14.0 249
1584559180283 4.0 250
1584559182490 7.0 251
1584559184680 8.0 252
1584559186875 6.0 253
1584559189035 6.0 254
1584559191226 14.0 255
1584559193386 6.0 256
1584559195612 14.0 257
1584559197769 13.0 258
1584559199948 3.0 259
1584559202147 11.0 260
1584559204334 10.0 261
1584559206518 17.0 262
1584559208706 5.0 263
1584559210937 14.0 264
1584559213140 8.0 265
1584559215310 14.0 266
1584559217489 13.0 267
1584559219662 4.0 268
1584559221875 6.0 269
1584559224092 11.0 270
1584559226302 5.0 271
1584559228475 6.0 272
1584559230672 13.0 273
1584559232863 2.0 274
1584559235062 5.0 275
1584559237292 3.0 276
1584559239484 2.0 277
1584559241715 14.0 278
1584559243876 3.0 279
1584559246078 7.0 280
1584559248290 6.0 281
1584559250513 5.0 282
1584559252685 7.0 283
1584559254894 18.0 284
1584559257074 13.0 285
1584559259246 11.0 286
1584559261408 7.0 287
1584559263615 11.0 288
1584559265804 6.0 289
1584559267943 3.0 290
1584559270119 15.0 291
1584559272336 7.0 292
1584559274539 14.0 293
1584559276749 6.0 294
1584559278928 14.0 295
1584559281123 15.0 296
1584559283327 13.0 297
1584559285537 12.0 298
1584559287783 11.0 299
1584559290400 2.0 300
1584559292822 12.0 301
1584559295016 16.0 302
1584559297223 9.0 303
1584559299418 12.0 304
1584559301624 11.0 305
1584559303806 4.0 306
1584559305969 7.0 307
1584559308152 2.0 308
1584559310363 14.0 309
1584559312575 2.0 310
1584559314774 6.0 311
1584559316971 9.0 312
1584559319188 9.0 313
1584559321400 18.0 314
1584559323618 9.0 315
1584559325803 11.0 316
1584559328006 3.0 317
1584559330187 10.0 318
1584559332362 12.0 319
1584559334535 0.0 320
1584559336738 11.0 321
1584559338932 9.0 322
1584559341146 9.0 323
1584559343384 7.0 324
1584559345600 2.0 325
1584559347807 12.0 326
1584559350067 3.0 327
1584559352239 7.0 328
1584559354454 11.0 329
1584559356638 5.0 330
1584559359256 3.0 331
1584559363351 7.0 332
1584559365661 9.0 333
1584559367879 14.0 334
1584559370088 8.0 335
1584559372285 12.0 336
1584559374601 4.0 337
1584559376775 5.0 338
1584559378949 13.0 339
1584559381138 16.0 340
1584559383333 13.0 341
1584559385537 20.0 342
1584559387725 13.0 343
1584559389885 15.0 344
1584559392073 13.0 345
1584559394276 14.0 346
1584559396459 18.0 347
1584559398672 14.0 348
1584559400884 9.0 349
1584559403049 14.0 350
1584559405232 22.0 351
1584559407382 13.0 352
1584559409576 10.0 353
1584559411768 12.0 354
1584559413976 3.0 355
1584559416165 6.0 356
1584559418347 8.0 357
1584559420574 14.0 358
1584559422763 14.0 359
1584559424936 13.0 360
1584559427098 12.0 361
1584559429326 13.0 362
1584559431522 15.0 363
1584559433734 8.0 364
1584559435901 15.0 365
1584559438067 17.0 366
1584559440281 13.0 367
1584559442466 15.0 368
1584559444680 8.0 369
1584559446866 5.0 370
1584559449075 17.0 371
1584559451260 6.0 372
1584559453440 4.0 373
1584559455612 15.0 374
1584559457795 12.0 375
1584559459994 4.0 376
1584559462212 12.0 377
1584559464433 16.0 378
1584559466618 7.0 379
1584559469074 16.0 380
1584559471708 13.0 381
1584559474105 20.0 382
1584559476332 16.0 383
1584559478549 11.0 384
1584559480751 18.0 385
1584559482933 17.0 386
1584559485130 15.0 387
1584559487313 21.0 388
1584559489574 17.0 389
1584559491775 11.0 390
1584559493942 17.0 391
1584559496172 16.0 392
1584559498365 2.0 393
1584559500613 7.0 394
1584559502810 12.0 395
1584559504973 4.0 396
1584559507149 1.0 397
1584559509350 3.0 398
1584559511530 15.0 399
1584559513719 19.0 400
1584559515961 17.0 401
1584559518171 18.0 402
1584559520369 12.0 403
1584559522547 8.0 404
1584559524766 13.0 405
1584559526964 13.0 406
1584559529158 6.0 407
1584559531375 12.0 408
1584559533580 10.0 409
1584559535779 12.0 410
1584559537958 16.0 411
1584559540158 14.0 412
1584559542357 15.0 413
1584559544539 15.0 414
1584559546707 8.0 415
1584559548885 17.0 416
1584559551070 24.0 417
1584559553230 6.0 418
1584559555429 17.0 419
1584559557575 16.0 420
1584559559780 15.0 421
1584559561987 18.0 422
1584559564207 15.0 423
1584559566473 15.0 424
1584559568742 4.0 425
1584559570935 17.0 426
1584559573099 11.0 427
1584559575300 9.0 428
1584559577472 16.0 429
1584559579659 19.0 430
1584559581847 18.0 431
1584559584023 15.0 432
1584559586234 13.0 433
1584559588412 13.0 434
1584559590606 16.0 435
1584559592781 14.0 436
1584559594951 17.0 437
1584559597157 13.0 438
1584559599351 17.0 439
1584559601578 17.0 440
1584559603763 14.0 441
1584559605953 21.0 442
1584559608148 15.0 443
1584559610335 18.0 444
1584559612517 6.0 445
1584559614699 15.0 446
1584559616877 16.0 447
1584559619064 13.0 448
1584559621244 16.0 449
1584559623451 17.0 450
1584559625676 14.0 451
1584559627886 18.0 452
1584559630068 18.0 453
1584559632321 20.0 454
1584559634529 17.0 455
1584559636726 10.0 456
1584559638910 17.0 457
1584559641086 22.0 458
1584559643282 15.0 459
1584559645482 4.0 460
1584559647686 16.0 461
1584559649894 16.0 462
1584559652088 15.0 463
1584559654283 18.0 464
1584559656509 18.0 465
1584559658755 2.0 466
1584559660935 14.0 467
1584559663179 12.0 468
1584559665381 19.0 469
1584559667546 16.0 470
1584559669741 14.0 471
1584559671918 14.0 472
1584559674146 14.0 473
1584559676325 16.0 474
1584559678529 19.0 475
1584559680714 12.0 476
1584559682878 16.0 477
1584559685072 17.0 478
1584559687259 15.0 479
1584559689498 13.0 480
1584559691710 14.0 481
1584559693937 13.0 482
1584559696126 12.0 483
1584559698314 17.0 484
1584559700541 14.0 485
1584559702698 12.0 486
1584559704901 14.0 487
1584559707120 13.0 488
1584559709338 20.0 489
1584559711523 2.0 490
1584559713709 6.0 491
1584559715882 18.0 492
1584559718048 16.0 493
1584559720252 19.0 494
1584559722418 23.0 495
1584559724591 9.0 496
1584559727026 19.0 497
1584559729733 8.0 498
1584559731928 19.0 499
1584559734122 13.0 500
1584559736351 15.0 501
1584559738551 17.0 502
1584559741097 10.0 503
1584559743407 15.0 504
1584559745935 12.0 505
1584559748109 15.0 506
1584559750324 14.0 507
1584559752561 17.0 508
1584559754757 24.0 509
1584559756894 17.0 510
1584559759085 17.0 511
1584559761342 15.0 512
1584559763545 21.0 513
1584559765759 14.0 514
1584559767944 17.0 515
1584559770132 17.0 516
1584559772312 17.0 517
1584559774563 15.0 518
1584559776805 22.0 519
1584559778992 13.0 520
1584559781180 4.0 521
1584559783350 20.0 522
1584559785541 18.0 523
1584559787722 10.0 524
1584559789923 16.0 525
1584559792102 9.0 526
1584559794276 10.0 527
1584559796516 10.0 528
1584559798675 14.0 529
1584559800911 9.0 530
1584559803106 5.0 531
1584559805294 16.0 532
1584559807475 10.0 533
1584559809674 15.0 534
1584559811843 17.0 535
1584559814012 12.0 536
1584559816195 12.0 537
1584559818366 16.0 538
1584559820577 21.0 539
1584559822763 17.0 540
1584559824955 15.0 541
1584559827135 14.0 542
1584559829334 10.0 543
1584559831530 22.0 544
1584559833689 14.0 545
1584559835938 5.0 546
1584559838161 0.0 547
1584559840374 11.0 548
1584559842587 15.0 549
1584559844803 18.0 550
1584559846990 11.0 551
1584559849197 16.0 552
1584559851434 19.0 553
1584559853597 16.0 554
1584559855815 19.0 555
1584559858063 18.0 556
1584559860277 10.0 557
1584559862475 19.0 558
1584559864682 16.0 559
1584559866848 16.0 560
1584559869036 16.0 561
1584559871255 15.0 562
1584559873462 15.0 563
1584559875673 16.0 564
1584559877842 19.0 565
1584559880023 9.0 566
1584559882216 15.0 567
1584559884409 19.0 568
1584559886603 16.0 569
1584559888832 20.0 570
1584559891002 17.0 571
1584559893176 15.0 572
1584559895374 15.0 573
1584559897549 19.0 574
1584559899763 16.0 575
1584559901946 15.0 576
1584559904152 15.0 577
1584559906359 19.0 578
1584559908531 16.0 579
1584559910723 18.0 580
1584559912939 21.0 581
1584559915118 17.0 582
1584559917321 13.0 583
1584559919504 18.0 584
1584559921663 18.0 585
1584559923864 18.0 586
1584559926048 16.0 587
1584559928260 17.0 588
1584559930473 18.0 589
1584559932666 15.0 590
1584559934837 15.0 591
1584559937022 19.0 592
1584559939192 22.0 593
1584559941391 17.0 594
1584559943558 20.0 595
1584559945760 17.0 596
1584559947966 14.0 597
1584559950167 11.0 598
1584559952430 13.0 599
1584559954787 18.0 600
1584559957064 13.0 601
1584559959256 18.0 602
1584559961488 23.0 603
1584559963685 3.0 604
1584559965866 16.0 605
1584559968051 20.0 606
1584559970365 20.0 607
1584559972569 20.0 608
1584559974760 18.0 609
1584559976933 15.0 610
1584559979113 21.0 611
1584559981317 15.0 612
1584559983515 13.0 613
1584559985728 15.0 614
1584559987945 17.0 615
1584559990161 15.0 616
1584559992346 18.0 617
1584559994567 14.0 618
1584559996760 14.0 619
1584559998935 16.0 620
1584560001155 12.0 621
1584560003336 17.0 622
1584560005560 19.0 623
1584560007731 21.0 624
1584560009917 16.0 625
1584560012083 14.0 626
1584560014329 12.0 627
1584560016565 13.0 628
1584560018779 8.0 629
1584560020981 3.0 630
1584560023151 15.0 631
1584560025414 19.0 632
1584560027635 14.0 633
1584560029847 10.0 634
1584560032009 17.0 635
1584560034189 13.0 636
1584560036373 19.0 637
1584560038554 17.0 638
1584560040806 23.0 639
1584560042999 19.0 640
1584560045204 15.0 641
1584560047367 15.0 642
1584560049589 15.0 643
1584560051873 18.0 644
1584560054065 17.0 645
1584560056244 11.0 646
1584560058508 16.0 647
1584560060721 16.0 648
1584560062909 20.0 649
1584560065160 19.0 650
1584560067358 21.0 651
1584560069552 13.0 652
1584560071760 16.0 653
1584560073947 18.0 654
1584560076192 20.0 655
1584560078366 20.0 656
1584560080589 18.0 657
1584560082778 14.0 658
1584560084948 14.0 659
1584560087150 21.0 660
1584560089333 19.0 661
1584560091504 9.0 662
1584560093684 18.0 663
1584560095917 19.0 664
1584560098123 18.0 665
1584560100353 14.0 666
1584560102569 16.0 667
1584560104766 16.0 668
1584560106950 17.0 669
1584560109134 18.0 670
1584560111436 15.0 671
1584560113606 12.0 672
1584560115823 17.0 673
1584560118005 14.0 674
1584560120234 18.0 675
1584560122461 16.0 676
1584560124674 12.0 677
1584560126909 13.0 678
1584560129125 15.0 679
1584560131365 17.0 680
1584560133532 19.0 681
1584560135767 23.0 682
1584560137954 18.0 683
1584560140136 15.0 684
1584560142320 15.0 685
1584560144497 12.0 686
1584560146785 9.0 687
1584560148999 8.0 688
1584560151196 11.0 689
1584560153430 21.0 690
1584560155601 16.0 691
1584560157802 17.0 692
1584560159986 19.0 693
1584560162180 19.0 694
1584560164352 12.0 695
1584560166538 17.0 696
1584560168744 18.0 697
1584560170943 23.0 698
1584560173109 7.0 699
1584560175343 18.0 700
1584560177652 16.0 701
1584560179828 17.0 702
1584560182028 14.0 703
1584560184217 19.0 704
1584560186431 15.0 705
1584560188650 17.0 706
1584560190887 11.0 707
1584560193151 13.0 708
1584560195383 23.0 709
1584560197726 12.0 710
1584560199896 18.0 711
1584560202071 20.0 712
1584560204286 20.0 713
1584560206470 19.0 714
1584560208716 21.0 715
1584560210880 17.0 716
1584560213060 16.0 717
1584560215239 17.0 718
1584560217426 17.0 719
1584560219662 19.0 720
1584560221859 16.0 721
1584560224036 16.0 722
1584560226214 17.0 723
1584560228411 8.0 724
1584560230595 18.0 725
1584560232779 18.0 726
1584560234951 21.0 727
1584560237158 13.0 728
1584560239338 17.0 729
1584560241541 17.0 730
1584560243837 17.0 731
1584560246038 9.0 732
1584560248203 18.0 733
1584560250408 16.0 734
1584560252596 21.0 735
1584560254801 18.0 736
1584560257025 17.0 737
1584560259256 16.0 738
1584560261463 17.0 739
1584560263696 17.0 740
1584560265884 12.0 741
1584560268051 18.0 742
1584560270248 15.0 743
1584560272452 18.0 744
1584560274688 18.0 745
1584560276865 17.0 746
1584560279066 16.0 747
1584560281249 18.0 748
1584560283477 18.0 749
1584560285661 21.0 750
1584560287843 19.0 751
1584560290053 16.0 752
1584560292257 16.0 753
1584560294450 17.0 754
1584560296658 18.0 755
1584560298870 15.0 756
1584560301040 21.0 757
1584560303225 16.0 758
1584560305435 17.0 759
1584560307603 14.0 760
1584560309785 16.0 761
1584560311973 17.0 762
1584560314144 19.0 763
1584560316347 18.0 764
1584560318522 21.0 765
1584560320695 19.0 766
1584560322890 17.0 767
1584560325060 20.0 768
1584560327264 16.0 769
1584560329485 21.0 770
1584560331683 13.0 771
1584560333913 14.0 772
1584560336104 20.0 773
1584560338304 14.0 774
1584560340707 16.0 775
1584560342913 14.0 776
1584560345100 18.0 777
1584560347291 14.0 778
1584560349469 12.0 779
1584560351668 18.0 780
1584560353849 19.0 781
1584560356040 15.0 782
1584560358215 11.0 783
1584560360400 22.0 784
1584560362591 14.0 785
1584560364783 16.0 786
1584560366962 13.0 787
1584560369163 15.0 788
1584560371393 18.0 789
1584560373560 15.0 790
1584560375740 18.0 791
1584560377924 13.0 792
1584560380138 14.0 793
1584560382338 20.0 794
1584560384544 15.0 795
1584560386775 16.0 796
1584560388960 19.0 797
1584560391179 20.0 798
1584560393399 12.0 799
1584560395594 11.0 800
1584560397924 6.0 801
1584560400123 17.0 802
1584560402410 15.0 803
1584560404600 25.0 804
1584560406767 13.0 805
1584560408945 14.0 806
1584560411141 17.0 807
1584560413328 12.0 808
1584560415510 16.0 809
1584560417695 14.0 810
1584560419881 15.0 811
1584560422107 19.0 812
1584560424413 11.0 813
1584560426748 23.0 814
1584560428952 5.0 815
1584560431185 7.0 816
1584560433383 12.0 817
1584560435610 15.0 818
1584560437887 1.0 819
