1584623663294 1 1
1584623665605 1 2
1584623667824 1 3
1584623670031 1 4
1584623672431 1 5
1584623674908 1 6
1584623677216 1 7
1584623679428 1 8
1584623681634 1 9
1584623683934 1 10
1584623686223 1 11
1584623688490 1 12
1584623690756 1 13
1584623693334 1 14
1584623695544 1 15
1584623697685 1 16
1584623699888 1 17
1584623702492 1 18
1584623704979 1 19
1584623707281 1 20
1584623709411 1 21
1584623711554 1 22
1584623713745 1 23
1584623715951 1 24
1584623718142 1 25
1584623720376 1 26
1584623722634 1 27
1584623724815 1 28
1584623726990 1 29
1584623729249 1 30
1584623731498 1 31
1584623733697 1 32
1584623735909 1 33
1584623738095 1 34
1584623740318 1 35
1584623742555 1 36
1584623744801 1 37
1584623747020 1 38
1584623749251 1 39
1584623751427 1 40
1584623753593 1 41
1584623755756 1 42
1584623758030 1 43
1584623760289 1 44
1584623762540 1 45
1584623764733 1 46
1584623766909 1 47
1584623769158 1 48
1584623771552 1 49
1584623773774 1 50
1584623775997 1 51
1584623778221 1 52
1584623780378 1 53
1584623782558 1 54
1584623784803 1 55
1584623787019 1 56
1584623789236 1 57
1584623791424 1 58
1584623793598 1 59
1584623795797 1 60
1584623798016 1 61
1584623800230 1 62
1584623802500 1 63
1584623804714 1 64
1584623806887 1 65
1584623809067 1 66
1584623811268 1 67
1584623813484 1 68
1584623815682 1 69
1584623817863 1 70
1584623820076 1 71
1584623822277 1 72
1584623824496 1 73
1584623826687 1 74
1584623828958 1 75
1584623831225 1 76
1584623833482 1 77
1584623835920 1 78
1584623838084 1 79
1584623840298 1 80
1584623842523 1 81
1584623844733 1 82
1584623846909 1 83
1584623849090 1 84
1584623851296 1 85
1584623853528 1 86
1584623855734 1 87
1584623857971 1 88
1584623860211 1 89
1584623862439 1 90
1584623864623 1 91
1584623866825 1 92
1584623869077 1 93
1584623871288 1 94
1584623873498 1 95
1584623875676 1 96
1584623877867 1 97
1584623880071 1 98
1584623882322 1 99
1584623884565 1 100
1584623886785 1 101
1584623889003 1 102
1584623891227 1 103
1584623893412 1 104
1584623895634 1 105
1584623897872 1 106
1584623900111 1 107
1584623902279 1 108
1584623904569 1 109
1584623906803 1 110
1584623909050 1 111
1584623911269 1 112
1584623913489 1 113
1584623915730 1 114
1584623917895 1 115
1584623920097 1 116
1584623922283 1 117
1584623924534 1 118
1584623926773 1 119
1584623928948 1 120
1584623931135 1 121
1584623933308 1 122
1584623935528 1 123
1584623937719 1 124
1584623939937 1 125
1584623942142 1 126
1584623944545 1 127
1584623946741 1 128
1584623948916 1 129
1584623951166 1 130
1584623953396 1 131
1584623955617 1 132
1584623957805 1 133
1584623959995 1 134
1584623962229 1 135
1584623964579 1 136
1584623966796 1 137
1584623969002 1 138
1584623971224 1 139
1584623973409 1 140
1584623975593 1 141
1584623977788 1 142
1584623980015 1 143
1584623982254 1 144
1584623984467 1 145
1584623986678 1 146
1584623988852 1 147
1584623991041 1 148
1584623993269 1 149
1584623995697 1 150
1584623997971 1 151
1584624000299 1 152
1584624002799 1 153
1584624005390 1 154
1584624007877 1 155
1584624010195 1 156
1584624012496 1 157
1584624014691 1 158
1584624016877 1 159
1584624019113 1 160
1584624021527 1 161
1584624023769 1 162
1584624026064 1 163
1584624028314 1 164
1584624030563 1 165
1584624032784 1 166
1584624034992 1 167
1584624037294 1 168
1584624039571 1 169
1584624041738 1 170
1584624043909 1 171
1584624046485 1 172
1584624048764 1 173
1584624051005 1 174
1584624053228 1 175
1584624055467 1 176
1584624057705 1 177
1584624059897 1 178
1584624062250 1 179
1584624064544 1 180
1584624066789 1 181
1584624069020 1 182
1584624071203 1 183
1584624073388 1 184
1584624075603 1 185
1584624077846 1 186
1584624080088 1 187
1584624082324 1 188
1584624084682 1 189
1584624086889 1 190
1584624089074 1 191
1584624091339 1 192
1584624093584 1 193
1584624095774 1 194
1584624097961 1 195
1584624100153 1 196
1584624102371 1 197
1584624104616 1 198
1584624106846 1 199
1584624109061 1 200
1584624111331 1 201
1584624113636 1 202
1584624115801 1 203
1584624118003 1 204
1584624120297 1 205
1584624122703 1 206
1584624124970 1 207
1584624127151 1 208
1584624129326 1 209
1584624131521 1 210
1584624133814 1 211
1584624136261 1 212
1584624138516 1 213
1584624140785 1 214
1584624142936 1 215
1584624145117 1 216
1584624147304 1 217
1584624149558 1 218
1584624151842 1 219
1584624154024 1 220
1584624156207 1 221
1584624158534 1 222
1584624160754 1 223
1584624162994 1 224
1584624165231 1 225
1584624167487 1 226
1584624169695 1 227
1584624171890 1 228
1584624174081 1 229
1584624176308 1 230
1584624178558 1 231
1584624180805 1 232
1584624183000 1 233
1584624185180 1 234
1584624187414 1 235
1584624189693 1 236
1584624191923 1 237
1584624194138 1 238
1584624196366 1 239
1584624198563 1 240
1584624200760 1 241
1584624202943 1 242
1584624205168 1 243
1584624207396 1 244
1584624209587 1 245
1584624211752 1 246
1584624213931 1 247
1584624216157 1 248
1584624218419 1 249
1584624220663 1 250
1584624222917 1 251
1584624225150 1 252
1584624227335 1 253
1584624229543 1 254
1584624231749 1 255
1584624233984 1 256
1584624236259 1 257
1584624238575 1 258
1584624240762 1 259
1584624243342 1 260
1584624250090 1 261
1584624256246 1 262
1584624260418 1 263
1584624267942 1 264
1584624270890 1 265
1584624273416 1 266
1584624275792 1 267
1584624278142 1 268
1584624280570 1 269
1584624282797 1 270
1584624284985 1 271
1584624287216 1 272
1584624289605 1 273
1584624292005 1 274
1584624294407 1 275
1584624296702 1 276
1584624298892 1 277
1584624301448 1 278
1584624303922 1 279
1584624306338 1 280
1584624308623 1 281
1584624310890 1 282
1584624313082 1 283
1584624315255 1 284
1584624317591 1 285
1584624319824 1 286
1584624322045 1 287
1584624324311 1 288
1584624326580 1 289
1584624328743 1 290
1584624330913 1 291
1584624333123 1 292
1584624335349 1 293
1584624337584 1 294
1584624339750 1 295
1584624341905 1 296
1584624344134 1 297
1584624346466 1 298
1584624348824 1 299
1584624351095 1 300
1584624353672 1 301
1584624355948 1 302
1584624358115 1 303
1584624360261 1 304
1584624362511 1 305
1584624364757 1 306
1584624367011 1 307
1584624369192 1 308
1584624371345 1 309
1584624373562 1 310
1584624375783 1 311
1584624377981 1 312
1584624380216 1 313
1584624382470 1 314
1584624384822 1 315
1584624386994 1 316
1584624389403 1 317
1584624391709 1 318
1584624393964 1 319
1584624396189 1 320
1584624398379 1 321
1584624402112 1 322
1584624405880 1 323
1584624411063 1 324
1584624413441 1 325
1584624415773 1 326
1584624418036 1 327
1584624420228 1 328
1584624422450 1 329
1584624424691 1 330
1584624426908 1 331
1584624429098 1 332
1584624431287 1 333
1584624433445 1 334
1584624435695 1 335
1584624437941 1 336
1584624440202 1 337
1584624443225 1 338
1584624446767 1 339
1584624448949 1 340
1584624451318 1 341
1584624453520 1 342
1584624455736 1 343
1584624458048 1 344
1584624460255 1 345
1584624462483 1 346
1584624464690 1 347
1584624466951 1 348
1584624469186 1 349
1584624471399 1 350
1584624473680 1 351
1584624475907 1 352
1584624478073 1 353
1584624480269 1 354
1584624482704 1 355
1584624484873 1 356
1584624487120 1 357
1584624489338 1 358
1584624491541 1 359
1584624493760 1 360
1584624496000 1 361
1584624498210 1 362
1584624500416 1 363
1584624502697 1 364
1584624504916 1 365
1584624507123 1 366
1584624509308 1 367
1584624511547 1 368
1584624513761 1 369
1584624515961 1 370
1584624518146 1 371
1584624520295 1 372
1584624522545 1 373
1584624524761 1 374
1584624527004 1 375
1584624529238 1 376
1584624531472 1 377
1584624533659 1 378
1584624535819 1 379
1584624538062 1 380
1584624540306 1 381
1584624543185 1 382
1584624545701 1 383
1584624548684 1 384
1584624550886 1 385
1584624553129 1 386
1584624555538 1 387
1584624557783 1 388
1584624560228 1 389
1584624562513 1 390
1584624566591 1 391
1584624569329 1 392
1584624573760 1 393
1584624579331 1 394
1584624584059 1 395
1584624592470 1 396
1584624601231 1 397
1584624607274 1 398
1584624612806 1 399
1584624617881 1 400
1584624626578 1 401
1584624630966 1 402
1584624635557 1 403
1584624640691 1 404
1584624646131 1 405
1584624651718 1 406
1584624658597 1 407
1584624664818 1 408
1584624669968 1 409
1584624674273 1 410
1584624678561 1 411
1584624685134 1 412
1584624690376 1 413
1584624696028 1 414
1584624700907 1 415
1584624705474 1 416
1584624710928 1 417
1584624715710 1 418
1584624722282 1 419
1584624726718 1 420
1584624732137 1 421
1584624736573 1 422
1584624741059 1 423
1584624746443 1 424
1584624751260 1 425
1584624756018 1 426
1584624760316 1 427
1584624764417 1 428
1584624769624 1 429
1584624774103 1 430
1584624778771 1 431
1584624783747 1 432
1584624788462 1 433
1584624793431 1 434
1584624797489 1 435
1584624801667 1 436
1584624806489 1 437
1584624811776 1 438
1584624816339 1 439
1584624820525 1 440
1584624824862 1 441
1584624829672 1 442
1584624834216 1 443
1584624838710 1 444
1584624843633 1 445
1584624848481 1 446
1584624853242 1 447
1584624857622 1 448
1584624861882 1 449
1584624867057 1 450
1584624872624 1 451
1584624877732 1 452
1584624882521 1 453
1584624889125 1 454
1584624894682 1 455
1584624899616 1 456
1584624903793 1 457
1584624909326 1 458
1584624918012 1 459
1584624922630 1 460
1584624926319 1 461
1584624930083 1 462
1584624934068 1 463
1584624938289 1 464
1584624941962 1 465
1584624945867 1 466
1584624950913 1 467
1584624955836 1 468
1584624960822 1 469
1584624967626 1 470
1584624973965 1 471
1584624980376 1 472
1584624985800 1 473
1584624989888 1 474
1584624993865 1 475
1584624997583 1 476
1584625001654 1 477
1584625005581 1 478
1584625009280 1 479
1584625016497 1 480
1584625021893 1 481
1584625027790 1 482
1584625031288 1 483
1584625035420 1 484
1584625039776 1 485
1584625044318 1 486
1584625048467 1 487
1584625052768 1 488
1584625056977 1 489
1584625061067 1 490
1584625065045 1 491
1584625070170 1 492
1584625075029 1 493
1584625079176 1 494
1584625086482 1 495
1584625092180 1 496
1584625098590 1 497
1584625101738 1 498
1584625105000 1 499
1584625108171 1 500
1584625112907 1 501
1584625116068 1 502
1584625122476 1 503
1584625125853 1 504
1584625129550 1 505
1584625133657 1 506
1584625136640 1 507
1584625139974 1 508
1584625148144 1 509
1584625153308 1 510
1584625160988 1 511
1584625164253 1 512
1584625168335 1 513
1584625178291 1 514
1584625186541 1 515
1584625191423 1 516
1584625198921 1 517
1584625204277 1 518
1584625210342 1 519
1584625215616 1 520
1584625221883 1 521
1584625231594 1 522
1584625237774 1 523
1584625245636 1 524
1584625255780 1 525
1584625261215 1 526
1584625267286 1 527
1584625272496 1 528
1584625281202 1 529
1584625289795 1 530
1584625297639 1 531
1584625303437 1 532
1584625309784 1 533
1584625316785 1 534
1584625321850 1 535
1584625325602 1 536
1584625330912 1 537
1584625335323 1 538
1584625341112 1 539
1584625347523 1 540
1584625356486 1 541
1584625363826 1 542
1584625372766 1 543
1584625379084 1 544
1584625385849 1 545
1584625392752 1 546
1584625403307 1 547
1584625415203 1 548
1584625425614 1 549
1584625435737 1 550
1584625445551 1 551
1584625453294 1 552
1584625459737 1 553
1584625466968 1 554
1584625471433 1 555
1584625483107 1 556
1584625494128 1 557
1584625500447 1 558
1584625508149 1 559
1584625513880 1 560
1584625523285 1 561
1584625531144 1 562
1584625537742 1 563
1584625546847 1 564
1584625551441 1 565
1584625555589 1 566
1584625567690 1 567
1584625576239 1 568
1584625582753 1 569
1584625589555 1 570
1584625595780 1 571
1584625599803 1 572
1584625603426 1 573
1584625605959 1 574
1584625608398 1 575
1584625611679 1 576
1584625614403 1 577
1584625617566 1 578
1584625620731 1 579
1584625623991 1 580
1584625627233 1 581
1584625630121 1 582
1584625633839 1 583
1584625638180 1 584
1584625640807 1 585
1584625643635 1 586
1584625646467 1 587
1584625649250 1 588
1584625652815 1 589
1584625655882 1 590
1584625658736 1 591
1584625661711 1 592
1584625664384 1 593
1584625667949 1 594
1584625670678 1 595
1584625673652 1 596
1584625677485 1 597
1584625680473 1 598
1584625683901 1 599
1584625686938 1 600
1584625691902 1 601
1584625694647 1 602
1584625697628 1 603
1584625702384 1 604
1584625706022 1 605
1584625710143 1 606
1584625714314 1 607
1584625717679 1 608
1584625720588 1 609
1584625723641 1 610
1584625726491 1 611
1584625730293 1 612
1584625733644 1 613
1584625737791 1 614
1584625740810 1 615
1584625743656 1 616
1584625746302 1 617
1584625748821 1 618
1584625753481 1 619
1584625756902 1 620
1584625759718 1 621
1584625763145 1 622
1584625766742 1 623
1584625769740 1 624
1584625773742 1 625
1584625778707 1 626
1584625782361 1 627
1584625786888 1 628
1584625790630 1 629
1584625793718 1 630
1584625796959 1 631
1584625800414 1 632
1584625803613 1 633
1584625805930 1 634
1584625809300 1 635
1584625813944 1 636
1584625818644 1 637
1584625823259 1 638
1584625826852 1 639
1584625830124 1 640
1584625833156 1 641
1584625836642 1 642
1584625841843 1 643
1584625844784 1 644
1584625847180 1 645
1584625850005 1 646
1584625852579 1 647
1584625855877 1 648
1584625859359 1 649
1584625864499 1 650
1584625867852 1 651
1584625871157 1 652
1584625873662 1 653
1584625876416 1 654
1584625879778 1 655
1584625883326 1 656
1584625887056 1 657
1584625890446 1 658
1584625893119 1 659
1584625897347 1 660
1584625900382 1 661
1584625903205 1 662
1584625906783 1 663
1584625909895 1 664
1584625913474 1 665
1584625916287 1 666
1584625919744 1 667
1584625925116 1 668
1584625931752 1 669
1584625936541 1 670
1584625939279 1 671
1584625942099 1 672
1584625944663 1 673
1584625947347 1 674
1584625950608 1 675
1584625953467 1 676
1584625959054 1 677
1584625963150 1 678
1584625967172 1 679
1584625973721 1 680
1584625978949 1 681
1584625981640 1 682
1584625984296 1 683
1584625987437 1 684
1584625990882 1 685
1584625993866 1 686
1584625997093 1 687
1584625999785 1 688
1584626002082 1 689
1584626004562 1 690
1584626007072 1 691
1584626009637 1 692
1584626012461 1 693
1584626015861 1 694
1584626018716 1 695
1584626021453 1 696
1584626024548 1 697
1584626028901 1 698
1584626032074 1 699
1584626035115 1 700
1584626038458 1 701
1584626043080 1 702
1584626047189 1 703
1584626049877 1 704
1584626053112 1 705
1584626055850 1 706
1584626059002 1 707
1584626061674 1 708
1584626064035 1 709
1584626067091 1 710
1584626070714 1 711
1584626073495 1 712
1584626076867 1 713
1584626080461 1 714
1584626083396 1 715
1584626085781 1 716
1584626088199 1 717
1584626091107 1 718
1584626093908 1 719
1584626096576 1 720
1584626099597 1 721
1584626102835 1 722
1584626107959 1 723
1584626112776 1 724
1584626116881 1 725
1584626120518 1 726
1584626123612 1 727
1584626127044 1 728
1584626129782 1 729
1584626132592 1 730
1584626135066 1 731
1584626137739 1 732
1584626139993 1 733
1584626142807 1 734
1584626145373 1 735
1584626148421 1 736
1584626152733 1 737
1584626157263 1 738
1584626160015 1 739
1584626162709 1 740
1584626165542 1 741
1584626168574 1 742
1584626171260 1 743
1584626173697 1 744
1584626177207 1 745
1584626179939 1 746
1584626182552 1 747
1584626185699 1 748
1584626189261 1 749
1584626192696 1 750
1584626195951 1 751
1584626198479 1 752
1584626201147 1 753
1584626204558 1 754
1584626207552 1 755
1584626210146 1 756
1584626212935 1 757
1584626215676 1 758
1584626218678 1 759
1584626221361 1 760
1584626224957 1 761
1584626228519 1 762
1584626231391 1 763
1584626234329 1 764
1584626237450 1 765
1584626240100 1 766
1584626242662 1 767
1584626245945 1 768
1584626248547 1 769
1584626250925 1 770
1584626253562 1 771
1584626256612 1 772
1584626259441 1 773
1584626262002 1 774
1584626265284 1 775
1584626267885 1 776
1584626270564 1 777
1584626273345 1 778
1584626276358 1 779
1584626279313 1 780
1584626284304 1 781
1584626289153 1 782
1584626294079 1 783
1584626301447 1 784
1584626305385 1 785
1584626308536 1 786
1584626313227 1 787
1584626319212 1 788
1584626326163 1 789
1584626330392 1 790
1584626333550 1 791
1584626336350 1 792
1584626339360 1 793
1584626342979 1 794
1584626346349 1 795
1584626350142 1 796
1584626355079 1 797
1584626358214 1 798
1584626362519 1 799
1584626366072 1 800
1584626369820 1 801
1584626373865 1 802
1584626378407 1 803
1584626380867 1 804
1584626384075 1 805
1584626387889 1 806
1584626393817 1 807
1584626400694 1 808
1584626409246 1 809
1584626414428 1 810
1584626418049 1 811
1584626423191 1 812
1584626428405 1 813
1584626432625 1 814
1584626436681 1 815
1584626441326 1 816
1584626444928 1 817
1584626448561 1 818
1584626451548 1 819
1584626454211 1 820
1584626460002 1 821
1584626466810 1 822
1584626471129 1 823
1584626476353 1 824
1584626484985 1 825
1584626488125 1 826
1584626493613 1 827
1584626498026 1 828
1584626503178 1 829
1584626508054 1 830
1584626511455 1 831
1584626515882 1 832
1584626520465 1 833
1584626523169 1 834
1584626526908 1 835
1584626531589 1 836
1584626534186 1 837
1584626538034 1 838
1584626541285 1 839
1584626544973 1 840
1584626547864 1 841
1584626553885 1 842
1584626560952 1 843
1584626564175 1 844
1584626567157 1 845
1584626570583 1 846
1584626576286 1 847
1584626581764 1 848
1584626585446 1 849
1584626589113 1 850
1584626593084 1 851
1584626596338 1 852
1584626599101 1 853
1584626603865 1 854
1584626606891 1 855
1584626611022 1 856
1584626615690 1 857
1584626618989 1 858
1584626621769 1 859
1584626624984 1 860
1584626629069 1 861
1584626633395 1 862
1584626636211 1 863
1584626640117 1 864
1584626643696 1 865
1584626646161 1 866
1584626649915 1 867
1584626655760 1 868
1584626660611 1 869
1584626664380 1 870
1584626671685 1 871
1584626675929 1 872
1584626680081 1 873
1584626684444 1 874
1584626689528 1 875
1584626694274 1 876
1584626698861 1 877
1584626702831 1 878
1584626707093 1 879
1584626712562 1 880
1584626717254 1 881
1584626722406 1 882
1584626725965 1 883
1584626728904 1 884
1584626733745 1 885
1584626736519 1 886
1584626741176 1 887
1584626744227 1 888
1584626751064 1 889
1584626755069 1 890
1584626761029 1 891
1584626766133 1 892
1584626770814 1 893
1584626776463 1 894
1584626780880 1 895
1584626783670 1 896
1584626786465 1 897
1584626789692 1 898
1584626792350 1 899
1584626795114 1 900
1584626797857 1 901
1584626802124 1 902
1584626805102 1 903
1584626808530 1 904
1584626812614 1 905
1584626815419 1 906
1584626819531 1 907
1584626822294 1 908
1584626825014 1 909
1584626828083 1 910
1584626831102 1 911
1584626835563 1 912
1584626839032 1 913
1584626842739 1 914
1584626845986 1 915
1584626850117 1 916
1584626852838 1 917
1584626856333 1 918
1584626859515 1 919
1584626861990 1 920
1584626864520 1 921
1584626867819 1 922
1584626870825 1 923
1584626873329 1 924
1584626876014 1 925
1584626878725 1 926
1584626882463 1 927
1584626885604 1 928
1584626889687 1 929
1584626892447 1 930
1584626897538 1 931
1584626902751 1 932
1584626905474 1 933
1584626908739 1 934
1584626912688 1 935
1584626916705 1 936
1584626920541 1 937
1584626923379 1 938
1584626926797 1 939
1584626929881 1 940
1584626935059 1 941
1584626939436 1 942
1584626944297 1 943
1584626948670 1 944
1584626951251 1 945
1584626953754 1 946
1584626956750 1 947
1584626960129 1 948
1584626964215 1 949
1584626967006 1 950
1584626973187 1 951
1584626975967 1 952
1584626978811 1 953
1584626981788 1 954
1584626984776 1 955
1584626988022 1 956
1584626990707 1 957
1584626993286 1 958
1584626996140 1 959
1584626998906 1 960
1584627001501 1 961
1584627004461 1 962
1584627008917 1 963
1584627011724 1 964
1584627014300 1 965
1584627016896 1 966
1584627019586 1 967
1584627022516 1 968
1584627025049 1 969
1584627027488 1 970
1584627029895 1 971
1584627032480 1 972
1584627035209 1 973
1584627037890 1 974
1584627040541 1 975
1584627043216 1 976
1584627047079 1 977
1584627050798 1 978
1584627054469 1 979
1584627057421 1 980
1584627060564 1 981
1584627063649 1 982
1584627066485 1 983
1584627069935 1 984
1584627072566 1 985
1584627076042 1 986
1584627079673 1 987
1584627082766 1 988
1584627085537 1 989
1584627088433 1 990
1584627091582 1 991
1584627094752 1 992
1584627097779 1 993
1584627100810 1 994
1584627103895 1 995
1584627106894 1 996
1584627109745 1 997
1584627112361 1 998
1584627115687 1 999
1584627118531 1 1000
1584627122186 1 1001
1584627126663 1 1002
1584627129898 1 1003
1584627133736 1 1004
1584627137280 1 1005
1584627141027 1 1006
1584627145362 1 1007
1584627149903 1 1008
1584627154397 1 1009
1584627157268 1 1010
1584627160045 1 1011
1584627162731 1 1012
1584627165337 1 1013
1584627168097 1 1014
1584627171890 1 1015
1584627175547 1 1016
1584627179647 1 1017
1584627183392 1 1018
1584627186134 1 1019
1584627189286 1 1020
1584627191954 1 1021
1584627195076 1 1022
1584627197906 1 1023
1584627202180 1 1024
1584627205586 1 1025
1584627210444 1 1026
1584627215223 1 1027
1584627218084 1 1028
1584627220819 1 1029
1584627223539 1 1030
1584627226290 1 1031
1584627230055 1 1032
1584627233284 1 1033
1584627236377 1 1034
1584627239906 1 1035
1584627242944 1 1036
1584627246389 1 1037
1584627251608 1 1038
1584627255434 1 1039
1584627257985 1 1040
1584627260477 1 1041
1584627263644 1 1042
1584627266739 1 1043
1584627269648 1 1044
1584627272701 1 1045
1584627276056 1 1046
1584627278694 1 1047
1584627281490 1 1048
1584627285545 1 1049
1584627288298 1 1050
1584627291662 1 1051
1584627295615 1 1052
1584627298413 1 1053
1584627301087 1 1054
1584627304095 1 1055
1584627306882 1 1056
1584627310205 1 1057
1584627313957 1 1058
1584627318386 1 1059
1584627322549 1 1060
1584627326401 1 1061
1584627329780 1 1062
1584627333136 1 1063
1584627335987 1 1064
1584627338596 1 1065
1584627342592 1 1066
1584627345420 1 1067
1584627348414 1 1068
1584627351389 1 1069
1584627354686 1 1070
1584627357382 1 1071
1584627360431 1 1072
1584627363928 1 1073
1584627366901 1 1074
1584627370821 1 1075
1584627373829 1 1076
1584627377004 1 1077
1584627379732 1 1078
1584627382419 1 1079
1584627385109 1 1080
1584627387820 1 1081
1584627391235 1 1082
1584627393922 1 1083
1584627396634 1 1084
1584627399191 1 1085
1584627402190 1 1086
1584627405851 1 1087
1584627408631 1 1088
1584627411653 1 1089
1584627414634 1 1090
1584627417150 1 1091
1584627419709 1 1092
1584627422559 1 1093
1584627426861 1 1094
1584627429319 1 1095
1584627431885 1 1096
1584627436140 1 1097
1584627440528 1 1098
1584627443545 1 1099
1584627447261 1 1100
1584627451052 1 1101
1584627454290 1 1102
1584627457034 1 1103
1584627459721 1 1104
1584627463210 1 1105
1584627466069 1 1106
1584627468726 1 1107
1584627471655 1 1108
1584627474145 1 1109
1584627476844 1 1110
1584627479455 1 1111
1584627482355 1 1112
1584627484985 1 1113
1584627487795 1 1114
1584627490431 1 1115
1584627493347 1 1116
1584627495872 1 1117
1584627498441 1 1118
1584627501292 1 1119
1584627504068 1 1120
1584627506734 1 1121
1584627509331 1 1122
1584627512215 1 1123
1584627514957 1 1124
1584627518042 1 1125
1584627521095 1 1126
1584627524348 1 1127
1584627527223 1 1128
1584627529989 1 1129
1584627532940 1 1130
1584627536020 1 1131
1584627540364 1 1132
1584627543113 1 1133
1584627545723 1 1134
1584627548403 1 1135
1584627551345 1 1136
1584627554010 1 1137
1584627556673 1 1138
1584627560057 1 1139
1584627563038 1 1140
1584627565631 1 1141
1584627568275 1 1142
1584627571186 1 1143
1584627573839 1 1144
1584627576454 1 1145
1584627579049 1 1146
1584627581837 1 1147
1584627584540 1 1148
1584627587196 1 1149
1584627589839 1 1150
1584627592509 1 1151
1584627595076 1 1152
1584627597741 1 1153
1584627600341 1 1154
1584627603611 1 1155
1584627606450 1 1156
1584627609349 1 1157
1584627611996 1 1158
1584627614898 1 1159
1584627619102 1 1160
1584627621897 1 1161
1584627624709 1 1162
1584627627340 1 1163
1584627630097 1 1164
1584627632992 1 1165
1584627635504 1 1166
1584627638675 1 1167
1584627641387 1 1168
1584627644357 1 1169
1584627647051 1 1170
1584627649709 1 1171
1584627652213 1 1172
1584627655100 1 1173
1584627657809 1 1174
1584627660352 1 1175
1584627663753 1 1176
1584627668007 1 1177
1584627670851 1 1178
1584627673321 1 1179
1584627676177 1 1180
1584627680210 1 1181
1584627684561 1 1182
1584627689168 1 1183
1584627694116 1 1184
1584627700385 1 1185
1584627704841 1 1186
1584627708152 1 1187
1584627712202 1 1188
1584627716545 1 1189
1584627720799 1 1190
1584627723736 1 1191
1584627727031 1 1192
1584627730561 1 1193
1584627733417 1 1194
1584627737686 1 1195
1584627740269 1 1196
1584627744183 1 1197
1584627746923 1 1198
1584627749760 1 1199
1584627752504 1 1200
1584627756401 1 1201
1584627761170 1 1202
1584627764111 1 1203
1584627766874 1 1204
1584627769546 1 1205
1584627772187 1 1206
1584627775025 1 1207
1584627777657 1 1208
1584627780192 1 1209
1584627782995 1 1210
1584627785851 1 1211
1584627788478 1 1212
1584627791164 1 1213
1584627793839 1 1214
1584627796495 1 1215
1584627799003 1 1216
1584627802302 1 1217
1584627804929 1 1218
1584627808112 1 1219
1584627810970 1 1220
1584627814056 1 1221
1584627817677 1 1222
1584627820363 1 1223
1584627824725 1 1224
1584627827849 1 1225
1584627830375 1 1226
1584627833226 1 1227
1584627835787 1 1228
1584627838316 1 1229
1584627840863 1 1230
1584627843775 1 1231
1584627846238 1 1232
1584627848704 1 1233
1584627851228 1 1234
1584627853894 1 1235
1584627856398 1 1236
1584627859036 1 1237
1584627861577 1 1238
1584627864323 1 1239
1584627866809 1 1240
1584627869246 1 1241
1584627871877 1 1242
1584627874543 1 1243
1584627877052 1 1244
1584627879525 1 1245
1584627881945 1 1246
1584627884446 1 1247
1584627887004 1 1248
1584627889472 1 1249
1584627892038 1 1250
1584627894797 1 1251
1584627897363 1 1252
1584627899878 1 1253
1584627902855 1 1254
1584627905453 1 1255
1584627908126 1 1256
1584627911401 1 1257
1584627913863 1 1258
1584627916328 1 1259
1584627918919 1 1260
1584627921541 1 1261
1584627924405 1 1262
1584627926948 1 1263
1584627929631 1 1264
1584627932324 1 1265
1584627934735 1 1266
1584627937197 1 1267
1584627939774 1 1268
1584627942269 1 1269
1584627944737 1 1270
1584627947455 1 1271
1584627950044 1 1272
1584627952574 1 1273
1584627955431 1 1274
1584627958169 1 1275
1584627960950 1 1276
1584627964073 1 1277
1584627966640 1 1278
1584627969260 1 1279
1584627971862 1 1280
1584627974464 1 1281
1584627977319 1 1282
1584627979918 1 1283
1584627982547 1 1284
1584627985175 1 1285
1584627987858 1 1286
1584627990436 1 1287
1584627993192 1 1288
1584627995836 1 1289
1584627998309 1 1290
1584628000891 1 1291
1584628003417 1 1292
1584628005990 1 1293
1584628008765 1 1294
1584628011322 1 1295
1584628013846 1 1296
1584628016419 1 1297
1584628018974 1 1298
1584628021707 1 1299
1584628024318 1 1300
1584628027294 1 1301
1584628030020 1 1302
1584628032524 1 1303
1584628035026 1 1304
1584628037504 1 1305
1584628040062 1 1306
1584628042798 1 1307
1584628045467 1 1308
1584628047934 1 1309
1584628050497 1 1310
1584628053070 1 1311
1584628055753 1 1312
1584628058244 1 1313
1584628060974 1 1314
1584628063543 1 1315
1584628066093 1 1316
1584628068484 1 1317
1584628070994 1 1318
1584628073766 1 1319
1584628076151 1 1320
1584628078703 1 1321
1584628081239 1 1322
1584628083805 1 1323
1584628086312 1 1324
1584628089149 1 1325
1584628091673 1 1326
1584628094159 1 1327
1584628096584 1 1328
1584628099022 1 1329
1584628101675 1 1330
1584628104581 1 1331
1584628107216 1 1332
1584628109656 1 1333
1584628112223 1 1334
1584628114920 1 1335
1584628117675 1 1336
1584628120329 1 1337
1584628122796 1 1338
1584628125822 1 1339
1584628128332 1 1340
1584628130698 1 1341
1584628133147 1 1342
1584628135691 1 1343
1584628138394 1 1344
1584628141033 1 1345
1584628143954 1 1346
1584628146482 1 1347
1584628149103 1 1348
1584628151643 1 1349
1584628154110 1 1350
1584628156924 1 1351
1584628159678 1 1352
1584628162099 1 1353
1584628164473 1 1354
1584628167048 1 1355
1584628169675 1 1356
1584628172295 1 1357
1584628174874 1 1358
1584628177423 1 1359
1584628179909 1 1360
1584628182471 1 1361
1584628185146 1 1362
1584628187701 1 1363
1584628190276 1 1364
1584628192816 1 1365
1584628195257 1 1366
1584628197789 1 1367
1584628200595 1 1368
1584628203554 1 1369
1584628206030 1 1370
1584628208423 1 1371
1584628210909 1 1372
1584628213544 1 1373
1584628216063 1 1374
1584628218754 1 1375
1584628221306 1 1376
1584628224217 1 1377
1584628226700 1 1378
1584628229465 1 1379
1584628232026 1 1380
1584628234554 1 1381
1584628237157 1 1382
1584628239847 1 1383
1584628242363 1 1384
1584628245059 1 1385
1584628247664 1 1386
1584628250373 1 1387
1584628252990 1 1388
1584628255645 1 1389
1584628258092 1 1390
1584628260481 1 1391
1584628263530 1 1392
1584628266311 1 1393
1584628268984 1 1394
1584628271431 1 1395
1584628273929 1 1396
1584628276611 1 1397
1584628279202 1 1398
1584628281839 1 1399
1584628284458 1 1400
1584628287799 1 1401
1584628290832 1 1402
1584628293737 1 1403
1584628296381 1 1404
1584628298959 1 1405
1584628301668 1 1406
1584628304231 1 1407
1584628306905 1 1408
1584628309359 1 1409
1584628311916 1 1410
1584628314787 1 1411
1584628317332 1 1412
1584628320111 1 1413
1584628323063 1 1414
1584628325592 1 1415
1584628328195 1 1416
1584628330838 1 1417
1584628333566 1 1418
1584628336338 1 1419
1584628338906 1 1420
1584628341459 1 1421
1584628344147 1 1422
1584628346969 1 1423
1584628349789 1 1424
1584628352737 1 1425
1584628355398 1 1426
1584628358184 1 1427
1584628360932 1 1428
1584628364974 1 1429
1584628367893 1 1430
1584628370649 1 1431
1584628373551 1 1432
1584628376170 1 1433
1584628378729 1 1434
1584628381469 1 1435
1584628384409 1 1436
1584628387075 1 1437
1584628389748 1 1438
1584628392534 1 1439
1584628395078 1 1440
1584628397693 1 1441
1584628400381 1 1442
1584628403519 1 1443
1584628406206 1 1444
1584628408727 1 1445
1584628411423 1 1446
1584628414083 1 1447
1584628416934 1 1448
1584628420029 1 1449
1584628422938 1 1450
1584628425813 1 1451
1584628428684 1 1452
1584628431415 1 1453
1584628434157 1 1454
1584628438171 1 1455
1584628440931 1 1456
1584628443759 1 1457
1584628446264 1 1458
1584628448800 1 1459
1584628451713 1 1460
1584628454439 1 1461
1584628457137 1 1462
1584628460005 1 1463
1584628462756 1 1464
1584628465427 1 1465
1584628468086 1 1466
1584628470937 1 1467
1584628473663 1 1468
1584628476532 1 1469
1584628479178 1 1470
1584628482124 1 1471
1584628484865 1 1472
1584628487632 1 1473
1584628490315 1 1474
1584628493027 1 1475
1584628495815 1 1476
1584628498492 1 1477
1584628501233 1 1478
1584628504856 1 1479
1584628507742 1 1480
1584628510710 1 1481
1584628513428 1 1482
1584628516115 1 1483
1584628518951 1 1484
1584628521638 1 1485
1584628524448 1 1486
1584628527117 1 1487
1584628529993 1 1488
1584628532721 1 1489
1584628535278 1 1490
1584628538000 1 1491
1584628540485 1 1492
1584628543272 1 1493
1584628546196 1 1494
1584628548850 1 1495
1584628551488 1 1496
1584628554165 1 1497
1584628557060 1 1498
1584628560019 1 1499
1584628562909 1 1500
1584628565945 1 1501
1584628568806 1 1502
1584628571515 1 1503
1584628574336 1 1504
1584628577313 1 1505
1584628580091 1 1506
1584628582877 1 1507
1584628585486 1 1508
1584628588336 1 1509
1584628591205 1 1510
1584628595710 1 1511
1584628598601 1 1512
1584628601374 1 1513
1584628604102 1 1514
1584628607779 1 1515
1584628610997 1 1516
1584628614246 1 1517
1584628617226 1 1518
1584628619906 1 1519
1584628623081 1 1520
1584628625826 1 1521
1584628628467 1 1522
1584628631338 1 1523
1584628634152 1 1524
1584628636891 1 1525
1584628639910 1 1526
1584628642888 1 1527
1584628645754 1 1528
1584628648325 1 1529
1584628651050 1 1530
1584628653763 1 1531
1584628656568 1 1532
1584628659147 1 1533
1584628661833 1 1534
1584628664481 1 1535
1584628667181 1 1536
1584628669747 1 1537
1584628672411 1 1538
1584628675212 1 1539
1584628677869 1 1540
1584628680394 1 1541
1584628683287 1 1542
1584628685969 1 1543
1584628688697 1 1544
1584628691879 1 1545
1584628694872 1 1546
1584628697832 1 1547
1584628700823 1 1548
1584628703561 1 1549
1584628706324 1 1550
1584628709016 1 1551
1584628712106 1 1552
1584628714789 1 1553
1584628717648 1 1554
1584628720530 1 1555
1584628723228 1 1556
1584628726038 1 1557
1584628728654 1 1558
1584628731244 1 1559
1584628734035 1 1560
1584628736575 1 1561
1584628739225 1 1562
1584628741914 1 1563
1584628745154 1 1564
1584628747911 1 1565
1584628750491 1 1566
1584628752989 1 1567
1584628755671 1 1568
1584628758207 1 1569
1584628761005 1 1570
1584628763587 1 1571
1584628766361 1 1572
1584628769276 1 1573
1584628772055 1 1574
1584628775256 1 1575
1584628778088 1 1576
1584628780851 1 1577
1584628783407 1 1578
1584628786129 1 1579
1584628788716 1 1580
1584628791563 1 1581
1584628794195 1 1582
1584628796790 1 1583
1584628799242 1 1584
1584628802054 1 1585
1584628805032 1 1586
1584628807777 1 1587
1584628810710 1 1588
1584628813748 1 1589
1584628816382 1 1590
1584628818943 1 1591
1584628821488 1 1592
1584628824284 1 1593
1584628827060 1 1594
1584628829573 1 1595
1584628832194 1 1596
1584628834747 1 1597
1584628837294 1 1598
1584628839920 1 1599
1584628842681 1 1600
1584628845716 1 1601
1584628848295 1 1602
1584628850976 1 1603
1584628853540 1 1604
1584628856214 1 1605
1584628859023 1 1606
1584628861847 1 1607
1584628864745 1 1608
1584628867533 1 1609
1584628870246 1 1610
1584628873068 1 1611
1584628875844 1 1612
1584628878473 1 1613
1584628881158 1 1614
1584628883700 1 1615
1584628886316 1 1616
1584628888810 1 1617
1584628891764 1 1618
1584628894434 1 1619
1584628896989 1 1620
1584628899490 1 1621
1584628902133 1 1622
1584628904903 1 1623
1584628907826 1 1624
1584628910441 1 1625
1584628913281 1 1626
1584628915877 1 1627
1584628918386 1 1628
1584628921325 1 1629
1584628924289 1 1630
1584628927074 1 1631
1584628929973 1 1632
1584628933038 1 1633
1584628935986 1 1634
1584628938679 1 1635
1584628941275 1 1636
1584628943925 1 1637
1584628946564 1 1638
1584628949329 1 1639
1584628951975 1 1640
1584628954507 1 1641
1584628957042 1 1642
1584628959582 1 1643
1584628962340 1 1644
1584628965053 1 1645
1584628967590 1 1646
1584628970210 1 1647
1584628972843 1 1648
1584628975341 1 1649
1584628977988 1 1650
1584628980800 1 1651
1584628983596 1 1652
1584628986116 1 1653
1584628988757 1 1654
1584628991362 1 1655
1584628994283 1 1656
1584628997208 1 1657
1584628999747 1 1658
1584629002210 1 1659
1584629005811 1 1660
1584629009020 1 1661
1584629011882 1 1662
1584629014448 1 1663
1584629017133 1 1664
1584629019706 1 1665
1584629023619 1 1666
1584629026067 1 1667
1584629028687 1 1668
1584629031259 1 1669
1584629033754 1 1670
1584629036323 1 1671
1584629038761 1 1672
1584629041354 1 1673
1584629043961 1 1674
1584629046499 1 1675
1584629049849 1 1676
1584629055299 1 1677
1584629059535 1 1678
1584629062758 1 1679
1584629066283 1 1680
1584629068998 1 1681
1584629071715 1 1682
1584629074431 1 1683
1584629077888 1 1684
1584629080946 1 1685
1584629083884 1 1686
1584629086682 1 1687
1584629089184 1 1688
1584629091743 1 1689
1584629094300 1 1690
1584629097089 1 1691
1584629099476 1 1692
1584629102691 1 1693
1584629105365 1 1694
1584629107885 1 1695
1584629110451 1 1696
1584629113120 1 1697
1584629115850 1 1698
1584629118556 1 1699
1584629121130 1 1700
1584629124227 1 1701
1584629126854 1 1702
1584629129454 1 1703
1584629132055 1 1704
1584629135151 1 1705
1584629138010 1 1706
1584629140624 1 1707
1584629143208 1 1708
1584629145852 1 1709
1584629148458 1 1710
1584629150943 1 1711
1584629153656 1 1712
1584629156304 1 1713
1584629158976 1 1714
1584629161816 1 1715
1584629164567 1 1716
1584629167086 1 1717
1584629169610 1 1718
1584629172318 1 1719
1584629174763 1 1720
1584629177452 1 1721
1584629180100 1 1722
1584629182690 1 1723
1584629185283 1 1724
1584629187933 1 1725
1584629190837 1 1726
1584629193449 1 1727
1584629196065 1 1728
1584629198454 1 1729
1584629201677 1 1730
1584629204319 1 1731
1584629206949 1 1732
1584629209426 1 1733
1584629211854 1 1734
1584629214687 1 1735
1584629217467 1 1736
1584629220096 1 1737
1584629223066 1 1738
1584629225765 1 1739
1584629228345 1 1740
1584629231040 1 1741
1584629233651 1 1742
1584629236225 1 1743
1584629238851 1 1744
1584629241598 1 1745
1584629244139 1 1746
1584629246736 1 1747
1584629249336 1 1748
1584629252089 1 1749
1584629254894 1 1750
1584629257657 1 1751
1584629260356 1 1752
1584629263046 1 1753
1584629265449 1 1754
1584629268024 1 1755
1584629270728 1 1756
1584629273507 1 1757
1584629276054 1 1758
1584629278522 1 1759
1584629281074 1 1760
1584629283911 1 1761
1584629286517 1 1762
1584629289252 1 1763
1584629291805 1 1764
1584629294274 1 1765
1584629298608 1 1766
1584629302368 1 1767
1584629304921 1 1768
1584629307399 1 1769
1584629310005 1 1770
1584629312570 1 1771
1584629315047 1 1772
1584629317683 1 1773
1584629320130 1 1774
1584629322768 1 1775
1584629325310 1 1776
1584629327875 1 1777
1584629330424 1 1778
1584629332947 1 1779
1584629335460 1 1780
1584629337975 1 1781
1584629340703 1 1782
1584629343370 1 1783
1584629345943 1 1784
1584629348492 1 1785
1584629351108 1 1786
1584629353858 1 1787
1584629356417 1 1788
1584629359035 1 1789
1584629361933 1 1790
1584629364751 1 1791
1584629367222 1 1792
1584629369804 1 1793
1584629372344 1 1794
1584629374929 1 1795
1584629377407 1 1796
1584629379877 1 1797
1584629382707 1 1798
1584629385506 1 1799
1584629388075 1 1800
1584629391067 1 1801
1584629393661 1 1802
1584629396333 1 1803
1584629398768 1 1804
1584629401301 1 1805
1584629403994 1 1806
1584629406678 1 1807
1584629409130 1 1808
1584629411675 1 1809
1584629414289 1 1810
1584629416868 1 1811
1584629419564 1 1812
1584629422263 1 1813
1584629424823 1 1814
1584629427580 1 1815
1584629430250 1 1816
1584629432819 1 1817
1584629435543 1 1818
1584629438013 1 1819
1584629440439 1 1820
1584629442949 1 1821
1584629445411 1 1822
1584629448025 1 1823
1584629450563 1 1824
1584629453077 1 1825
1584629455926 1 1826
1584629458744 1 1827
1584629461218 1 1828
1584629463913 1 1829
1584629466400 1 1830
1584629468982 1 1831
1584629471763 1 1832
1584629474211 1 1833
1584629477057 1 1834
1584629479653 1 1835
1584629482206 1 1836
1584629485281 1 1837
1584629488272 1 1838
1584629491171 1 1839
1584629493955 1 1840
1584629496690 1 1841
1584629499048 1 1842
1584629501522 1 1843
1584629504017 1 1844
1584629506564 1 1845
1584629509026 1 1846
1584629511621 1 1847
1584629514197 1 1848
1584629516747 1 1849
1584629519363 1 1850
1584629522408 1 1851
1584629525108 1 1852
1584629527754 1 1853
1584629530714 1 1854
1584629533585 1 1855
1584629536235 1 1856
1584629538856 1 1857
1584629541606 1 1858
1584629544082 1 1859
1584629546695 1 1860
1584629549242 1 1861
1584629551986 1 1862
1584629554627 1 1863
1584629557202 1 1864
1584629559734 1 1865
1584629562176 1 1866
1584629564770 1 1867
1584629567291 1 1868
1584629569917 1 1869
1584629572351 1 1870
1584629574807 1 1871
1584629577313 1 1872
1584629579939 1 1873
1584629582776 1 1874
1584629585344 1 1875
1584629587927 1 1876
1584629590795 1 1877
1584629593469 1 1878
1584629595863 1 1879
1584629598361 1 1880
1584629600929 1 1881
1584629603477 1 1882
1584629606050 1 1883
1584629608597 1 1884
1584629611260 1 1885
1584629613883 1 1886
1584629616387 1 1887
1584629618879 1 1888
1584629621619 1 1889
1584629624247 1 1890
1584629626769 1 1891
1584629629154 1 1892
1584629631762 1 1893
1584629634443 1 1894
1584629637007 1 1895
1584629639508 1 1896
1584629642155 1 1897
1584629644724 1 1898
1584629647315 1 1899
1584629649835 1 1900
1584629652791 1 1901
1584629655305 1 1902
1584629657919 1 1903
1584629660415 1 1904
1584629663005 1 1905
1584629665870 1 1906
1584629668502 1 1907
1584629670982 1 1908
1584629673582 1 1909
1584629676105 1 1910
1584629678682 1 1911
1584629681272 1 1912
1584629684080 1 1913
1584629686674 1 1914
1584629689448 1 1915
1584629691994 1 1916
1584629694516 1 1917
1584629697062 1 1918
1584629699553 1 1919
1584629702115 1 1920
1584629704628 1 1921
1584629707141 1 1922
1584629709770 1 1923
1584629712641 1 1924
1584629715161 1 1925
1584629717766 1 1926
1584629720475 1 1927
1584629723012 1 1928
1584629725581 1 1929
1584629728154 1 1930
1584629730687 1 1931
1584629733373 1 1932
1584629735889 1 1933
1584629738329 1 1934
1584629741257 1 1935
1584629744012 1 1936
1584629746613 1 1937
1584629749252 1 1938
1584629751909 1 1939
1584629754548 1 1940
1584629757134 1 1941
1584629759728 1 1942
1584629762634 1 1943
1584629765322 1 1944
1584629767867 1 1945
1584629770403 1 1946
1584629772988 1 1947
1584629775665 1 1948
1584629778307 1 1949
1584629781063 1 1950
1584629783727 1 1951
1584629786706 1 1952
1584629789123 1 1953
1584629791701 1 1954
1584629794514 1 1955
1584629797366 1 1956
1584629800120 1 1957
1584629802682 1 1958
1584629805232 1 1959
1584629807898 1 1960
1584629810480 1 1961
1584629813123 1 1962
1584629816403 1 1963
1584629819515 1 1964
1584629822487 1 1965
1584629825060 1 1966
1584629827514 1 1967
1584629830073 1 1968
1584629832888 1 1969
1584629835441 1 1970
1584629837901 1 1971
1584629840347 1 1972
1584629842845 1 1973
1584629845431 1 1974
1584629848090 1 1975
1584629850751 1 1976
1584629853427 1 1977
1584629855971 1 1978
1584629859575 1 1979
1584629863882 1 1980
1584629867249 1 1981
1584629869869 1 1982
1584629872448 1 1983
1584629875056 1 1984
1584629877757 1 1985
1584629880266 1 1986
1584629883463 1 1987
1584629886005 1 1988
1584629888803 1 1989
1584629892020 1 1990
1584629894989 1 1991
1584629897573 1 1992
1584629900272 1 1993
1584629903068 1 1994
1584629905809 1 1995
1584629908225 1 1996
1584629910709 1 1997
1584629913776 1 1998
1584629917813 1 1999
1584629923199 1 2000
