1584623663294 1 1
1584623665605 0.9995 2
1584623667824 0.9990002500000001 3
1584623670031 0.9985007498750001 4
1584623672431 0.9980014995000627 5
1584623674908 0.9975024987503127 6
1584623677216 0.9970037475009376 7
1584623679428 0.9965052456271871 8
1584623681634 0.9960069930043736 9
1584623683934 0.9955089895078715 10
1584623686223 0.9950112350131176 11
1584623688490 0.9945137293956111 12
1584623690756 0.9940164725309134 13
1584623693334 0.993519464294648 14
1584623695544 0.9930227045625007 15
1584623697685 0.9925261932102195 16
1584623699888 0.9920299301136144 17
1584623702492 0.9915339151485576 18
1584623704979 0.9910381481909833 19
1584623707281 0.990542629116888 20
1584623709411 0.9900473578023296 21
1584623711554 0.9895523341234285 22
1584623713745 0.9890575579563669 23
1584623715951 0.9885630291773887 24
1584623718142 0.9880687476628001 25
1584623720376 0.9875747132889687 26
1584623722634 0.9870809259323243 27
1584623724815 0.9865873854693582 28
1584623726990 0.9860940917766235 29
1584623729249 0.9856010447307353 30
1584623731498 0.98510824420837 31
1584623733697 0.9846156900862658 32
1584623735909 0.9841233822412228 33
1584623738095 0.9836313205501022 34
1584623740318 0.9831395048898272 35
1584623742555 0.9826479351373822 36
1584623744801 0.9821566111698136 37
1584623747020 0.9816655328642288 38
1584623749251 0.9811747000977967 39
1584623751427 0.9806841127477479 40
1584623753593 0.9801937706913741 41
1584623755756 0.9797036738060285 42
1584623758030 0.9792138219691255 43
1584623760289 0.978724215058141 44
1584623762540 0.978234852950612 45
1584623764733 0.9777457355241367 46
1584623766909 0.9772568626563747 47
1584623769158 0.9767682342250465 48
1584623771552 0.976279850107934 49
1584623773774 0.9757917101828801 50
1584623775997 0.9753038143277888 51
1584623778221 0.974816162420625 52
1584623780378 0.9743287543394147 53
1584623782558 0.973841589962245 54
1584623784803 0.973354669167264 55
1584623787019 0.9728679918326804 56
1584623789236 0.972381557836764 57
1584623791424 0.9718953670578457 58
1584623793598 0.9714094193743169 59
1584623795797 0.9709237146646298 60
1584623798016 0.9704382528072976 61
1584623800230 0.9699530336808939 62
1584623802500 0.9694680571640535 63
1584623804714 0.9689833231354715 64
1584623806887 0.9684988314739038 65
1584623809067 0.9680145820581669 66
1584623811268 0.9675305747671379 67
1584623813484 0.9670468094797544 68
1584623815682 0.9665632860750146 69
1584623817863 0.9660800044319772 70
1584623820076 0.9655969644297613 71
1584623822277 0.9651141659475465 72
1584623824496 0.9646316088645728 73
1584623826687 0.9641492930601405 74
1584623828958 0.9636672184136105 75
1584623831225 0.9631853848044037 76
1584623833482 0.9627037921120016 77
1584623835920 0.9622224402159457 78
1584623838084 0.9617413289958378 79
1584623840298 0.9612604583313399 80
1584623842523 0.9607798281021742 81
1584623844733 0.9602994381881231 82
1584623846909 0.9598192884690291 83
1584623849090 0.9593393788247946 84
1584623851296 0.9588597091353822 85
1584623853528 0.9583802792808146 86
1584623855734 0.9579010891411742 87
1584623857971 0.9574221385966036 88
1584623860211 0.9569434275273054 89
1584623862439 0.9564649558135419 90
1584623864623 0.9559867233356352 91
1584623866825 0.9555087299739674 92
1584623869077 0.9550309756089804 93
1584623871288 0.954553460121176 94
1584623873498 0.9540761833911156 95
1584623875676 0.95359914529942 96
1584623877867 0.9531223457267703 97
1584623880071 0.952645784553907 98
1584623882322 0.9521694616616301 99
1584623884565 0.9516933769307994 100
1584623886785 0.951217530242334 101
1584623889003 0.9507419214772129 102
1584623891227 0.9502665505164744 103
1584623893412 0.9497914172412162 104
1584623895634 0.9493165215325956 105
1584623897872 0.9488418632718294 106
1584623900111 0.9483674423401935 107
1584623902279 0.9478932586190235 108
1584623904569 0.9474193119897141 109
1584623906803 0.9469456023337193 110
1584623909050 0.9464721295325524 111
1584623911269 0.9459988934677862 112
1584623913489 0.9455258940210524 113
1584623915730 0.9450531310740419 114
1584623917895 0.9445806045085049 115
1584623920097 0.9441083142062507 116
1584623922283 0.9436362600491477 117
1584623924534 0.9431644419191232 118
1584623926773 0.9426928596981636 119
1584623928948 0.9422215132683146 120
1584623931135 0.9417504025116805 121
1584623933308 0.9412795273104247 122
1584623935528 0.9408088875467696 123
1584623937719 0.9403384831029963 124
1584623939937 0.9398683138614449 125
1584623942142 0.9393983797045142 126
1584623944545 0.938928680514662 127
1584623946741 0.9384592161744048 128
1584623948916 0.9379899865663176 129
1584623951166 0.9375209915730345 130
1584623953396 0.937052231077248 131
1584623955617 0.9365837049617094 132
1584623957805 0.9361154131092286 133
1584623959995 0.9356473554026741 134
1584623962229 0.9351795317249728 135
1584623964579 0.9347119419591103 136
1584623966796 0.9342445859881309 137
1584623969002 0.9337774636951368 138
1584623971224 0.9333105749632893 139
1584623973409 0.9328439196758077 140
1584623975593 0.9323774977159699 141
1584623977788 0.9319113089671119 142
1584623980015 0.9314453533126285 143
1584623982254 0.9309796306359722 144
1584623984467 0.9305141408206543 145
1584623986678 0.9300488837502441 146
1584623988852 0.9295838593083691 147
1584623991041 0.929119067378715 148
1584623993269 0.9286545078450257 149
1584623995697 0.9281901805911033 150
1584623997971 0.9277260855008077 151
1584624000299 0.9272622224580573 152
1584624002799 0.9267985913468284 153
1584624005390 0.926335192051155 154
1584624007877 0.9258720244551295 155
1584624010195 0.925409088442902 156
1584624012496 0.9249463838986807 157
1584624014691 0.9244839107067314 158
1584624016877 0.9240216687513781 159
1584624019113 0.9235596579170025 160
1584624021527 0.923097878088044 161
1584624023769 0.9226363291490001 162
1584624026064 0.9221750109844257 163
1584624028314 0.9217139234789336 164
1584624030563 0.9212530665171942 165
1584624032784 0.9207924399839357 166
1584624034992 0.9203320437639437 167
1584624037294 0.9198718777420618 168
1584624039571 0.9194119418031909 169
1584624041738 0.9189522358322894 170
1584624043909 0.9184927597143733 171
1584624046485 0.9180335133345161 172
1584624048764 0.917574496577849 173
1584624051005 0.9171157093295601 174
1584624053228 0.9166571514748953 175
1584624055467 0.916198822899158 176
1584624057705 0.9157407234877085 177
1584624059897 0.9152828531259647 178
1584624062250 0.9148252116994018 179
1584624064544 0.9143677990935521 180
1584624066789 0.9139106151940054 181
1584624069020 0.9134536598864085 182
1584624071203 0.9129969330564653 183
1584624073388 0.9125404345899372 184
1584624075603 0.9120841643726423 185
1584624077846 0.911628122290456 186
1584624080088 0.9111723082293108 187
1584624082324 0.9107167220751963 188
1584624084682 0.9102613637141588 189
1584624086889 0.9098062330323018 190
1584624089074 0.9093513299157857 191
1584624091339 0.9088966542508279 192
1584624093584 0.9084422059237025 193
1584624095774 0.9079879848207407 194
1584624097961 0.9075339908283304 195
1584624100153 0.9070802238329163 196
1584624102371 0.9066266837209999 197
1584624104616 0.9061733703791394 198
1584624106846 0.9057202836939499 199
1584624109061 0.9052674235521029 200
1584624111331 0.9048147898403269 201
1584624113636 0.9043623824454068 202
1584624115801 0.9039102012541841 203
1584624118003 0.9034582461535571 204
1584624120297 0.9030065170304803 205
1584624122703 0.9025550137719651 206
1584624124970 0.9021037362650792 207
1584624127151 0.9016526843969468 208
1584624129326 0.9012018580547484 209
1584624131521 0.900751257125721 210
1584624133814 0.9003008814971583 211
1584624136261 0.8998507310564098 212
1584624138516 0.8994008056908817 213
1584624140785 0.8989511052880362 214
1584624142936 0.8985016297353923 215
1584624145117 0.8980523789205246 216
1584624147304 0.8976033527310644 217
1584624149558 0.8971545510546989 218
1584624151842 0.8967059737791716 219
1584624154024 0.8962576207922821 220
1584624156207 0.895809491981886 221
1584624158534 0.8953615872358951 222
1584624160754 0.8949139064422772 223
1584624162994 0.8944664494890561 224
1584624165231 0.8940192162643116 225
1584624167487 0.8935722066561794 226
1584624169695 0.8931254205528514 227
1584624171890 0.8926788578425751 228
1584624174081 0.8922325184136538 229
1584624176308 0.891786402154447 230
1584624178558 0.8913405089533699 231
1584624180805 0.8908948386988933 232
1584624183000 0.8904493912795439 233
1584624185180 0.8900041665839042 234
1584624187414 0.8895591645006123 235
1584624189693 0.889114384918362 236
1584624191923 0.8886698277259029 237
1584624194138 0.88822549281204 238
1584624196366 0.887781380065634 239
1584624198563 0.8873374893756012 240
1584624200760 0.8868938206309135 241
1584624202943 0.8864503737205981 242
1584624205168 0.8860071485337379 243
1584624207396 0.885564144959471 244
1584624209587 0.8851213628869913 245
1584624211752 0.8846788022055478 246
1584624213931 0.8842364628044451 247
1584624216157 0.883794344573043 248
1584624218419 0.8833524474007565 249
1584624220663 0.8829107711770562 250
1584624222917 0.8824693157914677 251
1584624225150 0.882028081133572 252
1584624227335 0.8815870670930053 253
1584624229543 0.8811462735594588 254
1584624231749 0.8807057004226791 255
1584624233984 0.8802653475724679 256
1584624236259 0.8798252148986817 257
1584624238575 0.8793853022912325 258
1584624240762 0.8789456096400869 259
1584624243342 0.8785061368352669 260
1584624250090 0.8780668837668493 261
1584624256246 0.8776278503249659 262
1584624260418 0.8771890363998035 263
1584624267942 0.8767504418816037 264
1584624270890 0.876312066660663 265
1584624273416 0.8758739106273327 266
1584624275792 0.8754359736720191 267
1584624278142 0.8749982556851831 268
1584624280570 0.8745607565573406 269
1584624282797 0.8741234761790619 270
1584624284985 0.8736864144409725 271
1584624287216 0.873249571233752 272
1584624289605 0.8728129464481352 273
1584624292005 0.8723765399749112 274
1584624294407 0.8719403517049238 275
1584624296702 0.8715043815290714 276
1584624298892 0.8710686293383069 277
1584624301448 0.8706330950236377 278
1584624303922 0.870197778476126 279
1584624306338 0.869762679586888 280
1584624308623 0.8693277982470946 281
1584624310890 0.8688931343479711 282
1584624313082 0.8684586877807972 283
1584624315255 0.8680244584369068 284
1584624317591 0.8675904462076884 285
1584624319824 0.8671566509845846 286
1584624322045 0.8667230726590923 287
1584624324311 0.8662897111227629 288
1584624326580 0.8658565662672015 289
1584624328743 0.865423637984068 290
1584624330913 0.864990926165076 291
1584624333123 0.8645584307019936 292
1584624335349 0.8641261514866426 293
1584624337584 0.8636940884108993 294
1584624339750 0.8632622413666939 295
1584624341905 0.8628306102460106 296
1584624344134 0.8623991949408877 297
1584624346466 0.8619679953434173 298
1584624348824 0.8615370113457457 299
1584624351095 0.8611062428400729 300
1584624353672 0.8606756897186528 301
1584624355948 0.8602453518737936 302
1584624358115 0.8598152291978567 303
1584624360261 0.8593853215832578 304
1584624362511 0.8589556289224661 305
1584624364757 0.8585261511080049 306
1584624367011 0.858096888032451 307
1584624369192 0.8576678395884348 308
1584624371345 0.8572390056686406 309
1584624373562 0.8568103861658064 310
1584624375783 0.8563819809727236 311
1584624377981 0.8559537899822373 312
1584624380216 0.8555258130872462 313
1584624382470 0.8550980501807026 314
1584624384822 0.8546705011556123 315
1584624386994 0.8542431659050345 316
1584624389403 0.853816044322082 317
1584624391709 0.8533891362999211 318
1584624393964 0.8529624417317712 319
1584624396189 0.8525359605109053 320
1584624398379 0.8521096925306499 321
1584624402112 0.8516836376843847 322
1584624405880 0.8512577958655425 323
1584624411063 0.8508321669676098 324
1584624413441 0.850406750884126 325
1584624415773 0.8499815475086839 326
1584624418036 0.8495565567349297 327
1584624420228 0.8491317784565623 328
1584624422450 0.8487072125673341 329
1584624424691 0.8482828589610505 330
1584624426908 0.84785871753157 331
1584624429098 0.8474347881728043 332
1584624431287 0.847011070778718 333
1584624433445 0.8465875652433287 334
1584624435695 0.846164271460707 335
1584624437941 0.8457411893249768 336
1584624440202 0.8453183187303144 337
1584624443225 0.8448956595709493 338
1584624446767 0.8444732117411639 339
1584624448949 0.8440509751352934 340
1584624451318 0.8436289496477257 341
1584624453520 0.8432071351729019 342
1584624455736 0.8427855316053156 343
1584624458048 0.8423641388395129 344
1584624460255 0.8419429567700932 345
1584624462483 0.8415219852917082 346
1584624464690 0.8411012242990624 347
1584624466951 0.8406806736869129 348
1584624469186 0.8402603333500694 349
1584624471399 0.8398402031833945 350
1584624473680 0.8394202830818028 351
1584624475907 0.839000572940262 352
1584624478073 0.8385810726537919 353
1584624480269 0.8381617821174651 354
1584624482704 0.8377427012264064 355
1584624484873 0.8373238298757932 356
1584624487120 0.8369051679608553 357
1584624489338 0.8364867153768749 358
1584624491541 0.8360684720191865 359
1584624493760 0.835650437783177 360
1584624496000 0.8352326125642855 361
1584624498210 0.8348149962580034 362
1584624500416 0.8343975887598745 363
1584624502697 0.8339803899654946 364
1584624504916 0.833563399770512 365
1584624507123 0.8331466180706267 366
1584624509308 0.8327300447615915 367
1584624511547 0.8323136797392108 368
1584624513761 0.8318975228993413 369
1584624515961 0.8314815741378917 370
1584624518146 0.8310658333508228 371
1584624520295 0.8306503004341474 372
1584624522545 0.8302349752839304 373
1584624524761 0.8298198577962885 374
1584624527004 0.8294049478673904 375
1584624529238 0.8289902453934568 376
1584624531472 0.8285757502707601 377
1584624533659 0.8281614623956248 378
1584624535819 0.8277473816644271 379
1584624538062 0.827333507973595 380
1584624540306 0.8269198412196082 381
1584624543185 0.8265063812989984 382
1584624545701 0.826093128108349 383
1584624548684 0.8256800815442948 384
1584624550886 0.8252672415035227 385
1584624553129 0.824854607882771 386
1584624555538 0.8244421805788297 387
1584624557783 0.8240299594885403 388
1584624560228 0.8236179445087961 389
1584624562513 0.8232061355365418 390
1584624566591 0.8227945324687735 391
1584624569329 0.8223831352025393 392
1584624573760 0.821971943634938 393
1584624579331 0.8215609576631205 394
1584624584059 0.8211501771842891 395
1584624592470 0.820739602095697 396
1584624601231 0.8203292322946492 397
1584624607274 0.8199190676785019 398
1584624612806 0.8195091081446627 399
1584624617881 0.8190993535905904 400
1584624626578 0.8186898039137951 401
1584624630966 0.8182804590118382 402
1584624635557 0.8178713187823323 403
1584624640691 0.8174623831229412 404
1584624646131 0.8170536519313798 405
1584624651718 0.8166451251054142 406
1584624658597 0.8162368025428616 407
1584624664818 0.8158286841415902 408
1584624669968 0.8154207697995194 409
1584624674273 0.8150130594146197 410
1584624678561 0.8146055528849124 411
1584624685134 0.81419825010847 412
1584624690376 0.8137911509834158 413
1584624696028 0.8133842554079241 414
1584624700907 0.8129775632802202 415
1584624705474 0.8125710744985801 416
1584624710928 0.8121647889613309 417
1584624715710 0.8117587065668503 418
1584624722282 0.8113528272135669 419
1584624726718 0.8109471507999602 420
1584624732137 0.8105416772245603 421
1584624736573 0.8101364063859481 422
1584624741059 0.8097313381827551 423
1584624746443 0.8093264725136637 424
1584624751260 0.808921809277407 425
1584624756018 0.8085173483727683 426
1584624760316 0.808113089698582 427
1584624764417 0.8077090331537328 428
1584624769624 0.8073051786371559 429
1584624774103 0.8069015260478374 430
1584624778771 0.8064980752848135 431
1584624783747 0.8060948262471712 432
1584624788462 0.8056917788340476 433
1584624793431 0.8052889329446307 434
1584624797489 0.8048862884781584 435
1584624801667 0.8044838453339194 436
1584624806489 0.8040816034112525 437
1584624811776 0.8036795626095469 438
1584624816339 0.8032777228282422 439
1584624820525 0.8028760839668281 440
1584624824862 0.8024746459248447 441
1584624829672 0.8020734086018824 442
1584624834216 0.8016723718975814 443
1584624838710 0.8012715357116327 444
1584624843633 0.8008708999437769 445
1584624848481 0.8004704644938051 446
1584624853242 0.8000702292615582 447
1584624857622 0.7996701941469275 448
1584624861882 0.7992703590498541 449
1584624867057 0.7988707238703292 450
1584624872624 0.7984712885083941 451
1584624877732 0.79807205286414 452
1584624882521 0.797673016837708 453
1584624889125 0.7972741803292892 454
1584624894682 0.7968755432391246 455
1584624899616 0.796477105467505 456
1584624903793 0.7960788669147714 457
1584624909326 0.7956808274813141 458
1584624918012 0.7952829870675735 459
1584624922630 0.7948853455740398 460
1584624926319 0.7944879029012528 461
1584624930083 0.7940906589498022 462
1584624934068 0.7936936136203274 463
1584624938289 0.7932967668135174 464
1584624941962 0.7929001184301107 465
1584624945867 0.7925036683708957 466
1584624950913 0.7921074165367102 467
1584624955836 0.7917113628284419 468
1584624960822 0.7913155071470277 469
1584624967626 0.7909198493934543 470
1584624973965 0.7905243894687576 471
1584624980376 0.7901291272740233 472
1584624985800 0.7897340627103864 473
1584624989888 0.7893391956790312 474
1584624993865 0.7889445260811917 475
1584624997583 0.7885500538181511 476
1584625001654 0.7881557787912421 477
1584625005581 0.7877617009018465 478
1584625009280 0.7873678200513956 479
1584625016497 0.7869741361413699 480
1584625021893 0.7865806490732993 481
1584625027790 0.7861873587487627 482
1584625031288 0.7857942650693883 483
1584625035420 0.7854013679368537 484
1584625039776 0.7850086672528853 485
1584625044318 0.784616162919259 486
1584625048467 0.7842238548377993 487
1584625052768 0.7838317429103805 488
1584625056977 0.7834398270389253 489
1584625061067 0.783048107125406 490
1584625065045 0.7826565830718433 491
1584625070170 0.7822652547803074 492
1584625075029 0.7818741221529173 493
1584625079176 0.7814831850918409 494
1584625086482 0.781092443499295 495
1584625092180 0.7807018972775454 496
1584625098590 0.7803115463289066 497
1584625101738 0.7799213905557423 498
1584625105000 0.7795314298604644 499
1584625108171 0.7791416641455342 500
1584625112907 0.7787520933134615 501
1584625116068 0.7783627172668048 502
1584625122476 0.7779735359081715 503
1584625125853 0.7775845491402175 504
1584625129550 0.7771957568656473 505
1584625133657 0.7768071589872145 506
1584625136640 0.776418755407721 507
1584625139974 0.7760305460300172 508
1584625148144 0.7756425307570022 509
1584625153308 0.7752547094916237 510
1584625160988 0.7748670821368779 511
1584625164253 0.7744796485958095 512
1584625168335 0.7740924087715116 513
1584625178291 0.773705362567126 514
1584625186541 0.7733185098858425 515
1584625191423 0.7729318506308996 516
1584625198921 0.7725453847055842 517
1584625204277 0.7721591120132315 518
1584625210342 0.771773032457225 519
1584625215616 0.7713871459409963 520
1584625221883 0.7710014523680259 521
1584625231594 0.7706159516418419 522
1584625237774 0.770230643666021 523
1584625245636 0.7698455283441881 524
1584625255780 0.769460605580016 525
1584625261215 0.7690758752772261 526
1584625267286 0.7686913373395875 527
1584625272496 0.7683069916709178 528
1584625281202 0.7679228381750823 529
1584625289795 0.7675388767559949 530
1584625297639 0.7671551073176169 531
1584625303437 0.7667715297639581 532
1584625309784 0.7663881439990762 533
1584625316785 0.7660049499270767 534
1584625321850 0.7656219474521132 535
1584625325602 0.7652391364783871 536
1584625330912 0.764856516910148 537
1584625335323 0.764474088651693 538
1584625341112 0.7640918516073671 539
1584625347523 0.7637098056815635 540
1584625356486 0.7633279507787228 541
1584625363826 0.7629462868033335 542
1584625372766 0.7625648136599319 543
1584625379084 0.762183531253102 544
1584625385849 0.7618024394874755 545
1584625392752 0.7614215382677318 546
1584625403307 0.761040827498598 547
1584625415203 0.7606603070848488 548
1584625425614 0.7602799769313064 549
1584625435737 0.7598998369428408 550
1584625445551 0.7595198870243695 551
1584625453294 0.7591401270808573 552
1584625459737 0.7587605570173169 553
1584625466968 0.7583811767388083 554
1584625471433 0.758001986150439 555
1584625483107 0.7576229851573638 556
1584625494128 0.7572441736647851 557
1584625500447 0.7568655515779528 558
1584625508149 0.7564871188021638 559
1584625513880 0.7561088752427627 560
1584625523285 0.7557308208051414 561
1584625531144 0.7553529553947389 562
1584625537742 0.7549752789170415 563
1584625546847 0.7545977912775831 564
1584625551441 0.7542204923819443 565
1584625555589 0.7538433821357534 566
1584625567690 0.7534664604446856 567
1584625576239 0.7530897272144633 568
1584625582753 0.7527131823508562 569
1584625589555 0.7523368257596807 570
1584625595780 0.751960657346801 571
1584625599803 0.7515846770181276 572
1584625603426 0.7512088846796185 573
1584625605959 0.7508332802372788 574
1584625608398 0.7504578635971602 575
1584625611679 0.7500826346653616 576
1584625614403 0.7497075933480289 577
1584625617566 0.7493327395513549 578
1584625620731 0.7489580731815793 579
1584625623991 0.7485835941449885 580
1584625627233 0.748209302347916 581
1584625630121 0.7478351976967421 582
1584625633839 0.7474612800978938 583
1584625638180 0.747087549457845 584
1584625640807 0.7467140056831161 585
1584625643635 0.7463406486802746 586
1584625646467 0.7459674783559345 587
1584625649250 0.7455944946167565 588
1584625652815 0.7452216973694482 589
1584625655882 0.7448490865207635 590
1584625658736 0.7444766619775032 591
1584625661711 0.7441044236465144 592
1584625664384 0.7437323714346912 593
1584625667949 0.7433605052489739 594
1584625670678 0.7429888249963494 595
1584625673652 0.7426173305838513 596
1584625677485 0.7422460219185594 597
1584625680473 0.7418748989076002 598
1584625683901 0.7415039614581465 599
1584625686938 0.7411332094774175 600
1584625691902 0.7407626428726788 601
1584625694647 0.7403922615512425 602
1584625697628 0.7400220654204669 603
1584625702384 0.7396520543877567 604
1584625706022 0.7392822283605629 605
1584625710143 0.7389125872463826 606
1584625714314 0.7385431309527595 607
1584625717679 0.7381738593872831 608
1584625720588 0.7378047724575895 609
1584625723641 0.7374358700713607 610
1584625726491 0.737067152136325 611
1584625730293 0.7366986185602569 612
1584625733644 0.7363302692509768 613
1584625737791 0.7359621041163513 614
1584625740810 0.7355941230642932 615
1584625743656 0.735226326002761 616
1584625746302 0.7348587128397597 617
1584625748821 0.7344912834833398 618
1584625753481 0.7341240378415982 619
1584625756902 0.7337569758226774 620
1584625759718 0.7333900973347661 621
1584625763145 0.7330234022860987 622
1584625766742 0.7326568905849558 623
1584625769740 0.7322905621396634 624
1584625773742 0.7319244168585936 625
1584625778707 0.7315584546501643 626
1584625782361 0.7311926754228393 627
1584625786888 0.7308270790851279 628
1584625790630 0.7304616655455853 629
1584625793718 0.7300964347128126 630
1584625796959 0.7297313864954562 631
1584625800414 0.7293665208022085 632
1584625803613 0.7290018375418075 633
1584625805930 0.7286373366230366 634
1584625809300 0.7282730179547252 635
1584625813944 0.7279088814457478 636
1584625818644 0.727544927005025 637
1584625823259 0.7271811545415225 638
1584625826852 0.7268175639642518 639
1584625830124 0.7264541551822697 640
1584625833156 0.7260909281046787 641
1584625836642 0.7257278826406264 642
1584625841843 0.7253650186993061 643
1584625844784 0.7250023361899566 644
1584625847180 0.7246398350218617 645
1584625850005 0.7242775151043508 646
1584625852579 0.7239153763467987 647
1584625855877 0.7235534186586253 648
1584625859359 0.7231916419492961 649
1584625864499 0.7228300461283215 650
1584625867852 0.7224686311052574 651
1584625871157 0.7221073967897048 652
1584625873662 0.72174634309131 653
1584625876416 0.7213854699197644 654
1584625879778 0.7210247771848045 655
1584625883326 0.7206642647962122 656
1584625887056 0.7203039326638141 657
1584625890446 0.7199437806974822 658
1584625893119 0.7195838088071335 659
1584625897347 0.71922401690273 660
1584625900382 0.7188644048942786 661
1584625903205 0.7185049726918316 662
1584625906783 0.7181457202054857 663
1584625909895 0.717786647345383 664
1584625913474 0.7174277540217103 665
1584625916287 0.7170690401446995 666
1584625919744 0.7167105056246272 667
1584625925116 0.716352150371815 668
1584625931752 0.7159939742966291 669
1584625936541 0.7156359773094809 670
1584625939279 0.7152781593208262 671
1584625942099 0.7149205202411658 672
1584625944663 0.7145630599810453 673
1584625947347 0.7142057784510548 674
1584625950608 0.7138486755618293 675
1584625953467 0.7134917512240484 676
1584625959054 0.7131350053484364 677
1584625963150 0.7127784378457622 678
1584625967172 0.7124220486268393 679
1584625973721 0.712065837602526 680
1584625978949 0.7117098046837247 681
1584625981640 0.7113539497813829 682
1584625984296 0.7109982728064922 683
1584625987437 0.710642773670089 684
1584625990882 0.710287452283254 685
1584625993866 0.7099323085571124 686
1584625997093 0.7095773424028339 687
1584625999785 0.7092225537316325 688
1584626002082 0.7088679424547667 689
1584626004562 0.7085135084835393 690
1584626007072 0.7081592517292976 691
1584626009637 0.707805172103433 692
1584626012461 0.7074512695173812 693
1584626015861 0.7070975438826226 694
1584626018716 0.7067439951106813 695
1584626021453 0.7063906231131261 696
1584626024548 0.7060374278015695 697
1584626028901 0.7056844090876688 698
1584626032074 0.705331566883125 699
1584626035115 0.7049789010996835 700
1584626038458 0.7046264116491338 701
1584626043080 0.7042740984433092 702
1584626047189 0.7039219613940876 703
1584626049877 0.7035700004133906 704
1584626053112 0.703218215413184 705
1584626055850 0.7028666063054774 706
1584626059002 0.7025151730023247 707
1584626061674 0.7021639154158236 708
1584626064035 0.7018128334581157 709
1584626067091 0.7014619270413868 710
1584626070714 0.7011111960778661 711
1584626073495 0.7007606404798272 712
1584626076867 0.7004102601595873 713
1584626080461 0.7000600550295075 714
1584626083396 0.6997100250019928 715
1584626085781 0.6993601699894918 716
1584626088199 0.6990104899044971 717
1584626091107 0.6986609846595448 718
1584626093908 0.6983116541672151 719
1584626096576 0.6979624983401315 720
1584626099597 0.6976135170909614 721
1584626102835 0.697264710332416 722
1584626107959 0.6969160779772499 723
1584626112776 0.6965676199382612 724
1584626116881 0.6962193361282921 725
1584626120518 0.695871226460228 726
1584626123612 0.6955232908469979 727
1584626127044 0.6951755292015744 728
1584626129782 0.6948279414369737 729
1584626132592 0.6944805274662552 730
1584626135066 0.6941332872025221 731
1584626137739 0.6937862205589209 732
1584626139993 0.6934393274486415 733
1584626142807 0.6930926077849172 734
1584626145373 0.6927460614810248 735
1584626148421 0.6923996884502843 736
1584626152733 0.6920534886060592 737
1584626157263 0.6917074618617562 738
1584626160015 0.6913616081308254 739
1584626162709 0.69101592732676 740
1584626165542 0.6906704193630966 741
1584626168574 0.6903250841534151 742
1584626171260 0.6899799216113385 743
1584626173697 0.6896349316505328 744
1584626177207 0.6892901141847075 745
1584626179939 0.6889454691276152 746
1584626182552 0.6886009963930515 747
1584626185699 0.688256695894855 748
1584626189261 0.6879125675469077 749
1584626192696 0.6875686112631343 750
1584626195951 0.6872248269575028 751
1584626198479 0.6868812145440241 752
1584626201147 0.6865377739367521 753
1584626204558 0.6861945050497837 754
1584626207552 0.6858514077972588 755
1584626210146 0.6855084820933602 756
1584626212935 0.6851657278523136 757
1584626215676 0.6848231449883875 758
1584626218678 0.6844807334158933 759
1584626221361 0.6841384930491854 760
1584626224957 0.6837964238026608 761
1584626228519 0.6834545255907595 762
1584626231391 0.6831127983279641 763
1584626234329 0.6827712419288002 764
1584626237450 0.6824298563078359 765
1584626240100 0.6820886413796821 766
1584626242662 0.6817475970589922 767
1584626245945 0.6814067232604628 768
1584626248547 0.6810660198988326 769
1584626250925 0.6807254868888832 770
1584626253562 0.6803851241454388 771
1584626256612 0.6800449315833662 772
1584626259441 0.6797049091175745 773
1584626262002 0.6793650566630158 774
1584626265284 0.6790253741346843 775
1584626267885 0.678685861447617 776
1584626270564 0.6783465185168932 777
1584626273345 0.6780073452576348 778
1584626276358 0.6776683415850061 779
1584626279313 0.6773295074142136 780
1584626284304 0.6769908426605066 781
1584626289153 0.6766523472391763 782
1584626294079 0.6763140210655568 783
1584626301447 0.6759758640550241 784
1584626305385 0.6756378761229966 785
1584626308536 0.6753000571849351 786
1584626313227 0.6749624071563427 787
1584626319212 0.6746249259527646 788
1584626326163 0.6742876134897883 789
1584626330392 0.6739504696830434 790
1584626333550 0.673613494448202 791
1584626336350 0.6732766877009779 792
1584626339360 0.6729400493571275 793
1584626342979 0.672603579332449 794
1584626346349 0.6722672775427828 795
1584626350142 0.6719311439040114 796
1584626355079 0.6715951783320595 797
1584626358214 0.6712593807428935 798
1584626362519 0.6709237510525221 799
1584626366072 0.6705882891769959 800
1584626369820 0.6702529950324074 801
1584626373865 0.6699178685348912 802
1584626378407 0.6695829096006238 803
1584626380867 0.6692481181458235 804
1584626384075 0.6689134940867506 805
1584626387889 0.6685790373397072 806
1584626393817 0.6682447478210375 807
1584626400694 0.667910625447127 808
1584626409246 0.6675766701344035 809
1584626414428 0.6672428817993363 810
1584626418049 0.6669092603584367 811
1584626423191 0.6665758057282575 812
1584626428405 0.6662425178253933 813
1584626432625 0.6659093965664807 814
1584626436681 0.6655764418681975 815
1584626441326 0.6652436536472635 816
1584626444928 0.6649110318204399 817
1584626448561 0.6645785763045297 818
1584626451548 0.6642462870163774 819
1584626454211 0.6639141638728693 820
1584626460002 0.6635822067909328 821
1584626466810 0.6632504156875374 822
1584626471129 0.6629187904796937 823
1584626476353 0.6625873310844539 824
1584626484985 0.6622560374189117 825
1584626488125 0.6619249094002023 826
1584626493613 0.6615939469455022 827
1584626498026 0.6612631499720295 828
1584626503178 0.6609325183970435 829
1584626508054 0.660602052137845 830
1584626511455 0.660271751111776 831
1584626515882 0.6599416152362202 832
1584626520465 0.6596116444286021 833
1584626523169 0.6592818386063878 834
1584626526908 0.6589521976870846 835
1584626531589 0.6586227215882411 836
1584626534186 0.658293410227447 837
1584626538034 0.6579642635223334 838
1584626541285 0.6576352813905723 839
1584626544973 0.657306463749877 840
1584626547864 0.6569778105180021 841
1584626553885 0.6566493216127431 842
1584626560952 0.6563209969519368 843
1584626564175 0.6559928364534608 844
1584626567157 0.6556648400352342 845
1584626570583 0.6553370076152166 846
1584626576286 0.655009339111409 847
1584626581764 0.6546818344418533 848
1584626585446 0.6543544935246325 849
1584626589113 0.6540273162778703 850
1584626593084 0.6537003026197313 851
1584626596338 0.6533734524684215 852
1584626599101 0.6530467657421873 853
1584626603865 0.6527202423593162 854
1584626606891 0.6523938822381367 855
1584626611022 0.6520676852970176 856
1584626615690 0.6517416514543691 857
1584626618989 0.651415780628642 858
1584626621769 0.6510900727383278 859
1584626624984 0.6507645277019586 860
1584626629069 0.6504391454381077 861
1584626633395 0.6501139258653886 862
1584626636211 0.649788868902456 863
1584626640117 0.6494639744680049 864
1584626643696 0.6491392424807709 865
1584626646161 0.6488146728595305 866
1584626649915 0.6484902655231009 867
1584626655760 0.6481660203903393 868
1584626660611 0.6478419373801442 869
1584626664380 0.6475180164114541 870
1584626671685 0.6471942574032484 871
1584626675929 0.6468706602745469 872
1584626680081 0.6465472249444096 873
1584626684444 0.6462239513319374 874
1584626689528 0.6459008393562715 875
1584626694274 0.6455778889365934 876
1584626698861 0.6452550999921252 877
1584626702831 0.6449324724421291 878
1584626707093 0.6446100062059081 879
1584626712562 0.6442877012028052 880
1584626717254 0.6439655573522038 881
1584626722406 0.6436435745735278 882
1584626725965 0.6433217527862412 883
1584626728904 0.6430000919098481 884
1584626733745 0.6426785918638932 885
1584626736519 0.6423572525679613 886
1584626741176 0.6420360739416774 887
1584626744227 0.6417150559047066 888
1584626751064 0.6413941983767543 889
1584626755069 0.6410735012775659 890
1584626761029 0.6407529645269272 891
1584626766133 0.6404325880446637 892
1584626770814 0.6401123717506414 893
1584626776463 0.6397923155647661 894
1584626780880 0.6394724194069837 895
1584626783670 0.6391526831972802 896
1584626786465 0.6388331068556816 897
1584626789692 0.6385136903022538 898
1584626792350 0.6381944334571027 899
1584626795114 0.6378753362403742 900
1584626797857 0.637556398572254 901
1584626802124 0.6372376203729679 902
1584626805102 0.6369190015627815 903
1584626808530 0.6366005420620001 904
1584626812614 0.6362822417909691 905
1584626815419 0.6359641006700737 906
1584626819531 0.6356461186197387 907
1584626822294 0.6353282955604289 908
1584626825014 0.6350106314126487 909
1584626828083 0.6346931260969424 910
1584626831102 0.634375779533894 911
1584626835563 0.6340585916441271 912
1584626839032 0.6337415623483051 913
1584626842739 0.633424691567131 914
1584626845986 0.6331079792213474 915
1584626850117 0.6327914252317368 916
1584626852838 0.6324750295191209 917
1584626856333 0.6321587920043614 918
1584626859515 0.6318427126083592 919
1584626861990 0.6315267912520551 920
1584626864520 0.6312110278564291 921
1584626867819 0.630895422342501 922
1584626870825 0.6305799746313298 923
1584626873329 0.6302646846440141 924
1584626876014 0.6299495523016921 925
1584626878725 0.6296345775255413 926
1584626882463 0.6293197602367786 927
1584626885604 0.6290051003566602 928
1584626889687 0.628690597806482 929
1584626892447 0.6283762525075788 930
1584626897538 0.6280620643813251 931
1584626902751 0.6277480333491344 932
1584626905474 0.6274341593324599 933
1584626908739 0.6271204422527937 934
1584626912688 0.6268068820316673 935
1584626916705 0.6264934785906515 936
1584626920541 0.6261802318513562 937
1584626923379 0.6258671417354306 938
1584626926797 0.6255542081645629 939
1584626929881 0.6252414310604806 940
1584626935059 0.6249288103449504 941
1584626939436 0.624616345939778 942
1584626944297 0.6243040377668081 943
1584626948670 0.6239918857479247 944
1584626951251 0.6236798898050508 945
1584626953754 0.6233680498601484 946
1584626956750 0.6230563658352183 947
1584626960129 0.6227448376523007 948
1584626964215 0.6224334652334746 949
1584626967006 0.622122248500858 950
1584626973187 0.6218111873766076 951
1584626975967 0.6215002817829193 952
1584626978811 0.6211895316420278 953
1584626981788 0.6208789368762069 954
1584626984776 0.6205684974077688 955
1584626988022 0.6202582131590649 956
1584626990707 0.6199480840524855 957
1584626993286 0.6196381100104592 958
1584626996140 0.619328290955454 959
1584626998906 0.6190186268099763 960
1584627001501 0.6187091174965714 961
1584627004461 0.6183997629378232 962
1584627008917 0.6180905630563543 963
1584627011724 0.6177815177748261 964
1584627014300 0.6174726270159387 965
1584627016896 0.6171638907024308 966
1584627019586 0.6168553087570796 967
1584627022516 0.6165468811027011 968
1584627025049 0.6162386076621498 969
1584627027488 0.6159304883583188 970
1584627029895 0.6156225231141397 971
1584627032480 0.6153147118525827 972
1584627035209 0.6150070544966564 973
1584627037890 0.6146995509694081 974
1584627040541 0.6143922011939235 975
1584627043216 0.6140850050933265 976
1584627047079 0.6137779625907799 977
1584627050798 0.6134710736094845 978
1584627054469 0.6131643380726798 979
1584627057421 0.6128577559036434 980
1584627060564 0.6125513270256917 981
1584627063649 0.6122450513621789 982
1584627066485 0.6119389288364978 983
1584627069935 0.6116329593720796 984
1584627072566 0.6113271428923936 985
1584627076042 0.6110214793209475 986
1584627079673 0.6107159685812871 987
1584627082766 0.6104106105969964 988
1584627085537 0.610105405291698 989
1584627088433 0.6098003525890522 990
1584627091582 0.6094954524127577 991
1584627094752 0.6091907046865513 992
1584627097779 0.6088861093342081 993
1584627100810 0.608581666279541 994
1584627103895 0.6082773754464013 995
1584627106894 0.6079732367586781 996
1584627109745 0.6076692501402988 997
1584627112361 0.6073654155152287 998
1584627115687 0.6070617328074711 999
1584627118531 0.6067582019410674 1000
1584627122186 0.606454822840097 1001
1584627126663 0.606151595428677 1002
1584627129898 0.6058485196309628 1003
1584627133736 0.6055455953711473 1004
1584627137280 0.6052428225734617 1005
1584627141027 0.6049402011621751 1006
1584627145362 0.604637731061594 1007
1584627149903 0.6043354121960632 1008
1584627154397 0.6040332444899652 1009
1584627157268 0.6037312278677203 1010
1584627160045 0.6034293622537864 1011
1584627162731 0.6031276475726596 1012
1584627165337 0.6028260837488733 1013
1584627168097 0.6025246707069989 1014
1584627171890 0.6022234083716455 1015
1584627175547 0.6019222966674597 1016
1584627179647 0.601621335519126 1017
1584627183392 0.6013205248513664 1018
1584627186134 0.6010198645889407 1019
1584627189286 0.6007193546566463 1020
1584627191954 0.6004189949793179 1021
1584627195076 0.6001187854818283 1022
1584627197906 0.5998187260890874 1023
1584627202180 0.5995188167260429 1024
1584627205586 0.5992190573176799 1025
1584627210444 0.5989194477890211 1026
1584627215223 0.5986199880651266 1027
1584627218084 0.5983206780710941 1028
1584627220819 0.5980215177320586 1029
1584627223539 0.5977225069731926 1030
1584627226290 0.5974236457197061 1031
1584627230055 0.5971249338968463 1032
1584627233284 0.5968263714298979 1033
1584627236377 0.596527958244183 1034
1584627239906 0.596229694265061 1035
1584627242944 0.5959315794179285 1036
1584627246389 0.5956336136282195 1037
1584627251608 0.5953357968214055 1038
1584627255434 0.5950381289229948 1039
1584627257985 0.5947406098585333 1040
1584627260477 0.594443239553604 1041
1584627263644 0.5941460179338273 1042
1584627266739 0.5938489449248604 1043
1584627269648 0.593552020452398 1044
1584627272701 0.5932552444421718 1045
1584627276056 0.5929586168199508 1046
1584627278694 0.5926621375115408 1047
1584627281490 0.5923658064427851 1048
1584627285545 0.5920696235395638 1049
1584627288298 0.5917735887277941 1050
1584627291662 0.5914777019334302 1051
1584627295615 0.5911819630824635 1052
1584627298413 0.5908863721009223 1053
1584627301087 0.5905909289148719 1054
1584627304095 0.5902956334504145 1055
1584627306882 0.5900004856336893 1056
1584627310205 0.5897054853908725 1057
1584627313957 0.5894106326481772 1058
1584627318386 0.5891159273318531 1059
1584627322549 0.5888213693681873 1060
1584627326401 0.5885269586835032 1061
1584627329780 0.5882326952041615 1062
1584627333136 0.5879385788565595 1063
1584627335987 0.5876446095671313 1064
1584627338596 0.5873507872623477 1065
1584627342592 0.5870571118687166 1066
1584627345420 0.5867635833127822 1067
1584627348414 0.5864702015211258 1068
1584627351389 0.5861769664203653 1069
1584627354686 0.5858838779371551 1070
1584627357382 0.5855909359981866 1071
1584627360431 0.5852981405301875 1072
1584627363928 0.5850054914599224 1073
1584627366901 0.5847129887141925 1074
1584627370821 0.5844206322198354 1075
1584627373829 0.5841284219037255 1076
1584627377004 0.5838363576927736 1077
1584627379732 0.5835444395139273 1078
1584627382419 0.5832526672941704 1079
1584627385109 0.5829610409605233 1080
1584627387820 0.582669560440043 1081
1584627391235 0.582378225659823 1082
1584627393922 0.5820870365469931 1083
1584627396634 0.5817959930287196 1084
1584627399191 0.5815050950322053 1085
1584627402190 0.5812143424846892 1086
1584627405851 0.5809237353134469 1087
1584627408631 0.5806332734457902 1088
1584627411653 0.5803429568090673 1089
1584627414634 0.5800527853306628 1090
1584627417150 0.5797627589379976 1091
1584627419709 0.5794728775585286 1092
1584627422559 0.5791831411197493 1093
1584627426861 0.5788935495491895 1094
1584627429319 0.5786041027744149 1095
1584627431885 0.5783148007230277 1096
1584627436140 0.5780256433226661 1097
1584627440528 0.5777366305010049 1098
1584627443545 0.5774477621857544 1099
1584627447261 0.5771590383046616 1100
1584627451052 0.5768704587855094 1101
1584627454290 0.5765820235561167 1102
1584627457034 0.5762937325443386 1103
1584627459721 0.5760055856780665 1104
1584627463210 0.5757175828852275 1105
1584627466069 0.5754297240937849 1106
1584627468726 0.5751420092317381 1107
1584627471655 0.5748544382271222 1108
1584627474145 0.5745670110080087 1109
1584627476844 0.5742797275025047 1110
1584627479455 0.5739925876387535 1111
1584627482355 0.5737055913449342 1112
1584627484985 0.5734187385492617 1113
1584627487795 0.5731320291799872 1114
1584627490431 0.5728454631653972 1115
1584627493347 0.5725590404338146 1116
1584627495872 0.5722727609135977 1117
1584627498441 0.571986624533141 1118
1584627501292 0.5717006312208744 1119
1584627504068 0.571414780905264 1120
1584627506734 0.5711290735148113 1121
1584627509331 0.570843508978054 1122
1584627512215 0.570558087223565 1123
1584627514957 0.5702728081799533 1124
1584627518042 0.5699876717758634 1125
1584627521095 0.5697026779399755 1126
1584627524348 0.5694178266010056 1127
1584627527223 0.5691331176877051 1128
1584627529989 0.5688485511288613 1129
1584627532940 0.5685641268532969 1130
1584627536020 0.5682798447898704 1131
1584627540364 0.5679957048674754 1132
1584627543113 0.5677117070150417 1133
1584627545723 0.5674278511615342 1134
1584627548403 0.5671441372359535 1135
1584627551345 0.5668605651673355 1136
1584627554010 0.5665771348847519 1137
1584627556673 0.5662938463173096 1138
1584627560057 0.5660106993941509 1139
1584627563038 0.5657276940444539 1140
1584627565631 0.5654448301974317 1141
1584627568275 0.5651621077823331 1142
1584627571186 0.564879526728442 1143
1584627573839 0.5645970869650778 1144
1584627576454 0.5643147884215953 1145
1584627579049 0.5640326310273845 1146
1584627581837 0.5637506147118709 1147
1584627584540 0.563468739404515 1148
1584627587196 0.5631870050348128 1149
1584627589839 0.5629054115322955 1150
1584627592509 0.5626239588265294 1151
1584627595076 0.5623426468471161 1152
1584627597741 0.5620614755236926 1153
1584627600341 0.5617804447859307 1154
1584627603611 0.5614995545635377 1155
1584627606450 0.561218804786256 1156
1584627609349 0.5609381953838629 1157
1584627611996 0.560657726286171 1158
1584627614898 0.560377397423028 1159
1584627619102 0.5600972087243165 1160
1584627621897 0.5598171601199543 1161
1584627624709 0.5595372515398943 1162
1584627627340 0.5592574829141244 1163
1584627630097 0.5589778541726673 1164
1584627632992 0.558698365245581 1165
1584627635504 0.5584190160629583 1166
1584627638675 0.5581398065549269 1167
1584627641387 0.5578607366516495 1168
1584627644357 0.5575818062833237 1169
1584627647051 0.557303015380182 1170
1584627649709 0.557024363872492 1171
1584627652213 0.5567458516905558 1172
1584627655100 0.5564674787647106 1173
1584627657809 0.5561892450253283 1174
1584627660352 0.5559111504028157 1175
1584627663753 0.5556331948276143 1176
1584627668007 0.5553553782302005 1177
1584627670851 0.5550777005410855 1178
1584627673321 0.554800161690815 1179
1584627676177 0.5545227616099696 1180
1584627680210 0.5542455002291646 1181
1584627684561 0.55396837747905 1182
1584627689168 0.5536913932903106 1183
1584627694116 0.5534145475936655 1184
1584627700385 0.5531378403198687 1185
1584627704841 0.5528612713997088 1186
1584627708152 0.5525848407640089 1187
1584627712202 0.552308548343627 1188
1584627716545 0.5520323940694551 1189
1584627720799 0.5517563778724205 1190
1584627723736 0.5514804996834843 1191
1584627727031 0.5512047594336427 1192
1584627730561 0.5509291570539259 1193
1584627733417 0.550653692475399 1194
1584627737686 0.5503783656291613 1195
1584627740269 0.5501031764463468 1196
1584627744183 0.5498281248581236 1197
1584627746923 0.5495532107956945 1198
1584627749760 0.5492784341902968 1199
1584627752504 0.5490037949732016 1200
1584627756401 0.548729293075715 1201
1584627761170 0.5484549284291772 1202
1584627764111 0.5481807009649626 1203
1584627766874 0.5479066106144802 1204
1584627769546 0.547632657309173 1205
1584627772187 0.5473588409805185 1206
1584627775025 0.5470851615600282 1207
1584627777657 0.5468116189792482 1208
1584627780192 0.5465382131697586 1209
1584627782995 0.5462649440631737 1210
1584627785851 0.5459918115911422 1211
1584627788478 0.5457188156853466 1212
1584627791164 0.545445956277504 1213
1584627793839 0.5451732332993653 1214
1584627796495 0.5449006466827157 1215
1584627799003 0.5446281963593743 1216
1584627802302 0.5443558822611947 1217
1584627804929 0.5440837043200641 1218
1584627808112 0.5438116624679041 1219
1584627810970 0.5435397566366702 1220
1584627814056 0.5432679867583519 1221
1584627817677 0.5429963527649727 1222
1584627820363 0.5427248545885902 1223
1584627824725 0.5424534921612959 1224
1584627827849 0.5421822654152153 1225
1584627830375 0.5419111742825077 1226
1584627833226 0.5416402186953665 1227
1584627835787 0.5413693985860188 1228
1584627838316 0.5410987138867258 1229
1584627840863 0.5408281645297824 1230
1584627843775 0.5405577504475175 1231
1584627846238 0.5402874715722938 1232
1584627848704 0.5400173278365077 1233
1584627851228 0.5397473191725894 1234
1584627853894 0.5394774455130031 1235
1584627856398 0.5392077067902467 1236
1584627859036 0.5389381029368515 1237
1584627861577 0.5386686338853831 1238
1584627864323 0.5383992995684405 1239
1584627866809 0.5381300999186562 1240
1584627869246 0.537861034868697 1241
1584627871877 0.5375921043512626 1242
1584627874543 0.537323308299087 1243
1584627877052 0.5370546466449375 1244
1584627879525 0.5367861193216151 1245
1584627881945 0.5365177262619544 1246
1584627884446 0.5362494673988234 1247
1584627887004 0.535981342665124 1248
1584627889472 0.5357133519937914 1249
1584627892038 0.5354454953177946 1250
1584627894797 0.5351777725701358 1251
1584627897363 0.5349101836838507 1252
1584627899878 0.5346427285920088 1253
1584627902855 0.5343754072277128 1254
1584627905453 0.534108219524099 1255
1584627908126 0.533841165414337 1256
1584627911401 0.5335742448316299 1257
1584627913863 0.5333074577092141 1258
1584627916328 0.5330408039803595 1259
1584627918919 0.5327742835783693 1260
1584627921541 0.5325078964365801 1261
1584627924405 0.5322416424883619 1262
1584627926948 0.5319755216671178 1263
1584627929631 0.5317095339062843 1264
1584627932324 0.5314436791393312 1265
1584627934735 0.5311779572997616 1266
1584627937197 0.5309123683211118 1267
1584627939774 0.5306469121369513 1268
1584627942269 0.5303815886808828 1269
1584627944737 0.5301163978865424 1270
1584627947455 0.5298513396875991 1271
1584627950044 0.5295864140177553 1272
1584627952574 0.5293216208107464 1273
1584627955431 0.5290569600003411 1274
1584627958169 0.5287924315203409 1275
1584627960950 0.5285280353045808 1276
1584627964073 0.5282637712869286 1277
1584627966640 0.5279996394012851 1278
1584627969260 0.5277356395815845 1279
1584627971862 0.5274717717617938 1280
1584627974464 0.5272080358759129 1281
1584627977319 0.526944431857975 1282
1584627979918 0.5266809596420461 1283
1584627982547 0.5264176191622251 1284
1584627985175 0.526154410352644 1285
1584627987858 0.5258913331474677 1286
1584627990436 0.525628387480894 1287
1584627993192 0.5253655732871536 1288
1584627995836 0.5251028905005101 1289
1584627998309 0.5248403390552598 1290
1584628000891 0.5245779188857322 1291
1584628003417 0.5243156299262894 1292
1584628005990 0.5240534721113264 1293
1584628008765 0.5237914453752707 1294
1584628011322 0.523529549652583 1295
1584628013846 0.5232677848777567 1296
1584628016419 0.5230061509853179 1297
1584628018974 0.5227446479098252 1298
1584628021707 0.5224832755858704 1299
1584628024318 0.5222220339480774 1300
1584628027294 0.5219609229311034 1301
1584628030020 0.5216999424696379 1302
1584628032524 0.5214390924984031 1303
1584628035026 0.521178372952154 1304
1584628037504 0.5209177837656779 1305
1584628040062 0.520657324873795 1306
1584628042798 0.5203969962113582 1307
1584628045467 0.5201367977132525 1308
1584628047934 0.5198767293143959 1309
1584628050497 0.5196167909497387 1310
1584628053070 0.5193569825542639 1311
1584628055753 0.5190973040629868 1312
1584628058244 0.5188377554109553 1313
1584628060974 0.5185783365332499 1314
1584628063543 0.5183190473649834 1315
1584628066093 0.5180598878413009 1316
1584628068484 0.5178008578973803 1317
1584628070994 0.5175419574684316 1318
1584628073766 0.5172831864896974 1319
1584628076151 0.5170245448964526 1320
1584628078703 0.5167660326240043 1321
1584628081239 0.5165076496076924 1322
1584628083805 0.5162493957828885 1323
1584628086312 0.5159912710849971 1324
1584628089149 0.5157332754494546 1325
1584628091673 0.5154754088117299 1326
1584628094159 0.5152176711073241 1327
1584628096584 0.5149600622717705 1328
1584628099022 0.5147025822406346 1329
1584628101675 0.5144452309495143 1330
1584628104581 0.5141880083340395 1331
1584628107216 0.5139309143298726 1332
1584628109656 0.5136739488727077 1333
1584628112223 0.5134171118982713 1334
1584628114920 0.5131604033423223 1335
1584628117675 0.5129038231406511 1336
1584628120329 0.5126473712290808 1337
1584628122796 0.5123910475434663 1338
1584628125822 0.5121348520196947 1339
1584628128332 0.5118787845936849 1340
1584628130698 0.511622845201388 1341
1584628133147 0.5113670337787873 1342
1584628135691 0.511111350261898 1343
1584628138394 0.5108557945867671 1344
1584628141033 0.5106003666894737 1345
1584628143954 0.510345066506129 1346
1584628146482 0.510089893972876 1347
1584628149103 0.5098348490258896 1348
1584628151643 0.5095799316013767 1349
1584628154110 0.5093251416355761 1350
1584628156924 0.5090704790647583 1351
1584628159678 0.508815943825226 1352
1584628162099 0.5085615358533134 1353
1584628164473 0.5083072550853868 1354
1584628167048 0.5080531014578441 1355
1584628169675 0.5077990749071152 1356
1584628172295 0.5075451753696616 1357
1584628174874 0.5072914027819768 1358
1584628177423 0.5070377570805858 1359
1584628179909 0.5067842382020455 1360
1584628182471 0.5065308460829445 1361
1584628185146 0.506277580659903 1362
1584628187701 0.5060244418695731 1363
1584628190276 0.5057714296486383 1364
1584628192816 0.505518543933814 1365
1584628195257 0.5052657846618471 1366
1584628197789 0.5050131517695162 1367
1584628200595 0.5047606451936315 1368
1584628203554 0.5045082648710347 1369
1584628206030 0.5042560107385993 1370
1584628208423 0.50400388273323 1371
1584628210909 0.5037518807918635 1372
1584628213544 0.5035000048514676 1373
1584628216063 0.5032482548490419 1374
1584628218754 0.5029966307216174 1375
1584628221306 0.5027451324062566 1376
1584628224217 0.5024937598400535 1377
1584628226700 0.5022425129601336 1378
1584628229465 0.5019913917036535 1379
1584628232026 0.5017403960078016 1380
1584628234554 0.5014895258097978 1381
1584628237157 0.5012387810468929 1382
1584628239847 0.5009881616563695 1383
1584628242363 0.5007376675755414 1384
1584628245059 0.5004872987417537 1385
1584628247664 0.5002370550923828 1386
1584628250373 0.49998693656483667 1387
1584628252990 0.49973694309655425 1388
1584628255645 0.499487074625006 1389
1584628258092 0.4992373310876935 1390
1584628260481 0.49898771242214973 1391
1584628263530 0.4987382185659387 1392
1584628266311 0.4984888494566558 1393
1584628268984 0.4982396050319275 1394
1584628271431 0.49799048522941153 1395
1584628273929 0.49774148998679685 1396
1584628276611 0.4974926192418035 1397
1584628279202 0.49724387293218264 1398
1584628281839 0.49699525099571656 1399
1584628284458 0.49674675337021873 1400
1584628287799 0.49649837999353363 1401
1584628290832 0.4962501308035369 1402
1584628293737 0.4960020057381352 1403
1584628296381 0.49575400473526615 1404
1584628298959 0.49550612773289854 1405
1584628301668 0.4952583746690321 1406
1584628304231 0.4950107454816976 1407
1584628306905 0.4947632401089568 1408
1584628309359 0.49451585848890234 1409
1584628311916 0.49426860055965793 1410
1584628314787 0.49402146625937815 1411
1584628317332 0.4937744555262485 1412
1584628320111 0.4935275682984854 1413
1584628323063 0.49328080451433615 1414
1584628325592 0.493034164112079 1415
1584628328195 0.492787647030023 1416
1584628330838 0.492541253206508 1417
1584628333566 0.4922949825799048 1418
1584628336338 0.49204883508861486 1419
1584628338906 0.49180281067107057 1420
1584628341459 0.49155690926573503 1421
1584628344147 0.49131113081110217 1422
1584628346969 0.49106547524569666 1423
1584628349789 0.4908199425080738 1424
1584628352737 0.4905745325368198 1425
1584628355398 0.49032924527055144 1426
1584628358184 0.4900840806479162 1427
1584628360932 0.48983903860759226 1428
1584628364974 0.4895941190882885 1429
1584628367893 0.48934932202874437 1430
1584628370649 0.48910464736773 1431
1584628373551 0.4888600950440462 1432
1584628376170 0.4886156649965242 1433
1584628378729 0.48837135716402597 1434
1584628381469 0.488127171485444 1435
1584628384409 0.4878831078997013 1436
1584628387075 0.4876391663457515 1437
1584628389748 0.4873953467625787 1438
1584628392534 0.4871516490891974 1439
1584628395078 0.4869080732646528 1440
1584628397693 0.4866646192280205 1441
1584628400381 0.4864212869184065 1442
1584628403519 0.48617807627494736 1443
1584628406206 0.4859349872368099 1444
1584628408727 0.48569201974319154 1445
1584628411423 0.48544917373331997 1446
1584628414083 0.48520644914645333 1447
1584628416934 0.48496384592188013 1448
1584628420029 0.48472136399891924 1449
1584628422938 0.4844790033169198 1450
1584628425813 0.4842367638152614 1451
1584628428684 0.48399464543335374 1452
1584628431415 0.4837526481106371 1453
1584628434157 0.4835107717865818 1454
1584628438171 0.48326901640068853 1455
1584628440931 0.48302738189248823 1456
1584628443759 0.482785868201542 1457
1584628446264 0.48254447526744126 1458
1584628448800 0.48230320302980756 1459
1584628451713 0.48206205142829267 1460
1584628454439 0.48182102040257857 1461
1584628457137 0.4815801098923773 1462
1584628460005 0.48133931983743117 1463
1584628462756 0.48109865017751247 1464
1584628465427 0.48085810085242375 1465
1584628468086 0.48061767180199755 1466
1584628470937 0.48037736296609657 1467
1584628473663 0.48013717428461355 1468
1584628476532 0.4798971056974713 1469
1584628479178 0.4796571571446226 1470
1584628482124 0.4794173285660503 1471
1584628484865 0.47917761990176727 1472
1584628487632 0.47893803109181643 1473
1584628490315 0.47869856207627054 1474
1584628493027 0.47845921279523246 1475
1584628495815 0.47821998318883485 1476
1584628498492 0.4779808731972405 1477
1584628501233 0.4777418827606419 1478
1584628504856 0.4775030118192616 1479
1584628507742 0.47726426031335195 1480
1584628510710 0.4770256281831953 1481
1584628513428 0.47678711536910373 1482
1584628516115 0.4765487218114192 1483
1584628518951 0.47631044745051354 1484
1584628521638 0.4760722922267883 1485
1584628524448 0.475834256080675 1486
1584628527117 0.47559633895263465 1487
1584628529993 0.47535854078315837 1488
1584628532721 0.47512086151276683 1489
1584628535278 0.4748833010820105 1490
1584628538000 0.47464585943146953 1491
1584628540485 0.4744085365017538 1492
1584628543272 0.47417133223350294 1493
1584628546196 0.4739342465673862 1494
1584628548850 0.4736972794441025 1495
1584628551488 0.4734604308043805 1496
1584628554165 0.47322370058897834 1497
1584628557060 0.4729870887386839 1498
1584628560019 0.47275059519431456 1499
1584628562909 0.47251421989671744 1500
1584628565945 0.4722779627867691 1501
1584628568806 0.47204182380537574 1502
1584628571515 0.47180580289347307 1503
1584628574336 0.47156989999202636 1504
1584628577313 0.4713341150420304 1505
1584628580091 0.4710984479845094 1506
1584628582877 0.4708628987605172 1507
1584628585486 0.47062746731113697 1508
1584628588336 0.47039215357748143 1509
1584628591205 0.4701569575006927 1510
1584628595710 0.4699218790219424 1511
1584628598601 0.46968691808243146 1512
1584628601374 0.4694520746233903 1513
1584628604102 0.4692173485860786 1514
1584628607779 0.4689827399117856 1515
1584628610997 0.4687482485418297 1516
1584628614246 0.4685138744175588 1517
1584628617226 0.4682796174803501 1518
1584628619906 0.4680454776716099 1519
1584628623081 0.46781145493277415 1520
1584628625826 0.4675775492053078 1521
1584628628467 0.4673437604307052 1522
1584628631338 0.46711008855048985 1523
1584628634152 0.4668765335062146 1524
1584628636891 0.4666430952394615 1525
1584628639910 0.46640977369184183 1526
1584628642888 0.4661765688049959 1527
1584628645754 0.4659434805205934 1528
1584628648325 0.46571050878033315 1529
1584628651050 0.465477653525943 1530
1584628653763 0.46524491469918006 1531
1584628656568 0.4650122922418305 1532
1584628659147 0.4647797860957096 1533
1584628661833 0.4645473962026618 1534
1584628664481 0.4643151225045605 1535
1584628667181 0.4640829649433082 1536
1584628669747 0.46385092346083656 1537
1584628672411 0.46361899799910616 1538
1584628675212 0.46338718850010663 1539
1584628677869 0.4631554949058566 1540
1584628680394 0.4629239171584037 1541
1584628683287 0.46269245519982455 1542
1584628685969 0.46246110897222464 1543
1584628688697 0.46222987841773855 1544
1584628691879 0.4619987634785297 1545
1584628694872 0.46176776409679043 1546
1584628697832 0.46153688021474204 1547
1584628700823 0.4613061117746347 1548
1584628703561 0.46107545871874744 1549
1584628706324 0.4608449209893881 1550
1584628709016 0.46061449852889347 1551
1584628712106 0.46038419127962904 1552
1584628714789 0.46015399918398925 1553
1584628717648 0.45992392218439726 1554
1584628720530 0.4596939602233051 1555
1584628723228 0.4594641132431935 1556
1584628726038 0.4592343811865719 1557
1584628728654 0.4590047639959786 1558
1584628731244 0.45877526161398063 1559
1584628734035 0.45854587398317365 1560
1584628736575 0.4583166010461821 1561
1584628739225 0.45808744274565905 1562
1584628741914 0.45785839902428627 1563
1584628745154 0.45762946982477415 1564
1584628747911 0.4574006550898618 1565
1584628750491 0.45717195476231687 1566
1584628752989 0.45694336878493574 1567
1584628755671 0.4567148971005433 1568
1584628758207 0.45648653965199304 1569
1584628761005 0.4562582963821671 1570
1584628763587 0.45603016723397605 1571
1584628766361 0.4558021521503591 1572
1584628769276 0.4555742510742839 1573
1584628772055 0.4553464639487468 1574
1584628775256 0.4551187907167724 1575
1584628778088 0.45489123132141407 1576
1584628780851 0.4546637857057534 1577
1584628783407 0.45443645381290054 1578
1584628786129 0.45420923558599413 1579
1584628788716 0.45398213096820117 1580
1584628791563 0.4537551399027171 1581
1584628794195 0.4535282623327658 1582
1584628796790 0.45330149820159943 1583
1584628799242 0.45307484745249865 1584
1584628802054 0.4528483100287724 1585
1584628805032 0.45262188587375807 1586
1584628807777 0.4523955749308212 1587
1584628810710 0.4521693771433558 1588
1584628813748 0.45194329245478415 1589
1584628816382 0.4517173208085568 1590
1584628818943 0.45149146214815256 1591
1584628821488 0.4512657164170785 1592
1584628824284 0.45104008355887 1593
1584628827060 0.4508145635170906 1594
1584628829573 0.4505891562353321 1595
1584628832194 0.4503638616572144 1596
1584628834747 0.4501386797263858 1597
1584628837294 0.44991361038652267 1598
1584628839920 0.4496886535813294 1599
1584628842681 0.44946380925453877 1600
1584628845716 0.44923907734991153 1601
1584628848295 0.4490144578112366 1602
1584628850976 0.448789950582331 1603
1584628853540 0.44856555560703987 1604
1584628856214 0.44834127282923636 1605
1584628859023 0.44811710219282175 1606
1584628861847 0.4478930436417254 1607
1584628864745 0.44766909711990455 1608
1584628867533 0.4474452625713446 1609
1584628870246 0.4472215399400589 1610
1584628873068 0.4469979291700889 1611
1584628875844 0.4467744302055039 1612
1584628878473 0.44655104299040116 1613
1584628881158 0.44632776746890596 1614
1584628883700 0.4461046035851715 1615
1584628886316 0.445881551283379 1616
1584628888810 0.4456586105077373 1617
1584628891764 0.44543578120248345 1618
1584628894434 0.4452130633118822 1619
1584628896989 0.4449904567802263 1620
1584628899490 0.44476796155183623 1621
1584628902133 0.44454557757106034 1622
1584628904903 0.44432330478227483 1623
1584628907826 0.4441011431298837 1624
1584628910441 0.44387909255831876 1625
1584628913281 0.4436571530120396 1626
1584628915877 0.44343532443553363 1627
1584628918386 0.4432136067733159 1628
1584628921325 0.4429919999699293 1629
1584628924289 0.44277050396994433 1630
1584628927074 0.4425491187179594 1631
1584628929973 0.44232784415860044 1632
1584628933038 0.44210668023652117 1633
1584628935986 0.4418856268964029 1634
1584628938679 0.44166468408295473 1635
1584628941275 0.4414438517409133 1636
1584628943925 0.44122312981504286 1637
1584628946564 0.44100251825013537 1638
1584628949329 0.44078201699101033 1639
1584628951975 0.44056162598251486 1640
1584628954507 0.4403413451695236 1641
1584628957042 0.4401211744969389 1642
1584628959582 0.43990111390969044 1643
1584628962340 0.4396811633527356 1644
1584628965053 0.43946132277105926 1645
1584628967590 0.43924159210967373 1646
1584628970210 0.4390219713136189 1647
1584628972843 0.4388024603279621 1648
1584628975341 0.43858305909779816 1649
1584628977988 0.4383637675682493 1650
1584628980800 0.4381445856844652 1651
1584628983596 0.437925513391623 1652
1584628986116 0.4377065506349272 1653
1584628988757 0.43748769735960974 1654
1584628991362 0.43726895351093 1655
1584628994283 0.4370503190341745 1656
1584628997208 0.4368317938746575 1657
1584628999747 0.43661337797772015 1658
1584629002210 0.43639507128873134 1659
1584629005811 0.436176873753087 1660
1584629009020 0.43595878531621046 1661
1584629011882 0.43574080592355235 1662
1584629014448 0.4355229355205906 1663
1584629017133 0.43530517405283037 1664
1584629019706 0.435087521465804 1665
1584629023619 0.43486997770507113 1666
1584629026067 0.4346525427162186 1667
1584629028687 0.43443521644486055 1668
1584629031259 0.43421799883663814 1669
1584629033754 0.43400088983721985 1670
1584629036323 0.4337838893923013 1671
1584629038761 0.43356699744760513 1672
1584629041354 0.43335021394888135 1673
1584629043961 0.4331335388419069 1674
1584629046499 0.432916972072486 1675
1584629049849 0.43270051358644973 1676
1584629055299 0.43248416332965656 1677
1584629059535 0.43226792124799174 1678
1584629062758 0.43205178728736776 1679
1584629066283 0.4318357613937241 1680
1584629068998 0.43161984351302723 1681
1584629071715 0.4314040335912707 1682
1584629074431 0.4311883315744751 1683
1584629077888 0.4309727374086879 1684
1584629080946 0.4307572510399836 1685
1584629083884 0.4305418724144636 1686
1584629086682 0.4303266014782564 1687
1584629089184 0.4301114381775173 1688
1584629091743 0.42989638245842854 1689
1584629094300 0.42968143426719935 1690
1584629097089 0.4294665935500658 1691
1584629099476 0.42925186025329076 1692
1584629102691 0.42903723432316415 1693
1584629105365 0.4288227157060026 1694
1584629107885 0.4286083043481496 1695
1584629110451 0.42839400019597557 1696
1584629113120 0.4281798031958776 1697
1584629115850 0.4279657132942797 1698
1584629118556 0.42775173043763254 1699
1584629121130 0.4275378545724137 1700
1584629124227 0.4273240856451275 1701
1584629126854 0.427110423602305 1702
1584629129454 0.4268968683905039 1703
1584629132055 0.42668341995630865 1704
1584629135151 0.42647007824633054 1705
1584629138010 0.4262568432072074 1706
1584629140624 0.4260437147856038 1707
1584629143208 0.425830692928211 1708
1584629145852 0.42561777758174696 1709
1584629148458 0.42540496869295613 1710
1584629150943 0.42519226620860967 1711
1584629153656 0.4249796700755054 1712
1584629156304 0.42476718024046767 1713
1584629158976 0.42455479665034745 1714
1584629161816 0.4243425192520223 1715
1584629164567 0.42413034799239635 1716
1584629167086 0.42391828281840016 1717
1584629169610 0.42370632367699096 1718
1584629172318 0.4234944705151525 1719
1584629174763 0.4232827232798949 1720
1584629177452 0.423071081918255 1721
1584629180100 0.4228595463772959 1722
1584629182690 0.4226481166041073 1723
1584629185283 0.42243679254580524 1724
1584629187933 0.4222255741495324 1725
1584629190837 0.4220144613624576 1726
1584629193449 0.42180345413177645 1727
1584629196065 0.4215925524047106 1728
1584629198454 0.42138175612850826 1729
1584629201677 0.421171065250444 1730
1584629204319 0.4209604797178188 1731
1584629206949 0.42074999947795994 1732
1584629209426 0.42053962447822096 1733
1584629211854 0.42032935466598187 1734
1584629214687 0.4201191899886489 1735
1584629217467 0.4199091303936546 1736
1584629220096 0.4196991758284578 1737
1584629223066 0.4194893262405436 1738
1584629225765 0.41927958157742334 1739
1584629228345 0.41906994178663465 1740
1584629231040 0.4188604068157413 1741
1584629233651 0.41865097661233347 1742
1584629236225 0.4184416511240273 1743
1584629238851 0.4182324302984653 1744
1584629241598 0.4180233140833161 1745
1584629244139 0.4178143024262745 1746
1584629246736 0.41760539527506135 1747
1584629249336 0.41739659257742384 1748
1584629252089 0.4171878942811352 1749
1584629254894 0.4169793003339946 1750
1584629257657 0.41677081068382765 1751
1584629260356 0.41656242527848575 1752
1584629263046 0.41635414406584653 1753
1584629265449 0.4161459669938136 1754
1584629268024 0.4159378940103167 1755
1584629270728 0.4157299250633116 1756
1584629273507 0.41552206010077997 1757
1584629276054 0.4153142990707296 1758
1584629278522 0.41510664192119423 1759
1584629281074 0.41489908860023367 1760
1584629283911 0.4146916390559336 1761
1584629286517 0.4144842932364056 1762
1584629289252 0.41427705108978746 1763
1584629291805 0.4140699125642426 1764
1584629294274 0.4138628776079605 1765
1584629298608 0.4136559461691565 1766
1584629302368 0.41344911819607194 1767
1584629304921 0.4132423936369739 1768
1584629307399 0.41303577244015544 1769
1584629310005 0.4128292545539354 1770
1584629312570 0.41262283992665844 1771
1584629315047 0.41241652850669513 1772
1584629317683 0.4122103202424418 1773
1584629320130 0.4120042150823206 1774
1584629322768 0.4117982129747795 1775
1584629325310 0.4115923138682921 1776
1584629327875 0.411386517711358 1777
1584629330424 0.4111808244525023 1778
1584629332947 0.4109752340402761 1779
1584629335460 0.410769746423256 1780
1584629337975 0.4105643615500444 1781
1584629340703 0.4103590793692694 1782
1584629343370 0.4101538998295848 1783
1584629345943 0.40994882287967 1784
1584629348492 0.4097438484682302 1785
1584629351108 0.4095389765439961 1786
1584629353858 0.40933420705572415 1787
1584629356417 0.4091295399521963 1788
1584629359035 0.4089249751822202 1789
1584629361933 0.4087205126946291 1790
1584629364751 0.4085161524382818 1791
1584629367222 0.4083118943620627 1792
1584629369804 0.40810773841488174 1793
1584629372344 0.4079036845456743 1794
1584629374929 0.40769973270340154 1795
1584629377407 0.40749588283704985 1796
1584629379877 0.4072921348956314 1797
1584629382707 0.4070884888281836 1798
1584629385506 0.40688494458376956 1799
1584629388075 0.4066815021114777 1800
1584629391067 0.406478161360422 1801
1584629393661 0.40627492227974177 1802
1584629396333 0.4060717848186019 1803
1584629398768 0.4058687489261926 1804
1584629401301 0.40566581455172956 1805
1584629403994 0.4054629816444537 1806
1584629406678 0.4052602501536315 1807
1584629409130 0.40505762002855467 1808
1584629411675 0.4048550912185404 1809
1584629414289 0.4046526636729312 1810
1584629416868 0.40445033734109476 1811
1584629419564 0.40424811217242423 1812
1584629422263 0.404045988116338 1813
1584629424823 0.4038439651222799 1814
1584629427580 0.40364204313971874 1815
1584629430250 0.4034402221181489 1816
1584629432819 0.4032385020070898 1817
1584629435543 0.4030368827560863 1818
1584629438013 0.4028353643147083 1819
1584629440439 0.402633946632551 1820
1584629442949 0.4024326296592347 1821
1584629445411 0.4022314133444051 1822
1584629448025 0.4020302976377329 1823
1584629450563 0.4018292824889141 1824
1584629453077 0.40162836784766964 1825
1584629455926 0.40142755366374583 1826
1584629458744 0.401226839886914 1827
1584629461218 0.40102622646697056 1828
1584629463913 0.4008257133537371 1829
1584629466400 0.4006253004970603 1830
1584629468982 0.4004249878468118 1831
1584629471763 0.4002247753528884 1832
1584629474211 0.400024662965212 1833
1584629477057 0.3998246506337294 1834
1584629479653 0.39962473830841255 1835
1584629482206 0.3994249259392584 1836
1584629485281 0.39922521347628875 1837
1584629488272 0.39902560086955063 1838
1584629491171 0.3988260880691159 1839
1584629493955 0.39862667502508137 1840
1584629496690 0.39842736168756887 1841
1584629499048 0.3982281480067251 1842
1584629501522 0.39802903393272177 1843
1584629504017 0.3978300194157554 1844
1584629506564 0.39763110440604754 1845
1584629509026 0.3974322888538445 1846
1584629511621 0.3972335727094176 1847
1584629514197 0.3970349559230629 1848
1584629516747 0.3968364384451014 1849
1584629519363 0.3966380202258789 1850
1584629522408 0.396439701215766 1851
1584629525108 0.39624148136515813 1852
1584629527754 0.3960433606244756 1853
1584629530714 0.39584533894416335 1854
1584629533585 0.3956474162746913 1855
1584629536235 0.395449592566554 1856
1584629538856 0.3952518677702707 1857
1584629541606 0.3950542418363856 1858
1584629544082 0.3948567147154674 1859
1584629546695 0.3946592863581097 1860
1584629549242 0.3944619567149307 1861
1584629551986 0.39426472573657323 1862
1584629554627 0.39406759337370495 1863
1584629557202 0.3938705595770181 1864
1584629559734 0.39367362429722963 1865
1584629562176 0.393476787485081 1866
1584629564770 0.3932800490913385 1867
1584629567291 0.39308340906679284 1868
1584629569917 0.3928868673622595 1869
1584629572351 0.3926904239285784 1870
1584629574807 0.3924940787166141 1871
1584629577313 0.39229783167725585 1872
1584629579939 0.39210168276141727 1873
1584629582776 0.3919056319200366 1874
1584629585344 0.39170967910407656 1875
1584629587927 0.3915138242645245 1876
1584629590795 0.3913180673523923 1877
1584629593469 0.3911224083187161 1878
1584629595863 0.3909268471145568 1879
1584629598361 0.3907313836909995 1880
1584629600929 0.39053601799915405 1881
1584629603477 0.3903407499901545 1882
1584629606050 0.39014557961515944 1883
1584629608597 0.3899505068253519 1884
1584629611260 0.3897555315719392 1885
1584629613883 0.38956065380615323 1886
1584629616387 0.38936587347925017 1887
1584629618879 0.3891711905425106 1888
1584629621619 0.38897660494723935 1889
1584629624247 0.38878211664476575 1890
1584629626769 0.3885877255864434 1891
1584629629154 0.3883934317236502 1892
1584629631762 0.3881992350077884 1893
1584629634443 0.38800513539028453 1894
1584629637007 0.3878111328225894 1895
1584629639508 0.3876172272561781 1896
1584629642155 0.38742341864255003 1897
1584629644724 0.3872297069332288 1898
1584629647315 0.3870360920797622 1899
1584629649835 0.38684257403372235 1900
1584629652791 0.3866491527467055 1901
1584629655305 0.3864558281703322 1902
1584629657919 0.38626260025624704 1903
1584629660415 0.38606946895611893 1904
1584629663005 0.3858764342216409 1905
1584629665870 0.3856834960045301 1906
1584629668502 0.38549065425652784 1907
1584629670982 0.3852979089293996 1908
1584629673582 0.3851052599749349 1909
1584629676105 0.3849127073449474 1910
1584629678682 0.384720250991275 1911
1584629681272 0.3845278908657794 1912
1584629684080 0.3843356269203465 1913
1584629686674 0.38414345910688635 1914
1584629689448 0.3839513873773329 1915
1584629691994 0.38375941168364425 1916
1584629694516 0.38356753197780247 1917
1584629697062 0.3833757482118136 1918
1584629699553 0.3831840603377077 1919
1584629702115 0.38299246830753886 1920
1584629704628 0.3828009720733851 1921
1584629707141 0.38260957158734843 1922
1584629709770 0.3824182668015548 1923
1584629712641 0.382227057668154 1924
1584629715161 0.38203594413931996 1925
1584629717766 0.3818449261672503 1926
1584629720475 0.3816540037041667 1927
1584629723012 0.3814631767023146 1928
1584629725581 0.38127244511396347 1929
1584629728154 0.3810818088914065 1930
1584629730687 0.3808912679869608 1931
1584629733373 0.38070082235296737 1932
1584629735889 0.3805104719417909 1933
1584629738329 0.38032021670582 1934
1584629741257 0.3801300565974671 1935
1584629744012 0.3799399915691684 1936
1584629746613 0.37975002157338383 1937
1584629749252 0.3795601465625972 1938
1584629751909 0.3793703664893159 1939
1584629754548 0.37918068130607124 1940
1584629757134 0.3789910909654182 1941
1584629759728 0.3788015954199355 1942
1584629762634 0.37861219462222556 1943
1584629765322 0.37842288852491446 1944
1584629767867 0.37823367708065203 1945
1584629770403 0.37804456024211175 1946
1584629772988 0.37785553796199073 1947
1584629775665 0.37766661019300973 1948
1584629778307 0.37747777688791323 1949
1584629781063 0.3772890379994693 1950
1584629783727 0.3771003934804696 1951
1584629786706 0.3769118432837294 1952
1584629789123 0.37672338736208755 1953
1584629791701 0.3765350256684065 1954
1584629794514 0.37634675815557234 1955
1584629797366 0.37615858477649455 1956
1584629800120 0.3759705054841063 1957
1584629802682 0.37578252023136427 1958
1584629805232 0.3755946289712486 1959
1584629807898 0.37540683165676303 1960
1584629810480 0.3752191282409347 1961
1584629813123 0.3750315186768142 1962
1584629816403 0.3748440029174758 1963
1584629819515 0.3746565809160171 1964
1584629822487 0.37446925262555913 1965
1584629825060 0.3742820179992464 1966
1584629827514 0.3740948769902468 1967
1584629830073 0.37390782955175167 1968
1584629832888 0.3737208756369758 1969
1584629835441 0.37353401519915735 1970
1584629837901 0.3733472481915578 1971
1584629840347 0.37316057456746204 1972
1584629842845 0.37297399428017836 1973
1584629845431 0.3727875072830383 1974
1584629848090 0.3726011135293968 1975
1584629850751 0.3724148129726321 1976
1584629853427 0.37222860556614584 1977
1584629855971 0.3720424912633628 1978
1584629859575 0.37185647001773114 1979
1584629863882 0.3716705417827223 1980
1584629867249 0.37148470651183096 1981
1584629869869 0.37129896415857505 1982
1584629872448 0.3711133146764958 1983
1584629875056 0.37092775801915756 1984
1584629877757 0.370742294140148 1985
1584629880266 0.3705569229930779 1986
1584629883463 0.3703716445315814 1987
1584629886005 0.3701864587093156 1988
1584629888803 0.370001365479961 1989
1584629892020 0.369816364797221 1990
1584629894989 0.36963145661482244 1991
1584629897573 0.3694466408865151 1992
1584629900272 0.36926191756607185 1993
1584629903068 0.36907728660728883 1994
1584629905809 0.3688927479639852 1995
1584629908225 0.36870830159000323 1996
1584629910709 0.36852394743920824 1997
1584629913776 0.3683396854654887 1998
1584629917813 0.36815551562275595 1999
1584629923199 0.3679714378649446 2000
