1584623663294 300 1
1584623665605 300 2
1584623667824 300 3
1584623670031 300 4
1584623672431 300 5
1584623674908 300 6
1584623677216 300 7
1584623679428 300 8
1584623681634 300 9
1584623683934 300 10
1584623686223 300 11
1584623688490 300 12
1584623690756 300 13
1584623693334 300 14
1584623695544 300 15
1584623697685 300 16
1584623699888 300 17
1584623702492 300 18
1584623704979 300 19
1584623707281 300 20
1584623709411 300 21
1584623711554 300 22
1584623713745 300 23
1584623715951 300 24
1584623718142 300 25
1584623720376 300 26
1584623722634 300 27
1584623724815 300 28
1584623726990 300 29
1584623729249 300 30
1584623731498 300 31
1584623733697 300 32
1584623735909 300 33
1584623738095 300 34
1584623740318 300 35
1584623742555 300 36
1584623744801 300 37
1584623747020 300 38
1584623749251 300 39
1584623751427 300 40
1584623753593 300 41
1584623755756 300 42
1584623758030 300 43
1584623760289 300 44
1584623762540 300 45
1584623764733 300 46
1584623766909 300 47
1584623769158 300 48
1584623771552 300 49
1584623773774 300 50
1584623775997 300 51
1584623778221 300 52
1584623780378 300 53
1584623782558 300 54
1584623784803 300 55
1584623787019 300 56
1584623789236 300 57
1584623791424 300 58
1584623793598 300 59
1584623795797 300 60
1584623798016 300 61
1584623800230 300 62
1584623802500 300 63
1584623804714 300 64
1584623806887 300 65
1584623809067 300 66
1584623811268 300 67
1584623813484 300 68
1584623815682 300 69
1584623817863 300 70
1584623820076 300 71
1584623822277 300 72
1584623824496 300 73
1584623826687 300 74
1584623828958 300 75
1584623831225 300 76
1584623833482 300 77
1584623835920 300 78
1584623838084 300 79
1584623840298 300 80
1584623842523 300 81
1584623844733 300 82
1584623846909 300 83
1584623849090 300 84
1584623851296 300 85
1584623853528 300 86
1584623855734 300 87
1584623857971 300 88
1584623860211 300 89
1584623862439 300 90
1584623864623 300 91
1584623866825 300 92
1584623869077 300 93
1584623871288 300 94
1584623873498 300 95
1584623875676 300 96
1584623877867 300 97
1584623880071 300 98
1584623882322 300 99
1584623884565 300 100
1584623886785 300 101
1584623889003 300 102
1584623891227 300 103
1584623893412 300 104
1584623895634 300 105
1584623897872 300 106
1584623900111 300 107
1584623902279 300 108
1584623904569 300 109
1584623906803 300 110
1584623909050 300 111
1584623911269 300 112
1584623913489 300 113
1584623915730 300 114
1584623917895 300 115
1584623920097 300 116
1584623922283 300 117
1584623924534 300 118
1584623926773 300 119
1584623928948 300 120
1584623931135 300 121
1584623933308 300 122
1584623935528 300 123
1584623937719 300 124
1584623939937 300 125
1584623942142 300 126
1584623944545 300 127
1584623946741 300 128
1584623948916 300 129
1584623951166 300 130
1584623953396 300 131
1584623955617 300 132
1584623957805 300 133
1584623959995 300 134
1584623962229 300 135
1584623964579 300 136
1584623966796 300 137
1584623969002 300 138
1584623971224 300 139
1584623973409 300 140
1584623975593 300 141
1584623977788 300 142
1584623980015 300 143
1584623982254 300 144
1584623984467 300 145
1584623986678 300 146
1584623988852 300 147
1584623991041 300 148
1584623993269 300 149
1584623995697 300 150
1584623997971 300 151
1584624000299 300 152
1584624002799 300 153
1584624005390 300 154
1584624007877 300 155
1584624010195 300 156
1584624012496 300 157
1584624014691 300 158
1584624016877 300 159
1584624019113 300 160
1584624021527 300 161
1584624023769 300 162
1584624026064 300 163
1584624028314 300 164
1584624030563 300 165
1584624032784 300 166
1584624034992 300 167
1584624037294 300 168
1584624039571 300 169
1584624041738 300 170
1584624043909 300 171
1584624046485 300 172
1584624048764 300 173
1584624051005 300 174
1584624053228 300 175
1584624055467 300 176
1584624057705 300 177
1584624059897 300 178
1584624062250 300 179
1584624064544 300 180
1584624066789 300 181
1584624069020 300 182
1584624071203 300 183
1584624073388 300 184
1584624075603 300 185
1584624077846 300 186
1584624080088 300 187
1584624082324 300 188
1584624084682 300 189
1584624086889 300 190
1584624089074 300 191
1584624091339 300 192
1584624093584 300 193
1584624095774 300 194
1584624097961 300 195
1584624100153 300 196
1584624102371 300 197
1584624104616 300 198
1584624106846 300 199
1584624109061 300 200
1584624111331 300 201
1584624113636 300 202
1584624115801 300 203
1584624118003 300 204
1584624120297 300 205
1584624122703 300 206
1584624124970 300 207
1584624127151 300 208
1584624129326 300 209
1584624131521 300 210
1584624133814 300 211
1584624136261 300 212
1584624138516 300 213
1584624140785 300 214
1584624142936 300 215
1584624145117 300 216
1584624147304 300 217
1584624149558 300 218
1584624151842 300 219
1584624154024 300 220
1584624156207 300 221
1584624158534 300 222
1584624160754 300 223
1584624162994 300 224
1584624165231 300 225
1584624167487 300 226
1584624169695 300 227
1584624171890 300 228
1584624174081 300 229
1584624176308 300 230
1584624178558 300 231
1584624180805 300 232
1584624183000 300 233
1584624185180 300 234
1584624187414 300 235
1584624189693 300 236
1584624191923 300 237
1584624194138 300 238
1584624196366 300 239
1584624198563 300 240
1584624200760 300 241
1584624202943 300 242
1584624205168 300 243
1584624207396 300 244
1584624209587 300 245
1584624211752 300 246
1584624213931 300 247
1584624216157 300 248
1584624218419 300 249
1584624220663 300 250
1584624222917 300 251
1584624225150 300 252
1584624227335 300 253
1584624229543 300 254
1584624231749 300 255
1584624233984 300 256
1584624236259 300 257
1584624238575 300 258
1584624240762 300 259
1584624243342 300 260
1584624250090 300 261
1584624256246 300 262
1584624260418 300 263
1584624267942 300 264
1584624270890 300 265
1584624273416 300 266
1584624275792 300 267
1584624278142 300 268
1584624280570 300 269
1584624282797 300 270
1584624284985 300 271
1584624287216 300 272
1584624289605 300 273
1584624292005 300 274
1584624294407 300 275
1584624296702 300 276
1584624298892 300 277
1584624301448 300 278
1584624303922 300 279
1584624306338 300 280
1584624308623 300 281
1584624310890 300 282
1584624313082 300 283
1584624315255 300 284
1584624317591 300 285
1584624319824 300 286
1584624322045 300 287
1584624324311 300 288
1584624326580 300 289
1584624328743 300 290
1584624330913 300 291
1584624333123 300 292
1584624335349 300 293
1584624337584 300 294
1584624339750 300 295
1584624341905 300 296
1584624344134 300 297
1584624346466 300 298
1584624348824 300 299
1584624351095 300 300
1584624353672 300 301
1584624355948 300 302
1584624358115 300 303
1584624360261 300 304
1584624362511 300 305
1584624364757 300 306
1584624367011 300 307
1584624369192 300 308
1584624371345 300 309
1584624373562 300 310
1584624375783 300 311
1584624377981 300 312
1584624380216 300 313
1584624382470 300 314
1584624384822 300 315
1584624386994 300 316
1584624389403 300 317
1584624391709 300 318
1584624393964 300 319
1584624396189 300 320
1584624398379 300 321
1584624402112 300 322
1584624405880 300 323
1584624411063 300 324
1584624413441 300 325
1584624415773 300 326
1584624418036 300 327
1584624420228 300 328
1584624422450 300 329
1584624424691 300 330
1584624426908 300 331
1584624429098 300 332
1584624431287 300 333
1584624433445 300 334
1584624435695 300 335
1584624437941 300 336
1584624440202 300 337
1584624443225 300 338
1584624446767 300 339
1584624448949 300 340
1584624451318 300 341
1584624453520 300 342
1584624455736 300 343
1584624458048 300 344
1584624460255 300 345
1584624462483 300 346
1584624464690 300 347
1584624466951 300 348
1584624469186 300 349
1584624471399 300 350
1584624473680 300 351
1584624475907 300 352
1584624478073 300 353
1584624480269 300 354
1584624482704 300 355
1584624484873 300 356
1584624487120 300 357
1584624489338 300 358
1584624491541 300 359
1584624493760 300 360
1584624496000 300 361
1584624498210 300 362
1584624500416 300 363
1584624502697 300 364
1584624504916 300 365
1584624507123 300 366
1584624509308 300 367
1584624511547 300 368
1584624513761 300 369
1584624515961 300 370
1584624518146 300 371
1584624520295 300 372
1584624522545 300 373
1584624524761 300 374
1584624527004 300 375
1584624529238 300 376
1584624531472 300 377
1584624533659 300 378
1584624535819 300 379
1584624538062 300 380
1584624540306 300 381
1584624543185 300 382
1584624545701 300 383
1584624548684 300 384
1584624550886 300 385
1584624553129 300 386
1584624555538 300 387
1584624557783 300 388
1584624560228 300 389
1584624562513 300 390
1584624566591 300 391
1584624569329 300 392
1584624573760 300 393
1584624579331 300 394
1584624584059 300 395
1584624592470 300 396
1584624601231 300 397
1584624607274 300 398
1584624612806 300 399
1584624617881 300 400
1584624626578 300 401
1584624630966 300 402
1584624635557 300 403
1584624640691 300 404
1584624646131 300 405
1584624651718 300 406
1584624658597 300 407
1584624664818 300 408
1584624669968 300 409
1584624674273 300 410
1584624678561 300 411
1584624685134 300 412
1584624690376 300 413
1584624696028 300 414
1584624700907 300 415
1584624705474 300 416
1584624710928 300 417
1584624715710 300 418
1584624722282 300 419
1584624726718 300 420
1584624732137 300 421
1584624736573 300 422
1584624741059 300 423
1584624746443 300 424
1584624751260 300 425
1584624756018 300 426
1584624760316 300 427
1584624764417 300 428
1584624769624 300 429
1584624774103 300 430
1584624778771 300 431
1584624783747 300 432
1584624788462 300 433
1584624793431 300 434
1584624797489 300 435
1584624801667 300 436
1584624806489 300 437
1584624811776 300 438
1584624816339 300 439
1584624820525 300 440
1584624824862 300 441
1584624829672 300 442
1584624834216 300 443
1584624838710 300 444
1584624843633 300 445
1584624848481 300 446
1584624853242 300 447
1584624857622 300 448
1584624861882 300 449
1584624867057 300 450
1584624872624 300 451
1584624877732 300 452
1584624882521 300 453
1584624889125 300 454
1584624894682 300 455
1584624899616 300 456
1584624903793 300 457
1584624909326 300 458
1584624918012 300 459
1584624922630 300 460
1584624926319 300 461
1584624930083 300 462
1584624934068 300 463
1584624938289 300 464
1584624941962 300 465
1584624945867 300 466
1584624950913 300 467
1584624955836 300 468
1584624960822 300 469
1584624967626 300 470
1584624973965 300 471
1584624980376 300 472
1584624985800 300 473
1584624989888 300 474
1584624993865 300 475
1584624997583 300 476
1584625001654 300 477
1584625005581 300 478
1584625009280 300 479
1584625016497 300 480
1584625021893 300 481
1584625027790 300 482
1584625031288 300 483
1584625035420 300 484
1584625039776 300 485
1584625044318 300 486
1584625048467 300 487
1584625052768 300 488
1584625056977 300 489
1584625061067 300 490
1584625065045 300 491
1584625070170 300 492
1584625075029 300 493
1584625079176 300 494
1584625086482 300 495
1584625092180 300 496
1584625098590 300 497
1584625101738 300 498
1584625105000 300 499
1584625108171 300 500
1584625112907 300 501
1584625116068 300 502
1584625122476 300 503
1584625125853 300 504
1584625129550 300 505
1584625133657 300 506
1584625136640 300 507
1584625139974 300 508
1584625148144 300 509
1584625153308 300 510
1584625160988 300 511
1584625164253 300 512
1584625168335 300 513
1584625178291 300 514
1584625186541 300 515
1584625191423 300 516
1584625198921 300 517
1584625204277 300 518
1584625210342 300 519
1584625215616 300 520
1584625221883 300 521
1584625231594 300 522
1584625237774 300 523
1584625245636 300 524
1584625255780 300 525
1584625261215 300 526
1584625267286 300 527
1584625272496 300 528
1584625281202 300 529
1584625289795 300 530
1584625297639 300 531
1584625303437 300 532
1584625309784 300 533
1584625316785 300 534
1584625321850 300 535
1584625325602 300 536
1584625330912 300 537
1584625335323 300 538
1584625341112 300 539
1584625347523 300 540
1584625356486 300 541
1584625363826 300 542
1584625372766 300 543
1584625379084 300 544
1584625385849 300 545
1584625392752 300 546
1584625403307 300 547
1584625415203 300 548
1584625425614 300 549
1584625435737 300 550
1584625445551 300 551
1584625453294 300 552
1584625459737 300 553
1584625466968 300 554
1584625471433 300 555
1584625483107 300 556
1584625494128 300 557
1584625500447 300 558
1584625508149 300 559
1584625513880 300 560
1584625523285 300 561
1584625531144 300 562
1584625537742 300 563
1584625546847 300 564
1584625551441 300 565
1584625555589 300 566
1584625567690 300 567
1584625576239 300 568
1584625582753 300 569
1584625589555 300 570
1584625595780 300 571
1584625599803 300 572
1584625603426 300 573
1584625605959 300 574
1584625608398 300 575
1584625611679 300 576
1584625614403 300 577
1584625617566 300 578
1584625620731 300 579
1584625623991 300 580
1584625627233 300 581
1584625630121 300 582
1584625633839 300 583
1584625638180 300 584
1584625640807 300 585
1584625643635 300 586
1584625646467 300 587
1584625649250 300 588
1584625652815 300 589
1584625655882 300 590
1584625658736 300 591
1584625661711 300 592
1584625664384 300 593
1584625667949 300 594
1584625670678 300 595
1584625673652 300 596
1584625677485 300 597
1584625680473 300 598
1584625683901 300 599
1584625686938 300 600
1584625691902 300 601
1584625694647 300 602
1584625697628 300 603
1584625702384 300 604
1584625706022 300 605
1584625710143 300 606
1584625714314 300 607
1584625717679 300 608
1584625720588 300 609
1584625723641 300 610
1584625726491 300 611
1584625730293 300 612
1584625733644 300 613
1584625737791 300 614
1584625740810 300 615
1584625743656 300 616
1584625746302 300 617
1584625748821 300 618
1584625753481 300 619
1584625756902 300 620
1584625759718 300 621
1584625763145 300 622
1584625766742 300 623
1584625769740 300 624
1584625773742 300 625
1584625778707 300 626
1584625782361 300 627
1584625786888 300 628
1584625790630 300 629
1584625793718 300 630
1584625796959 300 631
1584625800414 300 632
1584625803613 300 633
1584625805930 300 634
1584625809300 300 635
1584625813944 300 636
1584625818644 300 637
1584625823259 300 638
1584625826852 300 639
1584625830124 300 640
1584625833156 300 641
1584625836642 300 642
1584625841843 300 643
1584625844784 300 644
1584625847180 300 645
1584625850005 300 646
1584625852579 300 647
1584625855877 300 648
1584625859359 300 649
1584625864499 300 650
1584625867852 300 651
1584625871157 300 652
1584625873662 300 653
1584625876416 300 654
1584625879778 300 655
1584625883326 300 656
1584625887056 300 657
1584625890446 300 658
1584625893119 300 659
1584625897347 300 660
1584625900382 300 661
1584625903205 300 662
1584625906783 300 663
1584625909895 300 664
1584625913474 300 665
1584625916287 300 666
1584625919744 300 667
1584625925116 300 668
1584625931752 300 669
1584625936541 300 670
1584625939279 300 671
1584625942099 300 672
1584625944663 300 673
1584625947347 300 674
1584625950608 300 675
1584625953467 300 676
1584625959054 300 677
1584625963150 300 678
1584625967172 300 679
1584625973721 300 680
1584625978949 300 681
1584625981640 300 682
1584625984296 300 683
1584625987437 300 684
1584625990882 300 685
1584625993866 300 686
1584625997093 300 687
1584625999785 300 688
1584626002082 300 689
1584626004562 300 690
1584626007072 300 691
1584626009637 300 692
1584626012461 300 693
1584626015861 300 694
1584626018716 300 695
1584626021453 300 696
1584626024548 300 697
1584626028901 300 698
1584626032074 300 699
1584626035115 300 700
1584626038458 300 701
1584626043080 300 702
1584626047189 300 703
1584626049877 300 704
1584626053112 300 705
1584626055850 300 706
1584626059002 300 707
1584626061674 300 708
1584626064035 300 709
1584626067091 300 710
1584626070714 300 711
1584626073495 300 712
1584626076867 300 713
1584626080461 300 714
1584626083396 300 715
1584626085781 300 716
1584626088199 300 717
1584626091107 300 718
1584626093908 300 719
1584626096576 300 720
1584626099597 300 721
1584626102835 300 722
1584626107959 300 723
1584626112776 300 724
1584626116881 300 725
1584626120518 300 726
1584626123612 300 727
1584626127044 300 728
1584626129782 300 729
1584626132592 300 730
1584626135066 300 731
1584626137739 300 732
1584626139993 300 733
1584626142807 300 734
1584626145373 300 735
1584626148421 300 736
1584626152733 300 737
1584626157263 300 738
1584626160015 300 739
1584626162709 300 740
1584626165542 300 741
1584626168574 300 742
1584626171260 300 743
1584626173697 300 744
1584626177207 300 745
1584626179939 300 746
1584626182552 300 747
1584626185699 300 748
1584626189261 300 749
1584626192696 300 750
1584626195951 300 751
1584626198479 300 752
1584626201147 300 753
1584626204558 300 754
1584626207552 300 755
1584626210146 300 756
1584626212935 300 757
1584626215676 300 758
1584626218678 300 759
1584626221361 300 760
1584626224957 300 761
1584626228519 300 762
1584626231391 300 763
1584626234329 300 764
1584626237450 300 765
1584626240100 300 766
1584626242662 300 767
1584626245945 300 768
1584626248547 300 769
1584626250925 300 770
1584626253562 300 771
1584626256612 300 772
1584626259441 300 773
1584626262002 300 774
1584626265284 300 775
1584626267885 300 776
1584626270564 300 777
1584626273345 300 778
1584626276358 300 779
1584626279313 300 780
1584626284304 300 781
1584626289153 300 782
1584626294079 300 783
1584626301447 300 784
1584626305385 300 785
1584626308536 300 786
1584626313227 300 787
1584626319212 300 788
1584626326163 300 789
1584626330392 300 790
1584626333550 300 791
1584626336350 300 792
1584626339360 300 793
1584626342979 300 794
1584626346349 300 795
1584626350142 300 796
1584626355079 300 797
1584626358214 300 798
1584626362519 300 799
1584626366072 300 800
1584626369820 300 801
1584626373865 300 802
1584626378407 300 803
1584626380867 300 804
1584626384075 300 805
1584626387889 300 806
1584626393817 300 807
1584626400694 300 808
1584626409246 300 809
1584626414428 300 810
1584626418049 300 811
1584626423191 300 812
1584626428405 300 813
1584626432625 300 814
1584626436681 300 815
1584626441326 300 816
1584626444928 300 817
1584626448561 300 818
1584626451548 300 819
1584626454211 300 820
1584626460002 300 821
1584626466810 300 822
1584626471129 300 823
1584626476353 300 824
1584626484985 300 825
1584626488125 300 826
1584626493613 300 827
1584626498026 300 828
1584626503178 300 829
1584626508054 300 830
1584626511455 300 831
1584626515882 300 832
1584626520465 300 833
1584626523169 300 834
1584626526908 300 835
1584626531589 300 836
1584626534186 300 837
1584626538034 300 838
1584626541285 300 839
1584626544973 300 840
1584626547864 300 841
1584626553885 300 842
1584626560952 300 843
1584626564175 300 844
1584626567157 300 845
1584626570583 300 846
1584626576286 300 847
1584626581764 300 848
1584626585446 300 849
1584626589113 300 850
1584626593084 300 851
1584626596338 300 852
1584626599101 300 853
1584626603865 300 854
1584626606891 300 855
1584626611022 300 856
1584626615690 300 857
1584626618989 300 858
1584626621769 300 859
1584626624984 300 860
1584626629069 300 861
1584626633395 300 862
1584626636211 300 863
1584626640117 300 864
1584626643696 300 865
1584626646161 300 866
1584626649915 300 867
1584626655760 300 868
1584626660611 300 869
1584626664380 300 870
1584626671685 300 871
1584626675929 300 872
1584626680081 300 873
1584626684444 300 874
1584626689528 300 875
1584626694274 300 876
1584626698861 300 877
1584626702831 300 878
1584626707093 300 879
1584626712562 300 880
1584626717254 300 881
1584626722406 300 882
1584626725965 300 883
1584626728904 300 884
1584626733745 300 885
1584626736519 300 886
1584626741176 300 887
1584626744227 300 888
1584626751064 300 889
1584626755069 300 890
1584626761029 300 891
1584626766133 300 892
1584626770814 300 893
1584626776463 300 894
1584626780880 300 895
1584626783670 300 896
1584626786465 300 897
1584626789692 300 898
1584626792350 300 899
1584626795114 300 900
1584626797857 300 901
1584626802124 300 902
1584626805102 300 903
1584626808530 300 904
1584626812614 300 905
1584626815419 300 906
1584626819531 300 907
1584626822294 300 908
1584626825014 300 909
1584626828083 300 910
1584626831102 300 911
1584626835563 300 912
1584626839032 300 913
1584626842739 300 914
1584626845986 300 915
1584626850117 300 916
1584626852838 300 917
1584626856333 300 918
1584626859515 300 919
1584626861990 300 920
1584626864520 300 921
1584626867819 300 922
1584626870825 300 923
1584626873329 300 924
1584626876014 300 925
1584626878725 300 926
1584626882463 300 927
1584626885604 300 928
1584626889687 300 929
1584626892447 300 930
1584626897538 300 931
1584626902751 300 932
1584626905474 300 933
1584626908739 300 934
1584626912688 300 935
1584626916705 300 936
1584626920541 300 937
1584626923379 300 938
1584626926797 300 939
1584626929881 300 940
1584626935059 300 941
1584626939436 300 942
1584626944297 300 943
1584626948670 300 944
1584626951251 300 945
1584626953754 300 946
1584626956750 300 947
1584626960129 300 948
1584626964215 300 949
1584626967006 300 950
1584626973187 300 951
1584626975967 300 952
1584626978811 300 953
1584626981788 300 954
1584626984776 300 955
1584626988022 300 956
1584626990707 300 957
1584626993286 300 958
1584626996140 300 959
1584626998906 300 960
1584627001501 300 961
1584627004461 300 962
1584627008917 300 963
1584627011724 300 964
1584627014300 300 965
1584627016896 300 966
1584627019586 300 967
1584627022516 300 968
1584627025049 300 969
1584627027488 300 970
1584627029895 300 971
1584627032480 300 972
1584627035209 300 973
1584627037890 300 974
1584627040541 300 975
1584627043216 300 976
1584627047079 300 977
1584627050798 300 978
1584627054469 300 979
1584627057421 300 980
1584627060564 300 981
1584627063649 300 982
1584627066485 300 983
1584627069935 300 984
1584627072566 300 985
1584627076042 300 986
1584627079673 300 987
1584627082766 300 988
1584627085537 300 989
1584627088433 300 990
1584627091582 300 991
1584627094752 300 992
1584627097779 300 993
1584627100810 300 994
1584627103895 300 995
1584627106894 300 996
1584627109745 300 997
1584627112361 300 998
1584627115687 300 999
1584627118531 300 1000
1584627122186 300 1001
1584627126663 300 1002
1584627129898 300 1003
1584627133736 300 1004
1584627137280 300 1005
1584627141027 300 1006
1584627145362 300 1007
1584627149903 300 1008
1584627154397 300 1009
1584627157268 300 1010
1584627160045 300 1011
1584627162731 300 1012
1584627165337 300 1013
1584627168097 300 1014
1584627171890 300 1015
1584627175547 300 1016
1584627179647 300 1017
1584627183392 300 1018
1584627186134 300 1019
1584627189286 300 1020
1584627191954 300 1021
1584627195076 300 1022
1584627197906 300 1023
1584627202180 300 1024
1584627205586 300 1025
1584627210444 300 1026
1584627215223 300 1027
1584627218084 300 1028
1584627220819 300 1029
1584627223539 300 1030
1584627226290 300 1031
1584627230055 300 1032
1584627233284 300 1033
1584627236377 300 1034
1584627239906 300 1035
1584627242944 300 1036
1584627246389 300 1037
1584627251608 300 1038
1584627255434 300 1039
1584627257985 300 1040
1584627260477 300 1041
1584627263644 300 1042
1584627266739 300 1043
1584627269648 300 1044
1584627272701 300 1045
1584627276056 300 1046
1584627278694 300 1047
1584627281490 300 1048
1584627285545 300 1049
1584627288298 300 1050
1584627291662 300 1051
1584627295615 300 1052
1584627298413 300 1053
1584627301087 300 1054
1584627304095 300 1055
1584627306882 300 1056
1584627310205 300 1057
1584627313957 300 1058
1584627318386 300 1059
1584627322549 300 1060
1584627326401 300 1061
1584627329780 300 1062
1584627333136 300 1063
1584627335987 300 1064
1584627338596 300 1065
1584627342592 300 1066
1584627345420 300 1067
1584627348414 300 1068
1584627351389 300 1069
1584627354686 300 1070
1584627357382 300 1071
1584627360431 300 1072
1584627363928 300 1073
1584627366901 300 1074
1584627370821 300 1075
1584627373829 300 1076
1584627377004 300 1077
1584627379732 300 1078
1584627382419 300 1079
1584627385109 300 1080
1584627387820 300 1081
1584627391235 300 1082
1584627393922 300 1083
1584627396634 300 1084
1584627399191 300 1085
1584627402190 300 1086
1584627405851 300 1087
1584627408631 300 1088
1584627411653 300 1089
1584627414634 300 1090
1584627417150 300 1091
1584627419709 300 1092
1584627422559 300 1093
1584627426861 300 1094
1584627429319 300 1095
1584627431885 300 1096
1584627436140 300 1097
1584627440528 300 1098
1584627443545 300 1099
1584627447261 300 1100
1584627451052 300 1101
1584627454290 300 1102
1584627457034 300 1103
1584627459721 300 1104
1584627463210 300 1105
1584627466069 300 1106
1584627468726 300 1107
1584627471655 300 1108
1584627474145 300 1109
1584627476844 300 1110
1584627479455 300 1111
1584627482355 300 1112
1584627484985 300 1113
1584627487795 300 1114
1584627490431 300 1115
1584627493347 300 1116
1584627495872 300 1117
1584627498441 300 1118
1584627501292 300 1119
1584627504068 300 1120
1584627506734 300 1121
1584627509331 300 1122
1584627512215 300 1123
1584627514957 300 1124
1584627518042 300 1125
1584627521095 300 1126
1584627524348 300 1127
1584627527223 300 1128
1584627529989 300 1129
1584627532940 300 1130
1584627536020 300 1131
1584627540364 300 1132
1584627543113 300 1133
1584627545723 300 1134
1584627548403 300 1135
1584627551345 300 1136
1584627554010 300 1137
1584627556673 300 1138
1584627560057 300 1139
1584627563038 300 1140
1584627565631 300 1141
1584627568275 300 1142
1584627571186 300 1143
1584627573839 300 1144
1584627576454 300 1145
1584627579049 300 1146
1584627581837 300 1147
1584627584540 300 1148
1584627587196 300 1149
1584627589839 300 1150
1584627592509 300 1151
1584627595076 300 1152
1584627597741 300 1153
1584627600341 300 1154
1584627603611 300 1155
1584627606450 300 1156
1584627609349 300 1157
1584627611996 300 1158
1584627614898 300 1159
1584627619102 300 1160
1584627621897 300 1161
1584627624709 300 1162
1584627627340 300 1163
1584627630097 300 1164
1584627632992 300 1165
1584627635504 300 1166
1584627638675 300 1167
1584627641387 300 1168
1584627644357 300 1169
1584627647051 300 1170
1584627649709 300 1171
1584627652213 300 1172
1584627655100 300 1173
1584627657809 300 1174
1584627660352 300 1175
1584627663753 300 1176
1584627668007 300 1177
1584627670851 300 1178
1584627673321 300 1179
1584627676177 300 1180
1584627680210 300 1181
1584627684561 300 1182
1584627689168 300 1183
1584627694116 300 1184
1584627700385 300 1185
1584627704841 300 1186
1584627708152 300 1187
1584627712202 300 1188
1584627716545 300 1189
1584627720799 300 1190
1584627723736 300 1191
1584627727031 300 1192
1584627730561 300 1193
1584627733417 300 1194
1584627737686 300 1195
1584627740269 300 1196
1584627744183 300 1197
1584627746923 300 1198
1584627749760 300 1199
1584627752504 300 1200
1584627756401 300 1201
1584627761170 300 1202
1584627764111 300 1203
1584627766874 300 1204
1584627769546 300 1205
1584627772187 300 1206
1584627775025 300 1207
1584627777657 300 1208
1584627780192 300 1209
1584627782995 300 1210
1584627785851 300 1211
1584627788478 300 1212
1584627791164 300 1213
1584627793839 300 1214
1584627796495 300 1215
1584627799003 300 1216
1584627802302 300 1217
1584627804929 300 1218
1584627808112 300 1219
1584627810970 300 1220
1584627814056 300 1221
1584627817677 300 1222
1584627820363 300 1223
1584627824725 300 1224
1584627827849 300 1225
1584627830375 300 1226
1584627833226 300 1227
1584627835787 300 1228
1584627838316 300 1229
1584627840863 300 1230
1584627843775 300 1231
1584627846238 300 1232
1584627848704 300 1233
1584627851228 300 1234
1584627853894 300 1235
1584627856398 300 1236
1584627859036 300 1237
1584627861577 300 1238
1584627864323 300 1239
1584627866809 300 1240
1584627869246 300 1241
1584627871877 300 1242
1584627874543 300 1243
1584627877052 300 1244
1584627879525 300 1245
1584627881945 300 1246
1584627884446 300 1247
1584627887004 300 1248
1584627889472 300 1249
1584627892038 300 1250
1584627894797 300 1251
1584627897363 300 1252
1584627899878 300 1253
1584627902855 300 1254
1584627905453 300 1255
1584627908126 300 1256
1584627911401 300 1257
1584627913863 300 1258
1584627916328 300 1259
1584627918919 300 1260
1584627921541 300 1261
1584627924405 300 1262
1584627926948 300 1263
1584627929631 300 1264
1584627932324 300 1265
1584627934735 300 1266
1584627937197 300 1267
1584627939774 300 1268
1584627942269 300 1269
1584627944737 300 1270
1584627947455 300 1271
1584627950044 300 1272
1584627952574 300 1273
1584627955431 300 1274
1584627958169 300 1275
1584627960950 300 1276
1584627964073 300 1277
1584627966640 300 1278
1584627969260 300 1279
1584627971862 300 1280
1584627974464 300 1281
1584627977319 300 1282
1584627979918 300 1283
1584627982547 300 1284
1584627985175 300 1285
1584627987858 300 1286
1584627990436 300 1287
1584627993192 300 1288
1584627995836 300 1289
1584627998309 300 1290
1584628000891 300 1291
1584628003417 300 1292
1584628005990 300 1293
1584628008765 300 1294
1584628011322 300 1295
1584628013846 300 1296
1584628016419 300 1297
1584628018974 300 1298
1584628021707 300 1299
1584628024318 300 1300
1584628027294 300 1301
1584628030020 300 1302
1584628032524 300 1303
1584628035026 300 1304
1584628037504 300 1305
1584628040062 300 1306
1584628042798 300 1307
1584628045467 300 1308
1584628047934 300 1309
1584628050497 300 1310
1584628053070 300 1311
1584628055753 300 1312
1584628058244 300 1313
1584628060974 300 1314
1584628063543 300 1315
1584628066093 300 1316
1584628068484 300 1317
1584628070994 300 1318
1584628073766 300 1319
1584628076151 300 1320
1584628078703 300 1321
1584628081239 300 1322
1584628083805 300 1323
1584628086312 300 1324
1584628089149 300 1325
1584628091673 300 1326
1584628094159 300 1327
1584628096584 300 1328
1584628099022 300 1329
1584628101675 300 1330
1584628104581 300 1331
1584628107216 300 1332
1584628109656 300 1333
1584628112223 300 1334
1584628114920 300 1335
1584628117675 300 1336
1584628120329 300 1337
1584628122796 300 1338
1584628125822 300 1339
1584628128332 300 1340
1584628130698 300 1341
1584628133147 300 1342
1584628135691 300 1343
1584628138394 300 1344
1584628141033 300 1345
1584628143954 300 1346
1584628146482 300 1347
1584628149103 300 1348
1584628151643 300 1349
1584628154110 300 1350
1584628156924 300 1351
1584628159678 300 1352
1584628162099 300 1353
1584628164473 300 1354
1584628167048 300 1355
1584628169675 300 1356
1584628172295 300 1357
1584628174874 300 1358
1584628177423 300 1359
1584628179909 300 1360
1584628182471 300 1361
1584628185146 300 1362
1584628187701 300 1363
1584628190276 300 1364
1584628192816 300 1365
1584628195257 300 1366
1584628197789 300 1367
1584628200595 300 1368
1584628203554 300 1369
1584628206030 300 1370
1584628208423 300 1371
1584628210909 300 1372
1584628213544 300 1373
1584628216063 300 1374
1584628218754 300 1375
1584628221306 300 1376
1584628224217 300 1377
1584628226700 300 1378
1584628229465 300 1379
1584628232026 300 1380
1584628234554 300 1381
1584628237157 300 1382
1584628239847 300 1383
1584628242363 300 1384
1584628245059 300 1385
1584628247664 300 1386
1584628250373 300 1387
1584628252990 300 1388
1584628255645 300 1389
1584628258092 300 1390
1584628260481 300 1391
1584628263530 300 1392
1584628266311 300 1393
1584628268984 300 1394
1584628271431 300 1395
1584628273929 300 1396
1584628276611 300 1397
1584628279202 300 1398
1584628281839 300 1399
1584628284458 300 1400
1584628287799 300 1401
1584628290832 300 1402
1584628293737 300 1403
1584628296381 300 1404
1584628298959 300 1405
1584628301668 300 1406
1584628304231 300 1407
1584628306905 300 1408
1584628309359 300 1409
1584628311916 300 1410
1584628314787 300 1411
1584628317332 300 1412
1584628320111 300 1413
1584628323063 300 1414
1584628325592 300 1415
1584628328195 300 1416
1584628330838 300 1417
1584628333566 300 1418
1584628336338 300 1419
1584628338906 300 1420
1584628341459 300 1421
1584628344147 300 1422
1584628346969 300 1423
1584628349789 300 1424
1584628352737 300 1425
1584628355398 300 1426
1584628358184 300 1427
1584628360932 300 1428
1584628364974 300 1429
1584628367893 300 1430
1584628370649 300 1431
1584628373551 300 1432
1584628376170 300 1433
1584628378729 300 1434
1584628381469 300 1435
1584628384409 300 1436
1584628387075 300 1437
1584628389748 300 1438
1584628392534 300 1439
1584628395078 300 1440
1584628397693 300 1441
1584628400381 300 1442
1584628403519 300 1443
1584628406206 300 1444
1584628408727 300 1445
1584628411423 300 1446
1584628414083 300 1447
1584628416934 300 1448
1584628420029 300 1449
1584628422938 300 1450
1584628425813 300 1451
1584628428684 300 1452
1584628431415 300 1453
1584628434157 300 1454
1584628438171 300 1455
1584628440931 300 1456
1584628443759 300 1457
1584628446264 300 1458
1584628448800 300 1459
1584628451713 300 1460
1584628454439 300 1461
1584628457137 300 1462
1584628460005 300 1463
1584628462756 300 1464
1584628465427 300 1465
1584628468086 300 1466
1584628470937 300 1467
1584628473663 300 1468
1584628476532 300 1469
1584628479178 300 1470
1584628482124 300 1471
1584628484865 300 1472
1584628487632 300 1473
1584628490315 300 1474
1584628493027 300 1475
1584628495815 300 1476
1584628498492 300 1477
1584628501233 300 1478
1584628504856 300 1479
1584628507742 300 1480
1584628510710 300 1481
1584628513428 300 1482
1584628516115 300 1483
1584628518951 300 1484
1584628521638 300 1485
1584628524448 300 1486
1584628527117 300 1487
1584628529993 300 1488
1584628532721 300 1489
1584628535278 300 1490
1584628538000 300 1491
1584628540485 300 1492
1584628543272 300 1493
1584628546196 300 1494
1584628548850 300 1495
1584628551488 300 1496
1584628554165 300 1497
1584628557060 300 1498
1584628560019 300 1499
1584628562909 300 1500
1584628565945 300 1501
1584628568806 300 1502
1584628571515 300 1503
1584628574336 300 1504
1584628577313 300 1505
1584628580091 300 1506
1584628582877 300 1507
1584628585486 300 1508
1584628588336 300 1509
1584628591205 300 1510
1584628595710 300 1511
1584628598601 300 1512
1584628601374 300 1513
1584628604102 300 1514
1584628607779 300 1515
1584628610997 300 1516
1584628614246 300 1517
1584628617226 300 1518
1584628619906 300 1519
1584628623081 300 1520
1584628625826 300 1521
1584628628467 300 1522
1584628631338 300 1523
1584628634152 300 1524
1584628636891 300 1525
1584628639910 300 1526
1584628642888 300 1527
1584628645754 300 1528
1584628648325 300 1529
1584628651050 300 1530
1584628653763 300 1531
1584628656568 300 1532
1584628659147 300 1533
1584628661833 300 1534
1584628664481 300 1535
1584628667181 300 1536
1584628669747 300 1537
1584628672411 300 1538
1584628675212 300 1539
1584628677869 300 1540
1584628680394 300 1541
1584628683287 300 1542
1584628685969 300 1543
1584628688697 300 1544
1584628691879 300 1545
1584628694872 300 1546
1584628697832 300 1547
1584628700823 300 1548
1584628703561 300 1549
1584628706324 300 1550
1584628709016 300 1551
1584628712106 300 1552
1584628714789 300 1553
1584628717648 300 1554
1584628720530 300 1555
1584628723228 300 1556
1584628726038 300 1557
1584628728654 300 1558
1584628731244 300 1559
1584628734035 300 1560
1584628736575 300 1561
1584628739225 300 1562
1584628741914 300 1563
1584628745154 300 1564
1584628747911 300 1565
1584628750491 300 1566
1584628752989 300 1567
1584628755671 300 1568
1584628758207 300 1569
1584628761005 300 1570
1584628763587 300 1571
1584628766361 300 1572
1584628769276 300 1573
1584628772055 300 1574
1584628775256 300 1575
1584628778088 300 1576
1584628780851 300 1577
1584628783407 300 1578
1584628786129 300 1579
1584628788716 300 1580
1584628791563 300 1581
1584628794195 300 1582
1584628796790 300 1583
1584628799242 300 1584
1584628802054 300 1585
1584628805032 300 1586
1584628807777 300 1587
1584628810710 300 1588
1584628813748 300 1589
1584628816382 300 1590
1584628818943 300 1591
1584628821488 300 1592
1584628824284 300 1593
1584628827060 300 1594
1584628829573 300 1595
1584628832194 300 1596
1584628834747 300 1597
1584628837294 300 1598
1584628839920 300 1599
1584628842681 300 1600
1584628845716 300 1601
1584628848295 300 1602
1584628850976 300 1603
1584628853540 300 1604
1584628856214 300 1605
1584628859023 300 1606
1584628861847 300 1607
1584628864745 300 1608
1584628867533 300 1609
1584628870246 300 1610
1584628873068 300 1611
1584628875844 300 1612
1584628878473 300 1613
1584628881158 300 1614
1584628883700 300 1615
1584628886316 300 1616
1584628888810 300 1617
1584628891764 300 1618
1584628894434 300 1619
1584628896989 300 1620
1584628899490 300 1621
1584628902133 300 1622
1584628904903 300 1623
1584628907826 300 1624
1584628910441 300 1625
1584628913281 300 1626
1584628915877 300 1627
1584628918386 300 1628
1584628921325 300 1629
1584628924289 300 1630
1584628927074 300 1631
1584628929973 300 1632
1584628933038 300 1633
1584628935986 300 1634
1584628938679 300 1635
1584628941275 300 1636
1584628943925 300 1637
1584628946564 300 1638
1584628949329 300 1639
1584628951975 300 1640
1584628954507 300 1641
1584628957042 300 1642
1584628959582 300 1643
1584628962340 300 1644
1584628965053 300 1645
1584628967590 300 1646
1584628970210 300 1647
1584628972843 300 1648
1584628975341 300 1649
1584628977988 300 1650
1584628980800 300 1651
1584628983596 300 1652
1584628986116 300 1653
1584628988757 300 1654
1584628991362 300 1655
1584628994283 300 1656
1584628997208 300 1657
1584628999747 300 1658
1584629002210 300 1659
1584629005811 300 1660
1584629009020 300 1661
1584629011882 300 1662
1584629014448 300 1663
1584629017133 300 1664
1584629019706 300 1665
1584629023619 300 1666
1584629026067 300 1667
1584629028687 300 1668
1584629031259 300 1669
1584629033754 300 1670
1584629036323 300 1671
1584629038761 300 1672
1584629041354 300 1673
1584629043961 300 1674
1584629046499 300 1675
1584629049849 300 1676
1584629055299 300 1677
1584629059535 300 1678
1584629062758 300 1679
1584629066283 300 1680
1584629068998 300 1681
1584629071715 300 1682
1584629074431 300 1683
1584629077888 300 1684
1584629080946 300 1685
1584629083884 300 1686
1584629086682 300 1687
1584629089184 300 1688
1584629091743 300 1689
1584629094300 300 1690
1584629097089 300 1691
1584629099476 300 1692
1584629102691 300 1693
1584629105365 300 1694
1584629107885 300 1695
1584629110451 300 1696
1584629113120 300 1697
1584629115850 300 1698
1584629118556 300 1699
1584629121130 300 1700
1584629124227 300 1701
1584629126854 300 1702
1584629129454 300 1703
1584629132055 300 1704
1584629135151 300 1705
1584629138010 300 1706
1584629140624 300 1707
1584629143208 300 1708
1584629145852 300 1709
1584629148458 300 1710
1584629150943 300 1711
1584629153656 300 1712
1584629156304 300 1713
1584629158976 300 1714
1584629161816 300 1715
1584629164567 300 1716
1584629167086 300 1717
1584629169610 300 1718
1584629172318 300 1719
1584629174763 300 1720
1584629177452 300 1721
1584629180100 300 1722
1584629182690 300 1723
1584629185283 300 1724
1584629187933 300 1725
1584629190837 300 1726
1584629193449 300 1727
1584629196065 300 1728
1584629198454 300 1729
1584629201677 300 1730
1584629204319 300 1731
1584629206949 300 1732
1584629209426 300 1733
1584629211854 300 1734
1584629214687 300 1735
1584629217467 300 1736
1584629220096 300 1737
1584629223066 300 1738
1584629225765 300 1739
1584629228345 300 1740
1584629231040 300 1741
1584629233651 300 1742
1584629236225 300 1743
1584629238851 300 1744
1584629241598 300 1745
1584629244139 300 1746
1584629246736 300 1747
1584629249336 300 1748
1584629252089 300 1749
1584629254894 300 1750
1584629257657 300 1751
1584629260356 300 1752
1584629263046 300 1753
1584629265449 300 1754
1584629268024 300 1755
1584629270728 300 1756
1584629273507 300 1757
1584629276054 300 1758
1584629278522 300 1759
1584629281074 300 1760
1584629283911 300 1761
1584629286517 300 1762
1584629289252 300 1763
1584629291805 300 1764
1584629294274 300 1765
1584629298608 300 1766
1584629302368 300 1767
1584629304921 300 1768
1584629307399 300 1769
1584629310005 300 1770
1584629312570 300 1771
1584629315047 300 1772
1584629317683 300 1773
1584629320130 300 1774
1584629322768 300 1775
1584629325310 300 1776
1584629327875 300 1777
1584629330424 300 1778
1584629332947 300 1779
1584629335460 300 1780
1584629337975 300 1781
1584629340703 300 1782
1584629343370 300 1783
1584629345943 300 1784
1584629348492 300 1785
1584629351108 300 1786
1584629353858 300 1787
1584629356417 300 1788
1584629359035 300 1789
1584629361933 300 1790
1584629364751 300 1791
1584629367222 300 1792
1584629369804 300 1793
1584629372344 300 1794
1584629374929 300 1795
1584629377407 300 1796
1584629379877 300 1797
1584629382707 300 1798
1584629385506 300 1799
1584629388075 300 1800
1584629391067 300 1801
1584629393661 300 1802
1584629396333 300 1803
1584629398768 300 1804
1584629401301 300 1805
1584629403994 300 1806
1584629406678 300 1807
1584629409130 300 1808
1584629411675 300 1809
1584629414289 300 1810
1584629416868 300 1811
1584629419564 300 1812
1584629422263 300 1813
1584629424823 300 1814
1584629427580 300 1815
1584629430250 300 1816
1584629432819 300 1817
1584629435543 300 1818
1584629438013 300 1819
1584629440439 300 1820
1584629442949 300 1821
1584629445411 300 1822
1584629448025 300 1823
1584629450563 300 1824
1584629453077 300 1825
1584629455926 300 1826
1584629458744 300 1827
1584629461218 300 1828
1584629463913 300 1829
1584629466400 300 1830
1584629468982 300 1831
1584629471763 300 1832
1584629474211 300 1833
1584629477057 300 1834
1584629479653 300 1835
1584629482206 300 1836
1584629485281 300 1837
1584629488272 300 1838
1584629491171 300 1839
1584629493955 300 1840
1584629496690 300 1841
1584629499048 300 1842
1584629501522 300 1843
1584629504017 300 1844
1584629506564 300 1845
1584629509026 300 1846
1584629511621 300 1847
1584629514197 300 1848
1584629516747 300 1849
1584629519363 300 1850
1584629522408 300 1851
1584629525108 300 1852
1584629527754 300 1853
1584629530714 300 1854
1584629533585 300 1855
1584629536235 300 1856
1584629538856 300 1857
1584629541606 300 1858
1584629544082 300 1859
1584629546695 300 1860
1584629549242 300 1861
1584629551986 300 1862
1584629554627 300 1863
1584629557202 300 1864
1584629559734 300 1865
1584629562176 300 1866
1584629564770 300 1867
1584629567291 300 1868
1584629569917 300 1869
1584629572351 300 1870
1584629574807 300 1871
1584629577313 300 1872
1584629579939 300 1873
1584629582776 300 1874
1584629585344 300 1875
1584629587927 300 1876
1584629590795 300 1877
1584629593469 300 1878
1584629595863 300 1879
1584629598361 300 1880
1584629600929 300 1881
1584629603477 300 1882
1584629606050 300 1883
1584629608597 300 1884
1584629611260 300 1885
1584629613883 300 1886
1584629616387 300 1887
1584629618879 300 1888
1584629621619 300 1889
1584629624247 300 1890
1584629626769 300 1891
1584629629154 300 1892
1584629631762 300 1893
1584629634443 300 1894
1584629637007 300 1895
1584629639508 300 1896
1584629642155 300 1897
1584629644724 300 1898
1584629647315 300 1899
1584629649835 300 1900
1584629652791 300 1901
1584629655305 300 1902
1584629657919 300 1903
1584629660415 300 1904
1584629663005 300 1905
1584629665870 300 1906
1584629668502 300 1907
1584629670982 300 1908
1584629673582 300 1909
1584629676105 300 1910
1584629678682 300 1911
1584629681272 300 1912
1584629684080 300 1913
1584629686674 300 1914
1584629689448 300 1915
1584629691994 300 1916
1584629694516 300 1917
1584629697062 300 1918
1584629699553 300 1919
1584629702115 300 1920
1584629704628 300 1921
1584629707141 300 1922
1584629709770 300 1923
1584629712641 300 1924
1584629715161 300 1925
1584629717766 300 1926
1584629720475 300 1927
1584629723012 300 1928
1584629725581 300 1929
1584629728154 300 1930
1584629730687 300 1931
1584629733373 300 1932
1584629735889 300 1933
1584629738329 300 1934
1584629741257 300 1935
1584629744012 300 1936
1584629746613 300 1937
1584629749252 300 1938
1584629751909 300 1939
1584629754548 300 1940
1584629757134 300 1941
1584629759728 300 1942
1584629762634 300 1943
1584629765322 300 1944
1584629767867 300 1945
1584629770403 300 1946
1584629772988 300 1947
1584629775665 300 1948
1584629778307 300 1949
1584629781063 300 1950
1584629783727 300 1951
1584629786706 300 1952
1584629789123 300 1953
1584629791701 300 1954
1584629794514 300 1955
1584629797366 300 1956
1584629800120 300 1957
1584629802682 300 1958
1584629805232 300 1959
1584629807898 300 1960
1584629810480 300 1961
1584629813123 300 1962
1584629816403 300 1963
1584629819515 300 1964
1584629822487 300 1965
1584629825060 300 1966
1584629827514 300 1967
1584629830073 300 1968
1584629832888 300 1969
1584629835441 300 1970
1584629837901 300 1971
1584629840347 300 1972
1584629842845 300 1973
1584629845431 300 1974
1584629848090 300 1975
1584629850751 300 1976
1584629853427 300 1977
1584629855971 300 1978
1584629859575 300 1979
1584629863882 300 1980
1584629867249 300 1981
1584629869869 300 1982
1584629872448 300 1983
1584629875056 300 1984
1584629877757 300 1985
1584629880266 300 1986
1584629883463 300 1987
1584629886005 300 1988
1584629888803 300 1989
1584629892020 300 1990
1584629894989 300 1991
1584629897573 300 1992
1584629900272 300 1993
1584629903068 300 1994
1584629905809 300 1995
1584629908225 300 1996
1584629910709 300 1997
1584629913776 300 1998
1584629917813 300 1999
1584629923199 300 2000
