1584623663294 0.0 1
1584623665605 -1.0 2
1584623667824 1.0 3
1584623670031 1.0 4
1584623672431 -1.0 5
1584623674908 0.0 6
1584623677216 -1.0 7
1584623679428 0.0 8
1584623681634 0.0 9
1584623683934 2.0 10
1584623686223 0.0 11
1584623688490 1.0 12
1584623690756 0.0 13
1584623693334 -1.0 14
1584623695544 -1.0 15
1584623697685 1.0 16
1584623699888 -1.0 17
1584623702492 2.0 18
1584623704979 -1.0 19
1584623707281 1.0 20
1584623709411 1.0 21
1584623711554 2.0 22
1584623713745 0.0 23
1584623715951 0.0 24
1584623718142 1.0 25
1584623720376 0.0 26
1584623722634 0.0 27
1584623724815 -1.0 28
1584623726990 0.0 29
1584623729249 0.0 30
1584623731498 -2.0 31
1584623733697 1.0 32
1584623735909 0.0 33
1584623738095 -1.0 34
1584623740318 1.0 35
1584623742555 0.0 36
1584623744801 0.0 37
1584623747020 -1.0 38
1584623749251 0.0 39
1584623751427 0.0 40
1584623753593 1.0 41
1584623755756 -2.0 42
1584623758030 2.0 43
1584623760289 1.0 44
1584623762540 3.0 45
1584623764733 0.0 46
1584623766909 1.0 47
1584623769158 0.0 48
1584623771552 -1.0 49
1584623773774 0.0 50
1584623775997 0.0 51
1584623778221 0.0 52
1584623780378 0.0 53
1584623782558 0.0 54
1584623784803 -2.0 55
1584623787019 0.0 56
1584623789236 1.0 57
1584623791424 1.0 58
1584623793598 0.0 59
1584623795797 -1.0 60
1584623798016 0.0 61
1584623800230 1.0 62
1584623802500 1.0 63
1584623804714 0.0 64
1584623806887 1.0 65
1584623809067 4.0 66
1584623811268 -1.0 67
1584623813484 1.0 68
1584623815682 -1.0 69
1584623817863 0.0 70
1584623820076 0.0 71
1584623822277 0.0 72
1584623824496 1.0 73
1584623826687 0.0 74
1584623828958 -1.0 75
1584623831225 0.0 76
1584623833482 1.0 77
1584623835920 0.0 78
1584623838084 -1.0 79
1584623840298 0.0 80
1584623842523 1.0 81
1584623844733 0.0 82
1584623846909 -1.0 83
1584623849090 -4.0 84
1584623851296 -1.0 85
1584623853528 0.0 86
1584623855734 0.0 87
1584623857971 1.0 88
1584623860211 0.0 89
1584623862439 0.0 90
1584623864623 1.0 91
1584623866825 1.0 92
1584623869077 -1.0 93
1584623871288 0.0 94
1584623873498 1.0 95
1584623875676 -1.0 96
1584623877867 1.0 97
1584623880071 0.0 98
1584623882322 1.0 99
1584623884565 1.0 100
1584623886785 0.0 101
1584623889003 1.0 102
1584623891227 0.0 103
1584623893412 0.0 104
1584623895634 -1.0 105
1584623897872 -1.0 106
1584623900111 0.0 107
1584623902279 1.0 108
1584623904569 0.0 109
1584623906803 0.0 110
1584623909050 -1.0 111
1584623911269 -1.0 112
1584623913489 0.0 113
1584623915730 1.0 114
1584623917895 1.0 115
1584623920097 3.0 116
1584623922283 1.0 117
1584623924534 1.0 118
1584623926773 -1.0 119
1584623928948 0.0 120
1584623931135 0.0 121
1584623933308 3.0 122
1584623935528 1.0 123
1584623937719 0.0 124
1584623939937 4.0 125
1584623942142 0.0 126
1584623944545 -2.0 127
1584623946741 0.0 128
1584623948916 1.0 129
1584623951166 1.0 130
1584623953396 2.0 131
1584623955617 -1.0 132
1584623957805 3.0 133
1584623959995 2.0 134
1584623962229 1.0 135
1584623964579 0.0 136
1584623966796 -2.0 137
1584623969002 2.0 138
1584623971224 0.0 139
1584623973409 1.0 140
1584623975593 2.0 141
1584623977788 1.0 142
1584623980015 1.0 143
1584623982254 3.0 144
1584623984467 -1.0 145
1584623986678 0.0 146
1584623988852 1.0 147
1584623991041 0.0 148
1584623993269 0.0 149
1584623995697 0.0 150
1584623997971 0.0 151
1584624000299 -2.0 152
1584624002799 0.0 153
1584624005390 0.0 154
1584624007877 1.0 155
1584624010195 0.0 156
1584624012496 2.0 157
1584624014691 1.0 158
1584624016877 0.0 159
1584624019113 -1.0 160
1584624021527 3.0 161
1584624023769 0.0 162
1584624026064 -1.0 163
1584624028314 -1.0 164
1584624030563 -2.0 165
1584624032784 1.0 166
1584624034992 0.0 167
1584624037294 1.0 168
1584624039571 1.0 169
1584624041738 0.0 170
1584624043909 -1.0 171
1584624046485 0.0 172
1584624048764 -1.0 173
1584624051005 2.0 174
1584624053228 -1.0 175
1584624055467 1.0 176
1584624057705 1.0 177
1584624059897 0.0 178
1584624062250 1.0 179
1584624064544 -2.0 180
1584624066789 -2.0 181
1584624069020 0.0 182
1584624071203 0.0 183
1584624073388 1.0 184
1584624075603 0.0 185
1584624077846 0.0 186
1584624080088 -1.0 187
1584624082324 -1.0 188
1584624084682 0.0 189
1584624086889 0.0 190
1584624089074 1.0 191
1584624091339 1.0 192
1584624093584 0.0 193
1584624095774 0.0 194
1584624097961 2.0 195
1584624100153 1.0 196
1584624102371 1.0 197
1584624104616 2.0 198
1584624106846 0.0 199
1584624109061 -1.0 200
1584624111331 1.0 201
1584624113636 1.0 202
1584624115801 2.0 203
1584624118003 1.0 204
1584624120297 -2.0 205
1584624122703 3.0 206
1584624124970 1.0 207
1584624127151 0.0 208
1584624129326 0.0 209
1584624131521 -1.0 210
1584624133814 0.0 211
1584624136261 -1.0 212
1584624138516 3.0 213
1584624140785 2.0 214
1584624142936 0.0 215
1584624145117 -1.0 216
1584624147304 1.0 217
1584624149558 -2.0 218
1584624151842 0.0 219
1584624154024 1.0 220
1584624156207 1.0 221
1584624158534 0.0 222
1584624160754 1.0 223
1584624162994 0.0 224
1584624165231 0.0 225
1584624167487 1.0 226
1584624169695 2.0 227
1584624171890 2.0 228
1584624174081 0.0 229
1584624176308 0.0 230
1584624178558 2.0 231
1584624180805 -2.0 232
1584624183000 6.0 233
1584624185180 0.0 234
1584624187414 0.0 235
1584624189693 2.0 236
1584624191923 0.0 237
1584624194138 0.0 238
1584624196366 1.0 239
1584624198563 1.0 240
1584624200760 2.0 241
1584624202943 1.0 242
1584624205168 0.0 243
1584624207396 0.0 244
1584624209587 0.0 245
1584624211752 1.0 246
1584624213931 -1.0 247
1584624216157 1.0 248
1584624218419 -1.0 249
1584624220663 0.0 250
1584624222917 0.0 251
1584624225150 1.0 252
1584624227335 -1.0 253
1584624229543 -2.0 254
1584624231749 2.0 255
1584624233984 -1.0 256
1584624236259 2.0 257
1584624238575 2.0 258
1584624240762 2.0 259
1584624243342 1.0 260
1584624250090 -1.0 261
1584624256246 2.0 262
1584624260418 -1.0 263
1584624267942 1.0 264
1584624270890 0.0 265
1584624273416 1.0 266
1584624275792 0.0 267
1584624278142 2.0 268
1584624280570 3.0 269
1584624282797 -2.0 270
1584624284985 2.0 271
1584624287216 1.0 272
1584624289605 0.0 273
1584624292005 0.0 274
1584624294407 4.0 275
1584624296702 0.0 276
1584624298892 0.0 277
1584624301448 0.0 278
1584624303922 1.0 279
1584624306338 1.0 280
1584624308623 4.0 281
1584624310890 1.0 282
1584624313082 1.0 283
1584624315255 1.0 284
1584624317591 0.0 285
1584624319824 0.0 286
1584624322045 3.0 287
1584624324311 3.0 288
1584624326580 0.0 289
1584624328743 -1.0 290
1584624330913 0.0 291
1584624333123 -2.0 292
1584624335349 -2.0 293
1584624337584 0.0 294
1584624339750 1.0 295
1584624341905 2.0 296
1584624344134 1.0 297
1584624346466 1.0 298
1584624348824 0.0 299
1584624351095 0.0 300
1584624353672 0.0 301
1584624355948 2.0 302
1584624358115 2.0 303
1584624360261 1.0 304
1584624362511 0.0 305
1584624364757 0.0 306
1584624367011 3.0 307
1584624369192 -1.0 308
1584624371345 0.0 309
1584624373562 0.0 310
1584624375783 1.0 311
1584624377981 0.0 312
1584624380216 2.0 313
1584624382470 1.0 314
1584624384822 0.0 315
1584624386994 1.0 316
1584624389403 0.0 317
1584624391709 0.0 318
1584624393964 5.0 319
1584624396189 0.0 320
1584624398379 2.0 321
1584624402112 0.0 322
1584624405880 0.0 323
1584624411063 2.0 324
1584624413441 2.0 325
1584624415773 -1.0 326
1584624418036 0.0 327
1584624420228 -1.0 328
1584624422450 3.0 329
1584624424691 1.0 330
1584624426908 1.0 331
1584624429098 2.0 332
1584624431287 0.0 333
1584624433445 3.0 334
1584624435695 -2.0 335
1584624437941 2.0 336
1584624440202 0.0 337
1584624443225 1.0 338
1584624446767 1.0 339
1584624448949 2.0 340
1584624451318 1.0 341
1584624453520 0.0 342
1584624455736 -1.0 343
1584624458048 1.0 344
1584624460255 1.0 345
1584624462483 -1.0 346
1584624464690 1.0 347
1584624466951 0.0 348
1584624469186 -2.0 349
1584624471399 4.0 350
1584624473680 1.0 351
1584624475907 0.0 352
1584624478073 -3.0 353
1584624480269 1.0 354
1584624482704 1.0 355
1584624484873 2.0 356
1584624487120 1.0 357
1584624489338 -1.0 358
1584624491541 3.0 359
1584624493760 -2.0 360
1584624496000 0.0 361
1584624498210 2.0 362
1584624500416 2.0 363
1584624502697 2.0 364
1584624504916 1.0 365
1584624507123 -1.0 366
1584624509308 2.0 367
1584624511547 1.0 368
1584624513761 1.0 369
1584624515961 -1.0 370
1584624518146 4.0 371
1584624520295 1.0 372
1584624522545 -1.0 373
1584624524761 0.0 374
1584624527004 1.0 375
1584624529238 0.0 376
1584624531472 0.0 377
1584624533659 1.0 378
1584624535819 3.0 379
1584624538062 0.0 380
1584624540306 1.0 381
1584624543185 1.0 382
1584624545701 0.0 383
1584624548684 1.0 384
1584624550886 1.0 385
1584624553129 2.0 386
1584624555538 -1.0 387
1584624557783 0.0 388
1584624560228 -2.0 389
1584624562513 0.0 390
1584624566591 0.0 391
1584624569329 2.0 392
1584624573760 0.0 393
1584624579331 -2.0 394
1584624584059 2.0 395
1584624592470 1.0 396
1584624601231 2.0 397
1584624607274 5.0 398
1584624612806 2.0 399
1584624617881 2.0 400
1584624626578 0.0 401
1584624630966 2.0 402
1584624635557 0.0 403
1584624640691 -1.0 404
1584624646131 0.0 405
1584624651718 0.0 406
1584624658597 1.0 407
1584624664818 5.0 408
1584624669968 -1.0 409
1584624674273 1.0 410
1584624678561 0.0 411
1584624685134 3.0 412
1584624690376 0.0 413
1584624696028 1.0 414
1584624700907 1.0 415
1584624705474 1.0 416
1584624710928 2.0 417
1584624715710 1.0 418
1584624722282 1.0 419
1584624726718 0.0 420
1584624732137 0.0 421
1584624736573 1.0 422
1584624741059 1.0 423
1584624746443 1.0 424
1584624751260 -1.0 425
1584624756018 1.0 426
1584624760316 4.0 427
1584624764417 1.0 428
1584624769624 3.0 429
1584624774103 1.0 430
1584624778771 4.0 431
1584624783747 0.0 432
1584624788462 0.0 433
1584624793431 1.0 434
1584624797489 1.0 435
1584624801667 1.0 436
1584624806489 3.0 437
1584624811776 0.0 438
1584624816339 1.0 439
1584624820525 1.0 440
1584624824862 0.0 441
1584624829672 1.0 442
1584624834216 1.0 443
1584624838710 1.0 444
1584624843633 3.0 445
1584624848481 2.0 446
1584624853242 3.0 447
1584624857622 2.0 448
1584624861882 1.0 449
1584624867057 0.0 450
1584624872624 0.0 451
1584624877732 3.0 452
1584624882521 -1.0 453
1584624889125 0.0 454
1584624894682 1.0 455
1584624899616 2.0 456
1584624903793 -2.0 457
1584624909326 1.0 458
1584624918012 2.0 459
1584624922630 3.0 460
1584624926319 4.0 461
1584624930083 -1.0 462
1584624934068 1.0 463
1584624938289 1.0 464
1584624941962 5.0 465
1584624945867 2.0 466
1584624950913 2.0 467
1584624955836 -1.0 468
1584624960822 1.0 469
1584624967626 2.0 470
1584624973965 1.0 471
1584624980376 1.0 472
1584624985800 1.0 473
1584624989888 2.0 474
1584624993865 0.0 475
1584624997583 0.0 476
1584625001654 0.0 477
1584625005581 -1.0 478
1584625009280 0.0 479
1584625016497 2.0 480
1584625021893 1.0 481
1584625027790 -2.0 482
1584625031288 3.0 483
1584625035420 1.0 484
1584625039776 0.0 485
1584625044318 0.0 486
1584625048467 1.0 487
1584625052768 1.0 488
1584625056977 2.0 489
1584625061067 1.0 490
1584625065045 3.0 491
1584625070170 3.0 492
1584625075029 0.0 493
1584625079176 6.0 494
1584625086482 2.0 495
1584625092180 3.0 496
1584625098590 2.0 497
1584625101738 1.0 498
1584625105000 1.0 499
1584625108171 3.0 500
1584625112907 3.0 501
1584625116068 1.0 502
1584625122476 1.0 503
1584625125853 3.0 504
1584625129550 1.0 505
1584625133657 1.0 506
1584625136640 -1.0 507
1584625139974 0.0 508
1584625148144 4.0 509
1584625153308 1.0 510
1584625160988 2.0 511
1584625164253 3.0 512
1584625168335 1.0 513
1584625178291 -1.0 514
1584625186541 0.0 515
1584625191423 -1.0 516
1584625198921 2.0 517
1584625204277 -1.0 518
1584625210342 1.0 519
1584625215616 1.0 520
1584625221883 -1.0 521
1584625231594 3.0 522
1584625237774 1.0 523
1584625245636 2.0 524
1584625255780 2.0 525
1584625261215 -1.0 526
1584625267286 2.0 527
1584625272496 1.0 528
1584625281202 3.0 529
1584625289795 2.0 530
1584625297639 3.0 531
1584625303437 2.0 532
1584625309784 2.0 533
1584625316785 1.0 534
1584625321850 3.0 535
1584625325602 0.0 536
1584625330912 1.0 537
1584625335323 5.0 538
1584625341112 -2.0 539
1584625347523 1.0 540
1584625356486 0.0 541
1584625363826 0.0 542
1584625372766 2.0 543
1584625379084 1.0 544
1584625385849 1.0 545
1584625392752 2.0 546
1584625403307 2.0 547
1584625415203 2.0 548
1584625425614 -1.0 549
1584625435737 2.0 550
1584625445551 2.0 551
1584625453294 1.0 552
1584625459737 4.0 553
1584625466968 1.0 554
1584625471433 1.0 555
1584625483107 0.0 556
1584625494128 0.0 557
1584625500447 5.0 558
1584625508149 3.0 559
1584625513880 -1.0 560
1584625523285 4.0 561
1584625531144 1.0 562
1584625537742 -1.0 563
1584625546847 0.0 564
1584625551441 5.0 565
1584625555589 1.0 566
1584625567690 0.0 567
1584625576239 2.0 568
1584625582753 2.0 569
1584625589555 0.0 570
1584625595780 2.0 571
1584625599803 1.0 572
1584625603426 1.0 573
1584625605959 -1.0 574
1584625608398 6.0 575
1584625611679 2.0 576
1584625614403 5.0 577
1584625617566 0.0 578
1584625620731 1.0 579
1584625623991 2.0 580
1584625627233 -1.0 581
1584625630121 5.0 582
1584625633839 3.0 583
1584625638180 5.0 584
1584625640807 3.0 585
1584625643635 4.0 586
1584625646467 4.0 587
1584625649250 3.0 588
1584625652815 0.0 589
1584625655882 1.0 590
1584625658736 7.0 591
1584625661711 4.0 592
1584625664384 4.0 593
1584625667949 1.0 594
1584625670678 3.0 595
1584625673652 1.0 596
1584625677485 4.0 597
1584625680473 0.0 598
1584625683901 1.0 599
1584625686938 2.0 600
1584625691902 2.0 601
1584625694647 1.0 602
1584625697628 2.0 603
1584625702384 2.0 604
1584625706022 0.0 605
1584625710143 1.0 606
1584625714314 3.0 607
1584625717679 1.0 608
1584625720588 3.0 609
1584625723641 2.0 610
1584625726491 2.0 611
1584625730293 0.0 612
1584625733644 2.0 613
1584625737791 1.0 614
1584625740810 5.0 615
1584625743656 2.0 616
1584625746302 2.0 617
1584625748821 1.0 618
1584625753481 3.0 619
1584625756902 4.0 620
1584625759718 -2.0 621
1584625763145 3.0 622
1584625766742 4.0 623
1584625769740 0.0 624
1584625773742 0.0 625
1584625778707 2.0 626
1584625782361 0.0 627
1584625786888 1.0 628
1584625790630 0.0 629
1584625793718 -2.0 630
1584625796959 0.0 631
1584625800414 4.0 632
1584625803613 2.0 633
1584625805930 2.0 634
1584625809300 3.0 635
1584625813944 2.0 636
1584625818644 6.0 637
1584625823259 5.0 638
1584625826852 -1.0 639
1584625830124 -1.0 640
1584625833156 1.0 641
1584625836642 2.0 642
1584625841843 1.0 643
1584625844784 -1.0 644
1584625847180 2.0 645
1584625850005 6.0 646
1584625852579 3.0 647
1584625855877 2.0 648
1584625859359 3.0 649
1584625864499 1.0 650
1584625867852 2.0 651
1584625871157 2.0 652
1584625873662 6.0 653
1584625876416 2.0 654
1584625879778 2.0 655
1584625883326 5.0 656
1584625887056 1.0 657
1584625890446 3.0 658
1584625893119 3.0 659
1584625897347 5.0 660
1584625900382 3.0 661
1584625903205 2.0 662
1584625906783 4.0 663
1584625909895 1.0 664
1584625913474 0.0 665
1584625916287 5.0 666
1584625919744 4.0 667
1584625925116 3.0 668
1584625931752 2.0 669
1584625936541 1.0 670
1584625939279 1.0 671
1584625942099 0.0 672
1584625944663 0.0 673
1584625947347 3.0 674
1584625950608 5.0 675
1584625953467 4.0 676
1584625959054 3.0 677
1584625963150 4.0 678
1584625967172 5.0 679
1584625973721 2.0 680
1584625978949 5.0 681
1584625981640 2.0 682
1584625984296 1.0 683
1584625987437 2.0 684
1584625990882 3.0 685
1584625993866 2.0 686
1584625997093 5.0 687
1584625999785 2.0 688
1584626002082 3.0 689
1584626004562 0.0 690
1584626007072 3.0 691
1584626009637 0.0 692
1584626012461 1.0 693
1584626015861 3.0 694
1584626018716 1.0 695
1584626021453 -2.0 696
1584626024548 4.0 697
1584626028901 1.0 698
1584626032074 2.0 699
1584626035115 7.0 700
1584626038458 4.0 701
1584626043080 1.0 702
1584626047189 0.0 703
1584626049877 1.0 704
1584626053112 5.0 705
1584626055850 3.0 706
1584626059002 4.0 707
1584626061674 1.0 708
1584626064035 3.0 709
1584626067091 5.0 710
1584626070714 1.0 711
1584626073495 3.0 712
1584626076867 -1.0 713
1584626080461 2.0 714
1584626083396 -1.0 715
1584626085781 2.0 716
1584626088199 2.0 717
1584626091107 0.0 718
1584626093908 1.0 719
1584626096576 2.0 720
1584626099597 1.0 721
1584626102835 1.0 722
1584626107959 3.0 723
1584626112776 3.0 724
1584626116881 3.0 725
1584626120518 1.0 726
1584626123612 5.0 727
1584626127044 2.0 728
1584626129782 -1.0 729
1584626132592 5.0 730
1584626135066 1.0 731
1584626137739 4.0 732
1584626139993 7.0 733
1584626142807 2.0 734
1584626145373 4.0 735
1584626148421 1.0 736
1584626152733 0.0 737
1584626157263 4.0 738
1584626160015 2.0 739
1584626162709 1.0 740
1584626165542 6.0 741
1584626168574 1.0 742
1584626171260 9.0 743
1584626173697 1.0 744
1584626177207 3.0 745
1584626179939 1.0 746
1584626182552 4.0 747
1584626185699 -2.0 748
1584626189261 5.0 749
1584626192696 6.0 750
1584626195951 3.0 751
1584626198479 4.0 752
1584626201147 1.0 753
1584626204558 2.0 754
1584626207552 2.0 755
1584626210146 3.0 756
1584626212935 7.0 757
1584626215676 3.0 758
1584626218678 2.0 759
1584626221361 4.0 760
1584626224957 5.0 761
1584626228519 3.0 762
1584626231391 2.0 763
1584626234329 6.0 764
1584626237450 3.0 765
1584626240100 2.0 766
1584626242662 3.0 767
1584626245945 3.0 768
1584626248547 3.0 769
1584626250925 3.0 770
1584626253562 1.0 771
1584626256612 0.0 772
1584626259441 2.0 773
1584626262002 1.0 774
1584626265284 2.0 775
1584626267885 3.0 776
1584626270564 2.0 777
1584626273345 1.0 778
1584626276358 2.0 779
1584626279313 0.0 780
1584626284304 3.0 781
1584626289153 5.0 782
1584626294079 5.0 783
1584626301447 -1.0 784
1584626305385 1.0 785
1584626308536 1.0 786
1584626313227 4.0 787
1584626319212 5.0 788
1584626326163 3.0 789
1584626330392 4.0 790
1584626333550 3.0 791
1584626336350 1.0 792
1584626339360 4.0 793
1584626342979 6.0 794
1584626346349 2.0 795
1584626350142 1.0 796
1584626355079 3.0 797
1584626358214 1.0 798
1584626362519 0.0 799
1584626366072 3.0 800
1584626369820 3.0 801
1584626373865 1.0 802
1584626378407 2.0 803
1584626380867 0.0 804
1584626384075 4.0 805
1584626387889 5.0 806
1584626393817 -1.0 807
1584626400694 8.0 808
1584626409246 1.0 809
1584626414428 4.0 810
1584626418049 2.0 811
1584626423191 2.0 812
1584626428405 4.0 813
1584626432625 0.0 814
1584626436681 3.0 815
1584626441326 1.0 816
1584626444928 3.0 817
1584626448561 3.0 818
1584626451548 1.0 819
1584626454211 3.0 820
1584626460002 4.0 821
1584626466810 3.0 822
1584626471129 4.0 823
1584626476353 4.0 824
1584626484985 2.0 825
1584626488125 2.0 826
1584626493613 1.0 827
1584626498026 8.0 828
1584626503178 4.0 829
1584626508054 6.0 830
1584626511455 4.0 831
1584626515882 6.0 832
1584626520465 2.0 833
1584626523169 2.0 834
1584626526908 3.0 835
1584626531589 2.0 836
1584626534186 3.0 837
1584626538034 1.0 838
1584626541285 2.0 839
1584626544973 1.0 840
1584626547864 4.0 841
1584626553885 0.0 842
1584626560952 4.0 843
1584626564175 6.0 844
1584626567157 0.0 845
1584626570583 5.0 846
1584626576286 2.0 847
1584626581764 3.0 848
1584626585446 3.0 849
1584626589113 2.0 850
1584626593084 3.0 851
1584626596338 7.0 852
1584626599101 3.0 853
1584626603865 1.0 854
1584626606891 5.0 855
1584626611022 0.0 856
1584626615690 5.0 857
1584626618989 5.0 858
1584626621769 7.0 859
1584626624984 3.0 860
1584626629069 4.0 861
1584626633395 2.0 862
1584626636211 0.0 863
1584626640117 4.0 864
1584626643696 2.0 865
1584626646161 2.0 866
1584626649915 4.0 867
1584626655760 3.0 868
1584626660611 4.0 869
1584626664380 1.0 870
1584626671685 1.0 871
1584626675929 4.0 872
1584626680081 4.0 873
1584626684444 4.0 874
1584626689528 1.0 875
1584626694274 5.0 876
1584626698861 1.0 877
1584626702831 4.0 878
1584626707093 2.0 879
1584626712562 1.0 880
1584626717254 2.0 881
1584626722406 6.0 882
1584626725965 7.0 883
1584626728904 6.0 884
1584626733745 3.0 885
1584626736519 4.0 886
1584626741176 7.0 887
1584626744227 5.0 888
1584626751064 4.0 889
1584626755069 7.0 890
1584626761029 1.0 891
1584626766133 6.0 892
1584626770814 2.0 893
1584626776463 9.0 894
1584626780880 0.0 895
1584626783670 4.0 896
1584626786465 0.0 897
1584626789692 5.0 898
1584626792350 6.0 899
1584626795114 7.0 900
1584626797857 5.0 901
1584626802124 4.0 902
1584626805102 4.0 903
1584626808530 -1.0 904
1584626812614 6.0 905
1584626815419 4.0 906
1584626819531 2.0 907
1584626822294 5.0 908
1584626825014 0.0 909
1584626828083 2.0 910
1584626831102 2.0 911
1584626835563 6.0 912
1584626839032 3.0 913
1584626842739 4.0 914
1584626845986 3.0 915
1584626850117 1.0 916
1584626852838 4.0 917
1584626856333 2.0 918
1584626859515 2.0 919
1584626861990 3.0 920
1584626864520 5.0 921
1584626867819 3.0 922
1584626870825 4.0 923
1584626873329 5.0 924
1584626876014 3.0 925
1584626878725 2.0 926
1584626882463 2.0 927
1584626885604 3.0 928
1584626889687 3.0 929
1584626892447 5.0 930
1584626897538 6.0 931
1584626902751 2.0 932
1584626905474 2.0 933
1584626908739 1.0 934
1584626912688 8.0 935
1584626916705 1.0 936
1584626920541 2.0 937
1584626923379 4.0 938
1584626926797 6.0 939
1584626929881 5.0 940
1584626935059 3.0 941
1584626939436 1.0 942
1584626944297 5.0 943
1584626948670 7.0 944
1584626951251 0.0 945
1584626953754 5.0 946
1584626956750 5.0 947
1584626960129 4.0 948
1584626964215 2.0 949
1584626967006 6.0 950
1584626973187 3.0 951
1584626975967 3.0 952
1584626978811 4.0 953
1584626981788 1.0 954
1584626984776 5.0 955
1584626988022 3.0 956
1584626990707 3.0 957
1584626993286 4.0 958
1584626996140 1.0 959
1584626998906 6.0 960
1584627001501 2.0 961
1584627004461 7.0 962
1584627008917 8.0 963
1584627011724 5.0 964
1584627014300 3.0 965
1584627016896 1.0 966
1584627019586 4.0 967
1584627022516 6.0 968
1584627025049 4.0 969
1584627027488 1.0 970
1584627029895 2.0 971
1584627032480 3.0 972
1584627035209 4.0 973
1584627037890 1.0 974
1584627040541 6.0 975
1584627043216 5.0 976
1584627047079 5.0 977
1584627050798 2.0 978
1584627054469 3.0 979
1584627057421 5.0 980
1584627060564 2.0 981
1584627063649 4.0 982
1584627066485 -1.0 983
1584627069935 6.0 984
1584627072566 5.0 985
1584627076042 6.0 986
1584627079673 8.0 987
1584627082766 3.0 988
1584627085537 1.0 989
1584627088433 4.0 990
1584627091582 6.0 991
1584627094752 3.0 992
1584627097779 3.0 993
1584627100810 8.0 994
1584627103895 2.0 995
1584627106894 2.0 996
1584627109745 5.0 997
1584627112361 5.0 998
1584627115687 6.0 999
1584627118531 7.0 1000
1584627122186 3.0 1001
1584627126663 4.0 1002
1584627129898 2.0 1003
1584627133736 3.0 1004
1584627137280 4.0 1005
1584627141027 6.0 1006
1584627145362 4.0 1007
1584627149903 6.0 1008
1584627154397 6.0 1009
1584627157268 9.0 1010
1584627160045 2.0 1011
1584627162731 6.0 1012
1584627165337 0.0 1013
1584627168097 6.0 1014
1584627171890 5.0 1015
1584627175547 5.0 1016
1584627179647 4.0 1017
1584627183392 0.0 1018
1584627186134 6.0 1019
1584627189286 6.0 1020
1584627191954 7.0 1021
1584627195076 8.0 1022
1584627197906 5.0 1023
1584627202180 3.0 1024
1584627205586 3.0 1025
1584627210444 6.0 1026
1584627215223 7.0 1027
1584627218084 7.0 1028
1584627220819 2.0 1029
1584627223539 1.0 1030
1584627226290 0.0 1031
1584627230055 4.0 1032
1584627233284 3.0 1033
1584627236377 5.0 1034
1584627239906 5.0 1035
1584627242944 6.0 1036
1584627246389 2.0 1037
1584627251608 3.0 1038
1584627255434 4.0 1039
1584627257985 8.0 1040
1584627260477 8.0 1041
1584627263644 6.0 1042
1584627266739 0.0 1043
1584627269648 6.0 1044
1584627272701 3.0 1045
1584627276056 3.0 1046
1584627278694 3.0 1047
1584627281490 3.0 1048
1584627285545 6.0 1049
1584627288298 9.0 1050
1584627291662 6.0 1051
1584627295615 3.0 1052
1584627298413 6.0 1053
1584627301087 3.0 1054
1584627304095 5.0 1055
1584627306882 8.0 1056
1584627310205 2.0 1057
1584627313957 1.0 1058
1584627318386 9.0 1059
1584627322549 2.0 1060
1584627326401 8.0 1061
1584627329780 3.0 1062
1584627333136 6.0 1063
1584627335987 6.0 1064
1584627338596 10.0 1065
1584627342592 6.0 1066
1584627345420 7.0 1067
1584627348414 7.0 1068
1584627351389 0.0 1069
1584627354686 1.0 1070
1584627357382 7.0 1071
1584627360431 5.0 1072
1584627363928 7.0 1073
1584627366901 1.0 1074
1584627370821 0.0 1075
1584627373829 2.0 1076
1584627377004 6.0 1077
1584627379732 1.0 1078
1584627382419 5.0 1079
1584627385109 3.0 1080
1584627387820 4.0 1081
1584627391235 6.0 1082
1584627393922 3.0 1083
1584627396634 3.0 1084
1584627399191 3.0 1085
1584627402190 6.0 1086
1584627405851 1.0 1087
1584627408631 5.0 1088
1584627411653 3.0 1089
1584627414634 5.0 1090
1584627417150 6.0 1091
1584627419709 0.0 1092
1584627422559 3.0 1093
1584627426861 0.0 1094
1584627429319 5.0 1095
1584627431885 7.0 1096
1584627436140 5.0 1097
1584627440528 9.0 1098
1584627443545 2.0 1099
1584627447261 5.0 1100
1584627451052 4.0 1101
1584627454290 0.0 1102
1584627457034 6.0 1103
1584627459721 5.0 1104
1584627463210 3.0 1105
1584627466069 2.0 1106
1584627468726 7.0 1107
1584627471655 4.0 1108
1584627474145 10.0 1109
1584627476844 10.0 1110
1584627479455 3.0 1111
1584627482355 5.0 1112
1584627484985 6.0 1113
1584627487795 2.0 1114
1584627490431 7.0 1115
1584627493347 5.0 1116
1584627495872 5.0 1117
1584627498441 4.0 1118
1584627501292 7.0 1119
1584627504068 6.0 1120
1584627506734 7.0 1121
1584627509331 6.0 1122
1584627512215 5.0 1123
1584627514957 7.0 1124
1584627518042 8.0 1125
1584627521095 5.0 1126
1584627524348 4.0 1127
1584627527223 5.0 1128
1584627529989 0.0 1129
1584627532940 7.0 1130
1584627536020 11.0 1131
1584627540364 6.0 1132
1584627543113 8.0 1133
1584627545723 4.0 1134
1584627548403 4.0 1135
1584627551345 5.0 1136
1584627554010 4.0 1137
1584627556673 4.0 1138
1584627560057 3.0 1139
1584627563038 2.0 1140
1584627565631 3.0 1141
1584627568275 4.0 1142
1584627571186 7.0 1143
1584627573839 5.0 1144
1584627576454 3.0 1145
1584627579049 7.0 1146
1584627581837 4.0 1147
1584627584540 7.0 1148
1584627587196 8.0 1149
1584627589839 9.0 1150
1584627592509 5.0 1151
1584627595076 7.0 1152
1584627597741 7.0 1153
1584627600341 2.0 1154
1584627603611 3.0 1155
1584627606450 5.0 1156
1584627609349 9.0 1157
1584627611996 5.0 1158
1584627614898 4.0 1159
1584627619102 4.0 1160
1584627621897 5.0 1161
1584627624709 7.0 1162
1584627627340 6.0 1163
1584627630097 3.0 1164
1584627632992 4.0 1165
1584627635504 8.0 1166
1584627638675 2.0 1167
1584627641387 5.0 1168
1584627644357 4.0 1169
1584627647051 5.0 1170
1584627649709 5.0 1171
1584627652213 5.0 1172
1584627655100 4.0 1173
1584627657809 8.0 1174
1584627660352 7.0 1175
1584627663753 4.0 1176
1584627668007 3.0 1177
1584627670851 3.0 1178
1584627673321 3.0 1179
1584627676177 6.0 1180
1584627680210 2.0 1181
1584627684561 8.0 1182
1584627689168 8.0 1183
1584627694116 5.0 1184
1584627700385 6.0 1185
1584627704841 6.0 1186
1584627708152 4.0 1187
1584627712202 3.0 1188
1584627716545 11.0 1189
1584627720799 6.0 1190
1584627723736 5.0 1191
1584627727031 2.0 1192
1584627730561 5.0 1193
1584627733417 7.0 1194
1584627737686 4.0 1195
1584627740269 4.0 1196
1584627744183 4.0 1197
1584627746923 10.0 1198
1584627749760 4.0 1199
1584627752504 1.0 1200
1584627756401 5.0 1201
1584627761170 3.0 1202
1584627764111 4.0 1203
1584627766874 9.0 1204
1584627769546 9.0 1205
1584627772187 0.0 1206
1584627775025 3.0 1207
1584627777657 7.0 1208
1584627780192 9.0 1209
1584627782995 6.0 1210
1584627785851 2.0 1211
1584627788478 6.0 1212
1584627791164 4.0 1213
1584627793839 2.0 1214
1584627796495 8.0 1215
1584627799003 6.0 1216
1584627802302 6.0 1217
1584627804929 8.0 1218
1584627808112 1.0 1219
1584627810970 8.0 1220
1584627814056 4.0 1221
1584627817677 5.0 1222
1584627820363 4.0 1223
1584627824725 6.0 1224
1584627827849 9.0 1225
1584627830375 6.0 1226
1584627833226 4.0 1227
1584627835787 8.0 1228
1584627838316 8.0 1229
1584627840863 7.0 1230
1584627843775 7.0 1231
1584627846238 6.0 1232
1584627848704 2.0 1233
1584627851228 2.0 1234
1584627853894 6.0 1235
1584627856398 5.0 1236
1584627859036 3.0 1237
1584627861577 10.0 1238
1584627864323 7.0 1239
1584627866809 4.0 1240
1584627869246 7.0 1241
1584627871877 4.0 1242
1584627874543 4.0 1243
1584627877052 9.0 1244
1584627879525 3.0 1245
1584627881945 6.0 1246
1584627884446 8.0 1247
1584627887004 4.0 1248
1584627889472 5.0 1249
1584627892038 15.0 1250
1584627894797 2.0 1251
1584627897363 6.0 1252
1584627899878 5.0 1253
1584627902855 4.0 1254
1584627905453 6.0 1255
1584627908126 10.0 1256
1584627911401 4.0 1257
1584627913863 5.0 1258
1584627916328 5.0 1259
1584627918919 2.0 1260
1584627921541 3.0 1261
1584627924405 10.0 1262
1584627926948 5.0 1263
1584627929631 7.0 1264
1584627932324 7.0 1265
1584627934735 4.0 1266
1584627937197 7.0 1267
1584627939774 8.0 1268
1584627942269 4.0 1269
1584627944737 4.0 1270
1584627947455 7.0 1271
1584627950044 7.0 1272
1584627952574 6.0 1273
1584627955431 7.0 1274
1584627958169 9.0 1275
1584627960950 6.0 1276
1584627964073 7.0 1277
1584627966640 9.0 1278
1584627969260 9.0 1279
1584627971862 3.0 1280
1584627974464 3.0 1281
1584627977319 7.0 1282
1584627979918 5.0 1283
1584627982547 5.0 1284
1584627985175 6.0 1285
1584627987858 6.0 1286
1584627990436 7.0 1287
1584627993192 6.0 1288
1584627995836 5.0 1289
1584627998309 8.0 1290
1584628000891 11.0 1291
1584628003417 3.0 1292
1584628005990 6.0 1293
1584628008765 9.0 1294
1584628011322 9.0 1295
1584628013846 1.0 1296
1584628016419 4.0 1297
1584628018974 6.0 1298
1584628021707 6.0 1299
1584628024318 6.0 1300
1584628027294 6.0 1301
1584628030020 3.0 1302
1584628032524 4.0 1303
1584628035026 6.0 1304
1584628037504 6.0 1305
1584628040062 4.0 1306
1584628042798 6.0 1307
1584628045467 1.0 1308
1584628047934 11.0 1309
1584628050497 7.0 1310
1584628053070 6.0 1311
1584628055753 11.0 1312
1584628058244 6.0 1313
1584628060974 8.0 1314
1584628063543 3.0 1315
1584628066093 2.0 1316
1584628068484 11.0 1317
1584628070994 6.0 1318
1584628073766 7.0 1319
1584628076151 7.0 1320
1584628078703 5.0 1321
1584628081239 6.0 1322
1584628083805 8.0 1323
1584628086312 8.0 1324
1584628089149 6.0 1325
1584628091673 8.0 1326
1584628094159 8.0 1327
1584628096584 6.0 1328
1584628099022 4.0 1329
1584628101675 7.0 1330
1584628104581 8.0 1331
1584628107216 3.0 1332
1584628109656 5.0 1333
1584628112223 6.0 1334
1584628114920 2.0 1335
1584628117675 7.0 1336
1584628120329 8.0 1337
1584628122796 9.0 1338
1584628125822 7.0 1339
1584628128332 7.0 1340
1584628130698 8.0 1341
1584628133147 9.0 1342
1584628135691 9.0 1343
1584628138394 11.0 1344
1584628141033 2.0 1345
1584628143954 8.0 1346
1584628146482 8.0 1347
1584628149103 1.0 1348
1584628151643 4.0 1349
1584628154110 10.0 1350
1584628156924 5.0 1351
1584628159678 6.0 1352
1584628162099 5.0 1353
1584628164473 6.0 1354
1584628167048 4.0 1355
1584628169675 7.0 1356
1584628172295 4.0 1357
1584628174874 7.0 1358
1584628177423 2.0 1359
1584628179909 2.0 1360
1584628182471 5.0 1361
1584628185146 5.0 1362
1584628187701 7.0 1363
1584628190276 10.0 1364
1584628192816 7.0 1365
1584628195257 3.0 1366
1584628197789 3.0 1367
1584628200595 3.0 1368
1584628203554 -1.0 1369
1584628206030 6.0 1370
1584628208423 4.0 1371
1584628210909 9.0 1372
1584628213544 12.0 1373
1584628216063 1.0 1374
1584628218754 4.0 1375
1584628221306 7.0 1376
1584628224217 12.0 1377
1584628226700 1.0 1378
1584628229465 5.0 1379
1584628232026 1.0 1380
1584628234554 9.0 1381
1584628237157 5.0 1382
1584628239847 4.0 1383
1584628242363 6.0 1384
1584628245059 4.0 1385
1584628247664 6.0 1386
1584628250373 7.0 1387
1584628252990 9.0 1388
1584628255645 7.0 1389
1584628258092 9.0 1390
1584628260481 8.0 1391
1584628263530 0.0 1392
1584628266311 3.0 1393
1584628268984 3.0 1394
1584628271431 8.0 1395
1584628273929 4.0 1396
1584628276611 6.0 1397
1584628279202 3.0 1398
1584628281839 8.0 1399
1584628284458 0.0 1400
1584628287799 4.0 1401
1584628290832 13.0 1402
1584628293737 5.0 1403
1584628296381 1.0 1404
1584628298959 7.0 1405
1584628301668 5.0 1406
1584628304231 8.0 1407
1584628306905 9.0 1408
1584628309359 6.0 1409
1584628311916 1.0 1410
1584628314787 7.0 1411
1584628317332 11.0 1412
1584628320111 5.0 1413
1584628323063 6.0 1414
1584628325592 9.0 1415
1584628328195 9.0 1416
1584628330838 11.0 1417
1584628333566 6.0 1418
1584628336338 6.0 1419
1584628338906 2.0 1420
1584628341459 10.0 1421
1584628344147 10.0 1422
1584628346969 5.0 1423
1584628349789 9.0 1424
1584628352737 7.0 1425
1584628355398 6.0 1426
1584628358184 9.0 1427
1584628360932 3.0 1428
1584628364974 9.0 1429
1584628367893 8.0 1430
1584628370649 7.0 1431
1584628373551 8.0 1432
1584628376170 4.0 1433
1584628378729 7.0 1434
1584628381469 8.0 1435
1584628384409 8.0 1436
1584628387075 6.0 1437
1584628389748 9.0 1438
1584628392534 8.0 1439
1584628395078 8.0 1440
1584628397693 6.0 1441
1584628400381 7.0 1442
1584628403519 5.0 1443
1584628406206 3.0 1444
1584628408727 2.0 1445
1584628411423 8.0 1446
1584628414083 4.0 1447
1584628416934 5.0 1448
1584628420029 8.0 1449
1584628422938 3.0 1450
1584628425813 6.0 1451
1584628428684 9.0 1452
1584628431415 3.0 1453
1584628434157 3.0 1454
1584628438171 7.0 1455
1584628440931 2.0 1456
1584628443759 11.0 1457
1584628446264 5.0 1458
1584628448800 5.0 1459
1584628451713 8.0 1460
1584628454439 5.0 1461
1584628457137 7.0 1462
1584628460005 12.0 1463
1584628462756 9.0 1464
1584628465427 7.0 1465
1584628468086 7.0 1466
1584628470937 1.0 1467
1584628473663 7.0 1468
1584628476532 6.0 1469
1584628479178 5.0 1470
1584628482124 7.0 1471
1584628484865 6.0 1472
1584628487632 9.0 1473
1584628490315 4.0 1474
1584628493027 9.0 1475
1584628495815 10.0 1476
1584628498492 8.0 1477
1584628501233 9.0 1478
1584628504856 6.0 1479
1584628507742 7.0 1480
1584628510710 11.0 1481
1584628513428 8.0 1482
1584628516115 7.0 1483
1584628518951 7.0 1484
1584628521638 2.0 1485
1584628524448 8.0 1486
1584628527117 6.0 1487
1584628529993 9.0 1488
1584628532721 4.0 1489
1584628535278 15.0 1490
1584628538000 5.0 1491
1584628540485 9.0 1492
1584628543272 1.0 1493
1584628546196 7.0 1494
1584628548850 7.0 1495
1584628551488 6.0 1496
1584628554165 5.0 1497
1584628557060 7.0 1498
1584628560019 5.0 1499
1584628562909 3.0 1500
1584628565945 8.0 1501
1584628568806 8.0 1502
1584628571515 8.0 1503
1584628574336 5.0 1504
1584628577313 5.0 1505
1584628580091 5.0 1506
1584628582877 11.0 1507
1584628585486 12.0 1508
1584628588336 4.0 1509
1584628591205 7.0 1510
1584628595710 3.0 1511
1584628598601 9.0 1512
1584628601374 6.0 1513
1584628604102 9.0 1514
1584628607779 6.0 1515
1584628610997 9.0 1516
1584628614246 2.0 1517
1584628617226 6.0 1518
1584628619906 9.0 1519
1584628623081 8.0 1520
1584628625826 6.0 1521
1584628628467 5.0 1522
1584628631338 8.0 1523
1584628634152 9.0 1524
1584628636891 5.0 1525
1584628639910 10.0 1526
1584628642888 9.0 1527
1584628645754 6.0 1528
1584628648325 7.0 1529
1584628651050 8.0 1530
1584628653763 10.0 1531
1584628656568 7.0 1532
1584628659147 3.0 1533
1584628661833 9.0 1534
1584628664481 5.0 1535
1584628667181 11.0 1536
1584628669747 11.0 1537
1584628672411 12.0 1538
1584628675212 9.0 1539
1584628677869 14.0 1540
1584628680394 9.0 1541
1584628683287 7.0 1542
1584628685969 4.0 1543
1584628688697 11.0 1544
1584628691879 6.0 1545
1584628694872 10.0 1546
1584628697832 6.0 1547
1584628700823 9.0 1548
1584628703561 5.0 1549
1584628706324 11.0 1550
1584628709016 12.0 1551
1584628712106 10.0 1552
1584628714789 3.0 1553
1584628717648 5.0 1554
1584628720530 8.0 1555
1584628723228 5.0 1556
1584628726038 10.0 1557
1584628728654 6.0 1558
1584628731244 8.0 1559
1584628734035 8.0 1560
1584628736575 5.0 1561
1584628739225 11.0 1562
1584628741914 8.0 1563
1584628745154 10.0 1564
1584628747911 12.0 1565
1584628750491 9.0 1566
1584628752989 13.0 1567
1584628755671 5.0 1568
1584628758207 9.0 1569
1584628761005 14.0 1570
1584628763587 9.0 1571
1584628766361 8.0 1572
1584628769276 12.0 1573
1584628772055 8.0 1574
1584628775256 8.0 1575
1584628778088 7.0 1576
1584628780851 8.0 1577
1584628783407 11.0 1578
1584628786129 9.0 1579
1584628788716 10.0 1580
1584628791563 9.0 1581
1584628794195 9.0 1582
1584628796790 9.0 1583
1584628799242 14.0 1584
1584628802054 6.0 1585
1584628805032 6.0 1586
1584628807777 9.0 1587
1584628810710 7.0 1588
1584628813748 11.0 1589
1584628816382 8.0 1590
1584628818943 10.0 1591
1584628821488 4.0 1592
1584628824284 6.0 1593
1584628827060 9.0 1594
1584628829573 7.0 1595
1584628832194 4.0 1596
1584628834747 7.0 1597
1584628837294 11.0 1598
1584628839920 9.0 1599
1584628842681 3.0 1600
1584628845716 8.0 1601
1584628848295 11.0 1602
1584628850976 7.0 1603
1584628853540 9.0 1604
1584628856214 10.0 1605
1584628859023 4.0 1606
1584628861847 6.0 1607
1584628864745 7.0 1608
1584628867533 11.0 1609
1584628870246 7.0 1610
1584628873068 8.0 1611
1584628875844 9.0 1612
1584628878473 10.0 1613
1584628881158 6.0 1614
1584628883700 9.0 1615
1584628886316 11.0 1616
1584628888810 4.0 1617
1584628891764 8.0 1618
1584628894434 5.0 1619
1584628896989 10.0 1620
1584628899490 4.0 1621
1584628902133 5.0 1622
1584628904903 9.0 1623
1584628907826 7.0 1624
1584628910441 9.0 1625
1584628913281 9.0 1626
1584628915877 5.0 1627
1584628918386 10.0 1628
1584628921325 6.0 1629
1584628924289 11.0 1630
1584628927074 4.0 1631
1584628929973 6.0 1632
1584628933038 10.0 1633
1584628935986 9.0 1634
1584628938679 8.0 1635
1584628941275 9.0 1636
1584628943925 7.0 1637
1584628946564 9.0 1638
1584628949329 11.0 1639
1584628951975 8.0 1640
1584628954507 5.0 1641
1584628957042 8.0 1642
1584628959582 7.0 1643
1584628962340 6.0 1644
1584628965053 7.0 1645
1584628967590 2.0 1646
1584628970210 5.0 1647
1584628972843 8.0 1648
1584628975341 5.0 1649
1584628977988 8.0 1650
1584628980800 9.0 1651
1584628983596 8.0 1652
1584628986116 7.0 1653
1584628988757 10.0 1654
1584628991362 6.0 1655
1584628994283 7.0 1656
1584628997208 10.0 1657
1584628999747 10.0 1658
1584629002210 9.0 1659
1584629005811 8.0 1660
1584629009020 6.0 1661
1584629011882 5.0 1662
1584629014448 8.0 1663
1584629017133 8.0 1664
1584629019706 10.0 1665
1584629023619 11.0 1666
1584629026067 6.0 1667
1584629028687 9.0 1668
1584629031259 7.0 1669
1584629033754 13.0 1670
1584629036323 12.0 1671
1584629038761 8.0 1672
1584629041354 9.0 1673
1584629043961 5.0 1674
1584629046499 12.0 1675
1584629049849 11.0 1676
1584629055299 8.0 1677
1584629059535 6.0 1678
1584629062758 8.0 1679
1584629066283 8.0 1680
1584629068998 10.0 1681
1584629071715 4.0 1682
1584629074431 7.0 1683
1584629077888 10.0 1684
1584629080946 12.0 1685
1584629083884 9.0 1686
1584629086682 6.0 1687
1584629089184 10.0 1688
1584629091743 12.0 1689
1584629094300 12.0 1690
1584629097089 9.0 1691
1584629099476 7.0 1692
1584629102691 9.0 1693
1584629105365 2.0 1694
1584629107885 6.0 1695
1584629110451 5.0 1696
1584629113120 9.0 1697
1584629115850 4.0 1698
1584629118556 9.0 1699
1584629121130 2.0 1700
1584629124227 8.0 1701
1584629126854 11.0 1702
1584629129454 7.0 1703
1584629132055 7.0 1704
1584629135151 12.0 1705
1584629138010 4.0 1706
1584629140624 8.0 1707
1584629143208 9.0 1708
1584629145852 4.0 1709
1584629148458 13.0 1710
1584629150943 10.0 1711
1584629153656 7.0 1712
1584629156304 6.0 1713
1584629158976 9.0 1714
1584629161816 11.0 1715
1584629164567 4.0 1716
1584629167086 11.0 1717
1584629169610 11.0 1718
1584629172318 8.0 1719
1584629174763 8.0 1720
1584629177452 8.0 1721
1584629180100 11.0 1722
1584629182690 7.0 1723
1584629185283 11.0 1724
1584629187933 8.0 1725
1584629190837 11.0 1726
1584629193449 12.0 1727
1584629196065 7.0 1728
1584629198454 8.0 1729
1584629201677 4.0 1730
1584629204319 11.0 1731
1584629206949 5.0 1732
1584629209426 8.0 1733
1584629211854 3.0 1734
1584629214687 9.0 1735
1584629217467 7.0 1736
1584629220096 3.0 1737
1584629223066 4.0 1738
1584629225765 7.0 1739
1584629228345 8.0 1740
1584629231040 6.0 1741
1584629233651 6.0 1742
1584629236225 9.0 1743
1584629238851 10.0 1744
1584629241598 14.0 1745
1584629244139 9.0 1746
1584629246736 4.0 1747
1584629249336 7.0 1748
1584629252089 2.0 1749
1584629254894 4.0 1750
1584629257657 8.0 1751
1584629260356 10.0 1752
1584629263046 5.0 1753
1584629265449 12.0 1754
1584629268024 6.0 1755
1584629270728 4.0 1756
1584629273507 5.0 1757
1584629276054 8.0 1758
1584629278522 9.0 1759
1584629281074 11.0 1760
1584629283911 7.0 1761
1584629286517 15.0 1762
1584629289252 7.0 1763
1584629291805 7.0 1764
1584629294274 13.0 1765
1584629298608 1.0 1766
1584629302368 5.0 1767
1584629304921 8.0 1768
1584629307399 9.0 1769
1584629310005 2.0 1770
1584629312570 3.0 1771
1584629315047 10.0 1772
1584629317683 2.0 1773
1584629320130 8.0 1774
1584629322768 7.0 1775
1584629325310 10.0 1776
1584629327875 14.0 1777
1584629330424 5.0 1778
1584629332947 6.0 1779
1584629335460 8.0 1780
1584629337975 5.0 1781
1584629340703 8.0 1782
1584629343370 7.0 1783
1584629345943 2.0 1784
1584629348492 5.0 1785
1584629351108 4.0 1786
1584629353858 9.0 1787
1584629356417 10.0 1788
1584629359035 6.0 1789
1584629361933 12.0 1790
1584629364751 10.0 1791
1584629367222 11.0 1792
1584629369804 9.0 1793
1584629372344 6.0 1794
1584629374929 9.0 1795
1584629377407 8.0 1796
1584629379877 5.0 1797
1584629382707 9.0 1798
1584629385506 10.0 1799
1584629388075 10.0 1800
1584629391067 8.0 1801
1584629393661 6.0 1802
1584629396333 12.0 1803
1584629398768 8.0 1804
1584629401301 5.0 1805
1584629403994 11.0 1806
1584629406678 14.0 1807
1584629409130 10.0 1808
1584629411675 7.0 1809
1584629414289 8.0 1810
1584629416868 6.0 1811
1584629419564 7.0 1812
1584629422263 7.0 1813
1584629424823 10.0 1814
1584629427580 13.0 1815
1584629430250 10.0 1816
1584629432819 6.0 1817
1584629435543 2.0 1818
1584629438013 11.0 1819
1584629440439 8.0 1820
1584629442949 8.0 1821
1584629445411 9.0 1822
1584629448025 14.0 1823
1584629450563 12.0 1824
1584629453077 12.0 1825
1584629455926 13.0 1826
1584629458744 11.0 1827
1584629461218 7.0 1828
1584629463913 12.0 1829
1584629466400 9.0 1830
1584629468982 5.0 1831
1584629471763 8.0 1832
1584629474211 10.0 1833
1584629477057 8.0 1834
1584629479653 9.0 1835
1584629482206 9.0 1836
1584629485281 6.0 1837
1584629488272 8.0 1838
1584629491171 9.0 1839
1584629493955 6.0 1840
1584629496690 7.0 1841
1584629499048 5.0 1842
1584629501522 7.0 1843
1584629504017 7.0 1844
1584629506564 6.0 1845
1584629509026 7.0 1846
1584629511621 9.0 1847
1584629514197 9.0 1848
1584629516747 8.0 1849
1584629519363 6.0 1850
1584629522408 7.0 1851
1584629525108 13.0 1852
1584629527754 14.0 1853
1584629530714 10.0 1854
1584629533585 9.0 1855
1584629536235 3.0 1856
1584629538856 14.0 1857
1584629541606 8.0 1858
1584629544082 11.0 1859
1584629546695 8.0 1860
1584629549242 7.0 1861
1584629551986 13.0 1862
1584629554627 10.0 1863
1584629557202 13.0 1864
1584629559734 10.0 1865
1584629562176 11.0 1866
1584629564770 5.0 1867
1584629567291 5.0 1868
1584629569917 4.0 1869
1584629572351 7.0 1870
1584629574807 14.0 1871
1584629577313 10.0 1872
1584629579939 9.0 1873
1584629582776 10.0 1874
1584629585344 7.0 1875
1584629587927 0.0 1876
1584629590795 4.0 1877
1584629593469 11.0 1878
1584629595863 12.0 1879
1584629598361 5.0 1880
1584629600929 10.0 1881
1584629603477 8.0 1882
1584629606050 9.0 1883
1584629608597 8.0 1884
1584629611260 11.0 1885
1584629613883 9.0 1886
1584629616387 2.0 1887
1584629618879 7.0 1888
1584629621619 9.0 1889
1584629624247 10.0 1890
1584629626769 4.0 1891
1584629629154 10.0 1892
1584629631762 14.0 1893
1584629634443 11.0 1894
1584629637007 10.0 1895
1584629639508 12.0 1896
1584629642155 3.0 1897
1584629644724 13.0 1898
1584629647315 5.0 1899
1584629649835 9.0 1900
1584629652791 12.0 1901
1584629655305 7.0 1902
1584629657919 11.0 1903
1584629660415 11.0 1904
1584629663005 4.0 1905
1584629665870 10.0 1906
1584629668502 6.0 1907
1584629670982 6.0 1908
1584629673582 7.0 1909
1584629676105 9.0 1910
1584629678682 12.0 1911
1584629681272 4.0 1912
1584629684080 7.0 1913
1584629686674 14.0 1914
1584629689448 3.0 1915
1584629691994 4.0 1916
1584629694516 8.0 1917
1584629697062 11.0 1918
1584629699553 8.0 1919
1584629702115 2.0 1920
1584629704628 7.0 1921
1584629707141 7.0 1922
1584629709770 11.0 1923
1584629712641 6.0 1924
1584629715161 8.0 1925
1584629717766 11.0 1926
1584629720475 7.0 1927
1584629723012 10.0 1928
1584629725581 10.0 1929
1584629728154 10.0 1930
1584629730687 11.0 1931
1584629733373 6.0 1932
1584629735889 12.0 1933
1584629738329 12.0 1934
1584629741257 7.0 1935
1584629744012 8.0 1936
1584629746613 11.0 1937
1584629749252 16.0 1938
1584629751909 5.0 1939
1584629754548 8.0 1940
1584629757134 5.0 1941
1584629759728 6.0 1942
1584629762634 9.0 1943
1584629765322 13.0 1944
1584629767867 12.0 1945
1584629770403 9.0 1946
1584629772988 5.0 1947
1584629775665 11.0 1948
1584629778307 8.0 1949
1584629781063 8.0 1950
1584629783727 15.0 1951
1584629786706 7.0 1952
1584629789123 13.0 1953
1584629791701 12.0 1954
1584629794514 11.0 1955
1584629797366 9.0 1956
1584629800120 11.0 1957
1584629802682 8.0 1958
1584629805232 8.0 1959
1584629807898 14.0 1960
1584629810480 10.0 1961
1584629813123 8.0 1962
1584629816403 10.0 1963
1584629819515 11.0 1964
1584629822487 12.0 1965
1584629825060 6.0 1966
1584629827514 6.0 1967
1584629830073 7.0 1968
1584629832888 4.0 1969
1584629835441 3.0 1970
1584629837901 9.0 1971
1584629840347 13.0 1972
1584629842845 8.0 1973
1584629845431 5.0 1974
1584629848090 10.0 1975
1584629850751 9.0 1976
1584629853427 9.0 1977
1584629855971 10.0 1978
1584629859575 9.0 1979
1584629863882 5.0 1980
1584629867249 8.0 1981
1584629869869 12.0 1982
1584629872448 9.0 1983
1584629875056 4.0 1984
1584629877757 15.0 1985
1584629880266 12.0 1986
1584629883463 9.0 1987
1584629886005 5.0 1988
1584629888803 14.0 1989
1584629892020 11.0 1990
1584629894989 10.0 1991
1584629897573 10.0 1992
1584629900272 8.0 1993
1584629903068 13.0 1994
1584629905809 1.0 1995
1584629908225 12.0 1996
1584629910709 9.0 1997
1584629913776 11.0 1998
1584629917813 10.0 1999
1584629923199 10.0 2000
