1583661190595 1.0 1
1583661194331 0.995 2
1583661196633 0.990025 3
1583661198798 0.985074875 4
1583661202171 0.9801495006250001 5
1583661205534 0.9752487531218751 6
1583661207852 0.9703725093562657 7
1583661210535 0.9655206468094844 8
1583661212886 0.960693043575437 9
1583661215268 0.9558895783575597 10
1583661217406 0.9511101304657719 11
1583661219666 0.946354579813443 12
1583661222017 0.9416228069143757 13
1583661224181 0.9369146928798039 14
1583661229726 0.9322301194154049 15
1583661236908 0.9275689688183278 16
1583661239624 0.9229311239742362 17
1583661241744 0.918316468354365 18
1583661245417 0.9137248860125932 19
1583661248529 0.9091562615825302 20
1583661251386 0.9046104802746175 21
1583661254275 0.9000874278732445 22
1583661256994 0.8955869907338783 23
1583661259609 0.8911090557802088 24
1583661262892 0.8866535105013078 25
1583661266843 0.8822202429488013 26
1583661269287 0.8778091417340573 27
1583661271568 0.8734200960253871 28
1583661273790 0.8690529955452602 29
1583661276074 0.8647077305675338 30
1583661278230 0.8603841919146962 31
1583661280452 0.8560822709551227 32
1583661282718 0.851801859600347 33
1583661284968 0.8475428503023453 34
1583661287164 0.8433051360508336 35
1583661289349 0.8390886103705794 36
1583661291567 0.8348931673187264 37
1583661293836 0.8307187014821328 38
1583661296027 0.8265651079747222 39
1583661298233 0.8224322824348486 40
1583661300572 0.8183201210226743 41
1583661302755 0.8142285204175609 42
1583661304914 0.810157377815473 43
1583661307091 0.8061065909263957 44
1583661309256 0.8020760579717637 45
1583661311462 0.798065677681905 46
1583661313628 0.7940753492934954 47
1583661315903 0.7901049725470279 48
1583661318246 0.7861544476842928 49
1583661320501 0.7822236754458713 50
1583661322618 0.778312557068642 51
1583661324750 0.7744209942832988 52
1583661326922 0.7705488893118823 53
1583661329154 0.7666961448653229 54
1583661331435 0.7628626641409962 55
1583661333671 0.7590483508202912 56
1583661335889 0.7552531090661897 57
1583661338028 0.7514768435208588 58
1583661340172 0.7477194593032545 59
1583661342341 0.7439808620067382 60
1583661344496 0.7402609576967045 61
1583661346636 0.736559652908221 62
1583661348803 0.7328768546436799 63
1583661350984 0.7292124703704616 64
1583661353111 0.7255664080186093 65
1583661355244 0.7219385759785162 66
1583661357378 0.7183288830986236 67
1583661359524 0.7147372386831305 68
1583661361713 0.7111635524897149 69
1583661363829 0.7076077347272662 70
1583661365959 0.7040696960536299 71
1583661368084 0.7005493475733617 72
1583661370227 0.697046600835495 73
1583661372375 0.6935613678313175 74
1583661374536 0.6900935609921609 75
1583661376672 0.6866430931872001 76
1583661378917 0.6832098777212641 77
1583661381048 0.6797938283326578 78
1583661383247 0.6763948591909945 79
1583661385401 0.6730128848950395 80
1583661387571 0.6696478204705644 81
1583661389676 0.6662995813682115 82
1583661391832 0.6629680834613705 83
1583661393941 0.6596532430440636 84
1583661396070 0.6563549768288433 85
1583661398188 0.653073201944699 86
1583661400331 0.6498078359349755 87
1583661402489 0.6465587967553006 88
1583661404626 0.6433260027715241 89
1583661406754 0.6401093727576664 90
1583661408918 0.6369088258938781 91
1583661411049 0.6337242817644086 92
1583661413172 0.6305556603555866 93
1583661415312 0.6274028820538087 94
1583661417458 0.6242658676435396 95
1583661419599 0.6211445383053219 96
1583661421703 0.6180388156137953 97
1583661423839 0.6149486215357263 98
1583661425961 0.6118738784280476 99
1583661428081 0.6088145090359074 100
1583661430219 0.6057704364907278 101
1583661432342 0.6027415843082742 102
1583661434516 0.5997278763867329 103
1583661436644 0.5967292370047992 104
1583661438772 0.5937455908197752 105
1583661440909 0.5907768628656763 106
1583661443051 0.5878229785513479 107
1583661445262 0.5848838636585911 108
1583661447410 0.5819594443402982 109
1583661449565 0.5790496471185967 110
1583661451691 0.5761543988830038 111
1583661453791 0.5732736268885887 112
1583661455903 0.5704072587541458 113
1583661458035 0.567555222460375 114
1583661460188 0.5647174463480732 115
1583661462329 0.5618938591163328 116
1583661464467 0.5590843898207511 117
1583661466590 0.5562889678716474 118
1583661468724 0.5535075230322891 119
1583661470864 0.5507399854171277 120
1583661472983 0.547986285490042 121
1583661475140 0.5452463540625918 122
1583661477271 0.5425201222922789 123
1583661479479 0.5398075216808175 124
1583661481606 0.5371084840724134 125
1583661484194 0.5344229416520513 126
1583661486479 0.531750826943791 127
1583661488708 0.5290920728090721 128
1583661491096 0.5264466124450268 129
1583661493362 0.5238143793828016 130
1583661495547 0.5211953074858876 131
1583661497740 0.5185893309484582 132
1583661500210 0.5159963842937159 133
1583661502512 0.5134164023722473 134
1583661505235 0.510849320360386 135
1583661507440 0.5082950737585841 136
1583661509564 0.5057535983897912 137
1583661511710 0.5032248303978422 138
1583661514255 0.500708706245853 139
1583661516591 0.4982051627146237 140
1583661518732 0.49571413690105054 141
1583661520892 0.4932355662165453 142
1583661523009 0.4907693883854626 143
1583661525137 0.4883155414435353 144
1583661527489 0.4858739637363176 145
1583661529956 0.483444593917636 146
1583661532136 0.4810273709480478 147
1583661534374 0.47862223409330756 148
1583661537351 0.47622912292284103 149
1583661539719 0.4738479773082268 150
1583661543118 0.47147873742168567 151
1583661546635 0.46912134373457726 152
1583661550964 0.46677573701590436 153
1583661554992 0.46444185833082485 154
1583661558002 0.46211964903917074 155
1583661562315 0.4598090507939749 156
1583661564584 0.457510005540005 157
1583661566937 0.45522245551230495 158
1583661569408 0.4529463432347434 159
1583661571621 0.4506816115185697 160
1583661573937 0.4484282034609769 161
1583661576116 0.446186062443672 162
1583661578298 0.4439551321314536 163
1583661580754 0.4417353564707963 164
1583661582952 0.43952667968844233 165
1583661585097 0.43732904629000013 166
1583661587263 0.4351424010585501 167
1583661589698 0.43296668905325736 168
1583661592413 0.43080185560799106 169
1583661594898 0.4286478463299511 170
1583661597146 0.42650460709830135 171
1583661599354 0.42437208406280985 172
1583661601704 0.4222502236424958 173
1583661604138 0.42013897252428334 174
1583661606337 0.4180382776616619 175
1583661608599 0.4159480862733536 176
1583661610917 0.41386834584198684 177
1583661613305 0.4117990041127769 178
1583661617064 0.40974000909221303 179
1583661619350 0.40769130904675194 180
1583661622505 0.40565285250151817 181
1583661624649 0.4036245882390106 182
1583661626875 0.4016064652978155 183
1583661629139 0.3995984329713264 184
1583661631353 0.3976004408064698 185
1583661633546 0.39561243860243744 186
1583661635725 0.3936343764094253 187
1583661638073 0.39166620452737816 188
1583661640535 0.3897078735047413 189
1583661642719 0.3877593341372176 190
1583661644947 0.3858205374665315 191
1583661647166 0.38389143477919885 192
1583661649354 0.3819719776053028 193
1583661651490 0.3800621177172763 194
1583661653634 0.37816180712868996 195
1583661655807 0.37627099809304654 196
1583661657944 0.3743896431025813 197
1583661660142 0.37251769488706843 198
1583661662334 0.3706551064126331 199
1583661664524 0.36880183088056995 200
1583661666997 0.3669578217261671 201
1583661669652 0.36512303261753626 202
1583661671837 0.3632974174544486 203
1583661673980 0.3614809303671764 204
1583661676327 0.3596735257153405 205
1583661679356 0.3578751580867638 206
1583661682170 0.35608578229633 207
1583661684538 0.3543053533848483 208
1583661686915 0.35253382661792404 209
1583661690753 0.3507711574848344 210
1583661693021 0.34901730169741024 211
1583661696475 0.3472722151889232 212
1583661700093 0.3455358541129786 213
1583661702642 0.3438081748424137 214
1583661706183 0.3420891339682016 215
1583661708735 0.3403786882983606 216
1583661711558 0.3386767948568688 217
1583661714193 0.33698341088258443 218
1583661716618 0.3352984938281715 219
1583661718922 0.33362200135903064 220
1583661721236 0.33195389135223546 221
1583661723529 0.3302941218954743 222
1583661725791 0.32864265128599696 223
1583661728004 0.326999438029567 224
1583661730397 0.3253644408394192 225
1583661732636 0.3237376186352221 226
1583661734806 0.322118930542046 227
1583661737175 0.32050833588933575 228
1583661739429 0.31890579420988907 229
1583661741634 0.3173112652388396 230
1583661743865 0.3157247089126454 231
1583661746084 0.3141460853680822 232
1583661748370 0.3125753549412418 233
1583661750596 0.31101247816653554 234
1583661752888 0.30945741577570285 235
1583661756766 0.3079101286968243 236
1583661759326 0.3063705780533402 237
1583661761758 0.30483872516307353 238
1583661763888 0.3033145315372582 239
1583661766020 0.3017979588795719 240
1583661768258 0.30028896908517405 241
1583661770428 0.2987875242397482 242
1583661772607 0.29729358661854943 243
1583661774739 0.29580711868545667 244
1583661776888 0.2943280830920294 245
1583661779047 0.29285644267656924 246
1583661781206 0.2913921604631864 247
1583661783766 0.28993519966087045 248
1583661786032 0.2884855236625661 249
1583661788303 0.28704309604425327 250
1583661790467 0.285607880564032 251
1583661792669 0.28417984116121187 252
1583661795141 0.2827589419554058 253
1583661797749 0.28134514724562876 254
1583661800091 0.2799384215094006 255
1583661802228 0.27853872940185365 256
1583661804387 0.27714603575484437 257
1583661806519 0.2757603055760701 258
1583661808644 0.2743815040481898 259
1583661810804 0.2730095965279488 260
1583661812920 0.27164454854530906 261
1583661815052 0.2702863258025825 262
1583661817493 0.2689348941735696 263
1583661819786 0.26759021970270175 264
1583661822001 0.2662522686041882 265
1583661824175 0.2649210072611673 266
1583661826737 0.26359640222486147 267
1583661828957 0.26227842021373715 268
1583661831077 0.2609670281126685 269
1583661833336 0.25966219297210513 270
1583661835496 0.2583638820072446 271
1583661837675 0.2570720625972084 272
1583661840065 0.25578670228422234 273
1583661842265 0.25450776877280124 274
1583661844409 0.2532352299289372 275
1583661846576 0.2519690537792925 276
1583661849249 0.2507092085103961 277
1583661851444 0.2494556624678441 278
1583661853806 0.24820838415550486 279
1583661856076 0.24696734223472733 280
1583661858223 0.2457325055235537 281
1583661860529 0.24450384299593592 282
1583661863216 0.24328132378095624 283
1583661865455 0.24206491716205145 284
1583661867702 0.2408545925762412 285
1583661869914 0.23965031961336 286
1583661872086 0.2384520680152932 287
1583661874256 0.23725980767521673 288
1583661876451 0.23607350863684065 289
1583661878684 0.23489314109365644 290
1583661880895 0.23371867538818816 291
1583661883186 0.23255008201124722 292
1583661886281 0.231387331601191 293
1583661891694 0.23023039494318503 294
1583661894163 0.2290792429684691 295
1583661896955 0.22793384675362674 296
1583661900408 0.22679417751985861 297
1583661902619 0.22566020663225933 298
1583661904760 0.22453190559909803 299
1583661906957 0.22340924607110255 300
1583661909174 0.22229219984074702 301
1583661911583 0.2211807388415433 302
1583661913965 0.22007483514733558 303
1583661916126 0.2189744609715989 304
1583661918295 0.2178795886667409 305
1583661920485 0.2167901907234072 306
1583661922703 0.21570623976979014 307
1583661925034 0.21462770857094118 308
1583661927219 0.21355457002808648 309
1583661929603 0.21248679717794605 310
1583661931821 0.21142436319205632 311
1583661934024 0.21036724137609603 312
1583661936209 0.20931540516921554 313
1583661938531 0.20826882814336947 314
1583661940747 0.20722748400265262 315
1583661942960 0.20619134658263935 316
1583661945179 0.20516038984972615 317
1583661947333 0.2041345879004775 318
1583661949754 0.2031139149609751 319
1583661951951 0.20209834538617025 320
1583661954170 0.2010878536592394 321
1583661956404 0.2000824143909432 322
1583661958574 0.19908200231898848 323
1583661960951 0.19808659230739353 324
1583661963321 0.19709615934585656 325
1583661965568 0.19611067854912728 326
1583661967772 0.19513012515638165 327
1583661970088 0.19415447453059972 328
1583661972280 0.19318370215794672 329
1583661974507 0.192217783647157 330
1583661976725 0.1912566947289212 331
1583661978902 0.1903004112552766 332
1583661981126 0.18934890919900021 333
1583661983467 0.18840216465300522 334
1583661985751 0.18746015382974018 335
1583661987965 0.1865228530605915 336
1583661990282 0.18559023879528855 337
1583661994184 0.1846622876013121 338
1583661998030 0.18373897616330553 339
1583662000195 0.182820281282489 340
1583662002440 0.18190617987607657 341
1583662004658 0.18099664897669618 342
1583662006881 0.1800916657318127 343
1583662009164 0.17919120740315364 344
1583662011413 0.17829525136613786 345
1583662013669 0.17740377510930716 346
1583662015902 0.17651675623376062 347
1583662018010 0.1756341724525918 348
1583662020424 0.17475600159032884 349
1583662022633 0.17388222158237718 350
1583662024852 0.1730128104744653 351
1583662027130 0.17214774642209296 352
1583662029471 0.1712870076899825 353
1583662031715 0.17043057265153258 354
1583662034012 0.16957841978827493 355
1583662036201 0.16873052768933355 356
1583662038387 0.1678868750508869 357
1583662040532 0.16704744067563246 358
1583662042770 0.1662122034722543 359
1583662045432 0.16538114245489302 360
1583662047811 0.16455423674261854 361
1583662049987 0.16373146555890544 362
1583662052242 0.16291280823111093 363
1583662054474 0.16209824418995536 364
1583662056737 0.16128775296900558 365
1583662058994 0.16048131420416054 366
1583662061472 0.15967890763313974 367
1583662064050 0.15888051309497406 368
1583662066243 0.1580861105294992 369
1583662068607 0.1572956799768517 370
1583662070878 0.15650920157696743 371
1583662073128 0.1557266555690826 372
1583662076020 0.1549480222912372 373
1583662079449 0.15417328217978102 374
1583662082244 0.1534024157688821 375
1583662085170 0.1526354036900377 376
1583662089066 0.1518722266715875 377
1583662091405 0.15111286553822956 378
1583662094225 0.15035730121053842 379
1583662097967 0.14960551470448571 380
1583662100087 0.14885748713096328 381
1583662102232 0.14811319969530845 382
1583662104560 0.1473726336968319 383
1583662107146 0.14663577052834775 384
1583662109277 0.14590259167570602 385
1583662111430 0.1451730787173275 386
1583662113589 0.14444721332374086 387
1583662115724 0.14372497725712216 388
1583662117889 0.14300635237083656 389
1583662120345 0.14229132060898236 390
1583662122779 0.14157986400593744 391
1583662125110 0.14087196468590776 392
1583662127291 0.14016760486247823 393
1583662129975 0.13946676683816583 394
1583662132121 0.138769433003975 395
1583662134252 0.13807558583895513 396
1583662136401 0.13738520790976036 397
1583662138527 0.13669828187021155 398
1583662140653 0.13601479046086049 399
1583662142804 0.1353347165085562 400
1583662144992 0.1346580429260134 401
1583662147141 0.13398475271138335 402
1583662149285 0.13331482894782642 403
1583662151420 0.13264825480308728 404
1583662153640 0.13198501352907185 405
1583662155826 0.1313250884614265 406
1583662157958 0.13066846301911936 407
1583662160093 0.13001512070402377 408
1583662162244 0.12936504510050365 409
1583662164385 0.12871821987500112 410
1583662166566 0.12807462877562611 411
1583662168700 0.12743425563174798 412
1583662170872 0.12679708435358925 413
1583662173047 0.1261630989318213 414
1583662175220 0.1255322834371622 415
1583662177368 0.12490462201997637 416
1583662179560 0.1242800989098765 417
1583662181698 0.12365869841532712 418
1583662183871 0.12304040492325048 419
1583662186006 0.12242520289863423 420
1583662188147 0.12181307688414106 421
1583662190314 0.12120401149972035 422
1583662192493 0.12059799144222175 423
1583662194972 0.11999500148501063 424
1583662198072 0.11939502647758558 425
1583662200396 0.11879805134519765 426
1583662202968 0.11820406108847166 427
1583662205150 0.1176130407830293 428
1583662207322 0.11702497557911415 429
1583662209524 0.11643985070121858 430
1583662211668 0.11585765144771248 431
1583662213837 0.11527836319047392 432
1583662215958 0.11470197137452155 433
1583662218099 0.11412846151764894 434
1583662220322 0.1135578192100607 435
1583662222672 0.11299003011401039 436
1583662225027 0.11242507996344034 437
1583662227506 0.11186295456362313 438
1583662229875 0.11130363979080501 439
1583662232033 0.11074712159185099 440
1583662234196 0.11019338598389174 441
1583662236406 0.10964241905397228 442
1583662238825 0.10909420695870241 443
1583662241257 0.1085487359239089 444
1583662243585 0.10800599224428936 445
1583662245969 0.10746596228306791 446
1583662248297 0.10692863247165257 447
1583662250475 0.1063939893092943 448
1583662252704 0.10586201936274783 449
1583662254876 0.10533270926593409 450
1583662257226 0.10480604571960442 451
1583662259390 0.1042820154910064 452
1583662261556 0.10376060541355137 453
1583662263720 0.1032418023864836 454
1583662265861 0.10272559337455119 455
1583662268029 0.10221196540767843 456
1583662270559 0.10170090558064004 457
1583662272707 0.10119240105273684 458
1583662274862 0.10068643904747315 459
1583662276971 0.10018300685223579 460
1583662279242 0.0996820918179746 461
1583662282118 0.09918368135888474 462
1583662284321 0.09868776295209031 463
1583662286511 0.09819432413732986 464
1583662288697 0.09770335251664321 465
1583662290944 0.09721483575406 466
1583662293153 0.09672876157528969 467
1583662295318 0.09624511776741324 468
1583662297512 0.09576389217857617 469
1583662299766 0.09528507271768329 470
1583662302004 0.09480864735409487 471
1583662304173 0.0943346041173244 472
1583662306411 0.09386293109673778 473
1583662308613 0.09339361644125409 474
1583662310872 0.09292664835904782 475
1583662313065 0.09246201511725258 476
1583662315305 0.09199970504166631 477
1583662317746 0.09153970651645797 478
1583662319942 0.09108200798387568 479
1583662322103 0.0906265979439563 480
1583662324301 0.09017346495423652 481
1583662326465 0.08972259762946533 482
1583662328764 0.089273984641318 483
1583662330987 0.0888276147181114 484
1583662333126 0.08838347664452084 485
1583662335267 0.08794155926129824 486
1583662337419 0.08750185146499175 487
1583662339562 0.08706434220766679 488
1583662341692 0.08662902049662846 489
1583662343836 0.08619587539414532 490
1583662345990 0.08576489601717459 491
1583662348179 0.08533607153708872 492
1583662350329 0.08490939117940327 493
1583662352488 0.08448484422350626 494
1583662354647 0.08406242000238873 495
1583662356789 0.08364210790237678 496
1583662358955 0.0832238973628649 497
1583662361091 0.08280777787605056 498
1583662363320 0.08239373898667031 499
1583662365993 0.08198177029173696 500
1583662368199 0.08157186144027828 501
1583662370522 0.0811640021330769 502
1583662373243 0.08075818212241151 503
1583662375661 0.08035439121179945 504
1583662377907 0.07995261925574046 505
1583662380084 0.07955285615946175 506
1583662382319 0.07915509187866444 507
1583662384489 0.07875931641927113 508
1583662386597 0.07836551983717477 509
1583662388820 0.07797369223798889 510
1583662391409 0.07758382377679894 511
1583662394601 0.07719590465791494 512
1583662396820 0.07680992513462537 513
1583662399388 0.07642587550895225 514
1583662402196 0.07604374613140748 515
1583662404897 0.07566352740075044 516
1583662407473 0.07528520976374668 517
1583662411574 0.07490878371492794 518
1583662415387 0.0745342397963533 519
1583662417800 0.07416156859737154 520
1583662419966 0.07379076075438468 521
1583662422125 0.07342180695061275 522
1583662424334 0.07305469791585968 523
1583662426805 0.07268942442628039 524
1583662429235 0.07232597730414898 525
1583662432731 0.07196434741762824 526
1583662437784 0.0716045256805401 527
1583662444066 0.0712465030521374 528
1583662446890 0.0708902705368767 529
1583662450521 0.07053581918419231 530
1583662454191 0.07018314008827135 531
1583662458734 0.06983222438783 532
1583662461110 0.06948306326589085 533
1583662463339 0.0691356479495614 534
1583662465537 0.06878996970981359 535
1583662467950 0.06844601986126451 536
1583662470134 0.06810378976195819 537
1583662472333 0.0677632708131484 538
1583662474472 0.06742445445908266 539
1583662477449 0.06708733218678724 540
1583662481550 0.0667518955258533 541
1583662485554 0.06641813604822402 542
1583662488047 0.0660860453679829 543
1583662490470 0.06575561514114299 544
1583662492601 0.06542683706543727 545
1583662494741 0.06509970288011008 546
1583662496886 0.06477420436570952 547
1583662499037 0.06445033334388098 548
1583662501181 0.06412808167716157 549
1583662503316 0.06380744126877576 550
1583662505482 0.06348840406243188 551
1583662507670 0.06317096204211972 552
1583662509913 0.06285510723190912 553
1583662512105 0.06254083169574957 554
1583662514243 0.062228127537270826 555
1583662516397 0.06191698689958447 556
1583662519011 0.061607401965086545 557
1583662521396 0.06129936495526111 558
1583662524028 0.0609928681304848 559
1583662526221 0.060687903789832374 560
1583662528375 0.06038446427088321 561
1583662530527 0.06008254194952879 562
1583662532653 0.05978212923978115 563
1583662534789 0.05948321859358224 564
1583662536948 0.05918580250061433 565
1583662539076 0.058889873488111255 566
1583662541260 0.058595424120670696 567
1583662543469 0.05830244700006734 568
1583662546077 0.058010934765067 569
1583662548955 0.05772088009124167 570
1583662553232 0.05743227569078546 571
1583662555446 0.05714511431233153 572
1583662557611 0.05685938874076987 573
1583662560172 0.056575091797066025 574
1583662562553 0.056292216338080694 575
1583662565527 0.05601075525639029 576
1583662567698 0.05573070148010834 577
1583662569864 0.0554520479727078 578
1583662575380 0.05517478773284426 579
1583662577566 0.05489891379418004 580
1583662579818 0.05462441922520914 581
1583662582056 0.0543512971290831 582
1583662584416 0.05407954064343768 583
1583662586745 0.05380914294022049 584
1583662589245 0.05354009722551939 585
1583662592126 0.05327239673939179 586
1583662596019 0.053006034755694834 587
1583662598298 0.052741004581916356 588
1583662601623 0.052477299559006776 589
1583662607006 0.052214913061211746 590
1583662609547 0.05195383849590569 591
1583662611813 0.05169406930342616 592
1583662614032 0.05143559895690903 593
1583662616268 0.051178420962124486 594
1583662618486 0.05092252885731386 595
1583662620856 0.05066791621302729 596
1583662623199 0.05041457663196215 597
1583662625331 0.050162503748802344 598
1583662627527 0.049911691230058335 599
1583662629732 0.04966213277390804 600
1583662633101 0.0494138221100385 601
1583662635364 0.04916675299948831 602
1583662639185 0.04892091923449087 603
1583662643658 0.04867631463831842 604
1583662647251 0.048432933065126825 605
1583662650475 0.048190768399801194 606
1583662652827 0.04794981455780219 607
1583662655411 0.04771006548501318 608
1583662659513 0.047471515157588115 609
1583662662554 0.047234157581800176 610
1583662665137 0.046997986793891174 611
