1583661194326 0.0 1
1583661196626 1.5 2
1583661198793 1.3333333333333333 3
1583661202165 1.25 4
1583661205528 1.0 5
1583661207846 0.8333333333333334 6
1583661210523 0.8571428571428571 7
1583661212879 0.875 8
1583661215261 0.6666666666666666 9
1583661217398 0.7 10
1583661219659 0.6363636363636364 11
1583661222007 0.5 12
1583661224175 0.46153846153846156 13
1583661229716 0.42857142857142855 14
1583661236900 0.4 15
1583661239618 0.5625 16
1583661241738 0.4117647058823529 17
1583661245406 0.3888888888888889 18
1583661248523 0.3684210526315789 19
1583661251380 0.3 20
1583661254269 0.2857142857142857 21
1583661256989 0.18181818181818182 22
1583661259601 0.21739130434782608 23
1583661262866 0.25 24
1583661266834 0.24 25
1583661269281 0.23076923076923078 26
1583661271561 0.2962962962962963 27
1583661273785 0.2857142857142857 28
1583661276068 0.27586206896551724 29
1583661278224 0.2 30
1583661280444 0.22580645161290322 31
1583661282714 0.21875 32
1583661284963 0.21212121212121213 33
1583661287144 0.20588235294117646 34
1583661289344 0.22857142857142856 35
1583661291561 0.25 36
1583661293831 0.21621621621621623 37
1583661296023 0.23684210526315788 38
1583661298226 0.20512820512820512 39
1583661300566 0.2 40
1583661302750 0.14634146341463414 41
1583661304907 0.11904761904761904 42
1583661307087 0.20930232558139536 43
1583661309244 0.25 44
1583661311455 0.26666666666666666 45
1583661313623 0.2391304347826087 46
1583661315897 0.23404255319148937 47
1583661318232 0.22916666666666666 48
1583661320496 0.24489795918367346 49
1583661322614 0.22 50
1583661324746 0.2549019607843137 51
1583661326913 0.25 52
1583661329147 0.24528301886792453 53
1583661331429 0.25925925925925924 54
1583661333665 0.2909090909090909 55
1583661335884 0.3392857142857143 56
1583661338023 0.3157894736842105 57
1583661340167 0.3275862068965517 58
1583661342331 0.3728813559322034 59
1583661344490 0.38333333333333336 60
1583661346628 0.36065573770491804 61
1583661348795 0.3870967741935484 62
1583661350978 0.38095238095238093 63
1583661353107 0.390625 64
1583661355239 0.4461538461538462 65
1583661357373 0.4393939393939394 66
1583661359517 0.40298507462686567 67
1583661361706 0.38235294117647056 68
1583661363823 0.42028985507246375 69
1583661365953 0.44285714285714284 70
1583661368079 0.4507042253521127 71
1583661370223 0.4444444444444444 72
1583661372369 0.4794520547945205 73
1583661374529 0.4594594594594595 74
1583661376665 0.49333333333333335 75
1583661378910 0.5131578947368421 76
1583661381043 0.4935064935064935 77
1583661383241 0.5256410256410257 78
1583661385396 0.5316455696202531 79
1583661387564 0.475 80
1583661389670 0.4691358024691358 81
1583661391827 0.5 82
1583661393935 0.5180722891566265 83
1583661396065 0.5238095238095238 84
1583661398182 0.5529411764705883 85
1583661400324 0.5813953488372093 86
1583661402483 0.5747126436781609 87
1583661404620 0.5681818181818182 88
1583661406748 0.5955056179775281 89
1583661408915 0.5888888888888889 90
1583661411045 0.6153846153846154 91
1583661413166 0.6521739130434783 92
1583661415307 0.6666666666666666 93
1583661417450 0.6808510638297872 94
1583661419594 0.7157894736842105 95
1583661421698 0.7291666666666666 96
1583661423833 0.7319587628865979 97
1583661425956 0.7448979591836735 98
1583661428076 0.7575757575757576 99
1583661430215 0.79 100
1583661432338 0.81 101
1583661434511 0.8 102
1583661436639 0.8 103
1583661438767 0.87 104
1583661440903 0.93 105
1583661443044 0.94 106
1583661445257 0.98 107
1583661447406 1.04 108
1583661449559 1.08 109
1583661451686 1.09 110
1583661453782 1.09 111
1583661455897 1.14 112
1583661458030 1.18 113
1583661460183 1.21 114
1583661462323 1.23 115
1583661464461 1.22 116
1583661466584 1.24 117
1583661468719 1.28 118
1583661470860 1.36 119
1583661472978 1.39 120
1583661475133 1.41 121
1583661477266 1.46 122
1583661479474 1.51 123
1583661481602 1.56 124
1583661484187 1.58 125
1583661486472 1.63 126
1583661488702 1.64 127
1583661491090 1.68 128
1583661493357 1.71 129
1583661495540 1.75 130
1583661497734 1.76 131
1583661500205 1.79 132
1583661502506 1.83 133
1583661505230 1.85 134
1583661507434 1.87 135
1583661509560 1.88 136
1583661511706 1.89 137
1583661514249 1.9 138
1583661516584 1.94 139
1583661518716 1.97 140
1583661520887 2.04 141
1583661523004 2.07 142
1583661525133 2.08 143
1583661527482 2.1 144
1583661529950 2.11 145
1583661532131 2.13 146
1583661534367 2.15 147
1583661537344 2.2 148
1583661539708 2.26 149
1583661543112 2.28 150
1583661546614 2.31 151
1583661550959 2.4 152
1583661554987 2.46 153
1583661557996 2.47 154
1583661562311 2.48 155
1583661564578 2.5 156
1583661566929 2.55 157
1583661569401 2.59 158
1583661571612 2.66 159
1583661573930 2.72 160
1583661576110 2.74 161
1583661578290 2.75 162
1583661580747 2.78 163
1583661582947 2.79 164
1583661585093 2.82 165
1583661587258 2.85 166
1583661589690 2.89 167
1583661592400 2.92 168
1583661594892 2.98 169
1583661597139 3.05 170
1583661599347 3.08 171
1583661601673 3.11 172
1583661604132 3.15 173
1583661606332 3.21 174
1583661608592 3.27 175
1583661610910 3.31 176
1583661613301 3.4 177
1583661617057 3.42 178
1583661619345 3.45 179
1583661622499 3.54 180
1583661624642 3.64 181
1583661626870 3.67 182
1583661629132 3.72 183
1583661631348 3.78 184
1583661633540 3.77 185
1583661635718 3.76 186
1583661638061 3.87 187
1583661640529 3.94 188
1583661642714 3.99 189
1583661644942 4.06 190
1583661647162 4.07 191
1583661649350 4.11 192
1583661651484 4.15 193
1583661653627 4.19 194
1583661655801 4.22 195
1583661657939 4.31 196
1583661660137 4.36 197
1583661662328 4.4 198
1583661664518 4.45 199
1583661666991 4.48 200
1583661669646 4.5 201
1583661671832 4.51 202
1583661673975 4.54 203
1583661676317 4.52 204
1583661679344 4.48 205
1583661682164 4.49 206
1583661684531 4.5 207
1583661686907 4.55 208
1583661690748 4.62 209
1583661693014 4.68 210
1583661696453 4.76 211
1583661700087 4.77 212
1583661702634 4.78 213
1583661706176 4.76 214
1583661708726 4.86 215
1583661711552 4.87 216
1583661714187 4.94 217
1583661716612 5.0 218
1583661718916 4.99 219
1583661721230 5.04 220
1583661723522 5.12 221
1583661725784 5.21 222
1583661727992 5.24 223
1583661730389 5.21 224
1583661732631 5.28 225
1583661734800 5.32 226
1583661737165 5.41 227
1583661739422 5.4 228
1583661741628 5.43 229
1583661743859 5.52 230
1583661746078 5.52 231
1583661748363 5.54 232
1583661750589 5.58 233
1583661752876 5.66 234
1583661756746 5.71 235
1583661759321 5.81 236
1583661761752 5.93 237
1583661763882 5.96 238
1583661766016 6.01 239
1583661768252 6.09 240
1583661770422 6.12 241
1583661772601 6.2 242
1583661774733 6.24 243
1583661776882 6.29 244
1583661779041 6.32 245
1583661781200 6.41 246
1583661783757 6.41 247
1583661786025 6.45 248
1583661788296 6.48 249
1583661790461 6.58 250
1583661792665 6.65 251
1583661795132 6.63 252
1583661797744 6.62 253
1583661800085 6.61 254
1583661802221 6.7 255
1583661804381 6.74 256
1583661806513 6.78 257
1583661808639 6.74 258
1583661810799 6.71 259
1583661812914 6.71 260
1583661815046 6.77 261
1583661817486 6.85 262
1583661819780 6.9 263
1583661821995 6.92 264
1583661824171 6.92 265
1583661826731 6.98 266
1583661828950 7.05 267
1583661831071 7.06 268
1583661833330 7.05 269
1583661835491 7.02 270
1583661837671 7.02 271
1583661840059 7.12 272
1583661842260 7.09 273
1583661844403 7.13 274
1583661846568 7.19 275
1583661849243 7.17 276
1583661851436 7.16 277
1583661853797 7.26 278
1583661856070 7.23 279
1583661858217 7.28 280
1583661860525 7.29 281
1583661863208 7.33 282
1583661865449 7.37 283
1583661867693 7.39 284
1583661869903 7.45 285
1583661872080 7.52 286
1583661874251 7.53 287
1583661876438 7.57 288
1583661878677 7.63 289
1583661880888 7.6 290
1583661883182 7.57 291
1583661886275 7.52 292
1583661891678 7.56 293
1583661894158 7.58 294
1583661896927 7.57 295
1583661900400 7.48 296
1583661902612 7.49 297
1583661904754 7.47 298
1583661906949 7.52 299
1583661909169 7.57 300
1583661911572 7.57 301
1583661913958 7.72 302
1583661916120 7.75 303
1583661918289 7.8 304
1583661920479 7.87 305
1583661922697 7.93 306
1583661925029 7.94 307
1583661927213 7.89 308
1583661929595 7.87 309
1583661931815 7.86 310
1583661934019 7.84 311
1583661936204 7.87 312
1583661938523 7.92 313
1583661940741 8.01 314
1583661942954 7.98 315
1583661945171 8.04 316
1583661947325 8.06 317
1583661949747 8.05 318
1583661951944 8.08 319
1583661954165 8.11 320
1583661956398 8.04 321
1583661958568 7.97 322
1583661960940 7.98 323
1583661963306 7.98 324
1583661965562 7.99 325
1583661967763 8.11 326
1583661970080 8.12 327
1583661972276 8.22 328
1583661974502 8.28 329
1583661976720 8.27 330
1583661978896 8.37 331
1583661981113 8.47 332
1583661983461 8.5 333
1583661985744 8.5 334
1583661987958 8.51 335
1583661990273 8.48 336
1583661994169 8.49 337
1583661998025 8.51 338
1583662000189 8.45 339
1583662002431 8.48 340
1583662004653 8.55 341
1583662006876 8.56 342
1583662009158 8.55 343
1583662011405 8.62 344
1583662013665 8.71 345
1583662015897 8.71 346
1583662018005 8.81 347
1583662020419 8.83 348
1583662022627 8.78 349
1583662024847 8.81 350
1583662027124 8.81 351
1583662029464 8.81 352
1583662031710 8.93 353
1583662034005 9.05 354
1583662036194 9.04 355
1583662038382 9.09 356
1583662040526 9.09 357
1583662042758 9.2 358
1583662045427 9.27 359
1583662047806 9.31 360
1583662049982 9.43 361
1583662052237 9.41 362
1583662054469 9.47 363
1583662056731 9.54 364
1583662058987 9.58 365
1583662061464 9.62 366
1583662064044 9.61 367
1583662066236 9.63 368
1583662068600 9.61 369
1583662070871 9.71 370
1583662073115 9.8 371
1583662076013 9.77 372
1583662079443 9.81 373
1583662082237 9.77 374
1583662085165 9.76 375
1583662089059 9.9 376
1583662091399 9.94 377
1583662094218 9.89 378
1583662097963 9.98 379
1583662100083 9.95 380
1583662102226 9.94 381
1583662104551 9.96 382
1583662107142 10.04 383
1583662109273 10.15 384
1583662111423 10.23 385
1583662113584 10.25 386
1583662115720 10.29 387
1583662117882 10.31 388
1583662120339 10.29 389
1583662122770 10.3 390
1583662125104 10.39 391
1583662127286 10.41 392
1583662129969 10.47 393
1583662132113 10.49 394
1583662134246 10.55 395
1583662136395 10.59 396
1583662138522 10.54 397
1583662140647 10.61 398
1583662142799 10.64 399
1583662144988 10.65 400
1583662147135 10.71 401
1583662149280 10.63 402
1583662151416 10.68 403
1583662153631 10.66 404
1583662155820 10.69 405
1583662157953 10.76 406
1583662160085 10.81 407
1583662162237 10.84 408
1583662164368 10.87 409
1583662166561 10.91 410
1583662168694 11.01 411
1583662170865 11.03 412
1583662173043 11.07 413
1583662175215 11.11 414
1583662177362 11.15 415
1583662179556 11.2 416
1583662181693 11.21 417
1583662183866 11.29 418
1583662186001 11.25 419
1583662188141 11.31 420
1583662190310 11.45 421
1583662192487 11.56 422
1583662194965 11.63 423
1583662198059 11.73 424
1583662200391 11.79 425
1583662202963 11.67 426
1583662205144 11.72 427
1583662207318 11.8 428
1583662209519 11.82 429
1583662211661 11.85 430
1583662213821 11.89 431
1583662215953 11.85 432
1583662218095 11.91 433
1583662220315 12.01 434
1583662222666 12.07 435
1583662225018 12.06 436
1583662227500 12.07 437
1583662229870 12.15 438
1583662232028 12.26 439
1583662234190 12.13 440
1583662236399 12.0 441
1583662238818 11.93 442
1583662241252 11.96 443
1583662243578 11.96 444
1583662245964 12.0 445
1583662248292 12.04 446
1583662250468 12.08 447
1583662252699 12.11 448
1583662254871 12.23 449
1583662257218 12.2 450
1583662259385 12.22 451
1583662261550 12.26 452
1583662263714 12.23 453
1583662265854 12.25 454
1583662268023 12.26 455
1583662270547 12.25 456
1583662272702 12.27 457
1583662274857 12.31 458
1583662276965 12.29 459
1583662279234 12.3 460
1583662282111 12.2 461
1583662284314 12.22 462
1583662286506 12.24 463
1583662288693 12.27 464
1583662290938 12.29 465
1583662293148 12.31 466
1583662295309 12.37 467
1583662297505 12.43 468
1583662299759 12.56 469
1583662301999 12.59 470
1583662304167 12.65 471
1583662306405 12.71 472
1583662308607 12.78 473
1583662310865 12.91 474
1583662313057 12.88 475
1583662315295 12.88 476
1583662317739 12.94 477
1583662319935 12.99 478
1583662322097 13.01 479
1583662324297 13.09 480
1583662326459 13.11 481
1583662328757 13.03 482
1583662330981 13.04 483
1583662333119 13.02 484
1583662335260 13.0 485
1583662337414 13.03 486
1583662339553 12.92 487
1583662341686 12.96 488
1583662343831 12.98 489
1583662345985 13.08 490
1583662348173 13.09 491
1583662350323 13.2 492
1583662352482 13.2 493
1583662354640 13.25 494
1583662356781 13.31 495
1583662358950 13.39 496
1583662361084 13.52 497
1583662363313 13.57 498
1583662365987 13.51 499
1583662368192 13.52 500
1583662370516 13.5 501
1583662373227 13.55 502
1583662375655 13.57 503
1583662377901 13.59 504
1583662380079 13.64 505
1583662382315 13.68 506
1583662384484 13.73 507
1583662386590 13.7 508
1583662388813 13.74 509
1583662391401 13.78 510
1583662394592 13.79 511
1583662396814 13.78 512
1583662399382 13.77 513
1583662402189 13.81 514
1583662404891 13.78 515
1583662407462 13.82 516
1583662411564 13.88 517
1583662415371 13.86 518
1583662417792 13.94 519
1583662419960 13.89 520
1583662422120 13.83 521
1583662424326 13.76 522
1583662426796 13.7 523
1583662429228 13.65 524
1583662432718 13.68 525
1583662437775 13.78 526
1583662444056 13.82 527
1583662446880 13.74 528
1583662450496 13.72 529
1583662454186 13.72 530
1583662458728 13.72 531
1583662461106 13.73 532
1583662463332 13.74 533
1583662465533 13.68 534
1583662467944 13.57 535
1583662470129 13.68 536
1583662472328 13.71 537
1583662474465 13.71 538
1583662477439 13.72 539
1583662481543 13.79 540
1583662485548 13.88 541
1583662488034 13.99 542
1583662490464 13.97 543
1583662492596 13.94 544
1583662494737 13.88 545
1583662496880 13.86 546
1583662499033 13.94 547
1583662501176 13.92 548
1583662503311 13.86 549
1583662505473 13.94 550
1583662507663 13.96 551
1583662509902 14.01 552
1583662512099 13.95 553
1583662514239 13.96 554
1583662516391 13.95 555
1583662519004 13.99 556
1583662521386 14.05 557
1583662524023 14.09 558
1583662526215 14.1 559
1583662528367 14.06 560
1583662530523 14.13 561
1583662532649 14.11 562
1583662534784 14.08 563
1583662536941 14.08 564
1583662539071 14.16 565
1583662541253 14.09 566
1583662543464 14.05 567
1583662546070 14.12 568
1583662548948 14.09 569
1583662553224 14.09 570
1583662555439 14.03 571
1583662557605 14.04 572
1583662560167 14.09 573
1583662562536 14.04 574
1583662565521 14.09 575
1583662567693 14.13 576
1583662569858 14.12 577
1583662575374 14.08 578
1583662577562 14.13 579
1583662579811 14.16 580
1583662582051 14.2 581
1583662584409 14.32 582
1583662586739 14.26 583
1583662589239 14.26 584
1583662592119 14.22 585
1583662596012 14.23 586
1583662598292 14.31 587
1583662601612 14.29 588
1583662606997 14.27 589
1583662609541 14.28 590
1583662611806 14.29 591
1583662614027 14.33 592
1583662616263 14.31 593
1583662618480 14.35 594
1583662620849 14.34 595
1583662623192 14.34 596
1583662625324 14.3 597
1583662627521 14.27 598
1583662629728 14.31 599
1583662633093 14.34 600
1583662635358 14.39 601
1583662639157 14.41 602
1583662643650 14.4 603
1583662647234 14.46 604
1583662650469 14.48 605
1583662652820 14.49 606
1583662655405 14.46 607
1583662659505 14.53 608
1583662662549 14.54 609
1583662665131 14.49 610
