1583065898128 0.0 1
1583065900486 0.5 2
1583065902735 0.6666666666666666 3
1583065904976 0.75 4
1583065907159 0.6 5
1583065909427 0.3333333333333333 6
1583065911574 0.14285714285714285 7
1583065913756 0.0 8
1583065915958 -0.1111111111111111 9
1583065918109 0.0 10
1583065920270 0.0 11
1583065922455 -0.08333333333333333 12
1583065924645 -0.15384615384615385 13
1583065926786 -0.07142857142857142 14
1583065928970 -0.06666666666666667 15
1583065931146 0.0 16
1583065933306 -0.058823529411764705 17
1583065935445 -0.1111111111111111 18
1583065937647 -0.05263157894736842 19
1583065939788 0.0 20
