1584576892275 1 1
1584576894464 0.1 2
1584576896664 0.010000000000000002 3
1584576898854 0.01 4
1584576901062 0.01 5
1584576903296 0.01 6
1584576905488 0.01 7
1584576907706 0.01 8
1584576909909 0.01 9
1584576912063 0.01 10
1584576914253 0.01 11
1584576916405 0.01 12
1584576918567 0.01 13
1584576920715 0.01 14
1584576922863 0.01 15
1584576925019 0.01 16
1584576927175 0.01 17
1584576929331 0.01 18
1584576931484 0.01 19
1584576933656 0.01 20
1584576935859 0.01 21
1584576938032 0.01 22
1584576940195 0.01 23
1584576942333 0.01 24
1584576944478 0.01 25
1584576946664 0.01 26
1584576948855 0.01 27
1584576951023 0.01 28
1584576953183 0.01 29
1584576955360 0.01 30
1584576957569 0.01 31
1584576959724 0.01 32
1584576961892 0.01 33
1584576964067 0.01 34
1584576966251 0.01 35
1584576968417 0.01 36
1584576970573 0.01 37
1584576972753 0.01 38
1584576974949 0.01 39
1584576977132 0.01 40
1584576979313 0.01 41
1584576981451 0.01 42
1584576983598 0.01 43
1584576985821 0.01 44
1584576987983 0.01 45
1584576990167 0.01 46
1584576992331 0.01 47
1584576994491 0.01 48
1584576996638 0.01 49
1584576998796 0.01 50
1584577000957 0.01 51
1584577003146 0.01 52
1584577005328 0.01 53
1584577007508 0.01 54
1584577009702 0.01 55
1584577011893 0.01 56
1584577014067 0.01 57
1584577016262 0.01 58
1584577018422 0.01 59
1584577020603 0.01 60
1584577022774 0.01 61
1584577024933 0.01 62
1584577027120 0.01 63
1584577029275 0.01 64
1584577031457 0.01 65
1584577033624 0.01 66
1584577035801 0.01 67
1584577037957 0.01 68
1584577040137 0.01 69
1584577042300 0.01 70
1584577044476 0.01 71
1584577046650 0.01 72
1584577048795 0.01 73
1584577050989 0.01 74
1584577053149 0.01 75
1584577055326 0.01 76
1584577057479 0.01 77
1584577059634 0.01 78
1584577061839 0.01 79
1584577064042 0.01 80
1584577066207 0.01 81
1584577068370 0.01 82
1584577070536 0.01 83
1584577072701 0.01 84
1584577074871 0.01 85
1584577077081 0.01 86
1584577079238 0.01 87
1584577081423 0.01 88
1584577083590 0.01 89
1584577085763 0.01 90
1584577087945 0.01 91
1584577090128 0.01 92
1584577092291 0.01 93
1584577094424 0.01 94
1584577096576 0.01 95
1584577098735 0.01 96
1584577100926 0.01 97
1584577103091 0.01 98
1584577105251 0.01 99
1584577107424 0.01 100
1584577109632 0.01 101
1584577111820 0.01 102
1584577114025 0.01 103
1584577116204 0.01 104
1584577118367 0.01 105
1584577120512 0.01 106
1584577122683 0.01 107
1584577124869 0.01 108
1584577127039 0.01 109
1584577129232 0.01 110
1584577131376 0.01 111
1584577133557 0.01 112
1584577135724 0.01 113
1584577137907 0.01 114
1584577140110 0.01 115
1584577142294 0.01 116
1584577144467 0.01 117
1584577146630 0.01 118
1584577148806 0.01 119
1584577150970 0.01 120
1584577153143 0.01 121
1584577155299 0.01 122
1584577157448 0.01 123
1584577159621 0.01 124
1584577161793 0.01 125
1584577163952 0.01 126
1584577166146 0.01 127
1584577168358 0.01 128
1584577170557 0.01 129
1584577172758 0.01 130
1584577174939 0.01 131
1584577177120 0.01 132
1584577179417 0.01 133
1584577181568 0.01 134
1584577183747 0.01 135
1584577185934 0.01 136
1584577188133 0.01 137
1584577190299 0.01 138
1584577192472 0.01 139
1584577194674 0.01 140
1584577196863 0.01 141
1584577199069 0.01 142
1584577201218 0.01 143
1584577203399 0.01 144
1584577205577 0.01 145
1584577207786 0.01 146
1584577209986 0.01 147
1584577212149 0.01 148
1584577214305 0.01 149
1584577216464 0.01 150
1584577218642 0.01 151
1584577220815 0.01 152
1584577222987 0.01 153
1584577225160 0.01 154
1584577227344 0.01 155
1584577229499 0.01 156
1584577231680 0.01 157
1584577233863 0.01 158
1584577236079 0.01 159
1584577238251 0.01 160
1584577240509 0.01 161
1584577242749 0.01 162
1584577244915 0.01 163
1584577247117 0.01 164
1584577249323 0.01 165
1584577251488 0.01 166
1584577253655 0.01 167
1584577255845 0.01 168
1584577258047 0.01 169
1584577260208 0.01 170
1584577262390 0.01 171
1584577264556 0.01 172
1584577266695 0.01 173
1584577268843 0.01 174
1584577270998 0.01 175
1584577273186 0.01 176
1584577275427 0.01 177
1584577277591 0.01 178
1584577279761 0.01 179
1584577281974 0.01 180
1584577284155 0.01 181
1584577286647 0.01 182
1584577288813 0.01 183
1584577291037 0.01 184
1584577293243 0.01 185
1584577295393 0.01 186
1584577297552 0.01 187
1584577299726 0.01 188
1584577301917 0.01 189
1584577304076 0.01 190
1584577306262 0.01 191
1584577308422 0.01 192
1584577310555 0.01 193
1584577312742 0.01 194
1584577314924 0.01 195
1584577317101 0.01 196
1584577319273 0.01 197
1584577321441 0.01 198
1584577323576 0.01 199
1584577325754 0.01 200
1584577327973 0.01 201
1584577330123 0.01 202
1584577332304 0.01 203
1584577334489 0.01 204
1584577336700 0.01 205
1584577338878 0.01 206
1584577341039 0.01 207
1584577343223 0.01 208
1584577345399 0.01 209
1584577347562 0.01 210
1584577349722 0.01 211
1584577351924 0.01 212
1584577354126 0.01 213
1584577356281 0.01 214
1584577358498 0.01 215
1584577360662 0.01 216
1584577362855 0.01 217
1584577365038 0.01 218
1584577367213 0.01 219
1584577369399 0.01 220
1584577371595 0.01 221
1584577373770 0.01 222
1584577375928 0.01 223
1584577378117 0.01 224
1584577380297 0.01 225
1584577382463 0.01 226
1584577384643 0.01 227
1584577386806 0.01 228
1584577389002 0.01 229
1584577391182 0.01 230
1584577393349 0.01 231
1584577395515 0.01 232
1584577397683 0.01 233
1584577399865 0.01 234
1584577402081 0.01 235
1584577404254 0.01 236
1584577406426 0.01 237
1584577408594 0.01 238
1584577410785 0.01 239
1584577412997 0.01 240
1584577415186 0.01 241
1584577417361 0.01 242
1584577419509 0.01 243
1584577421656 0.01 244
1584577423794 0.01 245
1584577425923 0.01 246
1584577428069 0.01 247
1584577430247 0.01 248
1584577432382 0.01 249
1584577434540 0.01 250
1584577436721 0.01 251
1584577438885 0.01 252
1584577441048 0.01 253
1584577443211 0.01 254
1584577445381 0.01 255
1584577447539 0.01 256
1584577449725 0.01 257
1584577451922 0.01 258
1584577454093 0.01 259
1584577456281 0.01 260
1584577458456 0.01 261
1584577460621 0.01 262
1584577462804 0.01 263
1584577464991 0.01 264
1584577467193 0.01 265
1584577469398 0.01 266
1584577471584 0.01 267
1584577473795 0.01 268
1584577476024 0.01 269
1584577478177 0.01 270
1584577480359 0.01 271
1584577482539 0.01 272
1584577484870 0.01 273
1584577487461 0.01 274
1584577489734 0.01 275
1584577491942 0.01 276
1584577494093 0.01 277
1584577496282 0.01 278
1584577498459 0.01 279
1584577500649 0.01 280
1584577502861 0.01 281
1584577505036 0.01 282
1584577507188 0.01 283
1584577509424 0.01 284
1584577511592 0.01 285
1584577513758 0.01 286
1584577515931 0.01 287
1584577518127 0.01 288
1584577520299 0.01 289
1584577522441 0.01 290
1584577524639 0.01 291
1584577526846 0.01 292
1584577528993 0.01 293
1584577531177 0.01 294
1584577533367 0.01 295
1584577535569 0.01 296
1584577537762 0.01 297
1584577539972 0.01 298
1584577542144 0.01 299
1584577544301 0.01 300
1584577546535 0.01 301
1584577548785 0.01 302
1584577550951 0.01 303
1584577553144 0.01 304
1584577555371 0.01 305
1584577557563 0.01 306
1584577559755 0.01 307
1584577561987 0.01 308
1584577564224 0.01 309
1584577566421 0.01 310
1584577568570 0.01 311
1584577570724 0.01 312
1584577572911 0.01 313
1584577575127 0.01 314
1584577577318 0.01 315
1584577579498 0.01 316
1584577581671 0.01 317
1584577583834 0.01 318
1584577586013 0.01 319
1584577588175 0.01 320
1584577590350 0.01 321
1584577592508 0.01 322
1584577594678 0.01 323
1584577596859 0.01 324
1584577599037 0.01 325
1584577601193 0.01 326
1584577603361 0.01 327
1584577605516 0.01 328
1584577607684 0.01 329
1584577609888 0.01 330
1584577612056 0.01 331
1584577614226 0.01 332
1584577616395 0.01 333
1584577618559 0.01 334
1584577620731 0.01 335
1584577622922 0.01 336
1584577625078 0.01 337
1584577627257 0.01 338
1584577629450 0.01 339
1584577631667 0.01 340
1584577633857 0.01 341
1584577636031 0.01 342
1584577638202 0.01 343
1584577640374 0.01 344
1584577642530 0.01 345
1584577644716 0.01 346
1584577646912 0.01 347
1584577649097 0.01 348
1584577651290 0.01 349
1584577653435 0.01 350
1584577655630 0.01 351
1584577657816 0.01 352
1584577660014 0.01 353
1584577662246 0.01 354
1584577664468 0.01 355
1584577666645 0.01 356
1584577668798 0.01 357
1584577670980 0.01 358
1584577673175 0.01 359
1584577675357 0.01 360
1584577677507 0.01 361
1584577679661 0.01 362
1584577681834 0.01 363
1584577684031 0.01 364
1584577686196 0.01 365
1584577688385 0.01 366
1584577690568 0.01 367
1584577692759 0.01 368
1584577694943 0.01 369
1584577697122 0.01 370
1584577699287 0.01 371
1584577701438 0.01 372
1584577703583 0.01 373
1584577705711 0.01 374
1584577707858 0.01 375
1584577710033 0.01 376
1584577712195 0.01 377
1584577714390 0.01 378
1584577716578 0.01 379
1584577718752 0.01 380
1584577720929 0.01 381
1584577723126 0.01 382
1584577725315 0.01 383
1584577727500 0.01 384
1584577729663 0.01 385
1584577731830 0.01 386
1584577734003 0.01 387
1584577736183 0.01 388
1584577738370 0.01 389
1584577740575 0.01 390
1584577742753 0.01 391
1584577744955 0.01 392
1584577747149 0.01 393
1584577749267 0.01 394
1584577751382 0.01 395
1584577753582 0.01 396
1584577755726 0.01 397
1584577757953 0.01 398
1584577760091 0.01 399
1584577762213 0.01 400
1584577764448 0.01 401
1584577766661 0.01 402
1584577769491 0.01 403
1584577771716 0.01 404
1584577773893 0.01 405
1584577776053 0.01 406
1584577778202 0.01 407
1584577780357 0.01 408
1584577782519 0.01 409
1584577784664 0.01 410
1584577786792 0.01 411
1584577788978 0.01 412
1584577791133 0.01 413
1584577793253 0.01 414
1584577795397 0.01 415
1584577797538 0.01 416
1584577799722 0.01 417
1584577801878 0.01 418
1584577804023 0.01 419
1584577806137 0.01 420
1584577808283 0.01 421
1584577810437 0.01 422
1584577812577 0.01 423
1584577814699 0.01 424
1584577816856 0.01 425
1584577819078 0.01 426
1584577821231 0.01 427
1584577823388 0.01 428
1584577825532 0.01 429
1584577827691 0.01 430
1584577829840 0.01 431
1584577831993 0.01 432
1584577834145 0.01 433
1584577836309 0.01 434
1584577838443 0.01 435
1584577840577 0.01 436
1584577842713 0.01 437
1584577844873 0.01 438
1584577847008 0.01 439
1584577849247 0.01 440
1584577851403 0.01 441
1584577853619 0.01 442
1584577855785 0.01 443
1584577857939 0.01 444
1584577860053 0.01 445
1584577862242 0.01 446
1584577864393 0.01 447
1584577866519 0.01 448
1584577868641 0.01 449
1584577870792 0.01 450
1584577872948 0.01 451
1584577875100 0.01 452
1584577877283 0.01 453
1584577879439 0.01 454
1584577881587 0.01 455
1584577883727 0.01 456
1584577885900 0.01 457
1584577888069 0.01 458
1584577890262 0.01 459
1584577892419 0.01 460
1584577894563 0.01 461
1584577896693 0.01 462
1584577898853 0.01 463
1584577901029 0.01 464
1584577903172 0.01 465
1584577905326 0.01 466
1584577907498 0.01 467
1584577909647 0.01 468
1584577911817 0.01 469
1584577913961 0.01 470
1584577916160 0.01 471
1584577918331 0.01 472
1584577920488 0.01 473
1584577922651 0.01 474
1584577924834 0.01 475
1584577927005 0.01 476
1584577929179 0.01 477
1584577931355 0.01 478
1584577933540 0.01 479
1584577935714 0.01 480
1584577937892 0.01 481
1584577940037 0.01 482
1584577942208 0.01 483
1584577944405 0.01 484
1584577946583 0.01 485
1584577948717 0.01 486
1584577950871 0.01 487
1584577953077 0.01 488
1584577955273 0.01 489
1584577957445 0.01 490
1584577959610 0.01 491
1584577961793 0.01 492
1584577963941 0.01 493
1584577966130 0.01 494
1584577968316 0.01 495
1584577970483 0.01 496
1584577972663 0.01 497
1584577974886 0.01 498
1584577977050 0.01 499
1584577979208 0.01 500
1584577981505 0.01 501
1584577983650 0.01 502
1584577985825 0.01 503
1584577988022 0.01 504
1584577990230 0.01 505
1584577992402 0.01 506
1584577994566 0.01 507
1584577996770 0.01 508
1584577998943 0.01 509
1584578001123 0.01 510
1584578003305 0.01 511
1584578005445 0.01 512
1584578007617 0.01 513
1584578009815 0.01 514
1584578012031 0.01 515
1584578014182 0.01 516
1584578016364 0.01 517
1584578018530 0.01 518
1584578020702 0.01 519
1584578022831 0.01 520
1584578024988 0.01 521
1584578027125 0.01 522
1584578029260 0.01 523
1584578031441 0.01 524
1584578033583 0.01 525
1584578035742 0.01 526
1584578037923 0.01 527
1584578040126 0.01 528
1584578042329 0.01 529
1584578044510 0.01 530
1584578046659 0.01 531
1584578048829 0.01 532
1584578051035 0.01 533
1584578053197 0.01 534
1584578055377 0.01 535
1584578057542 0.01 536
1584578059706 0.01 537
1584578061888 0.01 538
1584578064065 0.01 539
1584578066209 0.01 540
1584578068373 0.01 541
1584578070549 0.01 542
1584578072718 0.01 543
1584578074881 0.01 544
1584578077091 0.01 545
1584578079309 0.01 546
1584578081476 0.01 547
1584578083633 0.01 548
1584578085797 0.01 549
1584578087962 0.01 550
1584578090119 0.01 551
1584578092333 0.01 552
1584578094516 0.01 553
1584578096699 0.01 554
1584578098869 0.01 555
1584578101041 0.01 556
1584578103217 0.01 557
1584578105404 0.01 558
1584578107570 0.01 559
1584578109843 0.01 560
1584578112055 0.01 561
1584578114196 0.01 562
1584578116373 0.01 563
1584578118571 0.01 564
1584578120801 0.01 565
1584578123042 0.01 566
1584578125232 0.01 567
1584578127383 0.01 568
1584578129550 0.01 569
1584578131719 0.01 570
1584578133901 0.01 571
1584578136063 0.01 572
1584578138218 0.01 573
1584578140382 0.01 574
1584578142535 0.01 575
1584578144755 0.01 576
1584578146977 0.01 577
1584578149171 0.01 578
1584578151327 0.01 579
1584578153531 0.01 580
1584578155673 0.01 581
1584578157867 0.01 582
1584578160079 0.01 583
1584578162318 0.01 584
1584578164513 0.01 585
1584578166668 0.01 586
1584578168842 0.01 587
1584578171019 0.01 588
1584578173210 0.01 589
1584578175420 0.01 590
1584578177576 0.01 591
1584578179785 0.01 592
1584578181945 0.01 593
1584578184096 0.01 594
1584578186276 0.01 595
1584578188434 0.01 596
1584578190617 0.01 597
1584578192762 0.01 598
1584578194951 0.01 599
1584578197119 0.01 600
1584578199397 0.01 601
1584578201570 0.01 602
1584578203743 0.01 603
1584578205946 0.01 604
1584578208138 0.01 605
1584578210349 0.01 606
1584578212870 0.01 607
1584578215088 0.01 608
1584578217308 0.01 609
1584578219481 0.01 610
1584578221640 0.01 611
1584578223808 0.01 612
1584578226002 0.01 613
1584578228174 0.01 614
1584578230351 0.01 615
1584578232521 0.01 616
1584578234693 0.01 617
1584578236878 0.01 618
1584578239060 0.01 619
1584578241241 0.01 620
1584578243401 0.01 621
1584578245592 0.01 622
1584578247797 0.01 623
1584578249978 0.01 624
1584578252142 0.01 625
1584578254333 0.01 626
1584578256563 0.01 627
1584578258731 0.01 628
1584578260896 0.01 629
1584578263092 0.01 630
1584578265265 0.01 631
1584578267448 0.01 632
1584578269636 0.01 633
1584578271849 0.01 634
1584578273998 0.01 635
1584578276161 0.01 636
1584578278300 0.01 637
1584578280463 0.01 638
1584578282651 0.01 639
1584578284857 0.01 640
1584578287062 0.01 641
1584578289255 0.01 642
1584578291393 0.01 643
1584578293573 0.01 644
1584578295744 0.01 645
1584578297954 0.01 646
1584578300148 0.01 647
1584578302373 0.01 648
1584578304549 0.01 649
1584578306719 0.01 650
1584578308899 0.01 651
1584578311064 0.01 652
1584578313242 0.01 653
1584578315398 0.01 654
1584578317597 0.01 655
1584578319764 0.01 656
1584578321948 0.01 657
1584578324168 0.01 658
1584578326340 0.01 659
1584578328531 0.01 660
1584578330678 0.01 661
1584578332842 0.01 662
1584578335027 0.01 663
1584578337188 0.01 664
1584578339405 0.01 665
1584578341594 0.01 666
1584578343762 0.01 667
1584578345974 0.01 668
1584578348130 0.01 669
1584578350306 0.01 670
1584578352485 0.01 671
1584578354670 0.01 672
1584578356827 0.01 673
1584578359000 0.01 674
1584578361145 0.01 675
1584578363328 0.01 676
1584578365501 0.01 677
1584578367694 0.01 678
1584578369883 0.01 679
1584578372049 0.01 680
1584578374232 0.01 681
1584578376408 0.01 682
1584578378573 0.01 683
1584578380800 0.01 684
1584578382979 0.01 685
1584578385185 0.01 686
1584578387359 0.01 687
1584578389515 0.01 688
1584578391710 0.01 689
1584578393887 0.01 690
1584578396085 0.01 691
1584578398314 0.01 692
1584578400462 0.01 693
1584578402639 0.01 694
1584578404818 0.01 695
1584578406991 0.01 696
1584578409176 0.01 697
1584578411367 0.01 698
1584578413542 0.01 699
1584578415712 0.01 700
1584578417937 0.01 701
1584578420158 0.01 702
1584578422337 0.01 703
1584578424518 0.01 704
1584578426699 0.01 705
1584578428883 0.01 706
1584578431055 0.01 707
1584578433251 0.01 708
1584578435472 0.01 709
1584578437697 0.01 710
1584578439881 0.01 711
1584578442090 0.01 712
1584578444242 0.01 713
1584578446429 0.01 714
1584578448641 0.01 715
1584578450831 0.01 716
1584578453021 0.01 717
1584578455198 0.01 718
1584578457368 0.01 719
1584578459522 0.01 720
1584578461719 0.01 721
1584578463911 0.01 722
1584578466082 0.01 723
1584578468230 0.01 724
1584578470389 0.01 725
1584578472564 0.01 726
1584578474754 0.01 727
1584578476927 0.01 728
1584578479111 0.01 729
1584578481317 0.01 730
1584578483462 0.01 731
1584578485614 0.01 732
1584578487790 0.01 733
1584578490265 0.01 734
1584578492455 0.01 735
1584578494613 0.01 736
1584578496807 0.01 737
1584578499312 0.01 738
1584578501722 0.01 739
1584578503892 0.01 740
1584578506094 0.01 741
1584578508289 0.01 742
1584578510468 0.01 743
1584578512630 0.01 744
1584578514798 0.01 745
1584578516983 0.01 746
1584578519206 0.01 747
1584578521392 0.01 748
1584578523534 0.01 749
1584578525694 0.01 750
1584578527905 0.01 751
1584578530064 0.01 752
1584578532271 0.01 753
1584578534451 0.01 754
1584578536646 0.01 755
1584578538824 0.01 756
1584578540988 0.01 757
1584578543171 0.01 758
1584578545349 0.01 759
1584578547532 0.01 760
1584578549690 0.01 761
1584578551863 0.01 762
1584578554040 0.01 763
1584578556234 0.01 764
1584578558478 0.01 765
1584578560663 0.01 766
1584578562849 0.01 767
1584578565001 0.01 768
1584578567228 0.01 769
1584578569512 0.01 770
1584578571709 0.01 771
1584578573888 0.01 772
1584578576040 0.01 773
1584578578252 0.01 774
1584578580458 0.01 775
1584578582627 0.01 776
1584578584823 0.01 777
1584578587030 0.01 778
1584578589227 0.01 779
1584578591423 0.01 780
1584578593585 0.01 781
1584578595767 0.01 782
1584578597931 0.01 783
1584578600119 0.01 784
1584578602303 0.01 785
1584578604470 0.01 786
1584578606628 0.01 787
1584578608857 0.01 788
1584578611047 0.01 789
1584578613251 0.01 790
1584578615419 0.01 791
1584578617595 0.01 792
1584578619766 0.01 793
1584578621957 0.01 794
1584578624112 0.01 795
1584578626364 0.01 796
1584578628529 0.01 797
1584578630666 0.01 798
1584578632824 0.01 799
1584578634985 0.01 800
1584578637243 0.01 801
1584578639415 0.01 802
1584578641581 0.01 803
1584578643794 0.01 804
1584578645956 0.01 805
1584578648128 0.01 806
1584578650285 0.01 807
1584578652461 0.01 808
1584578654648 0.01 809
1584578656842 0.01 810
1584578659052 0.01 811
