1584576892275 300 1
1584576894464 300 2
1584576896664 300 3
1584576898854 300 4
1584576901062 300 5
1584576903296 300 6
1584576905488 300 7
1584576907706 300 8
1584576909909 300 9
1584576912063 300 10
1584576914253 300 11
1584576916405 300 12
1584576918567 300 13
1584576920715 300 14
1584576922863 300 15
1584576925019 300 16
1584576927175 300 17
1584576929331 300 18
1584576931484 300 19
1584576933656 300 20
1584576935859 300 21
1584576938032 300 22
1584576940195 300 23
1584576942333 300 24
1584576944478 300 25
1584576946664 300 26
1584576948855 300 27
1584576951023 300 28
1584576953183 300 29
1584576955360 300 30
1584576957569 300 31
1584576959724 300 32
1584576961892 300 33
1584576964067 300 34
1584576966251 300 35
1584576968417 300 36
1584576970573 300 37
1584576972753 300 38
1584576974949 300 39
1584576977132 300 40
1584576979313 300 41
1584576981451 300 42
1584576983598 300 43
1584576985821 300 44
1584576987983 300 45
1584576990167 300 46
1584576992331 300 47
1584576994491 300 48
1584576996638 300 49
1584576998796 300 50
1584577000957 300 51
1584577003146 300 52
1584577005328 300 53
1584577007508 300 54
1584577009702 300 55
1584577011893 300 56
1584577014067 300 57
1584577016262 300 58
1584577018422 300 59
1584577020603 300 60
1584577022774 300 61
1584577024933 300 62
1584577027120 300 63
1584577029275 300 64
1584577031457 300 65
1584577033624 300 66
1584577035801 300 67
1584577037957 300 68
1584577040137 300 69
1584577042300 300 70
1584577044476 300 71
1584577046650 300 72
1584577048795 300 73
1584577050989 300 74
1584577053149 300 75
1584577055326 300 76
1584577057479 300 77
1584577059634 300 78
1584577061839 300 79
1584577064042 300 80
1584577066207 300 81
1584577068370 300 82
1584577070536 300 83
1584577072701 300 84
1584577074871 300 85
1584577077081 300 86
1584577079238 300 87
1584577081423 300 88
1584577083590 300 89
1584577085763 300 90
1584577087945 300 91
1584577090128 300 92
1584577092291 300 93
1584577094424 300 94
1584577096576 300 95
1584577098735 300 96
1584577100926 300 97
1584577103091 300 98
1584577105251 300 99
1584577107424 300 100
1584577109632 300 101
1584577111820 300 102
1584577114025 300 103
1584577116204 300 104
1584577118367 300 105
1584577120512 300 106
1584577122683 300 107
1584577124869 300 108
1584577127039 300 109
1584577129232 300 110
1584577131376 300 111
1584577133557 300 112
1584577135724 300 113
1584577137907 300 114
1584577140110 300 115
1584577142294 300 116
1584577144467 300 117
1584577146630 300 118
1584577148806 300 119
1584577150970 300 120
1584577153143 300 121
1584577155299 300 122
1584577157448 300 123
1584577159621 300 124
1584577161793 300 125
1584577163952 300 126
1584577166146 300 127
1584577168358 300 128
1584577170557 300 129
1584577172758 300 130
1584577174939 300 131
1584577177120 300 132
1584577179417 300 133
1584577181568 300 134
1584577183747 300 135
1584577185934 300 136
1584577188133 300 137
1584577190299 300 138
1584577192472 300 139
1584577194674 300 140
1584577196863 300 141
1584577199069 300 142
1584577201218 300 143
1584577203399 300 144
1584577205577 300 145
1584577207786 300 146
1584577209986 300 147
1584577212149 300 148
1584577214305 300 149
1584577216464 300 150
1584577218642 300 151
1584577220815 300 152
1584577222987 300 153
1584577225160 300 154
1584577227344 300 155
1584577229499 300 156
1584577231680 300 157
1584577233863 300 158
1584577236079 300 159
1584577238251 300 160
1584577240509 300 161
1584577242749 300 162
1584577244915 300 163
1584577247117 300 164
1584577249323 300 165
1584577251488 300 166
1584577253655 300 167
1584577255845 300 168
1584577258047 300 169
1584577260208 300 170
1584577262390 300 171
1584577264556 300 172
1584577266695 300 173
1584577268843 300 174
1584577270998 300 175
1584577273186 300 176
1584577275427 300 177
1584577277591 300 178
1584577279761 300 179
1584577281974 300 180
1584577284155 300 181
1584577286647 300 182
1584577288813 300 183
1584577291037 300 184
1584577293243 300 185
1584577295393 300 186
1584577297552 300 187
1584577299726 300 188
1584577301917 300 189
1584577304076 300 190
1584577306262 300 191
1584577308422 300 192
1584577310555 300 193
1584577312742 300 194
1584577314924 300 195
1584577317101 300 196
1584577319273 300 197
1584577321441 300 198
1584577323576 300 199
1584577325754 300 200
1584577327973 300 201
1584577330123 300 202
1584577332304 300 203
1584577334489 300 204
1584577336700 300 205
1584577338878 300 206
1584577341039 300 207
1584577343223 300 208
1584577345399 300 209
1584577347562 300 210
1584577349722 300 211
1584577351924 300 212
1584577354126 300 213
1584577356281 300 214
1584577358498 300 215
1584577360662 300 216
1584577362855 300 217
1584577365038 300 218
1584577367213 300 219
1584577369399 300 220
1584577371595 300 221
1584577373770 300 222
1584577375928 300 223
1584577378117 300 224
1584577380297 300 225
1584577382463 300 226
1584577384643 300 227
1584577386806 300 228
1584577389002 300 229
1584577391182 300 230
1584577393349 300 231
1584577395515 300 232
1584577397683 300 233
1584577399865 300 234
1584577402081 300 235
1584577404254 300 236
1584577406426 300 237
1584577408594 300 238
1584577410785 300 239
1584577412997 300 240
1584577415186 300 241
1584577417361 300 242
1584577419509 300 243
1584577421656 300 244
1584577423794 300 245
1584577425923 300 246
1584577428069 300 247
1584577430247 300 248
1584577432382 300 249
1584577434540 300 250
1584577436721 300 251
1584577438885 300 252
1584577441048 300 253
1584577443211 300 254
1584577445381 300 255
1584577447539 300 256
1584577449725 300 257
1584577451922 300 258
1584577454093 300 259
1584577456281 300 260
1584577458456 300 261
1584577460621 300 262
1584577462804 300 263
1584577464991 300 264
1584577467193 300 265
1584577469398 300 266
1584577471584 300 267
1584577473795 300 268
1584577476024 300 269
1584577478177 300 270
1584577480359 300 271
1584577482539 300 272
1584577484870 300 273
1584577487461 300 274
1584577489734 300 275
1584577491942 300 276
1584577494093 300 277
1584577496282 300 278
1584577498459 300 279
1584577500649 300 280
1584577502861 300 281
1584577505036 300 282
1584577507188 300 283
1584577509424 300 284
1584577511592 300 285
1584577513758 300 286
1584577515931 300 287
1584577518127 300 288
1584577520299 300 289
1584577522441 300 290
1584577524639 300 291
1584577526846 300 292
1584577528993 300 293
1584577531177 300 294
1584577533367 300 295
1584577535569 300 296
1584577537762 300 297
1584577539972 300 298
1584577542144 300 299
1584577544301 300 300
1584577546535 300 301
1584577548785 300 302
1584577550951 300 303
1584577553144 300 304
1584577555371 300 305
1584577557563 300 306
1584577559755 300 307
1584577561987 300 308
1584577564224 300 309
1584577566421 300 310
1584577568570 300 311
1584577570724 300 312
1584577572911 300 313
1584577575127 300 314
1584577577318 300 315
1584577579498 300 316
1584577581671 300 317
1584577583834 300 318
1584577586013 300 319
1584577588175 300 320
1584577590350 300 321
1584577592508 300 322
1584577594678 300 323
1584577596859 300 324
1584577599037 300 325
1584577601193 300 326
1584577603361 300 327
1584577605516 300 328
1584577607684 300 329
1584577609888 300 330
1584577612056 300 331
1584577614226 300 332
1584577616395 300 333
1584577618559 300 334
1584577620731 300 335
1584577622922 300 336
1584577625078 300 337
1584577627257 300 338
1584577629450 300 339
1584577631667 300 340
1584577633857 300 341
1584577636031 300 342
1584577638202 300 343
1584577640374 300 344
1584577642530 300 345
1584577644716 300 346
1584577646912 300 347
1584577649097 300 348
1584577651290 300 349
1584577653435 300 350
1584577655630 300 351
1584577657816 300 352
1584577660014 300 353
1584577662246 300 354
1584577664468 300 355
1584577666645 300 356
1584577668798 300 357
1584577670980 300 358
1584577673175 300 359
1584577675357 300 360
1584577677507 300 361
1584577679661 300 362
1584577681834 300 363
1584577684031 300 364
1584577686196 300 365
1584577688385 300 366
1584577690568 300 367
1584577692759 300 368
1584577694943 300 369
1584577697122 300 370
1584577699287 300 371
1584577701438 300 372
1584577703583 300 373
1584577705711 300 374
1584577707858 300 375
1584577710033 300 376
1584577712195 300 377
1584577714390 300 378
1584577716578 300 379
1584577718752 300 380
1584577720929 300 381
1584577723126 300 382
1584577725315 300 383
1584577727500 300 384
1584577729663 300 385
1584577731830 300 386
1584577734003 300 387
1584577736183 300 388
1584577738370 300 389
1584577740575 300 390
1584577742753 300 391
1584577744955 300 392
1584577747149 300 393
1584577749267 300 394
1584577751382 300 395
1584577753582 300 396
1584577755726 300 397
1584577757953 300 398
1584577760091 300 399
1584577762213 300 400
1584577764448 300 401
1584577766661 300 402
1584577769491 300 403
1584577771716 300 404
1584577773893 300 405
1584577776053 300 406
1584577778202 300 407
1584577780357 300 408
1584577782519 300 409
1584577784664 300 410
1584577786792 300 411
1584577788978 300 412
1584577791133 300 413
1584577793253 300 414
1584577795397 300 415
1584577797538 300 416
1584577799722 300 417
1584577801878 300 418
1584577804023 300 419
1584577806137 300 420
1584577808283 300 421
1584577810437 300 422
1584577812577 300 423
1584577814699 300 424
1584577816856 300 425
1584577819078 300 426
1584577821231 300 427
1584577823388 300 428
1584577825532 300 429
1584577827691 300 430
1584577829840 300 431
1584577831993 300 432
1584577834145 300 433
1584577836309 300 434
1584577838443 300 435
1584577840577 300 436
1584577842713 300 437
1584577844873 300 438
1584577847008 300 439
1584577849247 300 440
1584577851403 300 441
1584577853619 300 442
1584577855785 300 443
1584577857939 300 444
1584577860053 300 445
1584577862242 300 446
1584577864393 300 447
1584577866519 300 448
1584577868641 300 449
1584577870792 300 450
1584577872948 300 451
1584577875100 300 452
1584577877283 300 453
1584577879439 300 454
1584577881587 300 455
1584577883727 300 456
1584577885900 300 457
1584577888069 300 458
1584577890262 300 459
1584577892419 300 460
1584577894563 300 461
1584577896693 300 462
1584577898853 300 463
1584577901029 300 464
1584577903172 300 465
1584577905326 300 466
1584577907498 300 467
1584577909647 300 468
1584577911817 300 469
1584577913961 300 470
1584577916160 300 471
1584577918331 300 472
1584577920488 300 473
1584577922651 300 474
1584577924834 300 475
1584577927005 300 476
1584577929179 300 477
1584577931355 300 478
1584577933540 300 479
1584577935714 300 480
1584577937892 300 481
1584577940037 300 482
1584577942208 300 483
1584577944405 300 484
1584577946583 300 485
1584577948717 300 486
1584577950871 300 487
1584577953077 300 488
1584577955273 300 489
1584577957445 300 490
1584577959610 300 491
1584577961793 300 492
1584577963941 300 493
1584577966130 300 494
1584577968316 300 495
1584577970483 300 496
1584577972663 300 497
1584577974886 300 498
1584577977050 300 499
1584577979208 300 500
1584577981505 300 501
1584577983650 300 502
1584577985825 300 503
1584577988022 300 504
1584577990230 300 505
1584577992402 300 506
1584577994566 300 507
1584577996770 300 508
1584577998943 300 509
1584578001123 300 510
1584578003305 300 511
1584578005445 300 512
1584578007617 300 513
1584578009815 300 514
1584578012031 300 515
1584578014182 300 516
1584578016364 300 517
1584578018530 300 518
1584578020702 300 519
1584578022831 300 520
1584578024988 300 521
1584578027125 300 522
1584578029260 300 523
1584578031441 300 524
1584578033583 300 525
1584578035742 300 526
1584578037923 300 527
1584578040126 300 528
1584578042329 300 529
1584578044510 300 530
1584578046659 300 531
1584578048829 300 532
1584578051035 300 533
1584578053197 300 534
1584578055377 300 535
1584578057542 300 536
1584578059706 300 537
1584578061888 300 538
1584578064065 300 539
1584578066209 300 540
1584578068373 300 541
1584578070549 300 542
1584578072718 300 543
1584578074881 300 544
1584578077091 300 545
1584578079309 300 546
1584578081476 300 547
1584578083633 300 548
1584578085797 300 549
1584578087962 300 550
1584578090119 300 551
1584578092333 300 552
1584578094516 300 553
1584578096699 300 554
1584578098869 300 555
1584578101041 300 556
1584578103217 300 557
1584578105404 300 558
1584578107570 300 559
1584578109843 300 560
1584578112055 300 561
1584578114196 300 562
1584578116373 300 563
1584578118571 300 564
1584578120801 300 565
1584578123042 300 566
1584578125232 300 567
1584578127383 300 568
1584578129550 300 569
1584578131719 300 570
1584578133901 300 571
1584578136063 300 572
1584578138218 300 573
1584578140382 300 574
1584578142535 300 575
1584578144755 300 576
1584578146977 300 577
1584578149171 300 578
1584578151327 300 579
1584578153531 300 580
1584578155673 300 581
1584578157867 300 582
1584578160079 300 583
1584578162318 300 584
1584578164513 300 585
1584578166668 300 586
1584578168842 300 587
1584578171019 300 588
1584578173210 300 589
1584578175420 300 590
1584578177576 300 591
1584578179785 300 592
1584578181945 300 593
1584578184096 300 594
1584578186276 300 595
1584578188434 300 596
1584578190617 300 597
1584578192762 300 598
1584578194951 300 599
1584578197119 300 600
1584578199397 300 601
1584578201570 300 602
1584578203743 300 603
1584578205946 300 604
1584578208138 300 605
1584578210349 300 606
1584578212870 300 607
1584578215088 300 608
1584578217308 300 609
1584578219481 300 610
1584578221640 300 611
1584578223808 300 612
1584578226002 300 613
1584578228174 300 614
1584578230351 300 615
1584578232521 300 616
1584578234693 300 617
1584578236878 300 618
1584578239060 300 619
1584578241241 300 620
1584578243401 300 621
1584578245592 300 622
1584578247797 300 623
1584578249978 300 624
1584578252142 300 625
1584578254333 300 626
1584578256563 300 627
1584578258731 300 628
1584578260896 300 629
1584578263092 300 630
1584578265265 300 631
1584578267448 300 632
1584578269636 300 633
1584578271849 300 634
1584578273998 300 635
1584578276161 300 636
1584578278300 300 637
1584578280463 300 638
1584578282651 300 639
1584578284857 300 640
1584578287062 300 641
1584578289255 300 642
1584578291393 300 643
1584578293573 300 644
1584578295744 300 645
1584578297954 300 646
1584578300148 300 647
1584578302373 300 648
1584578304549 300 649
1584578306719 300 650
1584578308899 300 651
1584578311064 300 652
1584578313242 300 653
1584578315398 300 654
1584578317597 300 655
1584578319764 300 656
1584578321948 300 657
1584578324168 300 658
1584578326340 300 659
1584578328531 300 660
1584578330678 300 661
1584578332842 300 662
1584578335027 300 663
1584578337188 300 664
1584578339405 300 665
1584578341594 300 666
1584578343762 300 667
1584578345974 300 668
1584578348130 300 669
1584578350306 300 670
1584578352485 300 671
1584578354670 300 672
1584578356827 300 673
1584578359000 300 674
1584578361145 300 675
1584578363328 300 676
1584578365501 300 677
1584578367694 300 678
1584578369883 300 679
1584578372049 300 680
1584578374232 300 681
1584578376408 300 682
1584578378573 300 683
1584578380800 300 684
1584578382979 300 685
1584578385185 300 686
1584578387359 300 687
1584578389515 300 688
1584578391710 300 689
1584578393887 300 690
1584578396085 300 691
1584578398314 300 692
1584578400462 300 693
1584578402639 300 694
1584578404818 300 695
1584578406991 300 696
1584578409176 300 697
1584578411367 300 698
1584578413542 300 699
1584578415712 300 700
1584578417937 300 701
1584578420158 300 702
1584578422337 300 703
1584578424518 300 704
1584578426699 300 705
1584578428883 300 706
1584578431055 300 707
1584578433251 300 708
1584578435472 300 709
1584578437697 300 710
1584578439881 300 711
1584578442090 300 712
1584578444242 300 713
1584578446429 300 714
1584578448641 300 715
1584578450831 300 716
1584578453021 300 717
1584578455198 300 718
1584578457368 300 719
1584578459522 300 720
1584578461719 300 721
1584578463911 300 722
1584578466082 300 723
1584578468230 300 724
1584578470389 300 725
1584578472564 300 726
1584578474754 300 727
1584578476927 300 728
1584578479111 300 729
1584578481317 300 730
1584578483462 300 731
1584578485614 300 732
1584578487790 300 733
1584578490265 300 734
1584578492455 300 735
1584578494613 300 736
1584578496807 300 737
1584578499312 300 738
1584578501722 300 739
1584578503892 300 740
1584578506094 300 741
1584578508289 300 742
1584578510468 300 743
1584578512630 300 744
1584578514798 300 745
1584578516983 300 746
1584578519206 300 747
1584578521392 300 748
1584578523534 300 749
1584578525694 300 750
1584578527905 300 751
1584578530064 300 752
1584578532271 300 753
1584578534451 300 754
1584578536646 300 755
1584578538824 300 756
1584578540988 300 757
1584578543171 300 758
1584578545349 300 759
1584578547532 300 760
1584578549690 300 761
1584578551863 300 762
1584578554040 300 763
1584578556234 300 764
1584578558478 300 765
1584578560663 300 766
1584578562849 300 767
1584578565001 300 768
1584578567228 300 769
1584578569512 300 770
1584578571709 300 771
1584578573888 300 772
1584578576040 300 773
1584578578252 300 774
1584578580458 300 775
1584578582627 300 776
1584578584823 300 777
1584578587030 300 778
1584578589227 300 779
1584578591423 300 780
1584578593585 300 781
1584578595767 300 782
1584578597931 300 783
1584578600119 300 784
1584578602303 300 785
1584578604470 300 786
1584578606628 300 787
1584578608857 300 788
1584578611047 300 789
1584578613251 300 790
1584578615419 300 791
1584578617595 300 792
1584578619766 300 793
1584578621957 300 794
1584578624112 300 795
1584578626364 300 796
1584578628529 300 797
1584578630666 300 798
1584578632824 300 799
1584578634985 300 800
1584578637243 300 801
1584578639415 300 802
1584578641581 300 803
1584578643794 300 804
1584578645956 300 805
1584578648128 300 806
1584578650285 300 807
1584578652461 300 808
1584578654648 300 809
1584578656842 300 810
1584578659052 300 811
