1584576892275 0.0 1
1584576894464 -1.0 2
1584576896664 -4.0 3
1584576898854 0.0 4
1584576901062 -6.0 5
1584576903296 -2.0 6
1584576905488 2.0 7
1584576907706 3.0 8
1584576909909 -5.0 9
1584576912063 2.0 10
1584576914253 -2.0 11
1584576916405 -1.0 12
1584576918567 -2.0 13
1584576920715 0.0 14
1584576922863 -1.0 15
1584576925019 1.0 16
1584576927175 4.0 17
1584576929331 4.0 18
1584576931484 7.0 19
1584576933656 3.0 20
1584576935859 11.0 21
1584576938032 1.0 22
1584576940195 2.0 23
1584576942333 3.0 24
1584576944478 6.0 25
1584576946664 1.0 26
1584576948855 0.0 27
1584576951023 0.0 28
1584576953183 0.0 29
1584576955360 -1.0 30
1584576957569 0.0 31
1584576959724 1.0 32
1584576961892 1.0 33
1584576964067 0.0 34
1584576966251 0.0 35
1584576968417 1.0 36
1584576970573 2.0 37
1584576972753 1.0 38
1584576974949 -2.0 39
1584576977132 2.0 40
1584576979313 2.0 41
1584576981451 2.0 42
1584576983598 2.0 43
1584576985821 1.0 44
1584576987983 1.0 45
1584576990167 0.0 46
1584576992331 3.0 47
1584576994491 0.0 48
1584576996638 1.0 49
1584576998796 0.0 50
1584577000957 2.0 51
1584577003146 2.0 52
1584577005328 0.0 53
1584577007508 1.0 54
1584577009702 2.0 55
1584577011893 2.0 56
1584577014067 6.0 57
1584577016262 1.0 58
1584577018422 0.0 59
1584577020603 2.0 60
1584577022774 -1.0 61
1584577024933 -1.0 62
1584577027120 6.0 63
1584577029275 4.0 64
1584577031457 1.0 65
1584577033624 0.0 66
1584577035801 4.0 67
1584577037957 2.0 68
1584577040137 2.0 69
1584577042300 3.0 70
1584577044476 0.0 71
1584577046650 -1.0 72
1584577048795 0.0 73
1584577050989 4.0 74
1584577053149 -1.0 75
1584577055326 0.0 76
1584577057479 2.0 77
1584577059634 1.0 78
1584577061839 6.0 79
1584577064042 2.0 80
1584577066207 0.0 81
1584577068370 2.0 82
1584577070536 1.0 83
1584577072701 1.0 84
1584577074871 4.0 85
1584577077081 3.0 86
1584577079238 2.0 87
1584577081423 0.0 88
1584577083590 7.0 89
1584577085763 1.0 90
1584577087945 1.0 91
1584577090128 -1.0 92
1584577092291 3.0 93
1584577094424 2.0 94
1584577096576 0.0 95
1584577098735 0.0 96
1584577100926 3.0 97
1584577103091 3.0 98
1584577105251 2.0 99
1584577107424 4.0 100
1584577109632 4.0 101
1584577111820 0.0 102
1584577114025 5.0 103
1584577116204 5.0 104
1584577118367 0.0 105
1584577120512 6.0 106
1584577122683 3.0 107
1584577124869 0.0 108
1584577127039 1.0 109
1584577129232 4.0 110
1584577131376 2.0 111
1584577133557 1.0 112
1584577135724 1.0 113
1584577137907 0.0 114
1584577140110 4.0 115
1584577142294 1.0 116
1584577144467 8.0 117
1584577146630 0.0 118
1584577148806 0.0 119
1584577150970 1.0 120
1584577153143 4.0 121
1584577155299 5.0 122
1584577157448 4.0 123
1584577159621 7.0 124
1584577161793 4.0 125
1584577163952 7.0 126
1584577166146 2.0 127
1584577168358 7.0 128
1584577170557 2.0 129
1584577172758 2.0 130
1584577174939 4.0 131
1584577177120 -1.0 132
1584577179417 1.0 133
1584577181568 2.0 134
1584577183747 5.0 135
1584577185934 2.0 136
1584577188133 3.0 137
1584577190299 0.0 138
1584577192472 1.0 139
1584577194674 0.0 140
1584577196863 1.0 141
1584577199069 3.0 142
1584577201218 11.0 143
1584577203399 7.0 144
1584577205577 5.0 145
1584577207786 7.0 146
1584577209986 8.0 147
1584577212149 3.0 148
1584577214305 3.0 149
1584577216464 1.0 150
1584577218642 1.0 151
1584577220815 0.0 152
1584577222987 1.0 153
1584577225160 2.0 154
1584577227344 2.0 155
1584577229499 1.0 156
1584577231680 8.0 157
1584577233863 1.0 158
1584577236079 7.0 159
1584577238251 4.0 160
1584577240509 7.0 161
1584577242749 1.0 162
1584577244915 2.0 163
1584577247117 1.0 164
1584577249323 3.0 165
1584577251488 3.0 166
1584577253655 7.0 167
1584577255845 3.0 168
1584577258047 1.0 169
1584577260208 1.0 170
1584577262390 6.0 171
1584577264556 7.0 172
1584577266695 3.0 173
1584577268843 3.0 174
1584577270998 1.0 175
1584577273186 4.0 176
1584577275427 6.0 177
1584577277591 8.0 178
1584577279761 1.0 179
1584577281974 1.0 180
1584577284155 9.0 181
1584577286647 6.0 182
1584577288813 0.0 183
1584577291037 1.0 184
1584577293243 4.0 185
1584577295393 2.0 186
1584577297552 1.0 187
1584577299726 3.0 188
1584577301917 9.0 189
1584577304076 4.0 190
1584577306262 5.0 191
1584577308422 6.0 192
1584577310555 1.0 193
1584577312742 3.0 194
1584577314924 5.0 195
1584577317101 0.0 196
1584577319273 1.0 197
1584577321441 13.0 198
1584577323576 2.0 199
1584577325754 2.0 200
1584577327973 6.0 201
1584577330123 8.0 202
1584577332304 5.0 203
1584577334489 2.0 204
1584577336700 7.0 205
1584577338878 1.0 206
1584577341039 1.0 207
1584577343223 2.0 208
1584577345399 13.0 209
1584577347562 2.0 210
1584577349722 3.0 211
1584577351924 10.0 212
1584577354126 7.0 213
1584577356281 12.0 214
1584577358498 2.0 215
1584577360662 8.0 216
1584577362855 8.0 217
1584577365038 6.0 218
1584577367213 6.0 219
1584577369399 1.0 220
1584577371595 4.0 221
1584577373770 1.0 222
1584577375928 2.0 223
1584577378117 4.0 224
1584577380297 5.0 225
1584577382463 9.0 226
1584577384643 9.0 227
1584577386806 3.0 228
1584577389002 3.0 229
1584577391182 6.0 230
1584577393349 9.0 231
1584577395515 9.0 232
1584577397683 10.0 233
1584577399865 2.0 234
1584577402081 3.0 235
1584577404254 5.0 236
1584577406426 9.0 237
1584577408594 3.0 238
1584577410785 6.0 239
1584577412997 11.0 240
1584577415186 10.0 241
1584577417361 7.0 242
1584577419509 12.0 243
1584577421656 9.0 244
1584577423794 10.0 245
1584577425923 9.0 246
1584577428069 13.0 247
1584577430247 9.0 248
1584577432382 16.0 249
1584577434540 8.0 250
1584577436721 8.0 251
1584577438885 2.0 252
1584577441048 3.0 253
1584577443211 11.0 254
1584577445381 9.0 255
1584577447539 5.0 256
1584577449725 4.0 257
1584577451922 5.0 258
1584577454093 1.0 259
1584577456281 4.0 260
1584577458456 13.0 261
1584577460621 12.0 262
1584577462804 10.0 263
1584577464991 12.0 264
1584577467193 4.0 265
1584577469398 17.0 266
1584577471584 7.0 267
1584577473795 3.0 268
1584577476024 16.0 269
1584577478177 6.0 270
1584577480359 15.0 271
1584577482539 6.0 272
1584577484870 6.0 273
1584577487461 13.0 274
1584577489734 13.0 275
1584577491942 5.0 276
1584577494093 6.0 277
1584577496282 8.0 278
1584577498459 3.0 279
1584577500649 5.0 280
1584577502861 4.0 281
1584577505036 15.0 282
1584577507188 10.0 283
1584577509424 13.0 284
1584577511592 2.0 285
1584577513758 1.0 286
1584577515931 12.0 287
1584577518127 8.0 288
1584577520299 9.0 289
1584577522441 6.0 290
1584577524639 11.0 291
1584577526846 10.0 292
1584577528993 11.0 293
1584577531177 12.0 294
1584577533367 2.0 295
1584577535569 12.0 296
1584577537762 7.0 297
1584577539972 18.0 298
1584577542144 8.0 299
1584577544301 6.0 300
1584577546535 13.0 301
1584577548785 13.0 302
1584577550951 6.0 303
1584577553144 0.0 304
1584577555371 8.0 305
1584577557563 4.0 306
1584577559755 5.0 307
1584577561987 5.0 308
1584577564224 9.0 309
1584577566421 13.0 310
1584577568570 17.0 311
1584577570724 6.0 312
1584577572911 11.0 313
1584577575127 6.0 314
1584577577318 6.0 315
1584577579498 7.0 316
1584577581671 4.0 317
1584577583834 13.0 318
1584577586013 9.0 319
1584577588175 1.0 320
1584577590350 5.0 321
1584577592508 1.0 322
1584577594678 3.0 323
1584577596859 9.0 324
1584577599037 8.0 325
1584577601193 12.0 326
1584577603361 7.0 327
1584577605516 6.0 328
1584577607684 8.0 329
1584577609888 5.0 330
1584577612056 3.0 331
1584577614226 6.0 332
1584577616395 12.0 333
1584577618559 7.0 334
1584577620731 7.0 335
1584577622922 9.0 336
1584577625078 2.0 337
1584577627257 12.0 338
1584577629450 2.0 339
1584577631667 6.0 340
1584577633857 5.0 341
1584577636031 7.0 342
1584577638202 13.0 343
1584577640374 20.0 344
1584577642530 5.0 345
1584577644716 5.0 346
1584577646912 7.0 347
1584577649097 3.0 348
1584577651290 6.0 349
1584577653435 5.0 350
1584577655630 3.0 351
1584577657816 9.0 352
1584577660014 9.0 353
1584577662246 2.0 354
1584577664468 11.0 355
1584577666645 13.0 356
1584577668798 7.0 357
1584577670980 6.0 358
1584577673175 8.0 359
1584577675357 8.0 360
1584577677507 13.0 361
1584577679661 7.0 362
1584577681834 9.0 363
1584577684031 2.0 364
1584577686196 9.0 365
1584577688385 15.0 366
1584577690568 13.0 367
1584577692759 10.0 368
1584577694943 2.0 369
1584577697122 7.0 370
1584577699287 13.0 371
1584577701438 4.0 372
1584577703583 12.0 373
1584577705711 5.0 374
1584577707858 11.0 375
1584577710033 11.0 376
1584577712195 0.0 377
1584577714390 2.0 378
1584577716578 13.0 379
1584577718752 8.0 380
1584577720929 12.0 381
1584577723126 13.0 382
1584577725315 2.0 383
1584577727500 1.0 384
1584577729663 14.0 385
1584577731830 5.0 386
1584577734003 10.0 387
1584577736183 3.0 388
1584577738370 8.0 389
1584577740575 1.0 390
1584577742753 10.0 391
1584577744955 4.0 392
1584577747149 2.0 393
1584577749267 9.0 394
1584577751382 3.0 395
1584577753582 14.0 396
1584577755726 5.0 397
1584577757953 3.0 398
1584577760091 5.0 399
1584577762213 3.0 400
1584577764448 11.0 401
1584577766661 5.0 402
1584577769491 9.0 403
1584577771716 12.0 404
1584577773893 8.0 405
1584577776053 13.0 406
1584577778202 8.0 407
1584577780357 8.0 408
1584577782519 3.0 409
1584577784664 5.0 410
1584577786792 3.0 411
1584577788978 11.0 412
1584577791133 11.0 413
1584577793253 7.0 414
1584577795397 2.0 415
1584577797538 21.0 416
1584577799722 7.0 417
1584577801878 12.0 418
1584577804023 16.0 419
1584577806137 11.0 420
1584577808283 10.0 421
1584577810437 5.0 422
1584577812577 5.0 423
1584577814699 11.0 424
1584577816856 4.0 425
1584577819078 10.0 426
1584577821231 3.0 427
1584577823388 9.0 428
1584577825532 12.0 429
1584577827691 12.0 430
1584577829840 13.0 431
1584577831993 3.0 432
1584577834145 13.0 433
1584577836309 1.0 434
1584577838443 17.0 435
1584577840577 9.0 436
1584577842713 10.0 437
1584577844873 10.0 438
1584577847008 13.0 439
1584577849247 5.0 440
1584577851403 10.0 441
1584577853619 15.0 442
1584577855785 11.0 443
1584577857939 8.0 444
1584577860053 -1.0 445
1584577862242 2.0 446
1584577864393 11.0 447
1584577866519 4.0 448
1584577868641 9.0 449
1584577870792 7.0 450
1584577872948 9.0 451
1584577875100 6.0 452
1584577877283 10.0 453
1584577879439 4.0 454
1584577881587 20.0 455
1584577883727 14.0 456
1584577885900 11.0 457
1584577888069 4.0 458
1584577890262 9.0 459
1584577892419 9.0 460
1584577894563 19.0 461
1584577896693 5.0 462
1584577898853 8.0 463
1584577901029 4.0 464
1584577903172 6.0 465
1584577905326 13.0 466
1584577907498 9.0 467
1584577909647 10.0 468
1584577911817 16.0 469
1584577913961 18.0 470
1584577916160 8.0 471
1584577918331 5.0 472
1584577920488 7.0 473
1584577922651 11.0 474
1584577924834 8.0 475
1584577927005 4.0 476
1584577929179 15.0 477
1584577931355 13.0 478
1584577933540 5.0 479
1584577935714 10.0 480
1584577937892 18.0 481
1584577940037 8.0 482
1584577942208 7.0 483
1584577944405 0.0 484
1584577946583 9.0 485
1584577948717 11.0 486
1584577950871 2.0 487
1584577953077 10.0 488
1584577955273 7.0 489
1584577957445 6.0 490
1584577959610 2.0 491
1584577961793 6.0 492
1584577963941 3.0 493
1584577966130 1.0 494
1584577968316 20.0 495
1584577970483 16.0 496
1584577972663 15.0 497
1584577974886 15.0 498
1584577977050 10.0 499
1584577979208 10.0 500
1584577981505 7.0 501
1584577983650 8.0 502
1584577985825 4.0 503
1584577988022 3.0 504
1584577990230 2.0 505
1584577992402 10.0 506
1584577994566 7.0 507
1584577996770 16.0 508
1584577998943 12.0 509
1584578001123 9.0 510
1584578003305 6.0 511
1584578005445 14.0 512
1584578007617 7.0 513
1584578009815 10.0 514
1584578012031 4.0 515
1584578014182 14.0 516
1584578016364 12.0 517
1584578018530 17.0 518
1584578020702 14.0 519
1584578022831 14.0 520
1584578024988 11.0 521
1584578027125 4.0 522
1584578029260 8.0 523
1584578031441 10.0 524
1584578033583 11.0 525
1584578035742 7.0 526
1584578037923 19.0 527
1584578040126 9.0 528
1584578042329 15.0 529
1584578044510 7.0 530
1584578046659 14.0 531
1584578048829 9.0 532
1584578051035 10.0 533
1584578053197 10.0 534
1584578055377 18.0 535
1584578057542 2.0 536
1584578059706 21.0 537
1584578061888 7.0 538
1584578064065 16.0 539
1584578066209 11.0 540
1584578068373 13.0 541
1584578070549 4.0 542
1584578072718 8.0 543
1584578074881 16.0 544
1584578077091 13.0 545
1584578079309 14.0 546
1584578081476 7.0 547
1584578083633 11.0 548
1584578085797 17.0 549
1584578087962 18.0 550
1584578090119 11.0 551
1584578092333 17.0 552
1584578094516 11.0 553
1584578096699 12.0 554
1584578098869 14.0 555
1584578101041 11.0 556
1584578103217 18.0 557
1584578105404 15.0 558
1584578107570 18.0 559
1584578109843 6.0 560
1584578112055 7.0 561
1584578114196 15.0 562
1584578116373 10.0 563
1584578118571 3.0 564
1584578120801 14.0 565
1584578123042 16.0 566
1584578125232 16.0 567
1584578127383 19.0 568
1584578129550 11.0 569
1584578131719 18.0 570
1584578133901 17.0 571
1584578136063 21.0 572
1584578138218 20.0 573
1584578140382 11.0 574
1584578142535 16.0 575
1584578144755 22.0 576
1584578146977 11.0 577
1584578149171 19.0 578
1584578151327 25.0 579
1584578153531 20.0 580
1584578155673 14.0 581
1584578157867 15.0 582
1584578160079 19.0 583
1584578162318 10.0 584
1584578164513 15.0 585
1584578166668 13.0 586
1584578168842 16.0 587
1584578171019 17.0 588
1584578173210 13.0 589
1584578175420 14.0 590
1584578177576 16.0 591
1584578179785 13.0 592
1584578181945 11.0 593
1584578184096 9.0 594
1584578186276 13.0 595
1584578188434 17.0 596
1584578190617 10.0 597
1584578192762 14.0 598
1584578194951 13.0 599
1584578197119 10.0 600
1584578199397 7.0 601
1584578201570 16.0 602
1584578203743 15.0 603
1584578205946 10.0 604
1584578208138 17.0 605
1584578210349 13.0 606
1584578212870 14.0 607
1584578215088 12.0 608
1584578217308 13.0 609
1584578219481 8.0 610
1584578221640 8.0 611
1584578223808 13.0 612
1584578226002 2.0 613
1584578228174 14.0 614
1584578230351 16.0 615
1584578232521 8.0 616
1584578234693 17.0 617
1584578236878 20.0 618
1584578239060 7.0 619
1584578241241 15.0 620
1584578243401 15.0 621
1584578245592 16.0 622
1584578247797 13.0 623
1584578249978 17.0 624
1584578252142 13.0 625
1584578254333 13.0 626
1584578256563 11.0 627
1584578258731 12.0 628
1584578260896 25.0 629
1584578263092 13.0 630
1584578265265 9.0 631
1584578267448 23.0 632
1584578269636 12.0 633
1584578271849 16.0 634
1584578273998 14.0 635
1584578276161 14.0 636
1584578278300 13.0 637
1584578280463 18.0 638
1584578282651 18.0 639
1584578284857 17.0 640
1584578287062 14.0 641
1584578289255 13.0 642
1584578291393 20.0 643
1584578293573 16.0 644
1584578295744 19.0 645
1584578297954 16.0 646
1584578300148 13.0 647
1584578302373 8.0 648
1584578304549 15.0 649
1584578306719 5.0 650
1584578308899 12.0 651
1584578311064 16.0 652
1584578313242 13.0 653
1584578315398 22.0 654
1584578317597 10.0 655
1584578319764 17.0 656
1584578321948 15.0 657
1584578324168 16.0 658
1584578326340 11.0 659
1584578328531 15.0 660
1584578330678 18.0 661
1584578332842 16.0 662
1584578335027 15.0 663
1584578337188 14.0 664
1584578339405 17.0 665
1584578341594 18.0 666
1584578343762 15.0 667
1584578345974 20.0 668
1584578348130 16.0 669
1584578350306 12.0 670
1584578352485 12.0 671
1584578354670 10.0 672
1584578356827 9.0 673
1584578359000 6.0 674
1584578361145 12.0 675
1584578363328 23.0 676
1584578365501 17.0 677
1584578367694 19.0 678
1584578369883 14.0 679
1584578372049 13.0 680
1584578374232 13.0 681
1584578376408 4.0 682
1584578378573 8.0 683
1584578380800 13.0 684
1584578382979 20.0 685
1584578385185 15.0 686
1584578387359 23.0 687
1584578389515 18.0 688
1584578391710 14.0 689
1584578393887 15.0 690
1584578396085 16.0 691
1584578398314 11.0 692
1584578400462 17.0 693
1584578402639 21.0 694
1584578404818 15.0 695
1584578406991 14.0 696
1584578409176 17.0 697
1584578411367 12.0 698
1584578413542 17.0 699
1584578415712 17.0 700
1584578417937 20.0 701
1584578420158 16.0 702
1584578422337 14.0 703
1584578424518 14.0 704
1584578426699 17.0 705
1584578428883 18.0 706
1584578431055 10.0 707
1584578433251 18.0 708
1584578435472 23.0 709
1584578437697 14.0 710
1584578439881 16.0 711
1584578442090 14.0 712
1584578444242 11.0 713
1584578446429 17.0 714
1584578448641 17.0 715
1584578450831 12.0 716
1584578453021 14.0 717
1584578455198 18.0 718
1584578457368 19.0 719
1584578459522 21.0 720
1584578461719 18.0 721
1584578463911 12.0 722
1584578466082 10.0 723
1584578468230 15.0 724
1584578470389 19.0 725
1584578472564 16.0 726
1584578474754 16.0 727
1584578476927 16.0 728
1584578479111 17.0 729
1584578481317 10.0 730
1584578483462 7.0 731
1584578485614 17.0 732
1584578487790 11.0 733
1584578490265 15.0 734
1584578492455 18.0 735
1584578494613 9.0 736
1584578496807 13.0 737
1584578499312 19.0 738
1584578501722 18.0 739
1584578503892 10.0 740
1584578506094 15.0 741
1584578508289 14.0 742
1584578510468 24.0 743
1584578512630 16.0 744
1584578514798 17.0 745
1584578516983 13.0 746
1584578519206 13.0 747
1584578521392 11.0 748
1584578523534 21.0 749
1584578525694 18.0 750
1584578527905 15.0 751
1584578530064 19.0 752
1584578532271 15.0 753
1584578534451 16.0 754
1584578536646 13.0 755
1584578538824 18.0 756
1584578540988 19.0 757
1584578543171 8.0 758
1584578545349 17.0 759
1584578547532 14.0 760
1584578549690 13.0 761
1584578551863 12.0 762
1584578554040 13.0 763
1584578556234 12.0 764
1584578558478 21.0 765
1584578560663 9.0 766
1584578562849 3.0 767
1584578565001 12.0 768
1584578567228 20.0 769
1584578569512 17.0 770
1584578571709 11.0 771
1584578573888 7.0 772
1584578576040 11.0 773
1584578578252 7.0 774
1584578580458 20.0 775
1584578582627 17.0 776
1584578584823 17.0 777
1584578587030 16.0 778
1584578589227 2.0 779
1584578591423 12.0 780
1584578593585 15.0 781
1584578595767 9.0 782
1584578597931 13.0 783
1584578600119 16.0 784
1584578602303 16.0 785
1584578604470 15.0 786
1584578606628 18.0 787
1584578608857 6.0 788
1584578611047 15.0 789
1584578613251 19.0 790
1584578615419 17.0 791
1584578617595 16.0 792
1584578619766 20.0 793
1584578621957 17.0 794
1584578624112 16.0 795
1584578626364 18.0 796
1584578628529 17.0 797
1584578630666 16.0 798
1584578632824 22.0 799
1584578634985 15.0 800
1584578637243 19.0 801
1584578639415 12.0 802
1584578641581 16.0 803
1584578643794 10.0 804
1584578645956 18.0 805
1584578648128 14.0 806
1584578650285 4.0 807
1584578652461 19.0 808
1584578654648 18.0 809
1584578656842 12.0 810
1584578659052 8.0 811
