1583102087883 0.0 1
1583102090625 3.0 2
1583102093194 1.0 3
1583102095816 1.0 4
1583102098145 0.0 5
1583102100847 0.0 6
1583102103656 1.0 7
1583102105885 1.0 8
1583102108045 -1.0 9
1583102110444 1.0 10
1583102112765 0.0 11
1583102114869 -1.0 12
1583102116977 0.0 13
1583102119097 0.0 14
1583102121206 0.0 15
1583102123308 3.0 16
1583102125474 -2.0 17
1583102127651 0.0 18
1583102129819 0.0 19
1583102131989 -1.0 20
1583102134315 0.0 21
1583102137018 -2.0 22
1583102139460 1.0 23
1583102142141 1.0 24
1583102144614 0.0 25
1583102146758 0.0 26
1583102148990 2.0 27
1583102151329 0.0 28
1583102153578 0.0 29
1583102155884 -2.0 30
1583102158263 1.0 31
1583102160600 0.0 32
1583102162937 0.0 33
1583102165659 0.0 34
1583102168403 1.0 35
1583102170521 1.0 36
1583102173128 -1.0 37
1583102175250 1.0 38
1583102177365 -1.0 39
1583102179484 0.0 40
1583102181595 -2.0 41
1583102183720 -1.0 42
1583102185826 4.0 43
1583102187948 2.0 44
1583102190064 1.0 45
1583102192189 -1.0 46
1583102194302 0.0 47
1583102196422 0.0 48
1583102198533 1.0 49
1583102200643 -1.0 50
1583102203301 2.0 51
1583102205764 0.0 52
1583102208304 0.0 53
1583102210844 1.0 54
1583102213367 2.0 55
1583102215643 3.0 56
1583102218194 -1.0 57
1583102220603 1.0 58
1583102223332 3.0 59
1583102225654 1.0 60
1583102228026 -1.0 61
1583102230276 2.0 62
1583102232688 0.0 63
1583102235361 1.0 64
1583102237484 4.0 65
1583102239593 0.0 66
1583102241723 -2.0 67
1583102243840 -1.0 68
1583102245976 3.0 69
1583102248115 2.0 70
1583102250246 1.0 71
1583102252352 0.0 72
1583102254481 3.0 73
1583102256714 -1.0 74
1583102258814 3.0 75
1583102260963 2.0 76
1583102263084 -1.0 77
1583102265196 3.0 78
1583102267305 1.0 79
1583102269420 -4.0 80
1583102271552 0.0 81
1583102273681 3.0 82
1583102275788 2.0 83
1583102277930 1.0 84
1583102280091 3.0 85
1583102282250 3.0 86
1583102284389 0.0 87
1583102286718 0.0 88
1583102288988 3.0 89
1583102291100 0.0 90
1583102293365 3.0 91
1583102295558 4.0 92
1583102297765 2.0 93
1583102300211 2.0 94
1583102302384 4.0 95
1583102304488 2.0 96
1583102306596 1.0 97
1583102308849 2.0 98
1583102311482 2.0 99
1583102313805 4.0 100
1583102316306 2.0 101
1583102318844 2.0 102
1583102321265 1.0 103
1583102323397 8.0 104
1583102325607 6.0 105
1583102327976 1.0 106
1583102330561 5.0 107
1583102332844 7.0 108
1583102335082 3.0 109
1583102337263 2.0 110
1583102339679 0.0 111
1583102341876 4.0 112
1583102344328 4.0 113
1583102346514 3.0 114
1583102348801 2.0 115
1583102351368 2.0 116
1583102354025 0.0 117
1583102356359 4.0 118
1583102358781 8.0 119
1583102361414 2.0 120
1583102363956 2.0 121
1583102366555 3.0 122
1583102368804 6.0 123
1583102371637 6.0 124
1583102374261 2.0 125
1583102376381 5.0 126
1583102378497 3.0 127
1583102380613 4.0 128
1583102382910 3.0 129
1583102385161 2.0 130
1583102387739 2.0 131
1583102390481 3.0 132
1583102393119 4.0 133
1583102395368 2.0 134
1583102397486 3.0 135
1583102399592 2.0 136
1583102401710 0.0 137
1583102403822 2.0 138
1583102405940 3.0 139
1583102408051 3.0 140
1583102410162 5.0 141
1583102412372 2.0 142
1583102414754 5.0 143
1583102417158 4.0 144
1583102419665 2.0 145
1583102421877 1.0 146
1583102423996 2.0 147
1583102426134 5.0 148
1583102428695 7.0 149
1583102431089 1.0 150
1583102433198 5.0 151
1583102435323 9.0 152
1583102437453 6.0 153
1583102439581 2.0 154
1583102441702 3.0 155
1583102443821 5.0 156
1583102445964 4.0 157
1583102448080 5.0 158
1583102450199 10.0 159
1583102452314 7.0 160
1583102454444 1.0 161
1583102456571 3.0 162
1583102458689 3.0 163
1583102460828 2.0 164
1583102462948 7.0 165
1583102465069 3.0 166
1583102467261 2.0 167
1583102470329 2.0 168
1583102472776 9.0 169
1583102477286 9.0 170
1583102479780 4.0 171
1583102482043 3.0 172
1583102484245 7.0 173
1583102486433 5.0 174
1583102488620 9.0 175
1583102491228 6.0 176
1583102493406 8.0 177
1583102495659 5.0 178
1583102497852 4.0 179
1583102500192 5.0 180
1583102502489 10.0 181
1583102504734 6.0 182
1583102506931 7.0 183
1583102509788 7.0 184
1583102512832 2.0 185
1583102516600 2.0 186
1583102520384 11.0 187
1583102522723 7.0 188
1583102525840 8.0 189
1583102528459 7.0 190
1583102530961 4.0 191
1583102533217 8.0 192
1583102535765 6.0 193
1583102538023 6.0 194
1583102540157 7.0 195
1583102542333 11.0 196
1583102544472 6.0 197
1583102546608 6.0 198
1583102548808 7.0 199
1583102550948 7.0 200
1583102553046 4.0 201
1583102555156 3.0 202
1583102557280 4.0 203
1583102559387 6.0 204
1583102561511 2.0 205
1583102563656 2.0 206
1583102565814 6.0 207
1583102568102 12.0 208
1583102570237 10.0 209
1583102572356 8.0 210
1583102574490 8.0 211
1583102576991 5.0 212
1583102579114 5.0 213
1583102581408 1.0 214
1583102583540 12.0 215
1583102585835 3.0 216
1583102588080 7.0 217
1583102590524 10.0 218
1583102592707 7.0 219
1583102595204 7.0 220
1583102597972 10.0 221
1583102600652 12.0 222
1583102602808 9.0 223
1583102605162 3.0 224
1583102607460 9.0 225
1583102609962 9.0 226
1583102612284 12.0 227
1583102614425 3.0 228
1583102616552 6.0 229
1583102618880 11.0 230
1583102621176 2.0 231
1583102623303 5.0 232
1583102625426 8.0 233
1583102627551 10.0 234
1583102629709 8.0 235
1583102632300 12.0 236
1583102636109 12.0 237
1583102638433 5.0 238
1583102640812 8.0 239
1583102643033 11.0 240
1583102645278 8.0 241
1583102647471 10.0 242
1583102649620 9.0 243
1583102651785 9.0 244
1583102654000 5.0 245
1583102656211 10.0 246
1583102658437 2.0 247
1583102660614 9.0 248
1583102662846 10.0 249
1583102665088 11.0 250
1583102667268 12.0 251
1583102669443 7.0 252
1583102671613 5.0 253
1583102673812 1.0 254
1583102676030 12.0 255
1583102678175 9.0 256
1583102680366 8.0 257
1583102682531 1.0 258
1583102684679 7.0 259
1583102686817 7.0 260
1583102688989 7.0 261
1583102691171 11.0 262
1583102693366 8.0 263
1583102695654 4.0 264
1583102697912 7.0 265
1583102700442 9.0 266
1583102702712 9.0 267
1583102704902 3.0 268
1583102707073 8.0 269
1583102709263 6.0 270
1583102711430 4.0 271
1583102713596 13.0 272
1583102715774 4.0 273
1583102717953 9.0 274
1583102720170 15.0 275
1583102722374 4.0 276
1583102724534 7.0 277
1583102726684 15.0 278
1583102728909 1.0 279
1583102731148 10.0 280
1583102733342 11.0 281
1583102735526 10.0 282
1583102737739 11.0 283
1583102739947 9.0 284
1583102742102 8.0 285
1583102744311 9.0 286
1583102746518 12.0 287
1583102748668 11.0 288
1583102750851 14.0 289
1583102753047 4.0 290
1583102755245 1.0 291
1583102757465 3.0 292
1583102759616 10.0 293
1583102761821 8.0 294
1583102764000 6.0 295
1583102766190 2.0 296
1583102768348 7.0 297
1583102770531 4.0 298
1583102772713 12.0 299
1583102774848 12.0 300
1583102776993 4.0 301
1583102779193 18.0 302
1583102781362 7.0 303
1583102783563 11.0 304
1583102785733 9.0 305
1583102787911 8.0 306
1583102790128 7.0 307
1583102792340 7.0 308
1583102794493 8.0 309
1583102796657 7.0 310
1583102798828 6.0 311
1583102801000 8.0 312
1583102803170 10.0 313
1583102805339 10.0 314
1583102807496 9.0 315
1583102809649 9.0 316
1583102811804 9.0 317
1583102813963 9.0 318
1583102816134 10.0 319
1583102818318 10.0 320
1583102820485 3.0 321
1583102822631 5.0 322
1583102824818 10.0 323
1583102827007 3.0 324
1583102829139 10.0 325
1583102831300 21.0 326
1583102833463 13.0 327
1583102835610 13.0 328
1583102837761 12.0 329
1583102839929 10.0 330
1583102842110 12.0 331
1583102844294 15.0 332
1583102846477 11.0 333
1583102848773 10.0 334
1583102851881 9.0 335
1583102854186 9.0 336
1583102856397 13.0 337
1583102858590 7.0 338
1583102860756 2.0 339
1583102862939 14.0 340
1583102865142 15.0 341
1583102867329 11.0 342
1583102869496 8.0 343
1583102871724 16.0 344
1583102873903 14.0 345
1583102876092 10.0 346
1583102878265 12.0 347
1583102880466 11.0 348
1583102882666 5.0 349
1583102884837 14.0 350
1583102887020 12.0 351
1583102889266 7.0 352
1583102891440 17.0 353
1583102893618 13.0 354
1583102895807 11.0 355
1583102897993 14.0 356
1583102900152 8.0 357
1583102902338 12.0 358
1583102904471 14.0 359
1583102906734 11.0 360
1583102909036 19.0 361
1583102911264 9.0 362
1583102913481 14.0 363
1583102915667 11.0 364
1583102917847 11.0 365
1583102920112 13.0 366
1583102923318 8.0 367
1583102926122 5.0 368
1583102928304 6.0 369
1583102930521 16.0 370
1583102932708 13.0 371
1583102934883 10.0 372
1583102937080 8.0 373
1583102939280 5.0 374
1583102941448 14.0 375
1583102943657 18.0 376
1583102945917 11.0 377
1583102949586 10.0 378
1583102952430 10.0 379
1583102954745 7.0 380
1583102956936 10.0 381
1583102959117 12.0 382
1583102961373 19.0 383
1583102963935 20.0 384
1583102966174 16.0 385
1583102968414 11.0 386
1583102970742 16.0 387
1583102972965 13.0 388
1583102975210 12.0 389
1583102977501 5.0 390
1583102979748 10.0 391
1583102981949 5.0 392
1583102984180 16.0 393
1583102986438 10.0 394
1583102988736 12.0 395
1583102990946 6.0 396
1583102993174 2.0 397
1583102995411 11.0 398
1583102997724 15.0 399
1583102999947 13.0 400
1583103002297 10.0 401
1583103004540 10.0 402
1583103006753 12.0 403
1583103009054 9.0 404
1583103011269 12.0 405
1583103013476 15.0 406
1583103015725 12.0 407
1583103017922 10.0 408
1583103020236 11.0 409
1583103022469 11.0 410
1583103024696 16.0 411
1583103027118 10.0 412
1583103029317 14.0 413
1583103031626 14.0 414
1583103033871 13.0 415
1583103036141 14.0 416
1583103038395 10.0 417
1583103040621 17.0 418
1583103042894 6.0 419
1583103045125 16.0 420
1583103047460 17.0 421
1583103049675 16.0 422
1583103051909 17.0 423
1583103054263 13.0 424
1583103056522 16.0 425
1583103058802 9.0 426
1583103061038 18.0 427
1583103063391 21.0 428
1583103065618 14.0 429
1583103067961 13.0 430
1583103070311 16.0 431
1583103072657 11.0 432
1583103074917 17.0 433
1583103077182 20.0 434
1583103079442 15.0 435
1583103081661 8.0 436
1583103083913 14.0 437
1583103086171 15.0 438
1583103088426 13.0 439
1583103090681 1.0 440
1583103092904 2.0 441
1583103095100 4.0 442
1583103097328 11.0 443
1583103099571 16.0 444
1583103101791 18.0 445
1583103104020 14.0 446
1583103106261 16.0 447
1583103108462 14.0 448
1583103110742 17.0 449
1583103112942 11.0 450
1583103115220 14.0 451
1583103117485 11.0 452
1583103119737 14.0 453
1583103121980 15.0 454
1583103124243 12.0 455
1583103126497 13.0 456
1583103128752 10.0 457
1583103130984 16.0 458
1583103133222 12.0 459
1583103135438 12.0 460
1583103137665 9.0 461
1583103139937 11.0 462
1583103142764 16.0 463
1583103145416 14.0 464
1583103149232 13.0 465
1583103152956 15.0 466
1583103155853 14.0 467
1583103159906 11.0 468
1583103163859 19.0 469
1583103168154 19.0 470
1583103171357 19.0 471
1583103173549 16.0 472
1583103175777 15.0 473
1583103178018 18.0 474
1583103180248 11.0 475
1583103182573 18.0 476
1583103184829 17.0 477
1583103187112 15.0 478
1583103189296 12.0 479
1583103191670 15.0 480
1583103193926 12.0 481
1583103196168 4.0 482
1583103198449 20.0 483
1583103200643 18.0 484
1583103202891 14.0 485
1583103205098 14.0 486
1583103207316 5.0 487
1583103209883 17.0 488
1583103212165 14.0 489
1583103214446 15.0 490
1583103216666 11.0 491
1583103218911 16.0 492
1583103221151 16.0 493
1583103223411 15.0 494
1583103225655 18.0 495
1583103227883 14.0 496
1583103230105 15.0 497
1583103232550 16.0 498
1583103234859 9.0 499
1583103237083 14.0 500
1583103239314 8.0 501
1583103241597 15.0 502
1583103243943 14.0 503
1583103246227 11.0 504
1583103248463 17.0 505
1583103250688 19.0 506
1583103252930 17.0 507
1583103255239 7.0 508
1583103257475 15.0 509
1583103259695 15.0 510
1583103261903 17.0 511
1583103264177 9.0 512
1583103266518 13.0 513
1583103268733 18.0 514
1583103271038 10.0 515
1583103273317 18.0 516
1583103275588 16.0 517
1583103277814 15.0 518
1583103280331 14.0 519
1583103282558 11.0 520
1583103284801 11.0 521
1583103287113 9.0 522
1583103289352 11.0 523
1583103291571 8.0 524
1583103293771 19.0 525
1583103296103 19.0 526
1583103298351 22.0 527
1583103300583 13.0 528
1583103302786 12.0 529
1583103305074 13.0 530
1583103307329 16.0 531
1583103309590 12.0 532
1583103311834 18.0 533
1583103314333 14.0 534
1583103316510 4.0 535
1583103318766 19.0 536
1583103321001 17.0 537
1583103323172 15.0 538
1583103325423 14.0 539
1583103327671 8.0 540
1583103330042 11.0 541
1583103333487 15.0 542
1583103336717 9.0 543
1583103339981 13.0 544
1583103342260 12.0 545
1583103344562 12.0 546
1583103346996 24.0 547
1583103349416 12.0 548
1583103351875 11.0 549
1583103354036 19.0 550
1583103356222 16.0 551
1583103358368 16.0 552
1583103360615 8.0 553
1583103363210 16.0 554
1583103365576 11.0 555
1583103368400 17.0 556
1583103370975 16.0 557
1583103373765 20.0 558
1583103376565 13.0 559
1583103379474 8.0 560
1583103381741 16.0 561
1583103383879 9.0 562
1583103386015 13.0 563
1583103388166 14.0 564
1583103390300 21.0 565
1583103393686 8.0 566
1583103395942 10.0 567
1583103398256 18.0 568
1583103400386 16.0 569
1583103402508 19.0 570
1583103404682 13.0 571
1583103406789 17.0 572
1583103409322 20.0 573
1583103411673 13.0 574
1583103413912 16.0 575
1583103417855 22.0 576
1583103420854 16.0 577
1583103423609 11.0 578
1583103427607 17.0 579
1583103430442 18.0 580
1583103432698 16.0 581
1583103434983 16.0 582
1583103437234 14.0 583
1583103439482 18.0 584
1583103441694 10.0 585
1583103443918 15.0 586
1583103446188 13.0 587
1583103448407 15.0 588
1583103450656 12.0 589
1583103452888 16.0 590
1583103455084 12.0 591
1583103457339 20.0 592
1583103459582 14.0 593
1583103461821 19.0 594
1583103464105 17.0 595
1583103466372 14.0 596
1583103468574 11.0 597
1583103470768 13.0 598
1583103473011 13.0 599
1583103475299 17.0 600
1583103477532 13.0 601
1583103479754 17.0 602
1583103482097 13.0 603
1583103484425 17.0 604
1583103486767 19.0 605
1583103489115 20.0 606
1583103491424 14.0 607
1583103494207 14.0 608
1583103496649 16.0 609
1583103498936 10.0 610
1583103501210 14.0 611
1583103505449 22.0 612
1583103508869 12.0 613
1583103512397 15.0 614
1583103516506 8.0 615
1583103518795 18.0 616
1583103521019 9.0 617
1583103523320 14.0 618
1583103525566 12.0 619
1583103527994 10.0 620
1583103530181 15.0 621
1583103532487 13.0 622
1583103534712 11.0 623
1583103536991 18.0 624
1583103539251 15.0 625
1583103541541 13.0 626
1583103544249 14.0 627
1583103546464 18.0 628
1583103548717 15.0 629
1583103551041 17.0 630
1583103553472 17.0 631
1583103555771 12.0 632
1583103557995 7.0 633
1583103560187 18.0 634
1583103562513 12.0 635
1583103564758 21.0 636
1583103567217 15.0 637
1583103569480 16.0 638
1583103571800 18.0 639
1583103574065 16.0 640
1583103576400 16.0 641
1583103578635 17.0 642
1583103580917 5.0 643
1583103583196 18.0 644
1583103585418 17.0 645
1583103587752 17.0 646
1583103590017 11.0 647
1583103592192 10.0 648
1583103594681 13.0 649
1583103596904 12.0 650
1583103599154 14.0 651
1583103601565 19.0 652
1583103603842 10.0 653
1583103606107 17.0 654
1583103608332 17.0 655
1583103610572 7.0 656
1583103612821 22.0 657
1583103615082 19.0 658
1583103617347 16.0 659
1583103619587 18.0 660
1583103621802 17.0 661
1583103624053 18.0 662
1583103626295 21.0 663
1583103628554 13.0 664
1583103630829 13.0 665
1583103633060 13.0 666
1583103635288 11.0 667
1583103637551 0.0 668
1583103639847 15.0 669
1583103642086 18.0 670
1583103644553 14.0 671
1583103648772 15.0 672
1583103651715 13.0 673
1583103654942 16.0 674
1583103657937 21.0 675
1583103660847 22.0 676
1583103663208 14.0 677
1583103666929 16.0 678
1583103670706 8.0 679
1583103673093 20.0 680
1583103675623 17.0 681
1583103678582 18.0 682
1583103681430 9.0 683
1583103684277 13.0 684
1583103687322 20.0 685
1583103690546 19.0 686
1583103693404 19.0 687
1583103697094 20.0 688
1583103701186 16.0 689
1583103705122 14.0 690
1583103709127 18.0 691
1583103711772 17.0 692
1583103715224 15.0 693
1583103717673 19.0 694
1583103719932 23.0 695
1583103722670 19.0 696
1583103725433 11.0 697
1583103727918 11.0 698
1583103730822 13.0 699
1583103733365 16.0 700
1583103735743 15.0 701
1583103738410 14.0 702
1583103740794 17.0 703
1583103743271 18.0 704
1583103746006 13.0 705
1583103748726 15.0 706
1583103751502 9.0 707
1583103754641 19.0 708
1583103757419 15.0 709
1583103760117 14.0 710
1583103762360 17.0 711
1583103764482 15.0 712
1583103766615 13.0 713
1583103768806 17.0 714
1583103771298 24.0 715
1583103773497 18.0 716
1583103775714 14.0 717
1583103777969 14.0 718
1583103780420 10.0 719
1583103782554 14.0 720
1583103784682 15.0 721
1583103786821 15.0 722
1583103788959 16.0 723
1583103791117 19.0 724
1583103793261 11.0 725
1583103795396 17.0 726
1583103797554 18.0 727
1583103800097 16.0 728
1583103802401 16.0 729
1583103804843 6.0 730
1583103807511 14.0 731
1583103809936 16.0 732
1583103814215 20.0 733
1583103816786 10.0 734
1583103819021 10.0 735
1583103821186 12.0 736
1583103823372 14.0 737
1583103825548 12.0 738
1583103827755 13.0 739
1583103829992 19.0 740
1583103832139 17.0 741
1583103834308 13.0 742
1583103836466 15.0 743
1583103838681 13.0 744
1583103840964 13.0 745
1583103843130 12.0 746
1583103845275 7.0 747
1583103847477 4.0 748
1583103849919 17.0 749
1583103852614 14.0 750
1583103855266 10.0 751
1583103857579 18.0 752
1583103860037 8.0 753
1583103862202 17.0 754
1583103864435 14.0 755
1583103866565 16.0 756
1583103869042 8.0 757
1583103872769 17.0 758
1583103875872 14.0 759
1583103878088 14.0 760
1583103880682 17.0 761
1583103882977 12.0 762
1583103885289 20.0 763
1583103887557 16.0 764
1583103889871 9.0 765
1583103892182 16.0 766
1583103894433 15.0 767
1583103896719 15.0 768
1583103898996 15.0 769
1583103901323 9.0 770
1583103903611 16.0 771
1583103905877 16.0 772
1583103908172 16.0 773
1583103910556 16.0 774
1583103912843 18.0 775
1583103915242 15.0 776
1583103917562 16.0 777
1583103919855 9.0 778
1583103922480 14.0 779
1583103925058 13.0 780
1583103927400 15.0 781
1583103929664 19.0 782
1583103931963 12.0 783
1583103934266 12.0 784
1583103936515 20.0 785
1583103938795 17.0 786
1583103941017 10.0 787
1583103943198 5.0 788
1583103945407 11.0 789
1583103947654 18.0 790
1583103949988 17.0 791
1583103952281 14.0 792
1583103954465 15.0 793
1583103956747 21.0 794
1583103959033 17.0 795
1583103961385 14.0 796
1583103963651 18.0 797
1583103965895 19.0 798
1583103968166 15.0 799
1583103970461 19.0 800
1583103972763 15.0 801
1583103975013 10.0 802
1583103977339 10.0 803
1583103979621 9.0 804
1583103981886 15.0 805
1583103984139 13.0 806
1583103986423 16.0 807
1583103988675 12.0 808
1583103990914 14.0 809
1583103993178 22.0 810
1583103995478 18.0 811
1583103997746 12.0 812
1583103999971 11.0 813
1583104002258 13.0 814
1583104004501 13.0 815
1583104007136 15.0 816
1583104009421 15.0 817
1583104011717 15.0 818
1583104013961 17.0 819
1583104016306 15.0 820
1583104018464 8.0 821
1583104020630 16.0 822
1583104022857 17.0 823
1583104025045 10.0 824
1583104027185 21.0 825
1583104029353 22.0 826
1583104031504 21.0 827
1583104033718 13.0 828
1583104036033 14.0 829
1583104038149 16.0 830
1583104040265 18.0 831
1583104042382 14.0 832
1583104044499 17.0 833
1583104046628 13.0 834
1583104048742 22.0 835
1583104050898 15.0 836
1583104053014 16.0 837
1583104055162 15.0 838
1583104057382 20.0 839
1583104059508 15.0 840
1583104061649 14.0 841
1583104063770 20.0 842
1583104065917 19.0 843
1583104068132 16.0 844
1583104070391 12.0 845
1583104072502 14.0 846
1583104074647 20.0 847
1583104077674 15.0 848
1583104079803 17.0 849
1583104081939 10.0 850
1583104084096 13.0 851
1583104086229 16.0 852
1583104088352 17.0 853
1583104090462 15.0 854
1583104092586 17.0 855
1583104094712 21.0 856
1583104096846 21.0 857
1583104098971 7.0 858
1583104101080 15.0 859
1583104103203 1.0 860
1583104105307 16.0 861
1583104107419 10.0 862
1583104109520 13.0 863
1583104111689 17.0 864
1583104113811 17.0 865
1583104115963 17.0 866
1583104118118 17.0 867
1583104120231 21.0 868
1583104122357 19.0 869
1583104124528 20.0 870
1583104126677 9.0 871
1583104128809 18.0 872
1583104130968 22.0 873
1583104133092 17.0 874
1583104135243 17.0 875
1583104137358 16.0 876
1583104139483 12.0 877
1583104141601 21.0 878
1583104143730 18.0 879
1583104145840 21.0 880
1583104147950 14.0 881
1583104150096 21.0 882
1583104152209 17.0 883
1583104154330 22.0 884
1583104156451 22.0 885
1583104158576 14.0 886
1583104160698 21.0 887
1583104162839 20.0 888
1583104164959 15.0 889
1583104167079 10.0 890
1583104169232 18.0 891
1583104171362 14.0 892
1583104173475 15.0 893
1583104175614 12.0 894
1583104177736 21.0 895
1583104179870 21.0 896
1583104182003 18.0 897
1583104184130 16.0 898
1583104186272 20.0 899
1583104188392 17.0 900
1583104190513 16.0 901
1583104192661 19.0 902
1583104194794 14.0 903
1583104196915 14.0 904
1583104199042 19.0 905
1583104201181 17.0 906
1583104203310 21.0 907
1583104205419 11.0 908
1583104207533 16.0 909
1583104209668 13.0 910
1583104211796 17.0 911
1583104213923 21.0 912
1583104216063 10.0 913
1583104218188 12.0 914
1583104220305 13.0 915
1583104222422 22.0 916
1583104224536 21.0 917
1583104226669 15.0 918
1583104228800 7.0 919
1583104230969 16.0 920
1583104233090 18.0 921
1583104235231 17.0 922
1583104237358 11.0 923
1583104239485 19.0 924
1583104241643 18.0 925
1583104243778 17.0 926
1583104245904 16.0 927
1583104248038 16.0 928
1583104250184 17.0 929
1583104252327 13.0 930
1583104254448 14.0 931
1583104256564 18.0 932
1583104258704 11.0 933
1583104260832 21.0 934
1583104262990 16.0 935
1583104265097 3.0 936
1583104267240 17.0 937
1583104269358 16.0 938
1583104271489 15.0 939
1583104273617 18.0 940
1583104275734 19.0 941
1583104277849 13.0 942
1583104279984 20.0 943
1583104282123 19.0 944
1583104284238 12.0 945
1583104286350 19.0 946
1583104288474 14.0 947
1583104290613 20.0 948
1583104292758 13.0 949
1583104294872 13.0 950
1583104296998 14.0 951
1583104299129 16.0 952
1583104301264 19.0 953
1583104303400 23.0 954
1583104305514 11.0 955
1583104307631 19.0 956
1583104309766 20.0 957
1583104311899 16.0 958
1583104314024 19.0 959
1583104316157 16.0 960
1583104318277 16.0 961
1583104320395 17.0 962
1583104322522 13.0 963
1583104324690 10.0 964
1583104326850 16.0 965
1583104328994 18.0 966
1583104331110 20.0 967
1583104333287 16.0 968
1583104335400 19.0 969
1583104337516 18.0 970
1583104339634 8.0 971
1583104341769 19.0 972
1583104343895 17.0 973
1583104346019 15.0 974
1583104348157 15.0 975
1583104350289 15.0 976
1583104352422 9.0 977
1583104354557 16.0 978
1583104356687 17.0 979
1583104358822 16.0 980
1583104360947 20.0 981
1583104363093 13.0 982
1583104365241 14.0 983
1583104367352 18.0 984
1583104369482 19.0 985
1583104371604 24.0 986
1583104373749 20.0 987
1583104375867 13.0 988
1583104378045 18.0 989
1583104380214 15.0 990
1583104382400 13.0 991
1583104384551 27.0 992
1583104386711 15.0 993
1583104388884 18.0 994
1583104391049 20.0 995
1583104393228 14.0 996
1583104395395 11.0 997
1583104397571 14.0 998
1583104399744 13.0 999
1583104401923 18.0 1000
1583104404114 18.0 1001
1583104406305 14.0 1002
1583104408471 11.0 1003
1583104410649 16.0 1004
1583104412825 16.0 1005
1583104414985 11.0 1006
1583104417135 17.0 1007
1583104419330 21.0 1008
1583104421496 12.0 1009
1583104423674 14.0 1010
1583104425842 10.0 1011
1583104428008 19.0 1012
1583104430189 11.0 1013
1583104432365 20.0 1014
1583104434542 19.0 1015
1583104436716 21.0 1016
1583104438890 20.0 1017
1583104441055 6.0 1018
1583104443212 19.0 1019
1583104445378 15.0 1020
1583104447554 15.0 1021
1583104449719 19.0 1022
1583104451894 15.0 1023
1583104454076 11.0 1024
1583104456286 15.0 1025
1583104458439 16.0 1026
1583104460615 16.0 1027
1583104462796 22.0 1028
1583104464951 8.0 1029
1583104467103 11.0 1030
1583104469268 18.0 1031
1583104471481 16.0 1032
1583104473650 16.0 1033
1583104475831 20.0 1034
1583104477999 18.0 1035
1583104480176 15.0 1036
1583104482365 14.0 1037
1583104484534 13.0 1038
1583104486737 23.0 1039
1583104488916 18.0 1040
1583104491153 11.0 1041
1583104493437 18.0 1042
1583104495965 4.0 1043
1583104498540 20.0 1044
1583104500804 18.0 1045
1583104503414 27.0 1046
1583104505601 18.0 1047
1583104507801 19.0 1048
1583104509987 15.0 1049
1583104512181 15.0 1050
1583104514343 14.0 1051
1583104516522 17.0 1052
1583104518723 11.0 1053
1583104520919 16.0 1054
1583104523113 9.0 1055
1583104525299 17.0 1056
1583104527479 17.0 1057
1583104529646 17.0 1058
1583104531869 18.0 1059
1583104534044 17.0 1060
1583104536223 13.0 1061
1583104538420 9.0 1062
1583104540617 10.0 1063
1583104542831 13.0 1064
1583104545027 12.0 1065
1583104547203 14.0 1066
1583104549369 13.0 1067
1583104551537 21.0 1068
1583104553710 13.0 1069
1583104555896 20.0 1070
1583104558081 14.0 1071
1583104560245 17.0 1072
1583104562432 19.0 1073
1583104564603 13.0 1074
1583104566775 13.0 1075
1583104568950 19.0 1076
1583104571114 22.0 1077
1583104573288 23.0 1078
1583104575490 16.0 1079
1583104577654 15.0 1080
1583104579831 13.0 1081
1583104581997 18.0 1082
1583104584173 16.0 1083
1583104586354 13.0 1084
1583104588530 16.0 1085
1583104590721 17.0 1086
1583104592904 19.0 1087
1583104595095 13.0 1088
1583104597272 19.0 1089
1583104599448 13.0 1090
1583104601616 20.0 1091
1583104603809 20.0 1092
1583104605961 19.0 1093
1583104608115 16.0 1094
1583104610273 19.0 1095
1583104612445 15.0 1096
1583104614636 13.0 1097
1583104616834 18.0 1098
1583104619023 20.0 1099
1583104621210 20.0 1100
1583104623411 20.0 1101
1583104625593 15.0 1102
1583104627769 20.0 1103
1583104629951 20.0 1104
1583104632106 18.0 1105
1583104634272 13.0 1106
1583104636450 15.0 1107
1583104638614 12.0 1108
1583104640792 22.0 1109
1583104642978 16.0 1110
1583104645151 15.0 1111
1583104647338 13.0 1112
1583104649493 11.0 1113
1583104651717 16.0 1114
1583104653905 17.0 1115
1583104656079 10.0 1116
1583104658262 15.0 1117
1583104660460 11.0 1118
1583104662622 12.0 1119
1583104664802 21.0 1120
1583104666987 16.0 1121
1583104669171 15.0 1122
1583104671337 19.0 1123
1583104673490 17.0 1124
1583104675656 13.0 1125
1583104677849 15.0 1126
1583104680013 19.0 1127
1583104682181 18.0 1128
1583104684364 16.0 1129
1583104686538 14.0 1130
1583104688714 0.0 1131
1583104690883 13.0 1132
1583104693171 24.0 1133
1583104695327 15.0 1134
1583104697503 13.0 1135
1583104699663 15.0 1136
1583104701837 18.0 1137
1583104704023 14.0 1138
1583104706214 16.0 1139
1583104708385 21.0 1140
1583104710563 16.0 1141
1583104712752 19.0 1142
1583104714930 18.0 1143
1583104717080 19.0 1144
1583104719269 18.0 1145
1583104721432 16.0 1146
1583104723603 20.0 1147
1583104725773 18.0 1148
1583104727941 21.0 1149
1583104730134 16.0 1150
1583104732293 18.0 1151
1583104734444 23.0 1152
1583104736628 19.0 1153
1583104738809 23.0 1154
1583104740982 15.0 1155
1583104743154 16.0 1156
1583104745317 12.0 1157
1583104747475 20.0 1158
1583104749644 16.0 1159
1583104751801 10.0 1160
1583104753977 16.0 1161
1583104756148 -1.0 1162
1583104758321 14.0 1163
1583104760487 20.0 1164
1583104762675 14.0 1165
1583104764847 10.0 1166
1583104767030 17.0 1167
1583104769207 20.0 1168
1583104771384 14.0 1169
1583104773570 21.0 1170
1583104775724 12.0 1171
1583104777894 13.0 1172
1583104780069 21.0 1173
1583104782229 16.0 1174
1583104784420 17.0 1175
1583104786590 14.0 1176
1583104788765 14.0 1177
1583104790973 15.0 1178
1583104793143 14.0 1179
1583104795314 13.0 1180
1583104797493 14.0 1181
1583104799658 15.0 1182
1583104801920 22.0 1183
1583104804084 18.0 1184
1583104806271 18.0 1185
1583104808443 11.0 1186
1583104810598 22.0 1187
1583104812762 11.0 1188
1583104814970 13.0 1189
1583104817119 18.0 1190
1583104819286 17.0 1191
1583104821454 17.0 1192
1583104823626 18.0 1193
1583104825788 15.0 1194
1583104827956 16.0 1195
1583104830155 14.0 1196
1583104832353 22.0 1197
1583104834538 18.0 1198
1583104836721 22.0 1199
1583104838899 14.0 1200
1583104841101 18.0 1201
1583104843315 17.0 1202
1583104845496 18.0 1203
1583104847679 17.0 1204
1583104849871 17.0 1205
1583104852070 13.0 1206
1583104854231 17.0 1207
1583104856406 21.0 1208
1583104858547 18.0 1209
1583104860679 19.0 1210
1583104862831 20.0 1211
1583104864976 19.0 1212
1583104867139 12.0 1213
1583104869317 12.0 1214
1583104871496 21.0 1215
1583104873678 18.0 1216
1583104875837 19.0 1217
1583104878007 19.0 1218
1583104880188 19.0 1219
1583104882377 22.0 1220
1583104884542 16.0 1221
1583104886705 13.0 1222
1583104888875 15.0 1223
1583104891069 13.0 1224
1583104893248 13.0 1225
1583104895432 12.0 1226
1583104897624 16.0 1227
1583104899808 21.0 1228
1583104902020 11.0 1229
1583104904219 9.0 1230
1583104906405 16.0 1231
1583104908600 8.0 1232
1583104910778 18.0 1233
1583104912934 17.0 1234
1583104915113 20.0 1235
1583104917285 13.0 1236
1583104919461 20.0 1237
1583104921632 19.0 1238
1583104923814 15.0 1239
1583104926016 17.0 1240
1583104928194 12.0 1241
1583104930363 15.0 1242
1583104932544 20.0 1243
1583104934736 14.0 1244
1583104936921 14.0 1245
1583104939084 12.0 1246
1583104941282 19.0 1247
1583104943461 13.0 1248
1583104945658 17.0 1249
1583104947805 14.0 1250
1583104949998 14.0 1251
1583104952208 12.0 1252
1583104954389 20.0 1253
1583104956549 10.0 1254
1583104958729 21.0 1255
1583104960940 19.0 1256
1583104963128 15.0 1257
1583104965295 15.0 1258
1583104967467 16.0 1259
1583104969628 13.0 1260
1583104971834 10.0 1261
1583104974036 20.0 1262
1583104976203 20.0 1263
1583104978415 17.0 1264
1583104980583 25.0 1265
1583104982769 17.0 1266
1583104984965 15.0 1267
1583104987142 19.0 1268
1583104989307 20.0 1269
1583104991468 14.0 1270
1583104993674 20.0 1271
1583104995863 23.0 1272
1583104998034 13.0 1273
1583105000211 16.0 1274
1583105002405 19.0 1275
1583105004566 17.0 1276
1583105006765 18.0 1277
1583105008940 7.0 1278
1583105011156 18.0 1279
1583105013322 16.0 1280
1583105015496 19.0 1281
1583105017654 15.0 1282
1583105019836 27.0 1283
1583105022017 19.0 1284
1583105024211 18.0 1285
1583105026403 18.0 1286
1583105028569 18.0 1287
1583105030717 21.0 1288
1583105032910 8.0 1289
1583105035088 17.0 1290
1583105037261 21.0 1291
1583105039429 20.0 1292
1583105041607 19.0 1293
1583105043798 13.0 1294
1583105045981 19.0 1295
1583105048164 12.0 1296
1583105050354 13.0 1297
1583105052510 17.0 1298
1583105054677 19.0 1299
1583105056860 17.0 1300
1583105059050 17.0 1301
1583105061226 20.0 1302
1583105063401 15.0 1303
1583105065586 19.0 1304
1583105067790 15.0 1305
1583105069981 13.0 1306
1583105072165 20.0 1307
1583105074329 16.0 1308
1583105076523 22.0 1309
1583105078687 13.0 1310
1583105080906 13.0 1311
1583105083071 5.0 1312
1583105085251 21.0 1313
1583105087440 10.0 1314
1583105089623 4.0 1315
1583105091799 16.0 1316
1583105093963 17.0 1317
1583105096165 15.0 1318
1583105098336 22.0 1319
1583105100508 16.0 1320
1583105102690 21.0 1321
1583105104874 15.0 1322
1583105107071 13.0 1323
1583105109227 9.0 1324
1583105111404 16.0 1325
1583105113580 16.0 1326
1583105115773 21.0 1327
1583105117969 19.0 1328
1583105120146 15.0 1329
1583105122307 17.0 1330
1583105124471 17.0 1331
1583105126660 18.0 1332
1583105128815 18.0 1333
1583105130998 16.0 1334
1583105133169 13.0 1335
1583105135332 20.0 1336
1583105137493 18.0 1337
1583105139663 14.0 1338
1583105141855 17.0 1339
1583105144046 9.0 1340
1583105146234 15.0 1341
1583105148409 20.0 1342
1583105150610 17.0 1343
1583105152839 25.0 1344
1583105155017 20.0 1345
1583105157186 11.0 1346
1583105159338 15.0 1347
1583105161513 15.0 1348
1583105163719 16.0 1349
1583105165915 20.0 1350
1583105168096 21.0 1351
1583105170274 18.0 1352
1583105172448 6.0 1353
1583105174597 16.0 1354
1583105176788 17.0 1355
1583105178970 12.0 1356
1583105181206 11.0 1357
1583105183403 16.0 1358
1583105185590 15.0 1359
1583105187770 17.0 1360
1583105189931 18.0 1361
1583105192163 18.0 1362
1583105194357 20.0 1363
1583105196540 18.0 1364
1583105198711 13.0 1365
1583105200902 21.0 1366
1583105203074 13.0 1367
1583105205248 7.0 1368
1583105207389 4.0 1369
1583105209543 9.0 1370
1583105211694 20.0 1371
1583105213851 16.0 1372
1583105216022 16.0 1373
1583105218201 17.0 1374
1583105220373 12.0 1375
1583105222537 16.0 1376
1583105224712 18.0 1377
1583105226871 18.0 1378
1583105229048 15.0 1379
1583105231220 23.0 1380
1583105233407 16.0 1381
1583105235574 14.0 1382
1583105237760 10.0 1383
1583105239948 15.0 1384
1583105242137 20.0 1385
1583105244300 24.0 1386
1583105246452 15.0 1387
1583105248614 17.0 1388
1583105250811 17.0 1389
1583105252985 11.0 1390
1583105255151 17.0 1391
1583105257358 17.0 1392
1583105259523 19.0 1393
1583105261694 15.0 1394
1583105263859 17.0 1395
1583105266045 10.0 1396
1583105268204 14.0 1397
1583105270393 18.0 1398
1583105272563 16.0 1399
1583105274724 13.0 1400
1583105276919 16.0 1401
1583105279096 20.0 1402
1583105281290 15.0 1403
1583105283475 20.0 1404
1583105285636 6.0 1405
1583105287841 17.0 1406
1583105290004 18.0 1407
1583105292152 18.0 1408
1583105294342 13.0 1409
1583105296503 12.0 1410
1583105300371 19.0 1411
1583105302540 21.0 1412
1583105305332 18.0 1413
1583105308020 19.0 1414
1583105312035 13.0 1415
1583105316270 16.0 1416
1583105319647 19.0 1417
1583105322763 14.0 1418
1583105325620 13.0 1419
1583105327785 13.0 1420
1583105329903 18.0 1421
1583105332137 18.0 1422
1583105334253 18.0 1423
1583105336416 13.0 1424
1583105338536 14.0 1425
1583105340666 16.0 1426
1583105342817 13.0 1427
1583105345077 17.0 1428
1583105347258 18.0 1429
1583105349383 15.0 1430
1583105351508 16.0 1431
1583105353617 12.0 1432
1583105355757 18.0 1433
1583105357890 17.0 1434
1583105360046 18.0 1435
1583105362178 17.0 1436
1583105364322 22.0 1437
1583105366589 7.0 1438
1583105368736 19.0 1439
1583105370900 8.0 1440
1583105373033 15.0 1441
1583105375689 9.0 1442
1583105378006 7.0 1443
1583105380539 24.0 1444
1583105383124 14.0 1445
1583105386066 15.0 1446
1583105388660 13.0 1447
1583105390948 12.0 1448
1583105393555 14.0 1449
1583105395705 18.0 1450
1583105398056 16.0 1451
1583105400179 20.0 1452
1583105402324 16.0 1453
1583105404747 12.0 1454
1583105407880 13.0 1455
1583105410834 10.0 1456
1583105413238 22.0 1457
1583105416504 19.0 1458
1583105419350 16.0 1459
1583105422096 11.0 1460
1583105424800 12.0 1461
1583105427623 19.0 1462
1583105430294 12.0 1463
1583105432696 15.0 1464
1583105435419 10.0 1465
1583105438566 17.0 1466
1583105441232 20.0 1467
1583105444142 15.0 1468
1583105446818 21.0 1469
1583105449194 10.0 1470
1583105452168 12.0 1471
1583105455341 12.0 1472
1583105457914 12.0 1473
1583105460118 19.0 1474
1583105462953 9.0 1475
1583105465122 10.0 1476
1583105467336 9.0 1477
1583105470508 14.0 1478
1583105472901 21.0 1479
1583105475486 17.0 1480
1583105478388 14.0 1481
1583105480554 23.0 1482
1583105482756 21.0 1483
1583105484899 20.0 1484
1583105487170 12.0 1485
1583105489877 12.0 1486
1583105492092 12.0 1487
1583105494354 18.0 1488
1583105497644 19.0 1489
1583105500090 15.0 1490
1583105502408 20.0 1491
1583105504656 19.0 1492
1583105506901 19.0 1493
1583105509140 20.0 1494
1583105511784 13.0 1495
1583105513918 16.0 1496
1583105516118 14.0 1497
1583105518850 16.0 1498
1583105521134 15.0 1499
1583105523438 15.0 1500
1583105526008 18.0 1501
1583105528404 14.0 1502
1583105530944 19.0 1503
1583105533078 24.0 1504
1583105535195 12.0 1505
1583105537504 18.0 1506
1583105539617 17.0 1507
1583105542087 18.0 1508
1583105545031 22.0 1509
1583105547382 13.0 1510
1583105549732 20.0 1511
1583105552393 20.0 1512
1583105554888 13.0 1513
1583105557104 16.0 1514
1583105559455 10.0 1515
1583105562315 18.0 1516
1583105564810 13.0 1517
1583105567049 10.0 1518
1583105569307 17.0 1519
1583105571579 15.0 1520
1583105574075 19.0 1521
1583105576227 17.0 1522
1583105579080 20.0 1523
1583105581567 18.0 1524
1583105584312 14.0 1525
1583105587746 20.0 1526
1583105590171 17.0 1527
1583105592446 18.0 1528
1583105594663 11.0 1529
1583105596967 18.0 1530
1583105599230 21.0 1531
1583105601437 21.0 1532
1583105603632 16.0 1533
1583105605856 18.0 1534
1583105608058 22.0 1535
1583105610247 8.0 1536
1583105612493 16.0 1537
1583105614704 18.0 1538
1583105616945 17.0 1539
1583105619148 20.0 1540
1583105621394 18.0 1541
1583105623605 14.0 1542
1583105625825 16.0 1543
1583105628021 12.0 1544
1583105630229 15.0 1545
1583105632449 15.0 1546
1583105634633 18.0 1547
1583105636885 17.0 1548
1583105639087 15.0 1549
1583105641432 17.0 1550
1583105643632 15.0 1551
1583105645887 17.0 1552
1583105648112 20.0 1553
1583105650307 16.0 1554
1583105652536 19.0 1555
1583105654716 14.0 1556
1583105656912 13.0 1557
1583105659084 5.0 1558
1583105661266 15.0 1559
1583105663465 20.0 1560
1583105665663 22.0 1561
1583105667894 18.0 1562
1583105670125 16.0 1563
1583105672343 16.0 1564
1583105674547 20.0 1565
1583105676733 13.0 1566
1583105678943 19.0 1567
1583105681133 23.0 1568
1583105683346 16.0 1569
1583105685502 18.0 1570
1583105687696 13.0 1571
1583105689916 17.0 1572
1583105692102 21.0 1573
1583105694223 8.0 1574
1583105696520 15.0 1575
1583105698745 18.0 1576
1583105700978 19.0 1577
1583105703233 15.0 1578
1583105705450 16.0 1579
1583105707599 24.0 1580
1583105709785 20.0 1581
1583105711981 12.0 1582
1583105714195 10.0 1583
1583105716355 15.0 1584
1583105718530 16.0 1585
1583105720697 19.0 1586
1583105722871 8.0 1587
1583105725078 22.0 1588
1583105727279 19.0 1589
1583105729460 4.0 1590
1583105731692 18.0 1591
1583105733862 15.0 1592
1583105736066 21.0 1593
1583105738244 14.0 1594
1583105740434 19.0 1595
1583105742614 17.0 1596
1583105744821 16.0 1597
1583105747000 17.0 1598
1583105749199 17.0 1599
1583105751384 14.0 1600
1583105753597 15.0 1601
1583105755817 13.0 1602
1583105758010 21.0 1603
1583105760249 17.0 1604
1583105762508 11.0 1605
1583105764656 16.0 1606
1583105766905 18.0 1607
1583105769076 16.0 1608
1583105771228 26.0 1609
1583105773437 12.0 1610
1583105775713 13.0 1611
1583105777911 14.0 1612
1583105780089 21.0 1613
1583105782283 15.0 1614
1583105784473 20.0 1615
1583105786701 19.0 1616
1583105788875 13.0 1617
1583105791103 9.0 1618
1583105793315 22.0 1619
1583105795529 19.0 1620
1583105797714 17.0 1621
1583105799895 14.0 1622
1583105802066 18.0 1623
1583105804262 19.0 1624
1583105806485 17.0 1625
1583105808643 13.0 1626
1583105810835 18.0 1627
1583105813012 16.0 1628
1583105815237 19.0 1629
1583105817409 14.0 1630
1583105819575 20.0 1631
1583105821752 15.0 1632
1583105823928 21.0 1633
1583105826144 15.0 1634
1583105828331 16.0 1635
1583105830539 18.0 1636
1583105832728 15.0 1637
1583105834918 19.0 1638
1583105837105 19.0 1639
1583105839292 14.0 1640
1583105841462 16.0 1641
1583105843612 19.0 1642
1583105845791 15.0 1643
1583105847946 17.0 1644
1583105850177 12.0 1645
1583105852415 13.0 1646
1583105854625 12.0 1647
1583105856801 14.0 1648
1583105859008 21.0 1649
1583105861423 20.0 1650
1583105864440 16.0 1651
1583105866972 18.0 1652
1583105869703 19.0 1653
1583105872017 17.0 1654
1583105874655 19.0 1655
1583105877030 16.0 1656
1583105879640 16.0 1657
1583105882407 16.0 1658
1583105884512 16.0 1659
1583105886627 11.0 1660
1583105888744 18.0 1661
1583105890870 11.0 1662
1583105892985 14.0 1663
1583105895116 9.0 1664
1583105897244 14.0 1665
1583105899343 17.0 1666
1583105901550 11.0 1667
1583105903656 17.0 1668
1583105905775 17.0 1669
1583105907900 16.0 1670
1583105910021 13.0 1671
1583105912447 21.0 1672
1583105915069 19.0 1673
1583105917380 11.0 1674
1583105919849 21.0 1675
1583105921981 15.0 1676
1583105924116 16.0 1677
1583105926862 16.0 1678
1583105929012 18.0 1679
1583105931128 22.0 1680
1583105933254 18.0 1681
1583105935381 20.0 1682
1583105937509 16.0 1683
1583105939625 16.0 1684
1583105941748 14.0 1685
1583105943869 14.0 1686
1583105946005 18.0 1687
1583105948307 20.0 1688
1583105950864 20.0 1689
1583105953008 19.0 1690
1583105955864 16.0 1691
1583105957975 21.0 1692
1583105960101 16.0 1693
1583105962238 14.0 1694
1583105964808 8.0 1695
1583105967020 18.0 1696
1583105969129 14.0 1697
1583105971282 17.0 1698
1583105973391 17.0 1699
1583105975517 12.0 1700
1583105977624 17.0 1701
1583105979745 19.0 1702
1583105981884 20.0 1703
1583105984070 13.0 1704
1583105986219 12.0 1705
1583105988344 22.0 1706
1583105990458 13.0 1707
1583105992580 17.0 1708
1583105994720 21.0 1709
1583105996844 18.0 1710
1583105999035 14.0 1711
1583106001160 16.0 1712
1583106003294 17.0 1713
1583106005433 19.0 1714
1583106007630 17.0 1715
1583106009774 16.0 1716
1583106011899 11.0 1717
1583106014039 21.0 1718
1583106016185 11.0 1719
1583106018579 13.0 1720
1583106020967 19.0 1721
1583106023106 20.0 1722
1583106025231 14.0 1723
1583106027342 8.0 1724
1583106029480 20.0 1725
1583106031784 19.0 1726
1583106033911 20.0 1727
1583106036043 8.0 1728
1583106038169 15.0 1729
1583106040316 13.0 1730
1583106042457 14.0 1731
1583106044593 13.0 1732
1583106046885 12.0 1733
1583106049021 17.0 1734
1583106051139 21.0 1735
1583106053292 17.0 1736
1583106055449 17.0 1737
1583106057573 11.0 1738
1583106059740 13.0 1739
1583106061889 19.0 1740
1583106064024 12.0 1741
1583106066140 22.0 1742
1583106068271 16.0 1743
1583106070392 21.0 1744
1583106072514 22.0 1745
1583106074633 12.0 1746
1583106076771 17.0 1747
1583106078899 22.0 1748
1583106081040 15.0 1749
1583106083171 13.0 1750
1583106085300 16.0 1751
1583106087437 16.0 1752
1583106089561 13.0 1753
1583106091709 22.0 1754
1583106093836 17.0 1755
1583106095972 20.0 1756
1583106098081 16.0 1757
1583106100208 17.0 1758
1583106102318 17.0 1759
1583106104442 19.0 1760
1583106106557 20.0 1761
1583106108678 18.0 1762
1583106110798 21.0 1763
1583106112928 11.0 1764
1583106115071 20.0 1765
1583106117211 16.0 1766
1583106119336 17.0 1767
1583106121469 17.0 1768
1583106123836 21.0 1769
1583106125988 21.0 1770
1583106128127 18.0 1771
1583106130263 9.0 1772
1583106132381 15.0 1773
1583106134493 20.0 1774
1583106136623 12.0 1775
1583106138741 15.0 1776
1583106140891 18.0 1777
1583106143027 15.0 1778
1583106145154 21.0 1779
1583106147271 24.0 1780
1583106149409 15.0 1781
1583106151532 13.0 1782
1583106153656 15.0 1783
1583106155784 18.0 1784
1583106157906 23.0 1785
1583106160035 14.0 1786
1583106162167 21.0 1787
1583106164298 15.0 1788
1583106166422 12.0 1789
1583106168541 21.0 1790
1583106170673 22.0 1791
1583106172827 8.0 1792
1583106175017 19.0 1793
1583106177122 19.0 1794
1583106179249 20.0 1795
1583106181371 13.0 1796
1583106183489 19.0 1797
1583106185603 16.0 1798
1583106187723 21.0 1799
1583106189856 13.0 1800
1583106191978 10.0 1801
1583106194105 19.0 1802
1583106196231 19.0 1803
1583106198356 15.0 1804
1583106200478 18.0 1805
1583106202604 16.0 1806
1583106204747 15.0 1807
1583106206881 17.0 1808
1583106209246 13.0 1809
1583106211669 20.0 1810
1583106213805 10.0 1811
1583106215924 15.0 1812
1583106218053 9.0 1813
1583106220167 17.0 1814
1583106222297 10.0 1815
1583106224448 17.0 1816
1583106226579 15.0 1817
1583106228689 15.0 1818
1583106230821 17.0 1819
1583106232934 18.0 1820
1583106235045 20.0 1821
1583106237159 13.0 1822
1583106239328 20.0 1823
1583106241464 10.0 1824
1583106243573 13.0 1825
1583106245703 18.0 1826
1583106247888 10.0 1827
1583106250228 15.0 1828
1583106252387 12.0 1829
1583106254579 14.0 1830
1583106256705 10.0 1831
1583106258826 15.0 1832
1583106260930 21.0 1833
1583106263057 18.0 1834
1583106265173 25.0 1835
1583106267311 17.0 1836
1583106269501 17.0 1837
1583106271658 19.0 1838
1583106273799 19.0 1839
1583106275926 20.0 1840
1583106278061 18.0 1841
1583106280254 12.0 1842
1583106282386 21.0 1843
1583106284502 14.0 1844
1583106286644 12.0 1845
1583106288768 18.0 1846
1583106290924 12.0 1847
1583106293048 19.0 1848
1583106295182 16.0 1849
1583106297300 22.0 1850
1583106299421 19.0 1851
1583106301673 20.0 1852
1583106304127 19.0 1853
1583106306314 15.0 1854
1583106308588 13.0 1855
1583106310861 17.0 1856
1583106312999 14.0 1857
1583106315110 14.0 1858
1583106317258 20.0 1859
1583106319433 16.0 1860
1583106321758 14.0 1861
1583106323884 11.0 1862
1583106326022 20.0 1863
1583106328137 15.0 1864
1583106330319 19.0 1865
1583106332469 11.0 1866
1583106334588 16.0 1867
1583106336696 14.0 1868
1583106338825 23.0 1869
1583106340963 17.0 1870
1583106343097 17.0 1871
1583106345262 23.0 1872
1583106347383 14.0 1873
1583106349505 17.0 1874
1583106351619 19.0 1875
1583106353737 18.0 1876
1583106355884 15.0 1877
1583106358021 14.0 1878
1583106360153 18.0 1879
1583106362315 12.0 1880
1583106364432 9.0 1881
1583106366558 17.0 1882
1583106368678 18.0 1883
1583106370803 17.0 1884
1583106372940 19.0 1885
1583106375075 16.0 1886
1583106377210 11.0 1887
1583106379315 20.0 1888
1583106381451 13.0 1889
1583106383583 8.0 1890
1583106385711 14.0 1891
1583106387844 21.0 1892
1583106389956 19.0 1893
1583106392094 11.0 1894
1583106394246 21.0 1895
1583106396363 20.0 1896
1583106398487 22.0 1897
1583106400601 13.0 1898
1583106402861 11.0 1899
1583106405054 19.0 1900
1583106407171 14.0 1901
1583106409299 18.0 1902
1583106411441 19.0 1903
1583106413556 18.0 1904
1583106415674 11.0 1905
1583106417802 8.0 1906
1583106419924 16.0 1907
1583106422064 18.0 1908
1583106424185 19.0 1909
1583106426324 13.0 1910
1583106428453 18.0 1911
1583106430564 14.0 1912
1583106432687 13.0 1913
1583106434808 13.0 1914
1583106436949 15.0 1915
1583106439068 6.0 1916
1583106441236 15.0 1917
1583106443710 10.0 1918
1583106445843 20.0 1919
1583106447959 19.0 1920
1583106450102 13.0 1921
1583106452247 12.0 1922
1583106454365 24.0 1923
1583106456490 12.0 1924
1583106458623 12.0 1925
1583106460750 15.0 1926
1583106462885 21.0 1927
1583106465009 16.0 1928
1583106467162 11.0 1929
1583106469275 3.0 1930
1583106471406 20.0 1931
1583106473523 15.0 1932
1583106475695 20.0 1933
1583106477906 18.0 1934
1583106480175 16.0 1935
1583106482471 15.0 1936
1583106484639 20.0 1937
1583106487132 11.0 1938
1583106489445 19.0 1939
1583106491584 12.0 1940
1583106494083 20.0 1941
1583106496602 13.0 1942
1583106498910 14.0 1943
1583106501218 15.0 1944
1583106503371 13.0 1945
1583106505567 20.0 1946
1583106507744 12.0 1947
1583106509987 8.0 1948
1583106512119 6.0 1949
1583106514322 24.0 1950
1583106516812 19.0 1951
1583106519118 6.0 1952
1583106521589 20.0 1953
1583106523861 23.0 1954
1583106526092 16.0 1955
1583106528441 16.0 1956
1583106530797 20.0 1957
1583106533108 18.0 1958
1583106535385 15.0 1959
1583106537685 13.0 1960
1583106540125 16.0 1961
1583106542515 23.0 1962
1583106544638 17.0 1963
1583106546768 16.0 1964
1583106548965 23.0 1965
1583106551336 15.0 1966
1583106553524 4.0 1967
1583106555873 18.0 1968
1583106558313 19.0 1969
1583106560436 21.0 1970
1583106562551 16.0 1971
1583106564678 14.0 1972
1583106566900 14.0 1973
1583106569173 17.0 1974
1583106571823 13.0 1975
1583106574048 20.0 1976
1583106576540 18.0 1977
1583106578668 20.0 1978
1583106580803 14.0 1979
1583106582944 18.0 1980
1583106585082 20.0 1981
1583106587206 20.0 1982
1583106589332 19.0 1983
1583106591480 18.0 1984
1583106593895 19.0 1985
1583106596154 18.0 1986
1583106598378 25.0 1987
1583106600585 14.0 1988
1583106602832 19.0 1989
1583106605470 16.0 1990
1583106607759 19.0 1991
1583106609898 8.0 1992
1583106612009 9.0 1993
1583106614136 18.0 1994
1583106616283 14.0 1995
1583106618401 17.0 1996
1583106620677 19.0 1997
1583106623024 20.0 1998
1583106625152 14.0 1999
1583106627266 21.0 2000
