1584614417318 1 1
1584614420405 1 2
1584614423181 1 3
1584614428497 1 4
1584614436191 1 5
1584614442315 1 6
1584614446313 1 7
1584614449310 1 8
1584614452112 1 9
1584614454707 1 10
1584614457371 1 11
1584614459899 1 12
1584614462690 1 13
1584614465309 1 14
1584614468049 1 15
1584614470627 1 16
1584614473998 1 17
1584614478699 1 18
1584614481596 1 19
1584614484705 1 20
1584614487301 1 21
1584614490486 1 22
1584614493574 1 23
1584614496370 1 24
1584614499095 1 25
1584614501804 1 26
1584614505219 1 27
1584614508064 1 28
1584614514031 1 29
1584614516760 1 30
1584614519717 1 31
1584614522428 1 32
1584614524928 1 33
1584614527428 1 34
1584614529898 1 35
1584614532561 1 36
1584614535143 1 37
1584614538343 1 38
1584614541656 1 39
1584614544179 1 40
1584614547236 1 41
1584614550501 1 42
1584614553996 1 43
1584614559110 1 44
1584614563896 1 45
1584614568108 1 46
1584614572020 1 47
1584614574834 1 48
1584614577973 1 49
1584614581191 1 50
1584614585467 1 51
1584614588813 1 52
1584614591909 1 53
1584614595295 1 54
1584614598784 1 55
1584614602996 1 56
1584614606570 1 57
1584614610059 1 58
1584614613404 1 59
1584614616834 1 60
1584614619464 1 61
1584614622817 1 62
1584614626454 1 63
1584614630305 1 64
1584614632751 1 65
1584614635384 1 66
1584614638030 1 67
1584614641136 1 68
1584614644298 1 69
1584614647086 1 70
1584614649670 1 71
1584614653031 1 72
1584614655403 1 73
1584614657785 1 74
1584614660174 1 75
1584614662715 1 76
1584614666215 1 77
1584614671380 1 78
1584614676608 1 79
1584614681066 1 80
1584614684981 1 81
1584614688205 1 82
1584614691011 1 83
1584614693602 1 84
1584614696402 1 85
1584614699098 1 86
1584614702181 1 87
1584614705860 1 88
1584614709086 1 89
1584614711538 1 90
1584614713870 1 91
1584614716287 1 92
1584614718654 1 93
1584614721195 1 94
1584614723764 1 95
1584614730177 1 96
1584614734503 1 97
1584614737005 1 98
1584614739452 1 99
1584614741941 1 100
1584614744764 1 101
1584614747504 1 102
1584614750235 1 103
1584614752925 1 104
1584614756964 1 105
1584614762024 1 106
1584614764518 1 107
1584614770033 1 108
1584614772612 1 109
1584614775338 1 110
1584614778353 1 111
1584614781257 1 112
1584614783692 1 113
1584614786356 1 114
1584614788979 1 115
1584614792942 1 116
1584614796809 1 117
1584614801781 1 118
1584614804453 1 119
1584614807576 1 120
1584614811455 1 121
1584614816068 1 122
1584614819072 1 123
1584614822747 1 124
1584614825664 1 125
1584614828052 1 126
1584614830436 1 127
1584614832831 1 128
1584614835220 1 129
1584614837688 1 130
1584614840105 1 131
1584614843158 1 132
1584614845867 1 133
1584614848391 1 134
1584614850795 1 135
1584614853272 1 136
1584614856168 1 137
1584614858862 1 138
1584614861489 1 139
1584614864122 1 140
1584614866927 1 141
1584614869760 1 142
1584614872464 1 143
1584614875268 1 144
1584614878186 1 145
1584614882922 1 146
1584614887189 1 147
1584614889856 1 148
1584614892705 1 149
1584614896061 1 150
1584614898905 1 151
1584614901402 1 152
1584614903931 1 153
1584614906424 1 154
1584614909199 1 155
1584614911719 1 156
1584614914108 1 157
1584614916581 1 158
1584614919031 1 159
1584614923596 1 160
1584614926571 1 161
1584614929816 1 162
1584614934712 1 163
1584614938333 1 164
1584614940748 1 165
1584614943189 1 166
1584614945822 1 167
1584614948140 1 168
1584614950505 1 169
1584614952803 1 170
1584614955701 1 171
1584614959384 1 172
1584614962207 1 173
1584614965478 1 174
1584614968531 1 175
1584614971571 1 176
1584614974097 1 177
1584614976836 1 178
1584614979439 1 179
1584614982155 1 180
1584614985379 1 181
1584614987970 1 182
1584614990745 1 183
1584614993241 1 184
1584614996245 1 185
1584614998532 1 186
1584615001189 1 187
1584615003675 1 188
1584615006001 1 189
1584615008586 1 190
1584615012264 1 191
1584615014843 1 192
1584615017214 1 193
1584615019603 1 194
1584615022211 1 195
1584615024792 1 196
1584615027534 1 197
1584615030164 1 198
1584615032750 1 199
1584615035180 1 200
1584615037686 1 201
1584615040184 1 202
1584615042548 1 203
1584615044908 1 204
1584615047665 1 205
1584615050206 1 206
1584615053599 1 207
1584615056557 1 208
1584615058931 1 209
1584615061556 1 210
1584615063945 1 211
1584615066276 1 212
1584615068623 1 213
1584615071175 1 214
1584615073532 1 215
1584615075943 1 216
1584615078366 1 217
1584615081233 1 218
1584615083844 1 219
1584615086595 1 220
1584615089842 1 221
1584615092739 1 222
1584615095556 1 223
1584615098573 1 224
1584615101356 1 225
1584615103949 1 226
1584615106959 1 227
1584615109727 1 228
1584615112253 1 229
1584615115079 1 230
1584615117497 1 231
1584615119875 1 232
1584615122399 1 233
1584615124766 1 234
1584615127178 1 235
1584615129611 1 236
1584615132047 1 237
1584615134350 1 238
1584615136731 1 239
1584615139099 1 240
1584615141462 1 241
1584615143786 1 242
1584615146195 1 243
1584615148596 1 244
1584615151725 1 245
1584615154530 1 246
1584615157175 1 247
1584615159636 1 248
1584615162003 1 249
1584615164436 1 250
1584615166828 1 251
1584615169220 1 252
1584615171605 1 253
1584615173973 1 254
1584615176421 1 255
1584615178760 1 256
1584615181252 1 257
1584615183704 1 258
1584615186145 1 259
1584615188587 1 260
1584615191346 1 261
1584615193709 1 262
1584615196613 1 263
1584615198930 1 264
1584615201398 1 265
1584615203768 1 266
1584615206219 1 267
1584615209412 1 268
1584615212897 1 269
1584615215339 1 270
1584615217702 1 271
1584615220491 1 272
1584615223201 1 273
1584615225619 1 274
1584615228440 1 275
1584615230818 1 276
1584615233239 1 277
1584615235695 1 278
1584615238071 1 279
1584615240506 1 280
1584615243539 1 281
1584615246280 1 282
1584615248736 1 283
1584615251448 1 284
1584615254198 1 285
1584615256839 1 286
1584615259423 1 287
1584615262108 1 288
1584615264818 1 289
1584615268609 1 290
1584615271472 1 291
1584615274160 1 292
1584615276948 1 293
1584615279589 1 294
1584615282505 1 295
1584615284932 1 296
1584615287360 1 297
1584615289745 1 298
1584615292576 1 299
1584615295824 1 300
1584615298600 1 301
1584615301821 1 302
1584615304367 1 303
1584615306727 1 304
1584615309123 1 305
1584615311568 1 306
1584615313956 1 307
1584615316539 1 308
1584615319192 1 309
1584615321671 1 310
1584615324206 1 311
1584615326711 1 312
1584615329481 1 313
1584615332210 1 314
1584615334632 1 315
1584615337525 1 316
1584615340226 1 317
1584615343003 1 318
1584615345682 1 319
1584615349075 1 320
1584615353003 1 321
1584615356423 1 322
1584615358977 1 323
1584615361512 1 324
1584615364827 1 325
1584615367461 1 326
1584615370131 1 327
1584615373330 1 328
1584615376834 1 329
1584615379358 1 330
1584615381832 1 331
1584615385188 1 332
1584615387602 1 333
1584615390306 1 334
1584615392922 1 335
1584615395335 1 336
1584615397716 1 337
1584615400169 1 338
1584615402593 1 339
1584615405001 1 340
1584615407422 1 341
1584615409802 1 342
1584615412212 1 343
1584615414553 1 344
1584615417072 1 345
1584615419427 1 346
1584615422029 1 347
1584615424494 1 348
1584615426954 1 349
1584615429299 1 350
1584615431719 1 351
1584615434696 1 352
1584615438473 1 353
1584615442220 1 354
1584615444772 1 355
1584615447493 1 356
1584615451447 1 357
1584615456070 1 358
1584615459623 1 359
1584615463319 1 360
1584615465768 1 361
1584615468212 1 362
1584615472089 1 363
1584615474841 1 364
1584615477351 1 365
1584615479999 1 366
1584615482529 1 367
1584615484908 1 368
1584615487820 1 369
1584615490499 1 370
1584615492869 1 371
1584615495378 1 372
1584615497710 1 373
1584615500128 1 374
1584615502496 1 375
1584615504849 1 376
1584615507249 1 377
1584615509655 1 378
1584615512529 1 379
1584615515327 1 380
1584615517774 1 381
1584615520352 1 382
1584615522824 1 383
1584615525308 1 384
1584615528044 1 385
1584615530452 1 386
1584615532787 1 387
1584615535182 1 388
1584615537558 1 389
1584615539963 1 390
1584615543028 1 391
1584615545459 1 392
1584615547830 1 393
1584615550429 1 394
1584615553300 1 395
1584615555702 1 396
1584615558119 1 397
1584615560528 1 398
1584615562956 1 399
1584615565412 1 400
1584615567956 1 401
1584615570499 1 402
1584615572884 1 403
1584615575361 1 404
1584615577852 1 405
1584615580415 1 406
1584615582832 1 407
1584615585847 1 408
1584615589586 1 409
1584615593183 1 410
1584615595636 1 411
1584615598486 1 412
1584615601492 1 413
1584615604342 1 414
1584615606751 1 415
1584615609196 1 416
1584615611661 1 417
1584615614099 1 418
1584615616568 1 419
1584615619089 1 420
1584615621544 1 421
1584615623942 1 422
1584615626457 1 423
1584615628822 1 424
1584615632107 1 425
1584615634512 1 426
1584615636933 1 427
1584615639369 1 428
1584615641824 1 429
1584615644269 1 430
1584615646640 1 431
1584615649208 1 432
1584615651609 1 433
1584615654032 1 434
1584615656463 1 435
1584615658826 1 436
1584615661620 1 437
1584615664222 1 438
1584615666618 1 439
1584615669044 1 440
1584615671454 1 441
1584615673823 1 442
1584615676210 1 443
1584615678687 1 444
1584615681152 1 445
1584615683809 1 446
1584615686350 1 447
1584615688717 1 448
1584615691195 1 449
1584615693592 1 450
1584615696049 1 451
1584615698469 1 452
1584615700867 1 453
1584615703246 1 454
1584615705721 1 455
1584615708178 1 456
1584615710677 1 457
1584615713125 1 458
1584615715910 1 459
1584615718609 1 460
1584615721127 1 461
1584615723803 1 462
1584615726322 1 463
1584615728679 1 464
1584615731072 1 465
1584615733449 1 466
1584615735896 1 467
1584615738329 1 468
1584615740758 1 469
1584615743179 1 470
1584615745632 1 471
1584615747999 1 472
1584615750461 1 473
1584615752870 1 474
1584615755327 1 475
1584615757948 1 476
1584615760412 1 477
1584615762793 1 478
1584615765228 1 479
1584615767622 1 480
1584615770106 1 481
1584615772574 1 482
1584615777006 1 483
1584615779601 1 484
1584615783420 1 485
1584615786330 1 486
1584615789272 1 487
1584615791707 1 488
1584615794199 1 489
1584615796654 1 490
1584615799047 1 491
1584615801592 1 492
1584615804048 1 493
1584615806573 1 494
1584615809027 1 495
1584615811508 1 496
1584615815086 1 497
1584615817493 1 498
1584615819929 1 499
1584615822486 1 500
1584615825074 1 501
1584615827518 1 502
1584615830034 1 503
1584615832451 1 504
1584615834905 1 505
1584615837377 1 506
1584615839810 1 507
1584615842370 1 508
1584615844834 1 509
1584615847357 1 510
1584615849788 1 511
1584615852289 1 512
1584615854682 1 513
1584615857102 1 514
1584615859570 1 515
1584615862028 1 516
1584615864408 1 517
1584615866814 1 518
1584615869241 1 519
1584615871738 1 520
1584615874282 1 521
1584615876673 1 522
1584615879336 1 523
1584615881878 1 524
1584615884788 1 525
1584615887569 1 526
1584615890437 1 527
1584615893452 1 528
1584615896779 1 529
1584615900613 1 530
1584615904580 1 531
1584615908768 1 532
1584615913347 1 533
1584615916517 1 534
1584615919014 1 535
1584615921871 1 536
1584615924801 1 537
1584615927220 1 538
1584615929650 1 539
1584615932437 1 540
1584615937202 1 541
1584615940166 1 542
1584615943290 1 543
1584615946766 1 544
1584615950704 1 545
1584615953240 1 546
1584615955693 1 547
1584615958040 1 548
1584615961504 1 549
1584615964240 1 550
1584615966786 1 551
1584615969609 1 552
1584615972494 1 553
1584615974974 1 554
1584615977787 1 555
1584615980473 1 556
1584615982860 1 557
1584615985349 1 558
1584615987979 1 559
1584615991701 1 560
1584615994096 1 561
1584615996723 1 562
1584615999303 1 563
1584616002123 1 564
1584616004652 1 565
1584616007446 1 566
1584616010296 1 567
1584616013196 1 568
1584616017880 1 569
1584616020565 1 570
1584616023141 1 571
1584616026772 1 572
1584616029831 1 573
1584616032318 1 574
1584616034773 1 575
1584616037569 1 576
1584616040866 1 577
1584616043223 1 578
1584616046091 1 579
1584616048505 1 580
1584616051293 1 581
1584616053674 1 582
1584616056299 1 583
1584616058880 1 584
1584616061513 1 585
1584616064148 1 586
1584616066853 1 587
1584616069633 1 588
1584616072275 1 589
1584616075347 1 590
1584616077769 1 591
1584616080345 1 592
1584616083238 1 593
1584616085903 1 594
1584616088599 1 595
1584616091406 1 596
1584616094163 1 597
1584616097017 1 598
1584616099607 1 599
1584616102465 1 600
1584616105548 1 601
1584616108216 1 602
1584616111230 1 603
1584616113670 1 604
1584616116408 1 605
1584616119154 1 606
1584616121794 1 607
1584616124484 1 608
1584616127069 1 609
1584616129488 1 610
1584616132068 1 611
1584616134671 1 612
1584616137436 1 613
1584616139890 1 614
1584616142524 1 615
1584616145144 1 616
1584616147645 1 617
1584616150194 1 618
1584616152966 1 619
1584616155634 1 620
1584616158215 1 621
1584616161153 1 622
1584616163537 1 623
1584616166340 1 624
1584616168765 1 625
1584616171979 1 626
1584616174572 1 627
1584616177097 1 628
1584616179778 1 629
1584616182686 1 630
1584616185389 1 631
1584616187972 1 632
1584616190607 1 633
1584616193048 1 634
1584616195559 1 635
1584616198136 1 636
1584616200858 1 637
1584616203558 1 638
1584616206172 1 639
1584616208645 1 640
1584616211350 1 641
1584616213759 1 642
1584616216283 1 643
1584616218692 1 644
1584616221851 1 645
1584616224526 1 646
1584616227096 1 647
1584616229617 1 648
1584616232456 1 649
1584616234948 1 650
1584616237568 1 651
1584616239955 1 652
1584616242378 1 653
1584616244846 1 654
1584616247336 1 655
1584616249764 1 656
1584616252478 1 657
1584616255710 1 658
1584616258103 1 659
1584616260914 1 660
1584616263561 1 661
1584616267167 1 662
1584616270544 1 663
1584616273422 1 664
1584616276212 1 665
1584616280364 1 666
1584616283079 1 667
1584616285600 1 668
1584616288222 1 669
1584616291382 1 670
1584616293901 1 671
1584616296702 1 672
1584616299151 1 673
1584616301901 1 674
1584616304529 1 675
1584616307215 1 676
1584616309565 1 677
1584616312193 1 678
1584616315413 1 679
1584616317936 1 680
1584616321410 1 681
1584616323968 1 682
1584616326605 1 683
1584616329008 1 684
1584616331804 1 685
1584616334518 1 686
1584616337252 1 687
1584616340853 1 688
1584616345067 1 689
1584616348842 1 690
1584616353033 1 691
1584616356337 1 692
1584616359902 1 693
1584616362741 1 694
1584616366111 1 695
1584616368782 1 696
1584616371381 1 697
1584616373994 1 698
1584616376694 1 699
1584616379149 1 700
1584616382192 1 701
1584616384686 1 702
1584616387106 1 703
1584616389544 1 704
1584616392084 1 705
1584616394601 1 706
1584616397059 1 707
1584616399704 1 708
1584616402394 1 709
1584616404845 1 710
1584616407387 1 711
1584616410125 1 712
1584616412690 1 713
1584616416295 1 714
1584616418703 1 715
1584616422484 1 716
1584616425127 1 717
1584616428527 1 718
1584616431579 1 719
1584616434806 1 720
1584616437878 1 721
1584616440620 1 722
1584616443760 1 723
1584616446425 1 724
1584616448826 1 725
1584616451523 1 726
1584616454080 1 727
1584616456648 1 728
1584616459375 1 729
1584616461980 1 730
1584616465205 1 731
1584616468618 1 732
1584616472845 1 733
1584616476081 1 734
1584616478574 1 735
1584616481362 1 736
1584616483805 1 737
1584616486850 1 738
1584616489511 1 739
1584616492388 1 740
1584616495170 1 741
1584616498065 1 742
1584616500880 1 743
1584616503760 1 744
1584616506395 1 745
1584616510124 1 746
1584616513049 1 747
1584616515759 1 748
1584616518469 1 749
1584616521147 1 750
1584616523693 1 751
1584616526536 1 752
1584616529256 1 753
1584616532109 1 754
1584616534814 1 755
1584616537772 1 756
1584616540425 1 757
1584616543071 1 758
1584616545731 1 759
1584616548418 1 760
1584616551142 1 761
1584616553770 1 762
1584616556736 1 763
1584616559250 1 764
1584616562625 1 765
1584616565483 1 766
1584616568198 1 767
1584616571000 1 768
1584616573608 1 769
1584616576199 1 770
1584616578758 1 771
1584616581457 1 772
1584616583962 1 773
1584616586610 1 774
1584616589397 1 775
1584616592257 1 776
1584616594979 1 777
1584616597872 1 778
1584616601980 1 779
1584616604862 1 780
1584616608067 1 781
1584616612386 1 782
1584616618225 1 783
1584616622534 1 784
1584616625917 1 785
1584616628397 1 786
1584616631190 1 787
1584616633803 1 788
1584616638308 1 789
1584616642052 1 790
1584616644680 1 791
1584616647730 1 792
1584616650314 1 793
1584616653005 1 794
1584616655795 1 795
1584616658347 1 796
1584616661479 1 797
1584616663879 1 798
1584616666563 1 799
1584616671312 1 800
1584616675464 1 801
1584616680365 1 802
1584616687419 1 803
1584616691787 1 804
1584616694773 1 805
1584616698300 1 806
1584616702177 1 807
1584616705422 1 808
1584616708439 1 809
1584616711486 1 810
1584616715298 1 811
1584616718610 1 812
1584616722118 1 813
1584616725570 1 814
1584616728730 1 815
1584616732523 1 816
1584616735523 1 817
1584616739463 1 818
1584616743963 1 819
1584616746628 1 820
1584616750197 1 821
1584616752823 1 822
1584616755467 1 823
1584616760756 1 824
1584616764616 1 825
1584616767201 1 826
1584616769670 1 827
1584616772378 1 828
1584616774980 1 829
1584616777843 1 830
1584616780515 1 831
1584616783123 1 832
1584616785753 1 833
1584616788359 1 834
1584616791079 1 835
1584616793625 1 836
1584616796353 1 837
1584616799184 1 838
1584616801930 1 839
1584616804584 1 840
1584616807639 1 841
1584616810687 1 842
1584616813431 1 843
1584616816127 1 844
1584616818593 1 845
1584616821389 1 846
1584616823895 1 847
1584616826589 1 848
1584616829703 1 849
1584616833718 1 850
1584616836472 1 851
1584616839098 1 852
1584616842198 1 853
1584616844674 1 854
1584616847380 1 855
1584616850035 1 856
1584616852724 1 857
1584616855515 1 858
1584616858445 1 859
1584616861105 1 860
1584616863840 1 861
1584616866362 1 862
1584616868837 1 863
1584616871524 1 864
1584616873980 1 865
1584616876653 1 866
1584616879166 1 867
1584616882046 1 868
1584616884526 1 869
1584616887314 1 870
1584616890880 1 871
1584616894156 1 872
1584616896851 1 873
1584616899433 1 874
1584616902200 1 875
1584616904670 1 876
1584616907380 1 877
1584616910123 1 878
1584616912954 1 879
1584616917463 1 880
1584616920253 1 881
1584616923659 1 882
1584616926618 1 883
1584616929884 1 884
1584616932731 1 885
1584616935501 1 886
1584616938083 1 887
1584616941290 1 888
1584616943809 1 889
1584616946497 1 890
1584616949543 1 891
1584616955202 1 892
1584616958158 1 893
1584616961090 1 894
1584616963797 1 895
1584616966542 1 896
1584616969690 1 897
1584616972768 1 898
1584616977633 1 899
1584616983935 1 900
1584616988350 1 901
1584616992009 1 902
1584616995120 1 903
1584616998234 1 904
1584617001573 1 905
1584617005125 1 906
1584617008206 1 907
1584617011789 1 908
1584617015566 1 909
1584617018715 1 910
1584617022290 1 911
1584617026504 1 912
1584617031807 1 913
1584617037076 1 914
1584617041666 1 915
1584617047877 1 916
1584617055655 1 917
1584617063238 1 918
1584617069754 1 919
1584617073092 1 920
1584617077375 1 921
1584617081897 1 922
1584617085499 1 923
1584617089734 1 924
1584617092873 1 925
1584617096047 1 926
1584617098575 1 927
1584617103054 1 928
1584617106317 1 929
1584617109558 1 930
1584617113142 1 931
1584617118168 1 932
1584617120899 1 933
1584617123412 1 934
1584617126068 1 935
1584617129545 1 936
1584617136328 1 937
1584617141752 1 938
1584617147625 1 939
1584617153033 1 940
1584617157772 1 941
1584617161686 1 942
1584617165077 1 943
1584617168131 1 944
1584617170888 1 945
1584617175728 1 946
1584617179320 1 947
1584617183933 1 948
1584617187151 1 949
1584617189927 1 950
1584617193979 1 951
1584617196831 1 952
1584617200790 1 953
1584617204380 1 954
1584617207914 1 955
1584617211026 1 956
1584617214662 1 957
1584617218213 1 958
1584617222641 1 959
1584617227606 1 960
1584617232247 1 961
1584617235367 1 962
1584617238286 1 963
1584617241756 1 964
1584617246928 1 965
1584617252501 1 966
1584617257223 1 967
1584617260335 1 968
1584617263139 1 969
1584617265576 1 970
1584617268103 1 971
1584617273964 1 972
1584617277737 1 973
1584617280365 1 974
1584617283549 1 975
1584617286485 1 976
1584617288931 1 977
1584617291607 1 978
1584617294324 1 979
1584617297048 1 980
1584617299832 1 981
1584617302411 1 982
1584617304923 1 983
1584617307659 1 984
1584617310828 1 985
1584617313542 1 986
1584617316400 1 987
1584617319048 1 988
1584617321879 1 989
1584617324500 1 990
1584617327679 1 991
1584617330440 1 992
1584617333006 1 993
1584617336071 1 994
1584617338661 1 995
1584617341753 1 996
1584617344344 1 997
1584617347051 1 998
1584617350225 1 999
1584617352737 1 1000
1584617355589 1 1001
1584617358128 1 1002
1584617360811 1 1003
1584617363292 1 1004
1584617366078 1 1005
1584617368592 1 1006
1584617371602 1 1007
1584617374118 1 1008
1584617377068 1 1009
1584617379533 1 1010
1584617382579 1 1011
1584617385189 1 1012
1584617387757 1 1013
1584617390239 1 1014
1584617392785 1 1015
1584617395516 1 1016
1584617398153 1 1017
1584617401254 1 1018
1584617404298 1 1019
1584617406918 1 1020
1584617409578 1 1021
1584617412489 1 1022
1584617415113 1 1023
1584617417696 1 1024
1584617420288 1 1025
1584617422868 1 1026
1584617425703 1 1027
1584617428524 1 1028
1584617431411 1 1029
1584617433889 1 1030
1584617436606 1 1031
1584617439171 1 1032
1584617442254 1 1033
1584617444698 1 1034
1584617447905 1 1035
1584617450730 1 1036
1584617453257 1 1037
1584617455972 1 1038
1584617458787 1 1039
1584617461693 1 1040
1584617465077 1 1041
1584617468071 1 1042
1584617471809 1 1043
1584617476035 1 1044
1584617480972 1 1045
1584617484617 1 1046
1584617488407 1 1047
1584617493716 1 1048
1584617498872 1 1049
1584617502531 1 1050
1584617505389 1 1051
1584617508645 1 1052
1584617511869 1 1053
1584617514666 1 1054
1584617517411 1 1055
1584617520572 1 1056
1584617523633 1 1057
1584617526493 1 1058
1584617528925 1 1059
1584617531450 1 1060
1584617533870 1 1061
1584617536320 1 1062
1584617538728 1 1063
1584617541268 1 1064
1584617543790 1 1065
1584617547375 1 1066
1584617550666 1 1067
1584617553293 1 1068
1584617556992 1 1069
1584617561387 1 1070
1584617564157 1 1071
1584617567159 1 1072
1584617569703 1 1073
1584617572673 1 1074
1584617575733 1 1075
1584617578601 1 1076
1584617582674 1 1077
1584617586244 1 1078
1584617589570 1 1079
1584617592904 1 1080
1584617595560 1 1081
1584617598322 1 1082
1584617601997 1 1083
1584617604906 1 1084
1584617608690 1 1085
1584617611284 1 1086
1584617613697 1 1087
1584617617423 1 1088
1584617620937 1 1089
1584617623561 1 1090
1584617626083 1 1091
1584617628524 1 1092
1584617630915 1 1093
1584617633401 1 1094
1584617636952 1 1095
1584617640613 1 1096
1584617643838 1 1097
1584617646480 1 1098
1584617648880 1 1099
1584617651414 1 1100
1584617654053 1 1101
1584617656576 1 1102
1584617659002 1 1103
1584617661475 1 1104
1584617663855 1 1105
1584617666334 1 1106
1584617668710 1 1107
1584617671300 1 1108
1584617673835 1 1109
1584617676305 1 1110
1584617678731 1 1111
1584617681516 1 1112
1584617684208 1 1113
1584617686610 1 1114
1584617688960 1 1115
1584617691465 1 1116
1584617693873 1 1117
1584617696646 1 1118
1584617699366 1 1119
1584617701848 1 1120
1584617704461 1 1121
1584617706891 1 1122
1584617710520 1 1123
1584617713468 1 1124
1584617716488 1 1125
1584617719193 1 1126
1584617722676 1 1127
1584617726812 1 1128
1584617729346 1 1129
1584617731914 1 1130
1584617734576 1 1131
1584617737179 1 1132
1584617740379 1 1133
1584617744548 1 1134
1584617747422 1 1135
1584617749859 1 1136
1584617752351 1 1137
1584617754783 1 1138
1584617757270 1 1139
1584617759738 1 1140
1584617762368 1 1141
1584617764764 1 1142
1584617767208 1 1143
1584617769611 1 1144
1584617772217 1 1145
1584617775247 1 1146
1584617778090 1 1147
1584617781761 1 1148
1584617784460 1 1149
1584617787167 1 1150
1584617789682 1 1151
1584617792294 1 1152
1584617794812 1 1153
1584617797339 1 1154
1584617799694 1 1155
1584617802001 1 1156
1584617804291 1 1157
1584617806612 1 1158
1584617809124 1 1159
1584617811636 1 1160
1584617815427 1 1161
1584617817755 1 1162
1584617820113 1 1163
1584617823525 1 1164
1584617827775 1 1165
1584617830046 1 1166
1584617832369 1 1167
1584617834663 1 1168
1584617837128 1 1169
1584617839843 1 1170
1584617842179 1 1171
1584617844495 1 1172
1584617846773 1 1173
1584617849066 1 1174
1584617851463 1 1175
1584617853773 1 1176
1584617856046 1 1177
1584617858384 1 1178
1584617860661 1 1179
1584617862911 1 1180
1584617865261 1 1181
1584617867796 1 1182
1584617870404 1 1183
1584617872897 1 1184
1584617875882 1 1185
1584617879559 1 1186
1584617883919 1 1187
1584617886780 1 1188
1584617889774 1 1189
1584617892630 1 1190
1584617894993 1 1191
1584617898794 1 1192
1584617902235 1 1193
1584617904727 1 1194
1584617910376 1 1195
1584617912797 1 1196
1584617918546 1 1197
1584617921298 1 1198
1584617924023 1 1199
1584617926666 1 1200
1584617931370 1 1201
1584617937551 1 1202
1584617941725 1 1203
1584617944626 1 1204
1584617947904 1 1205
1584617950679 1 1206
1584617954649 1 1207
1584617958388 1 1208
1584617961539 1 1209
1584617964273 1 1210
1584617967026 1 1211
1584617969591 1 1212
1584617972014 1 1213
1584617974376 1 1214
1584617976692 1 1215
1584617979270 1 1216
1584617982300 1 1217
1584617985245 1 1218
1584617988109 1 1219
1584617991451 1 1220
1584617994046 1 1221
1584617996489 1 1222
1584617999322 1 1223
1584618002043 1 1224
1584618004540 1 1225
1584618007238 1 1226
1584618010170 1 1227
1584618012548 1 1228
1584618014746 1 1229
1584618016981 1 1230
1584618019211 1 1231
1584618021499 1 1232
1584618023748 1 1233
1584618026004 1 1234
1584618028227 1 1235
1584618030553 1 1236
1584618032822 1 1237
1584618035167 1 1238
1584618037516 1 1239
1584618039765 1 1240
1584618042063 1 1241
1584618044283 1 1242
1584618046597 1 1243
1584618048835 1 1244
1584618051088 1 1245
1584618053337 1 1246
1584618055556 1 1247
1584618057784 1 1248
1584618060006 1 1249
1584618062350 1 1250
1584618064581 1 1251
1584618066937 1 1252
1584618069204 1 1253
1584618071443 1 1254
1584618073671 1 1255
1584618075900 1 1256
1584618078152 1 1257
1584618080390 1 1258
1584618082587 1 1259
1584618084832 1 1260
1584618087040 1 1261
1584618089261 1 1262
1584618091507 1 1263
1584618093728 1 1264
1584618095996 1 1265
1584618098270 1 1266
1584618100533 1 1267
1584618102766 1 1268
1584618104989 1 1269
1584618107220 1 1270
1584618109454 1 1271
1584618111819 1 1272
1584618114098 1 1273
1584618116326 1 1274
1584618118569 1 1275
1584618120805 1 1276
1584618123100 1 1277
1584618125296 1 1278
1584618127553 1 1279
1584618129730 1 1280
1584618132036 1 1281
1584618134287 1 1282
1584618136494 1 1283
1584618138714 1 1284
1584618141074 1 1285
1584618143286 1 1286
1584618145478 1 1287
1584618147723 1 1288
1584618149954 1 1289
1584618152215 1 1290
1584618154423 1 1291
1584618156642 1 1292
1584618158870 1 1293
1584618161099 1 1294
1584618163379 1 1295
1584618165566 1 1296
1584618167835 1 1297
1584618170063 1 1298
1584618172285 1 1299
1584618174530 1 1300
1584618176912 1 1301
1584618179216 1 1302
1584618181508 1 1303
1584618183722 1 1304
1584618185945 1 1305
1584618188170 1 1306
1584618190368 1 1307
1584618192643 1 1308
1584618194876 1 1309
1584618197086 1 1310
1584618199311 1 1311
1584618201586 1 1312
1584618203822 1 1313
1584618206077 1 1314
1584618208274 1 1315
1584618210478 1 1316
1584618212728 1 1317
1584618215005 1 1318
1584618217276 1 1319
1584618219513 1 1320
1584618221725 1 1321
1584618224046 1 1322
1584618226317 1 1323
1584618228664 1 1324
1584618230917 1 1325
1584618233192 1 1326
1584618235493 1 1327
1584618237705 1 1328
1584618239923 1 1329
1584618242253 1 1330
1584618244505 1 1331
1584618246725 1 1332
1584618248935 1 1333
1584618251139 1 1334
1584618253344 1 1335
1584618255539 1 1336
1584618257744 1 1337
1584618260037 1 1338
1584618262235 1 1339
1584618264441 1 1340
1584618266691 1 1341
1584618268938 1 1342
1584618271177 1 1343
1584618273516 1 1344
1584618275875 1 1345
1584618278133 1 1346
1584618280361 1 1347
1584618282620 1 1348
1584618284835 1 1349
1584618287090 1 1350
1584618289355 1 1351
1584618291558 1 1352
1584618293769 1 1353
1584618296056 1 1354
1584618298285 1 1355
1584618300559 1 1356
1584618302865 1 1357
1584618305111 1 1358
1584618307374 1 1359
1584618309603 1 1360
1584618311806 1 1361
1584618314039 1 1362
1584618316313 1 1363
1584618318538 1 1364
1584618320826 1 1365
1584618323049 1 1366
1584618325474 1 1367
1584618327728 1 1368
1584618329973 1 1369
1584618332247 1 1370
1584618334545 1 1371
1584618336796 1 1372
1584618339110 1 1373
1584618341457 1 1374
1584618343802 1 1375
1584618346053 1 1376
1584618348278 1 1377
1584618350516 1 1378
1584618352763 1 1379
1584618355031 1 1380
1584618357381 1 1381
1584618359621 1 1382
1584618361911 1 1383
1584618364283 1 1384
1584618366520 1 1385
1584618368773 1 1386
1584618370987 1 1387
1584618373213 1 1388
1584618375423 1 1389
1584618377678 1 1390
1584618379955 1 1391
1584618382220 1 1392
1584618384435 1 1393
1584618386716 1 1394
1584618389152 1 1395
1584618391441 1 1396
1584618393701 1 1397
1584618396015 1 1398
1584618398289 1 1399
1584618400576 1 1400
1584618402954 1 1401
1584618405218 1 1402
1584618407490 1 1403
1584618409727 1 1404
1584618412007 1 1405
1584618414231 1 1406
1584618416584 1 1407
1584618418871 1 1408
1584618421161 1 1409
1584618423597 1 1410
1584618425868 1 1411
1584618428105 1 1412
1584618430355 1 1413
1584618432642 1 1414
1584618434905 1 1415
1584618437157 1 1416
1584618439436 1 1417
1584618441724 1 1418
1584618444024 1 1419
1584618446299 1 1420
1584618448585 1 1421
1584618450809 1 1422
1584618453099 1 1423
1584618455365 1 1424
1584618457618 1 1425
1584618459892 1 1426
1584618462227 1 1427
1584618464547 1 1428
1584618466794 1 1429
1584618469138 1 1430
1584618471372 1 1431
1584618473651 1 1432
1584618475905 1 1433
1584618478178 1 1434
1584618480465 1 1435
1584618482901 1 1436
1584618485231 1 1437
1584618487559 1 1438
1584618489835 1 1439
1584618492345 1 1440
1584618494805 1 1441
1584618497199 1 1442
1584618499630 1 1443
1584618501930 1 1444
1584618504251 1 1445
1584618506553 1 1446
1584618508779 1 1447
1584618511037 1 1448
1584618513386 1 1449
1584618515614 1 1450
1584618517933 1 1451
1584618520239 1 1452
1584618522484 1 1453
1584618524768 1 1454
1584618527014 1 1455
1584618529234 1 1456
1584618531476 1 1457
1584618533728 1 1458
1584618535962 1 1459
1584618538208 1 1460
1584618540513 1 1461
1584618542798 1 1462
1584618545071 1 1463
1584618547287 1 1464
1584618549607 1 1465
1584618551835 1 1466
1584618554084 1 1467
1584618556304 1 1468
1584618558497 1 1469
1584618560734 1 1470
1584618562945 1 1471
1584618565152 1 1472
1584618567397 1 1473
1584618569657 1 1474
1584618571921 1 1475
1584618574239 1 1476
1584618576517 1 1477
1584618578737 1 1478
1584618580961 1 1479
1584618583340 1 1480
1584618585795 1 1481
1584618588446 1 1482
1584618590777 1 1483
1584618593613 1 1484
1584618595967 1 1485
1584618599233 1 1486
1584618604571 1 1487
1584618607411 1 1488
1584618609785 1 1489
1584618612193 1 1490
1584618614746 1 1491
1584618617056 1 1492
1584618619267 1 1493
1584618621537 1 1494
1584618623783 1 1495
1584618626056 1 1496
1584618628648 1 1497
1584618631747 1 1498
1584618634582 1 1499
1584618636802 1 1500
1584618639270 1 1501
1584618641556 1 1502
1584618643834 1 1503
1584618646081 1 1504
1584618648449 1 1505
1584618650729 1 1506
1584618652997 1 1507
1584618655207 1 1508
1584618657528 1 1509
1584618659742 1 1510
1584618662096 1 1511
1584618664449 1 1512
1584618666629 1 1513
1584618668810 1 1514
1584618671036 1 1515
1584618673289 1 1516
1584618675936 1 1517
1584618679962 1 1518
1584618683611 1 1519
1584618686728 1 1520
1584618689342 1 1521
1584618691881 1 1522
1584618694176 1 1523
1584618696739 1 1524
1584618699105 1 1525
1584618701396 1 1526
1584618703872 1 1527
1584618706212 1 1528
1584618709578 1 1529
1584618714191 1 1530
1584618716684 1 1531
1584618719178 1 1532
1584618722091 1 1533
1584618724593 1 1534
1584618726922 1 1535
1584618729221 1 1536
1584618731629 1 1537
1584618734317 1 1538
1584618736731 1 1539
1584618739674 1 1540
1584618742031 1 1541
1584618745680 1 1542
1584618748373 1 1543
1584618750941 1 1544
1584618753810 1 1545
1584618757147 1 1546
1584618759711 1 1547
1584618762203 1 1548
1584618764711 1 1549
1584618767215 1 1550
1584618769863 1 1551
1584618772438 1 1552
1584618774808 1 1553
1584618777077 1 1554
1584618779387 1 1555
1584618781762 1 1556
1584618784087 1 1557
1584618786417 1 1558
1584618788715 1 1559
1584618790970 1 1560
1584618795205 1 1561
1584618798381 1 1562
1584618800778 1 1563
1584618803215 1 1564
1584618805722 1 1565
1584618808042 1 1566
1584618810599 1 1567
1584618813006 1 1568
1584618815749 1 1569
1584618818120 1 1570
1584618820688 1 1571
1584618823170 1 1572
1584618826184 1 1573
1584618828825 1 1574
1584618831353 1 1575
1584618833636 1 1576
1584618835976 1 1577
1584618838294 1 1578
1584618840845 1 1579
1584618843283 1 1580
1584618845976 1 1581
1584618848358 1 1582
1584618850600 1 1583
1584618852863 1 1584
1584618855134 1 1585
1584618857359 1 1586
1584618859590 1 1587
1584618861818 1 1588
1584618864101 1 1589
1584618866420 1 1590
1584618868674 1 1591
1584618871038 1 1592
1584618873421 1 1593
1584618875711 1 1594
1584618877929 1 1595
1584618880175 1 1596
1584618883054 1 1597
1584618885429 1 1598
1584618887781 1 1599
1584618890158 1 1600
1584618892674 1 1601
1584618895010 1 1602
1584618897348 1 1603
1584618899648 1 1604
1584618901967 1 1605
1584618904340 1 1606
1584618906897 1 1607
1584618909157 1 1608
1584618911421 1 1609
1584618913674 1 1610
1584618915935 1 1611
1584618918224 1 1612
1584618920512 1 1613
1584618922764 1 1614
1584618925042 1 1615
1584618927361 1 1616
1584618929623 1 1617
1584618931909 1 1618
1584618934179 1 1619
1584618936416 1 1620
1584618938726 1 1621
1584618940994 1 1622
1584618943299 1 1623
1584618945607 1 1624
1584618947868 1 1625
1584618950161 1 1626
1584618952444 1 1627
1584618954736 1 1628
1584618957035 1 1629
1584618959613 1 1630
1584618962546 1 1631
1584618966539 1 1632
1584618969035 1 1633
1584618971303 1 1634
1584618973612 1 1635
1584618975937 1 1636
1584618978202 1 1637
1584618980489 1 1638
1584618982747 1 1639
1584618985400 1 1640
1584618987674 1 1641
1584618989953 1 1642
1584618992237 1 1643
1584618994510 1 1644
1584618996812 1 1645
1584618999134 1 1646
1584619001425 1 1647
1584619003828 1 1648
1584619006189 1 1649
1584619008424 1 1650
1584619010710 1 1651
1584619013004 1 1652
1584619015336 1 1653
1584619017674 1 1654
1584619019956 1 1655
1584619022347 1 1656
1584619024641 1 1657
1584619026905 1 1658
1584619029165 1 1659
1584619031478 1 1660
1584619034827 1 1661
1584619037407 1 1662
1584619040020 1 1663
1584619042478 1 1664
1584619044804 1 1665
1584619047106 1 1666
1584619049343 1 1667
1584619051675 1 1668
1584619054008 1 1669
1584619056316 1 1670
1584619058575 1 1671
1584619060871 1 1672
1584619063193 1 1673
1584619065485 1 1674
1584619067776 1 1675
1584619070023 1 1676
1584619072308 1 1677
1584619074611 1 1678
1584619076880 1 1679
1584619079163 1 1680
1584619081597 1 1681
1584619083904 1 1682
1584619086212 1 1683
1584619088514 1 1684
1584619090804 1 1685
1584619093112 1 1686
1584619095505 1 1687
1584619097762 1 1688
1584619100141 1 1689
1584619102750 1 1690
1584619105188 1 1691
1584619107554 1 1692
1584619110802 1 1693
1584619113396 1 1694
1584619115961 1 1695
1584619119737 1 1696
1584619122491 1 1697
1584619124804 1 1698
1584619127101 1 1699
1584619129400 1 1700
1584619131885 1 1701
1584619134209 1 1702
1584619136542 1 1703
1584619138798 1 1704
1584619141121 1 1705
1584619143573 1 1706
1584619145809 1 1707
1584619148088 1 1708
1584619150325 1 1709
1584619152640 1 1710
1584619154902 1 1711
1584619157160 1 1712
1584619159458 1 1713
1584619161872 1 1714
1584619164192 1 1715
1584619166462 1 1716
1584619168693 1 1717
1584619170968 1 1718
1584619173289 1 1719
1584619175627 1 1720
1584619177915 1 1721
1584619180193 1 1722
1584619182485 1 1723
1584619184732 1 1724
1584619186983 1 1725
1584619189407 1 1726
1584619191751 1 1727
1584619194128 1 1728
1584619196425 1 1729
1584619198916 1 1730
1584619201629 1 1731
1584619204102 1 1732
1584619206314 1 1733
1584619208621 1 1734
1584619210910 1 1735
1584619213174 1 1736
1584619215362 1 1737
1584619217556 1 1738
1584619219762 1 1739
1584619221956 1 1740
1584619224124 1 1741
1584619226331 1 1742
1584619228571 1 1743
1584619230825 1 1744
1584619233047 1 1745
1584619235205 1 1746
1584619237405 1 1747
1584619239634 1 1748
1584619241884 1 1749
1584619244143 1 1750
1584619246299 1 1751
1584619248565 1 1752
1584619250778 1 1753
1584619252957 1 1754
1584619255173 1 1755
1584619257412 1 1756
1584619259681 1 1757
1584619261998 1 1758
1584619264248 1 1759
1584619266497 1 1760
1584619268671 1 1761
1584619270856 1 1762
1584619273060 1 1763
1584619275293 1 1764
1584619277487 1 1765
1584619279710 1 1766
1584619281917 1 1767
1584619284155 1 1768
1584619286386 1 1769
1584619288605 1 1770
1584619291264 1 1771
1584619293638 1 1772
1584619296016 1 1773
1584619298231 1 1774
1584619301273 1 1775
1584619304115 1 1776
1584619306357 1 1777
1584619308617 1 1778
1584619310845 1 1779
1584619313085 1 1780
1584619315276 1 1781
1584619317533 1 1782
1584619319717 1 1783
1584619322146 1 1784
1584619324361 1 1785
1584619326629 1 1786
1584619328843 1 1787
1584619331080 1 1788
1584619333343 1 1789
1584619335618 1 1790
1584619337833 1 1791
1584619340041 1 1792
1584619342254 1 1793
1584619344501 1 1794
1584619346719 1 1795
1584619348948 1 1796
1584619351211 1 1797
1584619353467 1 1798
1584619355760 1 1799
1584619358004 1 1800
1584619360330 1 1801
1584619362561 1 1802
1584619364779 1 1803
1584619367011 1 1804
1584619369206 1 1805
1584619371463 1 1806
1584619373708 1 1807
1584619375921 1 1808
1584619378107 1 1809
1584619380328 1 1810
1584619382633 1 1811
1584619384849 1 1812
1584619387147 1 1813
1584619389334 1 1814
1584619391679 1 1815
1584619393907 1 1816
1584619396134 1 1817
1584619398384 1 1818
1584619400583 1 1819
1584619402821 1 1820
1584619405063 1 1821
1584619407384 1 1822
1584619409632 1 1823
1584619411894 1 1824
1584619414072 1 1825
1584619416304 1 1826
1584619418585 1 1827
1584619420832 1 1828
1584619423235 1 1829
1584619425468 1 1830
1584619427743 1 1831
1584619429972 1 1832
1584619432206 1 1833
1584619434469 1 1834
1584619436715 1 1835
1584619438977 1 1836
1584619441281 1 1837
1584619443672 1 1838
1584619445915 1 1839
1584619448153 1 1840
1584619450378 1 1841
1584619452697 1 1842
1584619454964 1 1843
1584619457247 1 1844
1584619459476 1 1845
1584619461694 1 1846
1584619463925 1 1847
1584619466204 1 1848
1584619468470 1 1849
1584619470696 1 1850
1584619472998 1 1851
1584619475286 1 1852
1584619477544 1 1853
1584619479805 1 1854
1584619482119 1 1855
1584619484412 1 1856
1584619486839 1 1857
1584619489220 1 1858
1584619491431 1 1859
1584619493669 1 1860
1584619495881 1 1861
1584619498153 1 1862
1584619500420 1 1863
1584619502786 1 1864
1584619505008 1 1865
1584619507230 1 1866
1584619509479 1 1867
1584619511690 1 1868
1584619513960 1 1869
1584619516209 1 1870
1584619518522 1 1871
1584619520741 1 1872
1584619522994 1 1873
1584619525261 1 1874
1584619527551 1 1875
1584619529788 1 1876
1584619532064 1 1877
1584619534311 1 1878
1584619536548 1 1879
1584619538802 1 1880
1584619541078 1 1881
1584619543372 1 1882
1584619545653 1 1883
1584619547959 1 1884
1584619550249 1 1885
1584619552481 1 1886
1584619554741 1 1887
1584619556998 1 1888
1584619559252 1 1889
1584619561488 1 1890
1584619563796 1 1891
1584619566053 1 1892
1584619568312 1 1893
1584619570553 1 1894
1584619572808 1 1895
1584619575079 1 1896
1584619577357 1 1897
1584619579641 1 1898
1584619581981 1 1899
1584619585208 1 1900
1584619587747 1 1901
1584619590117 1 1902
1584619592417 1 1903
1584619594666 1 1904
1584619596960 1 1905
1584619599279 1 1906
1584619601536 1 1907
1584619603760 1 1908
1584619605996 1 1909
1584619608221 1 1910
1584619610483 1 1911
1584619612708 1 1912
1584619615068 1 1913
1584619617392 1 1914
1584619619640 1 1915
1584619622114 1 1916
1584619624384 1 1917
1584619626637 1 1918
1584619628821 1 1919
1584619631049 1 1920
1584619633286 1 1921
1584619635535 1 1922
1584619637721 1 1923
1584619639946 1 1924
1584619642228 1 1925
1584619644525 1 1926
1584619646850 1 1927
1584619649081 1 1928
1584619651332 1 1929
1584619653621 1 1930
1584619655870 1 1931
1584619658140 1 1932
1584619660400 1 1933
1584619662887 1 1934
1584619666137 1 1935
1584619668989 1 1936
1584619672142 1 1937
1584619674692 1 1938
1584619677076 1 1939
1584619679334 1 1940
1584619683111 1 1941
1584619685336 1 1942
1584619693629 1 1943
1584619698479 1 1944
1584619700710 1 1945
1584619703005 1 1946
1584619705324 1 1947
1584619707602 1 1948
1584619709802 1 1949
1584619712044 1 1950
1584619714284 1 1951
1584619716561 1 1952
1584619721375 1 1953
1584619723818 1 1954
1584619726330 1 1955
1584619729319 1 1956
1584619732223 1 1957
1584619734876 1 1958
1584619737336 1 1959
1584619741068 1 1960
1584619744632 1 1961
1584619747981 1 1962
1584619750758 1 1963
1584619753747 1 1964
1584619756881 1 1965
1584619760105 1 1966
1584619762848 1 1967
1584619766055 1 1968
1584619768674 1 1969
1584619772473 1 1970
1584619775218 1 1971
1584619779648 1 1972
1584619784001 1 1973
1584619786711 1 1974
1584619789804 1 1975
1584619792459 1 1976
1584619795140 1 1977
1584619800375 1 1978
1584619803283 1 1979
1584619805612 1 1980
1584619808057 1 1981
1584619810474 1 1982
1584619812993 1 1983
1584619815342 1 1984
1584619817660 1 1985
1584619820114 1 1986
1584619822570 1 1987
1584619824923 1 1988
1584619828431 1 1989
1584619832225 1 1990
1584619834908 1 1991
1584619837783 1 1992
1584619841478 1 1993
1584619846785 1 1994
1584619855407 1 1995
1584619862874 1 1996
1584619868126 1 1997
1584619873445 1 1998
1584619875923 1 1999
1584619879190 1 2000
