1584614417318 1 1
1584614420405 0.9995 2
1584614423181 0.9990002500000001 3
1584614428497 0.9985007498750001 4
1584614436191 0.9980014995000627 5
1584614442315 0.9975024987503127 6
1584614446313 0.9970037475009376 7
1584614449310 0.9965052456271871 8
1584614452112 0.9960069930043736 9
1584614454707 0.9955089895078715 10
1584614457371 0.9950112350131176 11
1584614459899 0.9945137293956111 12
1584614462690 0.9940164725309134 13
1584614465309 0.993519464294648 14
1584614468049 0.9930227045625007 15
1584614470627 0.9925261932102195 16
1584614473998 0.9920299301136144 17
1584614478699 0.9915339151485576 18
1584614481596 0.9910381481909833 19
1584614484705 0.990542629116888 20
1584614487301 0.9900473578023296 21
1584614490486 0.9895523341234285 22
1584614493574 0.9890575579563669 23
1584614496370 0.9885630291773887 24
1584614499095 0.9880687476628001 25
1584614501804 0.9875747132889687 26
1584614505219 0.9870809259323243 27
1584614508064 0.9865873854693582 28
1584614514031 0.9860940917766235 29
1584614516760 0.9856010447307353 30
1584614519717 0.98510824420837 31
1584614522428 0.9846156900862658 32
1584614524928 0.9841233822412228 33
1584614527428 0.9836313205501022 34
1584614529898 0.9831395048898272 35
1584614532561 0.9826479351373822 36
1584614535143 0.9821566111698136 37
1584614538343 0.9816655328642288 38
1584614541656 0.9811747000977967 39
1584614544179 0.9806841127477479 40
1584614547236 0.9801937706913741 41
1584614550501 0.9797036738060285 42
1584614553996 0.9792138219691255 43
1584614559110 0.978724215058141 44
1584614563896 0.978234852950612 45
1584614568108 0.9777457355241367 46
1584614572020 0.9772568626563747 47
1584614574834 0.9767682342250465 48
1584614577973 0.976279850107934 49
1584614581191 0.9757917101828801 50
1584614585467 0.9753038143277888 51
1584614588813 0.974816162420625 52
1584614591909 0.9743287543394147 53
1584614595295 0.973841589962245 54
1584614598784 0.973354669167264 55
1584614602996 0.9728679918326804 56
1584614606570 0.972381557836764 57
1584614610059 0.9718953670578457 58
1584614613404 0.9714094193743169 59
1584614616834 0.9709237146646298 60
1584614619464 0.9704382528072976 61
1584614622817 0.9699530336808939 62
1584614626454 0.9694680571640535 63
1584614630305 0.9689833231354715 64
1584614632751 0.9684988314739038 65
1584614635384 0.9680145820581669 66
1584614638030 0.9675305747671379 67
1584614641136 0.9670468094797544 68
1584614644298 0.9665632860750146 69
1584614647086 0.9660800044319772 70
1584614649670 0.9655969644297613 71
1584614653031 0.9651141659475465 72
1584614655403 0.9646316088645728 73
1584614657785 0.9641492930601405 74
1584614660174 0.9636672184136105 75
1584614662715 0.9631853848044037 76
1584614666215 0.9627037921120016 77
1584614671380 0.9622224402159457 78
1584614676608 0.9617413289958378 79
1584614681066 0.9612604583313399 80
1584614684981 0.9607798281021742 81
1584614688205 0.9602994381881231 82
1584614691011 0.9598192884690291 83
1584614693602 0.9593393788247946 84
1584614696402 0.9588597091353822 85
1584614699098 0.9583802792808146 86
1584614702181 0.9579010891411742 87
1584614705860 0.9574221385966036 88
1584614709086 0.9569434275273054 89
1584614711538 0.9564649558135419 90
1584614713870 0.9559867233356352 91
1584614716287 0.9555087299739674 92
1584614718654 0.9550309756089804 93
1584614721195 0.954553460121176 94
1584614723764 0.9540761833911156 95
1584614730177 0.95359914529942 96
1584614734503 0.9531223457267703 97
1584614737005 0.952645784553907 98
1584614739452 0.9521694616616301 99
1584614741941 0.9516933769307994 100
1584614744764 0.951217530242334 101
1584614747504 0.9507419214772129 102
1584614750235 0.9502665505164744 103
1584614752925 0.9497914172412162 104
1584614756964 0.9493165215325956 105
1584614762024 0.9488418632718294 106
1584614764518 0.9483674423401935 107
1584614770033 0.9478932586190235 108
1584614772612 0.9474193119897141 109
1584614775338 0.9469456023337193 110
1584614778353 0.9464721295325524 111
1584614781257 0.9459988934677862 112
1584614783692 0.9455258940210524 113
1584614786356 0.9450531310740419 114
1584614788979 0.9445806045085049 115
1584614792942 0.9441083142062507 116
1584614796809 0.9436362600491477 117
1584614801781 0.9431644419191232 118
1584614804453 0.9426928596981636 119
1584614807576 0.9422215132683146 120
1584614811455 0.9417504025116805 121
1584614816068 0.9412795273104247 122
1584614819072 0.9408088875467696 123
1584614822747 0.9403384831029963 124
1584614825664 0.9398683138614449 125
1584614828052 0.9393983797045142 126
1584614830436 0.938928680514662 127
1584614832831 0.9384592161744048 128
1584614835220 0.9379899865663176 129
1584614837688 0.9375209915730345 130
1584614840105 0.937052231077248 131
1584614843158 0.9365837049617094 132
1584614845867 0.9361154131092286 133
1584614848391 0.9356473554026741 134
1584614850795 0.9351795317249728 135
1584614853272 0.9347119419591103 136
1584614856168 0.9342445859881309 137
1584614858862 0.9337774636951368 138
1584614861489 0.9333105749632893 139
1584614864122 0.9328439196758077 140
1584614866927 0.9323774977159699 141
1584614869760 0.9319113089671119 142
1584614872464 0.9314453533126285 143
1584614875268 0.9309796306359722 144
1584614878186 0.9305141408206543 145
1584614882922 0.9300488837502441 146
1584614887189 0.9295838593083691 147
1584614889856 0.929119067378715 148
1584614892705 0.9286545078450257 149
1584614896061 0.9281901805911033 150
1584614898905 0.9277260855008077 151
1584614901402 0.9272622224580573 152
1584614903931 0.9267985913468284 153
1584614906424 0.926335192051155 154
1584614909199 0.9258720244551295 155
1584614911719 0.925409088442902 156
1584614914108 0.9249463838986807 157
1584614916581 0.9244839107067314 158
1584614919031 0.9240216687513781 159
1584614923596 0.9235596579170025 160
1584614926571 0.923097878088044 161
1584614929816 0.9226363291490001 162
1584614934712 0.9221750109844257 163
1584614938333 0.9217139234789336 164
1584614940748 0.9212530665171942 165
1584614943189 0.9207924399839357 166
1584614945822 0.9203320437639437 167
1584614948140 0.9198718777420618 168
1584614950505 0.9194119418031909 169
1584614952803 0.9189522358322894 170
1584614955701 0.9184927597143733 171
1584614959384 0.9180335133345161 172
1584614962207 0.917574496577849 173
1584614965478 0.9171157093295601 174
1584614968531 0.9166571514748953 175
1584614971571 0.916198822899158 176
1584614974097 0.9157407234877085 177
1584614976836 0.9152828531259647 178
1584614979439 0.9148252116994018 179
1584614982155 0.9143677990935521 180
1584614985379 0.9139106151940054 181
1584614987970 0.9134536598864085 182
1584614990745 0.9129969330564653 183
1584614993241 0.9125404345899372 184
1584614996245 0.9120841643726423 185
1584614998532 0.911628122290456 186
1584615001189 0.9111723082293108 187
1584615003675 0.9107167220751963 188
1584615006001 0.9102613637141588 189
1584615008586 0.9098062330323018 190
1584615012264 0.9093513299157857 191
1584615014843 0.9088966542508279 192
1584615017214 0.9084422059237025 193
1584615019603 0.9079879848207407 194
1584615022211 0.9075339908283304 195
1584615024792 0.9070802238329163 196
1584615027534 0.9066266837209999 197
1584615030164 0.9061733703791394 198
1584615032750 0.9057202836939499 199
1584615035180 0.9052674235521029 200
1584615037686 0.9048147898403269 201
1584615040184 0.9043623824454068 202
1584615042548 0.9039102012541841 203
1584615044908 0.9034582461535571 204
1584615047665 0.9030065170304803 205
1584615050206 0.9025550137719651 206
1584615053599 0.9021037362650792 207
1584615056557 0.9016526843969468 208
1584615058931 0.9012018580547484 209
1584615061556 0.900751257125721 210
1584615063945 0.9003008814971583 211
1584615066276 0.8998507310564098 212
1584615068623 0.8994008056908817 213
1584615071175 0.8989511052880362 214
1584615073532 0.8985016297353923 215
1584615075943 0.8980523789205246 216
1584615078366 0.8976033527310644 217
1584615081233 0.8971545510546989 218
1584615083844 0.8967059737791716 219
1584615086595 0.8962576207922821 220
1584615089842 0.895809491981886 221
1584615092739 0.8953615872358951 222
1584615095556 0.8949139064422772 223
1584615098573 0.8944664494890561 224
1584615101356 0.8940192162643116 225
1584615103949 0.8935722066561794 226
1584615106959 0.8931254205528514 227
1584615109727 0.8926788578425751 228
1584615112253 0.8922325184136538 229
1584615115079 0.891786402154447 230
1584615117497 0.8913405089533699 231
1584615119875 0.8908948386988933 232
1584615122399 0.8904493912795439 233
1584615124766 0.8900041665839042 234
1584615127178 0.8895591645006123 235
1584615129611 0.889114384918362 236
1584615132047 0.8886698277259029 237
1584615134350 0.88822549281204 238
1584615136731 0.887781380065634 239
1584615139099 0.8873374893756012 240
1584615141462 0.8868938206309135 241
1584615143786 0.8864503737205981 242
1584615146195 0.8860071485337379 243
1584615148596 0.885564144959471 244
1584615151725 0.8851213628869913 245
1584615154530 0.8846788022055478 246
1584615157175 0.8842364628044451 247
1584615159636 0.883794344573043 248
1584615162003 0.8833524474007565 249
1584615164436 0.8829107711770562 250
1584615166828 0.8824693157914677 251
1584615169220 0.882028081133572 252
1584615171605 0.8815870670930053 253
1584615173973 0.8811462735594588 254
1584615176421 0.8807057004226791 255
1584615178760 0.8802653475724679 256
1584615181252 0.8798252148986817 257
1584615183704 0.8793853022912325 258
1584615186145 0.8789456096400869 259
1584615188587 0.8785061368352669 260
1584615191346 0.8780668837668493 261
1584615193709 0.8776278503249659 262
1584615196613 0.8771890363998035 263
1584615198930 0.8767504418816037 264
1584615201398 0.876312066660663 265
1584615203768 0.8758739106273327 266
1584615206219 0.8754359736720191 267
1584615209412 0.8749982556851831 268
1584615212897 0.8745607565573406 269
1584615215339 0.8741234761790619 270
1584615217702 0.8736864144409725 271
1584615220491 0.873249571233752 272
1584615223201 0.8728129464481352 273
1584615225619 0.8723765399749112 274
1584615228440 0.8719403517049238 275
1584615230818 0.8715043815290714 276
1584615233239 0.8710686293383069 277
1584615235695 0.8706330950236377 278
1584615238071 0.870197778476126 279
1584615240506 0.869762679586888 280
1584615243539 0.8693277982470946 281
1584615246280 0.8688931343479711 282
1584615248736 0.8684586877807972 283
1584615251448 0.8680244584369068 284
1584615254198 0.8675904462076884 285
1584615256839 0.8671566509845846 286
1584615259423 0.8667230726590923 287
1584615262108 0.8662897111227629 288
1584615264818 0.8658565662672015 289
1584615268609 0.865423637984068 290
1584615271472 0.864990926165076 291
1584615274160 0.8645584307019936 292
1584615276948 0.8641261514866426 293
1584615279589 0.8636940884108993 294
1584615282505 0.8632622413666939 295
1584615284932 0.8628306102460106 296
1584615287360 0.8623991949408877 297
1584615289745 0.8619679953434173 298
1584615292576 0.8615370113457457 299
1584615295824 0.8611062428400729 300
1584615298600 0.8606756897186528 301
1584615301821 0.8602453518737936 302
1584615304367 0.8598152291978567 303
1584615306727 0.8593853215832578 304
1584615309123 0.8589556289224661 305
1584615311568 0.8585261511080049 306
1584615313956 0.858096888032451 307
1584615316539 0.8576678395884348 308
1584615319192 0.8572390056686406 309
1584615321671 0.8568103861658064 310
1584615324206 0.8563819809727236 311
1584615326711 0.8559537899822373 312
1584615329481 0.8555258130872462 313
1584615332210 0.8550980501807026 314
1584615334632 0.8546705011556123 315
1584615337525 0.8542431659050345 316
1584615340226 0.853816044322082 317
1584615343003 0.8533891362999211 318
1584615345682 0.8529624417317712 319
1584615349075 0.8525359605109053 320
1584615353003 0.8521096925306499 321
1584615356423 0.8516836376843847 322
1584615358977 0.8512577958655425 323
1584615361512 0.8508321669676098 324
1584615364827 0.850406750884126 325
1584615367461 0.8499815475086839 326
1584615370131 0.8495565567349297 327
1584615373330 0.8491317784565623 328
1584615376834 0.8487072125673341 329
1584615379358 0.8482828589610505 330
1584615381832 0.84785871753157 331
1584615385188 0.8474347881728043 332
1584615387602 0.847011070778718 333
1584615390306 0.8465875652433287 334
1584615392922 0.846164271460707 335
1584615395335 0.8457411893249768 336
1584615397716 0.8453183187303144 337
1584615400169 0.8448956595709493 338
1584615402593 0.8444732117411639 339
1584615405001 0.8440509751352934 340
1584615407422 0.8436289496477257 341
1584615409802 0.8432071351729019 342
1584615412212 0.8427855316053156 343
1584615414553 0.8423641388395129 344
1584615417072 0.8419429567700932 345
1584615419427 0.8415219852917082 346
1584615422029 0.8411012242990624 347
1584615424494 0.8406806736869129 348
1584615426954 0.8402603333500694 349
1584615429299 0.8398402031833945 350
1584615431719 0.8394202830818028 351
1584615434696 0.839000572940262 352
1584615438473 0.8385810726537919 353
1584615442220 0.8381617821174651 354
1584615444772 0.8377427012264064 355
1584615447493 0.8373238298757932 356
1584615451447 0.8369051679608553 357
1584615456070 0.8364867153768749 358
1584615459623 0.8360684720191865 359
1584615463319 0.835650437783177 360
1584615465768 0.8352326125642855 361
1584615468212 0.8348149962580034 362
1584615472089 0.8343975887598745 363
1584615474841 0.8339803899654946 364
1584615477351 0.833563399770512 365
1584615479999 0.8331466180706267 366
1584615482529 0.8327300447615915 367
1584615484908 0.8323136797392108 368
1584615487820 0.8318975228993413 369
1584615490499 0.8314815741378917 370
1584615492869 0.8310658333508228 371
1584615495378 0.8306503004341474 372
1584615497710 0.8302349752839304 373
1584615500128 0.8298198577962885 374
1584615502496 0.8294049478673904 375
1584615504849 0.8289902453934568 376
1584615507249 0.8285757502707601 377
1584615509655 0.8281614623956248 378
1584615512529 0.8277473816644271 379
1584615515327 0.827333507973595 380
1584615517774 0.8269198412196082 381
1584615520352 0.8265063812989984 382
1584615522824 0.826093128108349 383
1584615525308 0.8256800815442948 384
1584615528044 0.8252672415035227 385
1584615530452 0.824854607882771 386
1584615532787 0.8244421805788297 387
1584615535182 0.8240299594885403 388
1584615537558 0.8236179445087961 389
1584615539963 0.8232061355365418 390
1584615543028 0.8227945324687735 391
1584615545459 0.8223831352025393 392
1584615547830 0.821971943634938 393
1584615550429 0.8215609576631205 394
1584615553300 0.8211501771842891 395
1584615555702 0.820739602095697 396
1584615558119 0.8203292322946492 397
1584615560528 0.8199190676785019 398
1584615562956 0.8195091081446627 399
1584615565412 0.8190993535905904 400
1584615567956 0.8186898039137951 401
1584615570499 0.8182804590118382 402
1584615572884 0.8178713187823323 403
1584615575361 0.8174623831229412 404
1584615577852 0.8170536519313798 405
1584615580415 0.8166451251054142 406
1584615582832 0.8162368025428616 407
1584615585847 0.8158286841415902 408
1584615589586 0.8154207697995194 409
1584615593183 0.8150130594146197 410
1584615595636 0.8146055528849124 411
1584615598486 0.81419825010847 412
1584615601492 0.8137911509834158 413
1584615604342 0.8133842554079241 414
1584615606751 0.8129775632802202 415
1584615609196 0.8125710744985801 416
1584615611661 0.8121647889613309 417
1584615614099 0.8117587065668503 418
1584615616568 0.8113528272135669 419
1584615619089 0.8109471507999602 420
1584615621544 0.8105416772245603 421
1584615623942 0.8101364063859481 422
1584615626457 0.8097313381827551 423
1584615628822 0.8093264725136637 424
1584615632107 0.808921809277407 425
1584615634512 0.8085173483727683 426
1584615636933 0.808113089698582 427
1584615639369 0.8077090331537328 428
1584615641824 0.8073051786371559 429
1584615644269 0.8069015260478374 430
1584615646640 0.8064980752848135 431
1584615649208 0.8060948262471712 432
1584615651609 0.8056917788340476 433
1584615654032 0.8052889329446307 434
1584615656463 0.8048862884781584 435
1584615658826 0.8044838453339194 436
1584615661620 0.8040816034112525 437
1584615664222 0.8036795626095469 438
1584615666618 0.8032777228282422 439
1584615669044 0.8028760839668281 440
1584615671454 0.8024746459248447 441
1584615673823 0.8020734086018824 442
1584615676210 0.8016723718975814 443
1584615678687 0.8012715357116327 444
1584615681152 0.8008708999437769 445
1584615683809 0.8004704644938051 446
1584615686350 0.8000702292615582 447
1584615688717 0.7996701941469275 448
1584615691195 0.7992703590498541 449
1584615693592 0.7988707238703292 450
1584615696049 0.7984712885083941 451
1584615698469 0.79807205286414 452
1584615700867 0.797673016837708 453
1584615703246 0.7972741803292892 454
1584615705721 0.7968755432391246 455
1584615708178 0.796477105467505 456
1584615710677 0.7960788669147714 457
1584615713125 0.7956808274813141 458
1584615715910 0.7952829870675735 459
1584615718609 0.7948853455740398 460
1584615721127 0.7944879029012528 461
1584615723803 0.7940906589498022 462
1584615726322 0.7936936136203274 463
1584615728679 0.7932967668135174 464
1584615731072 0.7929001184301107 465
1584615733449 0.7925036683708957 466
1584615735896 0.7921074165367102 467
1584615738329 0.7917113628284419 468
1584615740758 0.7913155071470277 469
1584615743179 0.7909198493934543 470
1584615745632 0.7905243894687576 471
1584615747999 0.7901291272740233 472
1584615750461 0.7897340627103864 473
1584615752870 0.7893391956790312 474
1584615755327 0.7889445260811917 475
1584615757948 0.7885500538181511 476
1584615760412 0.7881557787912421 477
1584615762793 0.7877617009018465 478
1584615765228 0.7873678200513956 479
1584615767622 0.7869741361413699 480
1584615770106 0.7865806490732993 481
1584615772574 0.7861873587487627 482
1584615777006 0.7857942650693883 483
1584615779601 0.7854013679368537 484
1584615783420 0.7850086672528853 485
1584615786330 0.784616162919259 486
1584615789272 0.7842238548377993 487
1584615791707 0.7838317429103805 488
1584615794199 0.7834398270389253 489
1584615796654 0.783048107125406 490
1584615799047 0.7826565830718433 491
1584615801592 0.7822652547803074 492
1584615804048 0.7818741221529173 493
1584615806573 0.7814831850918409 494
1584615809027 0.781092443499295 495
1584615811508 0.7807018972775454 496
1584615815086 0.7803115463289066 497
1584615817493 0.7799213905557423 498
1584615819929 0.7795314298604644 499
1584615822486 0.7791416641455342 500
1584615825074 0.7787520933134615 501
1584615827518 0.7783627172668048 502
1584615830034 0.7779735359081715 503
1584615832451 0.7775845491402175 504
1584615834905 0.7771957568656473 505
1584615837377 0.7768071589872145 506
1584615839810 0.776418755407721 507
1584615842370 0.7760305460300172 508
1584615844834 0.7756425307570022 509
1584615847357 0.7752547094916237 510
1584615849788 0.7748670821368779 511
1584615852289 0.7744796485958095 512
1584615854682 0.7740924087715116 513
1584615857102 0.773705362567126 514
1584615859570 0.7733185098858425 515
1584615862028 0.7729318506308996 516
1584615864408 0.7725453847055842 517
1584615866814 0.7721591120132315 518
1584615869241 0.771773032457225 519
1584615871738 0.7713871459409963 520
1584615874282 0.7710014523680259 521
1584615876673 0.7706159516418419 522
1584615879336 0.770230643666021 523
1584615881878 0.7698455283441881 524
1584615884788 0.769460605580016 525
1584615887569 0.7690758752772261 526
1584615890437 0.7686913373395875 527
1584615893452 0.7683069916709178 528
1584615896779 0.7679228381750823 529
1584615900613 0.7675388767559949 530
1584615904580 0.7671551073176169 531
1584615908768 0.7667715297639581 532
1584615913347 0.7663881439990762 533
1584615916517 0.7660049499270767 534
1584615919014 0.7656219474521132 535
1584615921871 0.7652391364783871 536
1584615924801 0.764856516910148 537
1584615927220 0.764474088651693 538
1584615929650 0.7640918516073671 539
1584615932437 0.7637098056815635 540
1584615937202 0.7633279507787228 541
1584615940166 0.7629462868033335 542
1584615943290 0.7625648136599319 543
1584615946766 0.762183531253102 544
1584615950704 0.7618024394874755 545
1584615953240 0.7614215382677318 546
1584615955693 0.761040827498598 547
1584615958040 0.7606603070848488 548
1584615961504 0.7602799769313064 549
1584615964240 0.7598998369428408 550
1584615966786 0.7595198870243695 551
1584615969609 0.7591401270808573 552
1584615972494 0.7587605570173169 553
1584615974974 0.7583811767388083 554
1584615977787 0.758001986150439 555
1584615980473 0.7576229851573638 556
1584615982860 0.7572441736647851 557
1584615985349 0.7568655515779528 558
1584615987979 0.7564871188021638 559
1584615991701 0.7561088752427627 560
1584615994096 0.7557308208051414 561
1584615996723 0.7553529553947389 562
1584615999303 0.7549752789170415 563
1584616002123 0.7545977912775831 564
1584616004652 0.7542204923819443 565
1584616007446 0.7538433821357534 566
1584616010296 0.7534664604446856 567
1584616013196 0.7530897272144633 568
1584616017880 0.7527131823508562 569
1584616020565 0.7523368257596807 570
1584616023141 0.751960657346801 571
1584616026772 0.7515846770181276 572
1584616029831 0.7512088846796185 573
1584616032318 0.7508332802372788 574
1584616034773 0.7504578635971602 575
1584616037569 0.7500826346653616 576
1584616040866 0.7497075933480289 577
1584616043223 0.7493327395513549 578
1584616046091 0.7489580731815793 579
1584616048505 0.7485835941449885 580
1584616051293 0.748209302347916 581
1584616053674 0.7478351976967421 582
1584616056299 0.7474612800978938 583
1584616058880 0.747087549457845 584
1584616061513 0.7467140056831161 585
1584616064148 0.7463406486802746 586
1584616066853 0.7459674783559345 587
1584616069633 0.7455944946167565 588
1584616072275 0.7452216973694482 589
1584616075347 0.7448490865207635 590
1584616077769 0.7444766619775032 591
1584616080345 0.7441044236465144 592
1584616083238 0.7437323714346912 593
1584616085903 0.7433605052489739 594
1584616088599 0.7429888249963494 595
1584616091406 0.7426173305838513 596
1584616094163 0.7422460219185594 597
1584616097017 0.7418748989076002 598
1584616099607 0.7415039614581465 599
1584616102465 0.7411332094774175 600
1584616105548 0.7407626428726788 601
1584616108216 0.7403922615512425 602
1584616111230 0.7400220654204669 603
1584616113670 0.7396520543877567 604
1584616116408 0.7392822283605629 605
1584616119154 0.7389125872463826 606
1584616121794 0.7385431309527595 607
1584616124484 0.7381738593872831 608
1584616127069 0.7378047724575895 609
1584616129488 0.7374358700713607 610
1584616132068 0.737067152136325 611
1584616134671 0.7366986185602569 612
1584616137436 0.7363302692509768 613
1584616139890 0.7359621041163513 614
1584616142524 0.7355941230642932 615
1584616145144 0.735226326002761 616
1584616147645 0.7348587128397597 617
1584616150194 0.7344912834833398 618
1584616152966 0.7341240378415982 619
1584616155634 0.7337569758226774 620
1584616158215 0.7333900973347661 621
1584616161153 0.7330234022860987 622
1584616163537 0.7326568905849558 623
1584616166340 0.7322905621396634 624
1584616168765 0.7319244168585936 625
1584616171979 0.7315584546501643 626
1584616174572 0.7311926754228393 627
1584616177097 0.7308270790851279 628
1584616179778 0.7304616655455853 629
1584616182686 0.7300964347128126 630
1584616185389 0.7297313864954562 631
1584616187972 0.7293665208022085 632
1584616190607 0.7290018375418075 633
1584616193048 0.7286373366230366 634
1584616195559 0.7282730179547252 635
1584616198136 0.7279088814457478 636
1584616200858 0.727544927005025 637
1584616203558 0.7271811545415225 638
1584616206172 0.7268175639642518 639
1584616208645 0.7264541551822697 640
1584616211350 0.7260909281046787 641
1584616213759 0.7257278826406264 642
1584616216283 0.7253650186993061 643
1584616218692 0.7250023361899566 644
1584616221851 0.7246398350218617 645
1584616224526 0.7242775151043508 646
1584616227096 0.7239153763467987 647
1584616229617 0.7235534186586253 648
1584616232456 0.7231916419492961 649
1584616234948 0.7228300461283215 650
1584616237568 0.7224686311052574 651
1584616239955 0.7221073967897048 652
1584616242378 0.72174634309131 653
1584616244846 0.7213854699197644 654
1584616247336 0.7210247771848045 655
1584616249764 0.7206642647962122 656
1584616252478 0.7203039326638141 657
1584616255710 0.7199437806974822 658
1584616258103 0.7195838088071335 659
1584616260914 0.71922401690273 660
1584616263561 0.7188644048942786 661
1584616267167 0.7185049726918316 662
1584616270544 0.7181457202054857 663
1584616273422 0.717786647345383 664
1584616276212 0.7174277540217103 665
1584616280364 0.7170690401446995 666
1584616283079 0.7167105056246272 667
1584616285600 0.716352150371815 668
1584616288222 0.7159939742966291 669
1584616291382 0.7156359773094809 670
1584616293901 0.7152781593208262 671
1584616296702 0.7149205202411658 672
1584616299151 0.7145630599810453 673
1584616301901 0.7142057784510548 674
1584616304529 0.7138486755618293 675
1584616307215 0.7134917512240484 676
1584616309565 0.7131350053484364 677
1584616312193 0.7127784378457622 678
1584616315413 0.7124220486268393 679
1584616317936 0.712065837602526 680
1584616321410 0.7117098046837247 681
1584616323968 0.7113539497813829 682
1584616326605 0.7109982728064922 683
1584616329008 0.710642773670089 684
1584616331804 0.710287452283254 685
1584616334518 0.7099323085571124 686
1584616337252 0.7095773424028339 687
1584616340853 0.7092225537316325 688
1584616345067 0.7088679424547667 689
1584616348842 0.7085135084835393 690
1584616353033 0.7081592517292976 691
1584616356337 0.707805172103433 692
1584616359902 0.7074512695173812 693
1584616362741 0.7070975438826226 694
1584616366111 0.7067439951106813 695
1584616368782 0.7063906231131261 696
1584616371381 0.7060374278015695 697
1584616373994 0.7056844090876688 698
1584616376694 0.705331566883125 699
1584616379149 0.7049789010996835 700
1584616382192 0.7046264116491338 701
1584616384686 0.7042740984433092 702
1584616387106 0.7039219613940876 703
1584616389544 0.7035700004133906 704
1584616392084 0.703218215413184 705
1584616394601 0.7028666063054774 706
1584616397059 0.7025151730023247 707
1584616399704 0.7021639154158236 708
1584616402394 0.7018128334581157 709
1584616404845 0.7014619270413868 710
1584616407387 0.7011111960778661 711
1584616410125 0.7007606404798272 712
1584616412690 0.7004102601595873 713
1584616416295 0.7000600550295075 714
1584616418703 0.6997100250019928 715
1584616422484 0.6993601699894918 716
1584616425127 0.6990104899044971 717
1584616428527 0.6986609846595448 718
1584616431579 0.6983116541672151 719
1584616434806 0.6979624983401315 720
1584616437878 0.6976135170909614 721
1584616440620 0.697264710332416 722
1584616443760 0.6969160779772499 723
1584616446425 0.6965676199382612 724
1584616448826 0.6962193361282921 725
1584616451523 0.695871226460228 726
1584616454080 0.6955232908469979 727
1584616456648 0.6951755292015744 728
1584616459375 0.6948279414369737 729
1584616461980 0.6944805274662552 730
1584616465205 0.6941332872025221 731
1584616468618 0.6937862205589209 732
1584616472845 0.6934393274486415 733
1584616476081 0.6930926077849172 734
1584616478574 0.6927460614810248 735
1584616481362 0.6923996884502843 736
1584616483805 0.6920534886060592 737
1584616486850 0.6917074618617562 738
1584616489511 0.6913616081308254 739
1584616492388 0.69101592732676 740
1584616495170 0.6906704193630966 741
1584616498065 0.6903250841534151 742
1584616500880 0.6899799216113385 743
1584616503760 0.6896349316505328 744
1584616506395 0.6892901141847075 745
1584616510124 0.6889454691276152 746
1584616513049 0.6886009963930515 747
1584616515759 0.688256695894855 748
1584616518469 0.6879125675469077 749
1584616521147 0.6875686112631343 750
1584616523693 0.6872248269575028 751
1584616526536 0.6868812145440241 752
1584616529256 0.6865377739367521 753
1584616532109 0.6861945050497837 754
1584616534814 0.6858514077972588 755
1584616537772 0.6855084820933602 756
1584616540425 0.6851657278523136 757
1584616543071 0.6848231449883875 758
1584616545731 0.6844807334158933 759
1584616548418 0.6841384930491854 760
1584616551142 0.6837964238026608 761
1584616553770 0.6834545255907595 762
1584616556736 0.6831127983279641 763
1584616559250 0.6827712419288002 764
1584616562625 0.6824298563078359 765
1584616565483 0.6820886413796821 766
1584616568198 0.6817475970589922 767
1584616571000 0.6814067232604628 768
1584616573608 0.6810660198988326 769
1584616576199 0.6807254868888832 770
1584616578758 0.6803851241454388 771
1584616581457 0.6800449315833662 772
1584616583962 0.6797049091175745 773
1584616586610 0.6793650566630158 774
1584616589397 0.6790253741346843 775
1584616592257 0.678685861447617 776
1584616594979 0.6783465185168932 777
1584616597872 0.6780073452576348 778
1584616601980 0.6776683415850061 779
1584616604862 0.6773295074142136 780
1584616608067 0.6769908426605066 781
1584616612386 0.6766523472391763 782
1584616618225 0.6763140210655568 783
1584616622534 0.6759758640550241 784
1584616625917 0.6756378761229966 785
1584616628397 0.6753000571849351 786
1584616631190 0.6749624071563427 787
1584616633803 0.6746249259527646 788
1584616638308 0.6742876134897883 789
1584616642052 0.6739504696830434 790
1584616644680 0.673613494448202 791
1584616647730 0.6732766877009779 792
1584616650314 0.6729400493571275 793
1584616653005 0.672603579332449 794
1584616655795 0.6722672775427828 795
1584616658347 0.6719311439040114 796
1584616661479 0.6715951783320595 797
1584616663879 0.6712593807428935 798
1584616666563 0.6709237510525221 799
1584616671312 0.6705882891769959 800
1584616675464 0.6702529950324074 801
1584616680365 0.6699178685348912 802
1584616687419 0.6695829096006238 803
1584616691787 0.6692481181458235 804
1584616694773 0.6689134940867506 805
1584616698300 0.6685790373397072 806
1584616702177 0.6682447478210375 807
1584616705422 0.667910625447127 808
1584616708439 0.6675766701344035 809
1584616711486 0.6672428817993363 810
1584616715298 0.6669092603584367 811
1584616718610 0.6665758057282575 812
1584616722118 0.6662425178253933 813
1584616725570 0.6659093965664807 814
1584616728730 0.6655764418681975 815
1584616732523 0.6652436536472635 816
1584616735523 0.6649110318204399 817
1584616739463 0.6645785763045297 818
1584616743963 0.6642462870163774 819
1584616746628 0.6639141638728693 820
1584616750197 0.6635822067909328 821
1584616752823 0.6632504156875374 822
1584616755467 0.6629187904796937 823
1584616760756 0.6625873310844539 824
1584616764616 0.6622560374189117 825
1584616767201 0.6619249094002023 826
1584616769670 0.6615939469455022 827
1584616772378 0.6612631499720295 828
1584616774980 0.6609325183970435 829
1584616777843 0.660602052137845 830
1584616780515 0.660271751111776 831
1584616783123 0.6599416152362202 832
1584616785753 0.6596116444286021 833
1584616788359 0.6592818386063878 834
1584616791079 0.6589521976870846 835
1584616793625 0.6586227215882411 836
1584616796353 0.658293410227447 837
1584616799184 0.6579642635223334 838
1584616801930 0.6576352813905723 839
1584616804584 0.657306463749877 840
1584616807639 0.6569778105180021 841
1584616810687 0.6566493216127431 842
1584616813431 0.6563209969519368 843
1584616816127 0.6559928364534608 844
1584616818593 0.6556648400352342 845
1584616821389 0.6553370076152166 846
1584616823895 0.655009339111409 847
1584616826589 0.6546818344418533 848
1584616829703 0.6543544935246325 849
1584616833718 0.6540273162778703 850
1584616836472 0.6537003026197313 851
1584616839098 0.6533734524684215 852
1584616842198 0.6530467657421873 853
1584616844674 0.6527202423593162 854
1584616847380 0.6523938822381367 855
1584616850035 0.6520676852970176 856
1584616852724 0.6517416514543691 857
1584616855515 0.651415780628642 858
1584616858445 0.6510900727383278 859
1584616861105 0.6507645277019586 860
1584616863840 0.6504391454381077 861
1584616866362 0.6501139258653886 862
1584616868837 0.649788868902456 863
1584616871524 0.6494639744680049 864
1584616873980 0.6491392424807709 865
1584616876653 0.6488146728595305 866
1584616879166 0.6484902655231009 867
1584616882046 0.6481660203903393 868
1584616884526 0.6478419373801442 869
1584616887314 0.6475180164114541 870
1584616890880 0.6471942574032484 871
1584616894156 0.6468706602745469 872
1584616896851 0.6465472249444096 873
1584616899433 0.6462239513319374 874
1584616902200 0.6459008393562715 875
1584616904670 0.6455778889365934 876
1584616907380 0.6452550999921252 877
1584616910123 0.6449324724421291 878
1584616912954 0.6446100062059081 879
1584616917463 0.6442877012028052 880
1584616920253 0.6439655573522038 881
1584616923659 0.6436435745735278 882
1584616926618 0.6433217527862412 883
1584616929884 0.6430000919098481 884
1584616932731 0.6426785918638932 885
1584616935501 0.6423572525679613 886
1584616938083 0.6420360739416774 887
1584616941290 0.6417150559047066 888
1584616943809 0.6413941983767543 889
1584616946497 0.6410735012775659 890
1584616949543 0.6407529645269272 891
1584616955202 0.6404325880446637 892
1584616958158 0.6401123717506414 893
1584616961090 0.6397923155647661 894
1584616963797 0.6394724194069837 895
1584616966542 0.6391526831972802 896
1584616969690 0.6388331068556816 897
1584616972768 0.6385136903022538 898
1584616977633 0.6381944334571027 899
1584616983935 0.6378753362403742 900
1584616988350 0.637556398572254 901
1584616992009 0.6372376203729679 902
1584616995120 0.6369190015627815 903
1584616998234 0.6366005420620001 904
1584617001573 0.6362822417909691 905
1584617005125 0.6359641006700737 906
1584617008206 0.6356461186197387 907
1584617011789 0.6353282955604289 908
1584617015566 0.6350106314126487 909
1584617018715 0.6346931260969424 910
1584617022290 0.634375779533894 911
1584617026504 0.6340585916441271 912
1584617031807 0.6337415623483051 913
1584617037076 0.633424691567131 914
1584617041666 0.6331079792213474 915
1584617047877 0.6327914252317368 916
1584617055655 0.6324750295191209 917
1584617063238 0.6321587920043614 918
1584617069754 0.6318427126083592 919
1584617073092 0.6315267912520551 920
1584617077375 0.6312110278564291 921
1584617081897 0.630895422342501 922
1584617085499 0.6305799746313298 923
1584617089734 0.6302646846440141 924
1584617092873 0.6299495523016921 925
1584617096047 0.6296345775255413 926
1584617098575 0.6293197602367786 927
1584617103054 0.6290051003566602 928
1584617106317 0.628690597806482 929
1584617109558 0.6283762525075788 930
1584617113142 0.6280620643813251 931
1584617118168 0.6277480333491344 932
1584617120899 0.6274341593324599 933
1584617123412 0.6271204422527937 934
1584617126068 0.6268068820316673 935
1584617129545 0.6264934785906515 936
1584617136328 0.6261802318513562 937
1584617141752 0.6258671417354306 938
1584617147625 0.6255542081645629 939
1584617153033 0.6252414310604806 940
1584617157772 0.6249288103449504 941
1584617161686 0.624616345939778 942
1584617165077 0.6243040377668081 943
1584617168131 0.6239918857479247 944
1584617170888 0.6236798898050508 945
1584617175728 0.6233680498601484 946
1584617179320 0.6230563658352183 947
1584617183933 0.6227448376523007 948
1584617187151 0.6224334652334746 949
1584617189927 0.622122248500858 950
1584617193979 0.6218111873766076 951
1584617196831 0.6215002817829193 952
1584617200790 0.6211895316420278 953
1584617204380 0.6208789368762069 954
1584617207914 0.6205684974077688 955
1584617211026 0.6202582131590649 956
1584617214662 0.6199480840524855 957
1584617218213 0.6196381100104592 958
1584617222641 0.619328290955454 959
1584617227606 0.6190186268099763 960
1584617232247 0.6187091174965714 961
1584617235367 0.6183997629378232 962
1584617238286 0.6180905630563543 963
1584617241756 0.6177815177748261 964
1584617246928 0.6174726270159387 965
1584617252501 0.6171638907024308 966
1584617257223 0.6168553087570796 967
1584617260335 0.6165468811027011 968
1584617263139 0.6162386076621498 969
1584617265576 0.6159304883583188 970
1584617268103 0.6156225231141397 971
1584617273964 0.6153147118525827 972
1584617277737 0.6150070544966564 973
1584617280365 0.6146995509694081 974
1584617283549 0.6143922011939235 975
1584617286485 0.6140850050933265 976
1584617288931 0.6137779625907799 977
1584617291607 0.6134710736094845 978
1584617294324 0.6131643380726798 979
1584617297048 0.6128577559036434 980
1584617299832 0.6125513270256917 981
1584617302411 0.6122450513621789 982
1584617304923 0.6119389288364978 983
1584617307659 0.6116329593720796 984
1584617310828 0.6113271428923936 985
1584617313542 0.6110214793209475 986
1584617316400 0.6107159685812871 987
1584617319048 0.6104106105969964 988
1584617321879 0.610105405291698 989
1584617324500 0.6098003525890522 990
1584617327679 0.6094954524127577 991
1584617330440 0.6091907046865513 992
1584617333006 0.6088861093342081 993
1584617336071 0.608581666279541 994
1584617338661 0.6082773754464013 995
1584617341753 0.6079732367586781 996
1584617344344 0.6076692501402988 997
1584617347051 0.6073654155152287 998
1584617350225 0.6070617328074711 999
1584617352737 0.6067582019410674 1000
1584617355589 0.606454822840097 1001
1584617358128 0.606151595428677 1002
1584617360811 0.6058485196309628 1003
1584617363292 0.6055455953711473 1004
1584617366078 0.6052428225734617 1005
1584617368592 0.6049402011621751 1006
1584617371602 0.604637731061594 1007
1584617374118 0.6043354121960632 1008
1584617377068 0.6040332444899652 1009
1584617379533 0.6037312278677203 1010
1584617382579 0.6034293622537864 1011
1584617385189 0.6031276475726596 1012
1584617387757 0.6028260837488733 1013
1584617390239 0.6025246707069989 1014
1584617392785 0.6022234083716455 1015
1584617395516 0.6019222966674597 1016
1584617398153 0.601621335519126 1017
1584617401254 0.6013205248513664 1018
1584617404298 0.6010198645889407 1019
1584617406918 0.6007193546566463 1020
1584617409578 0.6004189949793179 1021
1584617412489 0.6001187854818283 1022
1584617415113 0.5998187260890874 1023
1584617417696 0.5995188167260429 1024
1584617420288 0.5992190573176799 1025
1584617422868 0.5989194477890211 1026
1584617425703 0.5986199880651266 1027
1584617428524 0.5983206780710941 1028
1584617431411 0.5980215177320586 1029
1584617433889 0.5977225069731926 1030
1584617436606 0.5974236457197061 1031
1584617439171 0.5971249338968463 1032
1584617442254 0.5968263714298979 1033
1584617444698 0.596527958244183 1034
1584617447905 0.596229694265061 1035
1584617450730 0.5959315794179285 1036
1584617453257 0.5956336136282195 1037
1584617455972 0.5953357968214055 1038
1584617458787 0.5950381289229948 1039
1584617461693 0.5947406098585333 1040
1584617465077 0.594443239553604 1041
1584617468071 0.5941460179338273 1042
1584617471809 0.5938489449248604 1043
1584617476035 0.593552020452398 1044
1584617480972 0.5932552444421718 1045
1584617484617 0.5929586168199508 1046
1584617488407 0.5926621375115408 1047
1584617493716 0.5923658064427851 1048
1584617498872 0.5920696235395638 1049
1584617502531 0.5917735887277941 1050
1584617505389 0.5914777019334302 1051
1584617508645 0.5911819630824635 1052
1584617511869 0.5908863721009223 1053
1584617514666 0.5905909289148719 1054
1584617517411 0.5902956334504145 1055
1584617520572 0.5900004856336893 1056
1584617523633 0.5897054853908725 1057
1584617526493 0.5894106326481772 1058
1584617528925 0.5891159273318531 1059
1584617531450 0.5888213693681873 1060
1584617533870 0.5885269586835032 1061
1584617536320 0.5882326952041615 1062
1584617538728 0.5879385788565595 1063
1584617541268 0.5876446095671313 1064
1584617543790 0.5873507872623477 1065
1584617547375 0.5870571118687166 1066
1584617550666 0.5867635833127822 1067
1584617553293 0.5864702015211258 1068
1584617556992 0.5861769664203653 1069
1584617561387 0.5858838779371551 1070
1584617564157 0.5855909359981866 1071
1584617567159 0.5852981405301875 1072
1584617569703 0.5850054914599224 1073
1584617572673 0.5847129887141925 1074
1584617575733 0.5844206322198354 1075
1584617578601 0.5841284219037255 1076
1584617582674 0.5838363576927736 1077
1584617586244 0.5835444395139273 1078
1584617589570 0.5832526672941704 1079
1584617592904 0.5829610409605233 1080
1584617595560 0.582669560440043 1081
1584617598322 0.582378225659823 1082
1584617601997 0.5820870365469931 1083
1584617604906 0.5817959930287196 1084
1584617608690 0.5815050950322053 1085
1584617611284 0.5812143424846892 1086
1584617613697 0.5809237353134469 1087
1584617617423 0.5806332734457902 1088
1584617620937 0.5803429568090673 1089
1584617623561 0.5800527853306628 1090
1584617626083 0.5797627589379976 1091
1584617628524 0.5794728775585286 1092
1584617630915 0.5791831411197493 1093
1584617633401 0.5788935495491895 1094
1584617636952 0.5786041027744149 1095
1584617640613 0.5783148007230277 1096
1584617643838 0.5780256433226661 1097
1584617646480 0.5777366305010049 1098
1584617648880 0.5774477621857544 1099
1584617651414 0.5771590383046616 1100
1584617654053 0.5768704587855094 1101
1584617656576 0.5765820235561167 1102
1584617659002 0.5762937325443386 1103
1584617661475 0.5760055856780665 1104
1584617663855 0.5757175828852275 1105
1584617666334 0.5754297240937849 1106
1584617668710 0.5751420092317381 1107
1584617671300 0.5748544382271222 1108
1584617673835 0.5745670110080087 1109
1584617676305 0.5742797275025047 1110
1584617678731 0.5739925876387535 1111
1584617681516 0.5737055913449342 1112
1584617684208 0.5734187385492617 1113
1584617686610 0.5731320291799872 1114
1584617688960 0.5728454631653972 1115
1584617691465 0.5725590404338146 1116
1584617693873 0.5722727609135977 1117
1584617696646 0.571986624533141 1118
1584617699366 0.5717006312208744 1119
1584617701848 0.571414780905264 1120
1584617704461 0.5711290735148113 1121
1584617706891 0.570843508978054 1122
1584617710520 0.570558087223565 1123
1584617713468 0.5702728081799533 1124
1584617716488 0.5699876717758634 1125
1584617719193 0.5697026779399755 1126
1584617722676 0.5694178266010056 1127
1584617726812 0.5691331176877051 1128
1584617729346 0.5688485511288613 1129
1584617731914 0.5685641268532969 1130
1584617734576 0.5682798447898704 1131
1584617737179 0.5679957048674754 1132
1584617740379 0.5677117070150417 1133
1584617744548 0.5674278511615342 1134
1584617747422 0.5671441372359535 1135
1584617749859 0.5668605651673355 1136
1584617752351 0.5665771348847519 1137
1584617754783 0.5662938463173096 1138
1584617757270 0.5660106993941509 1139
1584617759738 0.5657276940444539 1140
1584617762368 0.5654448301974317 1141
1584617764764 0.5651621077823331 1142
1584617767208 0.564879526728442 1143
1584617769611 0.5645970869650778 1144
1584617772217 0.5643147884215953 1145
1584617775247 0.5640326310273845 1146
1584617778090 0.5637506147118709 1147
1584617781761 0.563468739404515 1148
1584617784460 0.5631870050348128 1149
1584617787167 0.5629054115322955 1150
1584617789682 0.5626239588265294 1151
1584617792294 0.5623426468471161 1152
1584617794812 0.5620614755236926 1153
1584617797339 0.5617804447859307 1154
1584617799694 0.5614995545635377 1155
1584617802001 0.561218804786256 1156
1584617804291 0.5609381953838629 1157
1584617806612 0.560657726286171 1158
1584617809124 0.560377397423028 1159
1584617811636 0.5600972087243165 1160
1584617815427 0.5598171601199543 1161
1584617817755 0.5595372515398943 1162
1584617820113 0.5592574829141244 1163
1584617823525 0.5589778541726673 1164
1584617827775 0.558698365245581 1165
1584617830046 0.5584190160629583 1166
1584617832369 0.5581398065549269 1167
1584617834663 0.5578607366516495 1168
1584617837128 0.5575818062833237 1169
1584617839843 0.557303015380182 1170
1584617842179 0.557024363872492 1171
1584617844495 0.5567458516905558 1172
1584617846773 0.5564674787647106 1173
1584617849066 0.5561892450253283 1174
1584617851463 0.5559111504028157 1175
1584617853773 0.5556331948276143 1176
1584617856046 0.5553553782302005 1177
1584617858384 0.5550777005410855 1178
1584617860661 0.554800161690815 1179
1584617862911 0.5545227616099696 1180
1584617865261 0.5542455002291646 1181
1584617867796 0.55396837747905 1182
1584617870404 0.5536913932903106 1183
1584617872897 0.5534145475936655 1184
1584617875882 0.5531378403198687 1185
1584617879559 0.5528612713997088 1186
1584617883919 0.5525848407640089 1187
1584617886780 0.552308548343627 1188
1584617889774 0.5520323940694551 1189
1584617892630 0.5517563778724205 1190
1584617894993 0.5514804996834843 1191
1584617898794 0.5512047594336427 1192
1584617902235 0.5509291570539259 1193
1584617904727 0.550653692475399 1194
1584617910376 0.5503783656291613 1195
1584617912797 0.5501031764463468 1196
1584617918546 0.5498281248581236 1197
1584617921298 0.5495532107956945 1198
1584617924023 0.5492784341902968 1199
1584617926666 0.5490037949732016 1200
1584617931370 0.548729293075715 1201
1584617937551 0.5484549284291772 1202
1584617941725 0.5481807009649626 1203
1584617944626 0.5479066106144802 1204
1584617947904 0.547632657309173 1205
1584617950679 0.5473588409805185 1206
1584617954649 0.5470851615600282 1207
1584617958388 0.5468116189792482 1208
1584617961539 0.5465382131697586 1209
1584617964273 0.5462649440631737 1210
1584617967026 0.5459918115911422 1211
1584617969591 0.5457188156853466 1212
1584617972014 0.545445956277504 1213
1584617974376 0.5451732332993653 1214
1584617976692 0.5449006466827157 1215
1584617979270 0.5446281963593743 1216
1584617982300 0.5443558822611947 1217
1584617985245 0.5440837043200641 1218
1584617988109 0.5438116624679041 1219
1584617991451 0.5435397566366702 1220
1584617994046 0.5432679867583519 1221
1584617996489 0.5429963527649727 1222
1584617999322 0.5427248545885902 1223
1584618002043 0.5424534921612959 1224
1584618004540 0.5421822654152153 1225
1584618007238 0.5419111742825077 1226
1584618010170 0.5416402186953665 1227
1584618012548 0.5413693985860188 1228
1584618014746 0.5410987138867258 1229
1584618016981 0.5408281645297824 1230
1584618019211 0.5405577504475175 1231
1584618021499 0.5402874715722938 1232
1584618023748 0.5400173278365077 1233
1584618026004 0.5397473191725894 1234
1584618028227 0.5394774455130031 1235
1584618030553 0.5392077067902467 1236
1584618032822 0.5389381029368515 1237
1584618035167 0.5386686338853831 1238
1584618037516 0.5383992995684405 1239
1584618039765 0.5381300999186562 1240
1584618042063 0.537861034868697 1241
1584618044283 0.5375921043512626 1242
1584618046597 0.537323308299087 1243
1584618048835 0.5370546466449375 1244
1584618051088 0.5367861193216151 1245
1584618053337 0.5365177262619544 1246
1584618055556 0.5362494673988234 1247
1584618057784 0.535981342665124 1248
1584618060006 0.5357133519937914 1249
1584618062350 0.5354454953177946 1250
1584618064581 0.5351777725701358 1251
1584618066937 0.5349101836838507 1252
1584618069204 0.5346427285920088 1253
1584618071443 0.5343754072277128 1254
1584618073671 0.534108219524099 1255
1584618075900 0.533841165414337 1256
1584618078152 0.5335742448316299 1257
1584618080390 0.5333074577092141 1258
1584618082587 0.5330408039803595 1259
1584618084832 0.5327742835783693 1260
1584618087040 0.5325078964365801 1261
1584618089261 0.5322416424883619 1262
1584618091507 0.5319755216671178 1263
1584618093728 0.5317095339062843 1264
1584618095996 0.5314436791393312 1265
1584618098270 0.5311779572997616 1266
1584618100533 0.5309123683211118 1267
1584618102766 0.5306469121369513 1268
1584618104989 0.5303815886808828 1269
1584618107220 0.5301163978865424 1270
1584618109454 0.5298513396875991 1271
1584618111819 0.5295864140177553 1272
1584618114098 0.5293216208107464 1273
1584618116326 0.5290569600003411 1274
1584618118569 0.5287924315203409 1275
1584618120805 0.5285280353045808 1276
1584618123100 0.5282637712869286 1277
1584618125296 0.5279996394012851 1278
1584618127553 0.5277356395815845 1279
1584618129730 0.5274717717617938 1280
1584618132036 0.5272080358759129 1281
1584618134287 0.526944431857975 1282
1584618136494 0.5266809596420461 1283
1584618138714 0.5264176191622251 1284
1584618141074 0.526154410352644 1285
1584618143286 0.5258913331474677 1286
1584618145478 0.525628387480894 1287
1584618147723 0.5253655732871536 1288
1584618149954 0.5251028905005101 1289
1584618152215 0.5248403390552598 1290
1584618154423 0.5245779188857322 1291
1584618156642 0.5243156299262894 1292
1584618158870 0.5240534721113264 1293
1584618161099 0.5237914453752707 1294
1584618163379 0.523529549652583 1295
1584618165566 0.5232677848777567 1296
1584618167835 0.5230061509853179 1297
1584618170063 0.5227446479098252 1298
1584618172285 0.5224832755858704 1299
1584618174530 0.5222220339480774 1300
1584618176912 0.5219609229311034 1301
1584618179216 0.5216999424696379 1302
1584618181508 0.5214390924984031 1303
1584618183722 0.521178372952154 1304
1584618185945 0.5209177837656779 1305
1584618188170 0.520657324873795 1306
1584618190368 0.5203969962113582 1307
1584618192643 0.5201367977132525 1308
1584618194876 0.5198767293143959 1309
1584618197086 0.5196167909497387 1310
1584618199311 0.5193569825542639 1311
1584618201586 0.5190973040629868 1312
1584618203822 0.5188377554109553 1313
1584618206077 0.5185783365332499 1314
1584618208274 0.5183190473649834 1315
1584618210478 0.5180598878413009 1316
1584618212728 0.5178008578973803 1317
1584618215005 0.5175419574684316 1318
1584618217276 0.5172831864896974 1319
1584618219513 0.5170245448964526 1320
1584618221725 0.5167660326240043 1321
1584618224046 0.5165076496076924 1322
1584618226317 0.5162493957828885 1323
1584618228664 0.5159912710849971 1324
1584618230917 0.5157332754494546 1325
1584618233192 0.5154754088117299 1326
1584618235493 0.5152176711073241 1327
1584618237705 0.5149600622717705 1328
1584618239923 0.5147025822406346 1329
1584618242253 0.5144452309495143 1330
1584618244505 0.5141880083340395 1331
1584618246725 0.5139309143298726 1332
1584618248935 0.5136739488727077 1333
1584618251139 0.5134171118982713 1334
1584618253344 0.5131604033423223 1335
1584618255539 0.5129038231406511 1336
1584618257744 0.5126473712290808 1337
1584618260037 0.5123910475434663 1338
1584618262235 0.5121348520196947 1339
1584618264441 0.5118787845936849 1340
1584618266691 0.511622845201388 1341
1584618268938 0.5113670337787873 1342
1584618271177 0.511111350261898 1343
1584618273516 0.5108557945867671 1344
1584618275875 0.5106003666894737 1345
1584618278133 0.510345066506129 1346
1584618280361 0.510089893972876 1347
1584618282620 0.5098348490258896 1348
1584618284835 0.5095799316013767 1349
1584618287090 0.5093251416355761 1350
1584618289355 0.5090704790647583 1351
1584618291558 0.508815943825226 1352
1584618293769 0.5085615358533134 1353
1584618296056 0.5083072550853868 1354
1584618298285 0.5080531014578441 1355
1584618300559 0.5077990749071152 1356
1584618302865 0.5075451753696616 1357
1584618305111 0.5072914027819768 1358
1584618307374 0.5070377570805858 1359
1584618309603 0.5067842382020455 1360
1584618311806 0.5065308460829445 1361
1584618314039 0.506277580659903 1362
1584618316313 0.5060244418695731 1363
1584618318538 0.5057714296486383 1364
1584618320826 0.505518543933814 1365
1584618323049 0.5052657846618471 1366
1584618325474 0.5050131517695162 1367
1584618327728 0.5047606451936315 1368
1584618329973 0.5045082648710347 1369
1584618332247 0.5042560107385993 1370
1584618334545 0.50400388273323 1371
1584618336796 0.5037518807918635 1372
1584618339110 0.5035000048514676 1373
1584618341457 0.5032482548490419 1374
1584618343802 0.5029966307216174 1375
1584618346053 0.5027451324062566 1376
1584618348278 0.5024937598400535 1377
1584618350516 0.5022425129601336 1378
1584618352763 0.5019913917036535 1379
1584618355031 0.5017403960078016 1380
1584618357381 0.5014895258097978 1381
1584618359621 0.5012387810468929 1382
1584618361911 0.5009881616563695 1383
1584618364283 0.5007376675755414 1384
1584618366520 0.5004872987417537 1385
1584618368773 0.5002370550923828 1386
1584618370987 0.49998693656483667 1387
1584618373213 0.49973694309655425 1388
1584618375423 0.499487074625006 1389
1584618377678 0.4992373310876935 1390
1584618379955 0.49898771242214973 1391
1584618382220 0.4987382185659387 1392
1584618384435 0.4984888494566558 1393
1584618386716 0.4982396050319275 1394
1584618389152 0.49799048522941153 1395
1584618391441 0.49774148998679685 1396
1584618393701 0.4974926192418035 1397
1584618396015 0.49724387293218264 1398
1584618398289 0.49699525099571656 1399
1584618400576 0.49674675337021873 1400
1584618402954 0.49649837999353363 1401
1584618405218 0.4962501308035369 1402
1584618407490 0.4960020057381352 1403
1584618409727 0.49575400473526615 1404
1584618412007 0.49550612773289854 1405
1584618414231 0.4952583746690321 1406
1584618416584 0.4950107454816976 1407
1584618418871 0.4947632401089568 1408
1584618421161 0.49451585848890234 1409
1584618423597 0.49426860055965793 1410
1584618425868 0.49402146625937815 1411
1584618428105 0.4937744555262485 1412
1584618430355 0.4935275682984854 1413
1584618432642 0.49328080451433615 1414
1584618434905 0.493034164112079 1415
1584618437157 0.492787647030023 1416
1584618439436 0.492541253206508 1417
1584618441724 0.4922949825799048 1418
1584618444024 0.49204883508861486 1419
1584618446299 0.49180281067107057 1420
1584618448585 0.49155690926573503 1421
1584618450809 0.49131113081110217 1422
1584618453099 0.49106547524569666 1423
1584618455365 0.4908199425080738 1424
1584618457618 0.4905745325368198 1425
1584618459892 0.49032924527055144 1426
1584618462227 0.4900840806479162 1427
1584618464547 0.48983903860759226 1428
1584618466794 0.4895941190882885 1429
1584618469138 0.48934932202874437 1430
1584618471372 0.48910464736773 1431
1584618473651 0.4888600950440462 1432
1584618475905 0.4886156649965242 1433
1584618478178 0.48837135716402597 1434
1584618480465 0.488127171485444 1435
1584618482901 0.4878831078997013 1436
1584618485231 0.4876391663457515 1437
1584618487559 0.4873953467625787 1438
1584618489835 0.4871516490891974 1439
1584618492345 0.4869080732646528 1440
1584618494805 0.4866646192280205 1441
1584618497199 0.4864212869184065 1442
1584618499630 0.48617807627494736 1443
1584618501930 0.4859349872368099 1444
1584618504251 0.48569201974319154 1445
1584618506553 0.48544917373331997 1446
1584618508779 0.48520644914645333 1447
1584618511037 0.48496384592188013 1448
1584618513386 0.48472136399891924 1449
1584618515614 0.4844790033169198 1450
1584618517933 0.4842367638152614 1451
1584618520239 0.48399464543335374 1452
1584618522484 0.4837526481106371 1453
1584618524768 0.4835107717865818 1454
1584618527014 0.48326901640068853 1455
1584618529234 0.48302738189248823 1456
1584618531476 0.482785868201542 1457
1584618533728 0.48254447526744126 1458
1584618535962 0.48230320302980756 1459
1584618538208 0.48206205142829267 1460
1584618540513 0.48182102040257857 1461
1584618542798 0.4815801098923773 1462
1584618545071 0.48133931983743117 1463
1584618547287 0.48109865017751247 1464
1584618549607 0.48085810085242375 1465
1584618551835 0.48061767180199755 1466
1584618554084 0.48037736296609657 1467
1584618556304 0.48013717428461355 1468
1584618558497 0.4798971056974713 1469
1584618560734 0.4796571571446226 1470
1584618562945 0.4794173285660503 1471
1584618565152 0.47917761990176727 1472
1584618567397 0.47893803109181643 1473
1584618569657 0.47869856207627054 1474
1584618571921 0.47845921279523246 1475
1584618574239 0.47821998318883485 1476
1584618576517 0.4779808731972405 1477
1584618578737 0.4777418827606419 1478
1584618580961 0.4775030118192616 1479
1584618583340 0.47726426031335195 1480
1584618585795 0.4770256281831953 1481
1584618588446 0.47678711536910373 1482
1584618590777 0.4765487218114192 1483
1584618593613 0.47631044745051354 1484
1584618595967 0.4760722922267883 1485
1584618599233 0.475834256080675 1486
1584618604571 0.47559633895263465 1487
1584618607411 0.47535854078315837 1488
1584618609785 0.47512086151276683 1489
1584618612193 0.4748833010820105 1490
1584618614746 0.47464585943146953 1491
1584618617056 0.4744085365017538 1492
1584618619267 0.47417133223350294 1493
1584618621537 0.4739342465673862 1494
1584618623783 0.4736972794441025 1495
1584618626056 0.4734604308043805 1496
1584618628648 0.47322370058897834 1497
1584618631747 0.4729870887386839 1498
1584618634582 0.47275059519431456 1499
1584618636802 0.47251421989671744 1500
1584618639270 0.4722779627867691 1501
1584618641556 0.47204182380537574 1502
1584618643834 0.47180580289347307 1503
1584618646081 0.47156989999202636 1504
1584618648449 0.4713341150420304 1505
1584618650729 0.4710984479845094 1506
1584618652997 0.4708628987605172 1507
1584618655207 0.47062746731113697 1508
1584618657528 0.47039215357748143 1509
1584618659742 0.4701569575006927 1510
1584618662096 0.4699218790219424 1511
1584618664449 0.46968691808243146 1512
1584618666629 0.4694520746233903 1513
1584618668810 0.4692173485860786 1514
1584618671036 0.4689827399117856 1515
1584618673289 0.4687482485418297 1516
1584618675936 0.4685138744175588 1517
1584618679962 0.4682796174803501 1518
1584618683611 0.4680454776716099 1519
1584618686728 0.46781145493277415 1520
1584618689342 0.4675775492053078 1521
1584618691881 0.4673437604307052 1522
1584618694176 0.46711008855048985 1523
1584618696739 0.4668765335062146 1524
1584618699105 0.4666430952394615 1525
1584618701396 0.46640977369184183 1526
1584618703872 0.4661765688049959 1527
1584618706212 0.4659434805205934 1528
1584618709578 0.46571050878033315 1529
1584618714191 0.465477653525943 1530
1584618716684 0.46524491469918006 1531
1584618719178 0.4650122922418305 1532
1584618722091 0.4647797860957096 1533
1584618724593 0.4645473962026618 1534
1584618726922 0.4643151225045605 1535
1584618729221 0.4640829649433082 1536
1584618731629 0.46385092346083656 1537
1584618734317 0.46361899799910616 1538
1584618736731 0.46338718850010663 1539
1584618739674 0.4631554949058566 1540
1584618742031 0.4629239171584037 1541
1584618745680 0.46269245519982455 1542
1584618748373 0.46246110897222464 1543
1584618750941 0.46222987841773855 1544
1584618753810 0.4619987634785297 1545
1584618757147 0.46176776409679043 1546
1584618759711 0.46153688021474204 1547
1584618762203 0.4613061117746347 1548
1584618764711 0.46107545871874744 1549
1584618767215 0.4608449209893881 1550
1584618769863 0.46061449852889347 1551
1584618772438 0.46038419127962904 1552
1584618774808 0.46015399918398925 1553
1584618777077 0.45992392218439726 1554
1584618779387 0.4596939602233051 1555
1584618781762 0.4594641132431935 1556
1584618784087 0.4592343811865719 1557
1584618786417 0.4590047639959786 1558
1584618788715 0.45877526161398063 1559
1584618790970 0.45854587398317365 1560
1584618795205 0.4583166010461821 1561
1584618798381 0.45808744274565905 1562
1584618800778 0.45785839902428627 1563
1584618803215 0.45762946982477415 1564
1584618805722 0.4574006550898618 1565
1584618808042 0.45717195476231687 1566
1584618810599 0.45694336878493574 1567
1584618813006 0.4567148971005433 1568
1584618815749 0.45648653965199304 1569
1584618818120 0.4562582963821671 1570
1584618820688 0.45603016723397605 1571
1584618823170 0.4558021521503591 1572
1584618826184 0.4555742510742839 1573
1584618828825 0.4553464639487468 1574
1584618831353 0.4551187907167724 1575
1584618833636 0.45489123132141407 1576
1584618835976 0.4546637857057534 1577
1584618838294 0.45443645381290054 1578
1584618840845 0.45420923558599413 1579
1584618843283 0.45398213096820117 1580
1584618845976 0.4537551399027171 1581
1584618848358 0.4535282623327658 1582
1584618850600 0.45330149820159943 1583
1584618852863 0.45307484745249865 1584
1584618855134 0.4528483100287724 1585
1584618857359 0.45262188587375807 1586
1584618859590 0.4523955749308212 1587
1584618861818 0.4521693771433558 1588
1584618864101 0.45194329245478415 1589
1584618866420 0.4517173208085568 1590
1584618868674 0.45149146214815256 1591
1584618871038 0.4512657164170785 1592
1584618873421 0.45104008355887 1593
1584618875711 0.4508145635170906 1594
1584618877929 0.4505891562353321 1595
1584618880175 0.4503638616572144 1596
1584618883054 0.4501386797263858 1597
1584618885429 0.44991361038652267 1598
1584618887781 0.4496886535813294 1599
1584618890158 0.44946380925453877 1600
1584618892674 0.44923907734991153 1601
1584618895010 0.4490144578112366 1602
1584618897348 0.448789950582331 1603
1584618899648 0.44856555560703987 1604
1584618901967 0.44834127282923636 1605
1584618904340 0.44811710219282175 1606
1584618906897 0.4478930436417254 1607
1584618909157 0.44766909711990455 1608
1584618911421 0.4474452625713446 1609
1584618913674 0.4472215399400589 1610
1584618915935 0.4469979291700889 1611
1584618918224 0.4467744302055039 1612
1584618920512 0.44655104299040116 1613
1584618922764 0.44632776746890596 1614
1584618925042 0.4461046035851715 1615
1584618927361 0.445881551283379 1616
1584618929623 0.4456586105077373 1617
1584618931909 0.44543578120248345 1618
1584618934179 0.4452130633118822 1619
1584618936416 0.4449904567802263 1620
1584618938726 0.44476796155183623 1621
1584618940994 0.44454557757106034 1622
1584618943299 0.44432330478227483 1623
1584618945607 0.4441011431298837 1624
1584618947868 0.44387909255831876 1625
1584618950161 0.4436571530120396 1626
1584618952444 0.44343532443553363 1627
1584618954736 0.4432136067733159 1628
1584618957035 0.4429919999699293 1629
1584618959613 0.44277050396994433 1630
1584618962546 0.4425491187179594 1631
1584618966539 0.44232784415860044 1632
1584618969035 0.44210668023652117 1633
1584618971303 0.4418856268964029 1634
1584618973612 0.44166468408295473 1635
1584618975937 0.4414438517409133 1636
1584618978202 0.44122312981504286 1637
1584618980489 0.44100251825013537 1638
1584618982747 0.44078201699101033 1639
1584618985400 0.44056162598251486 1640
1584618987674 0.4403413451695236 1641
1584618989953 0.4401211744969389 1642
1584618992237 0.43990111390969044 1643
1584618994510 0.4396811633527356 1644
1584618996812 0.43946132277105926 1645
1584618999134 0.43924159210967373 1646
1584619001425 0.4390219713136189 1647
1584619003828 0.4388024603279621 1648
1584619006189 0.43858305909779816 1649
1584619008424 0.4383637675682493 1650
1584619010710 0.4381445856844652 1651
1584619013004 0.437925513391623 1652
1584619015336 0.4377065506349272 1653
1584619017674 0.43748769735960974 1654
1584619019956 0.43726895351093 1655
1584619022347 0.4370503190341745 1656
1584619024641 0.4368317938746575 1657
1584619026905 0.43661337797772015 1658
1584619029165 0.43639507128873134 1659
1584619031478 0.436176873753087 1660
1584619034827 0.43595878531621046 1661
1584619037407 0.43574080592355235 1662
1584619040020 0.4355229355205906 1663
1584619042478 0.43530517405283037 1664
1584619044804 0.435087521465804 1665
1584619047106 0.43486997770507113 1666
1584619049343 0.4346525427162186 1667
1584619051675 0.43443521644486055 1668
1584619054008 0.43421799883663814 1669
1584619056316 0.43400088983721985 1670
1584619058575 0.4337838893923013 1671
1584619060871 0.43356699744760513 1672
1584619063193 0.43335021394888135 1673
1584619065485 0.4331335388419069 1674
1584619067776 0.432916972072486 1675
1584619070023 0.43270051358644973 1676
1584619072308 0.43248416332965656 1677
1584619074611 0.43226792124799174 1678
1584619076880 0.43205178728736776 1679
1584619079163 0.4318357613937241 1680
1584619081597 0.43161984351302723 1681
1584619083904 0.4314040335912707 1682
1584619086212 0.4311883315744751 1683
1584619088514 0.4309727374086879 1684
1584619090804 0.4307572510399836 1685
1584619093112 0.4305418724144636 1686
1584619095505 0.4303266014782564 1687
1584619097762 0.4301114381775173 1688
1584619100141 0.42989638245842854 1689
1584619102750 0.42968143426719935 1690
1584619105188 0.4294665935500658 1691
1584619107554 0.42925186025329076 1692
1584619110802 0.42903723432316415 1693
1584619113396 0.4288227157060026 1694
1584619115961 0.4286083043481496 1695
1584619119737 0.42839400019597557 1696
1584619122491 0.4281798031958776 1697
1584619124804 0.4279657132942797 1698
1584619127101 0.42775173043763254 1699
1584619129400 0.4275378545724137 1700
1584619131885 0.4273240856451275 1701
1584619134209 0.427110423602305 1702
1584619136542 0.4268968683905039 1703
1584619138798 0.42668341995630865 1704
1584619141121 0.42647007824633054 1705
1584619143573 0.4262568432072074 1706
1584619145809 0.4260437147856038 1707
1584619148088 0.425830692928211 1708
1584619150325 0.42561777758174696 1709
1584619152640 0.42540496869295613 1710
1584619154902 0.42519226620860967 1711
1584619157160 0.4249796700755054 1712
1584619159458 0.42476718024046767 1713
1584619161872 0.42455479665034745 1714
1584619164192 0.4243425192520223 1715
1584619166462 0.42413034799239635 1716
1584619168693 0.42391828281840016 1717
1584619170968 0.42370632367699096 1718
1584619173289 0.4234944705151525 1719
1584619175627 0.4232827232798949 1720
1584619177915 0.423071081918255 1721
1584619180193 0.4228595463772959 1722
1584619182485 0.4226481166041073 1723
1584619184732 0.42243679254580524 1724
1584619186983 0.4222255741495324 1725
1584619189407 0.4220144613624576 1726
1584619191751 0.42180345413177645 1727
1584619194128 0.4215925524047106 1728
1584619196425 0.42138175612850826 1729
1584619198916 0.421171065250444 1730
1584619201629 0.4209604797178188 1731
1584619204102 0.42074999947795994 1732
1584619206314 0.42053962447822096 1733
1584619208621 0.42032935466598187 1734
1584619210910 0.4201191899886489 1735
1584619213174 0.4199091303936546 1736
1584619215362 0.4196991758284578 1737
1584619217556 0.4194893262405436 1738
1584619219762 0.41927958157742334 1739
1584619221956 0.41906994178663465 1740
1584619224124 0.4188604068157413 1741
1584619226331 0.41865097661233347 1742
1584619228571 0.4184416511240273 1743
1584619230825 0.4182324302984653 1744
1584619233047 0.4180233140833161 1745
1584619235205 0.4178143024262745 1746
1584619237405 0.41760539527506135 1747
1584619239634 0.41739659257742384 1748
1584619241884 0.4171878942811352 1749
1584619244143 0.4169793003339946 1750
1584619246299 0.41677081068382765 1751
1584619248565 0.41656242527848575 1752
1584619250778 0.41635414406584653 1753
1584619252957 0.4161459669938136 1754
1584619255173 0.4159378940103167 1755
1584619257412 0.4157299250633116 1756
1584619259681 0.41552206010077997 1757
1584619261998 0.4153142990707296 1758
1584619264248 0.41510664192119423 1759
1584619266497 0.41489908860023367 1760
1584619268671 0.4146916390559336 1761
1584619270856 0.4144842932364056 1762
1584619273060 0.41427705108978746 1763
1584619275293 0.4140699125642426 1764
1584619277487 0.4138628776079605 1765
1584619279710 0.4136559461691565 1766
1584619281917 0.41344911819607194 1767
1584619284155 0.4132423936369739 1768
1584619286386 0.41303577244015544 1769
1584619288605 0.4128292545539354 1770
1584619291264 0.41262283992665844 1771
1584619293638 0.41241652850669513 1772
1584619296016 0.4122103202424418 1773
1584619298231 0.4120042150823206 1774
1584619301273 0.4117982129747795 1775
1584619304115 0.4115923138682921 1776
1584619306357 0.411386517711358 1777
1584619308617 0.4111808244525023 1778
1584619310845 0.4109752340402761 1779
1584619313085 0.410769746423256 1780
1584619315276 0.4105643615500444 1781
1584619317533 0.4103590793692694 1782
1584619319717 0.4101538998295848 1783
1584619322146 0.40994882287967 1784
1584619324361 0.4097438484682302 1785
1584619326629 0.4095389765439961 1786
1584619328843 0.40933420705572415 1787
1584619331080 0.4091295399521963 1788
1584619333343 0.4089249751822202 1789
1584619335618 0.4087205126946291 1790
1584619337833 0.4085161524382818 1791
1584619340041 0.4083118943620627 1792
1584619342254 0.40810773841488174 1793
1584619344501 0.4079036845456743 1794
1584619346719 0.40769973270340154 1795
1584619348948 0.40749588283704985 1796
1584619351211 0.4072921348956314 1797
1584619353467 0.4070884888281836 1798
1584619355760 0.40688494458376956 1799
1584619358004 0.4066815021114777 1800
1584619360330 0.406478161360422 1801
1584619362561 0.40627492227974177 1802
1584619364779 0.4060717848186019 1803
1584619367011 0.4058687489261926 1804
1584619369206 0.40566581455172956 1805
1584619371463 0.4054629816444537 1806
1584619373708 0.4052602501536315 1807
1584619375921 0.40505762002855467 1808
1584619378107 0.4048550912185404 1809
1584619380328 0.4046526636729312 1810
1584619382633 0.40445033734109476 1811
1584619384849 0.40424811217242423 1812
1584619387147 0.404045988116338 1813
1584619389334 0.4038439651222799 1814
1584619391679 0.40364204313971874 1815
1584619393907 0.4034402221181489 1816
1584619396134 0.4032385020070898 1817
1584619398384 0.4030368827560863 1818
1584619400583 0.4028353643147083 1819
1584619402821 0.402633946632551 1820
1584619405063 0.4024326296592347 1821
1584619407384 0.4022314133444051 1822
1584619409632 0.4020302976377329 1823
1584619411894 0.4018292824889141 1824
1584619414072 0.40162836784766964 1825
1584619416304 0.40142755366374583 1826
1584619418585 0.401226839886914 1827
1584619420832 0.40102622646697056 1828
1584619423235 0.4008257133537371 1829
1584619425468 0.4006253004970603 1830
1584619427743 0.4004249878468118 1831
1584619429972 0.4002247753528884 1832
1584619432206 0.400024662965212 1833
1584619434469 0.3998246506337294 1834
1584619436715 0.39962473830841255 1835
1584619438977 0.3994249259392584 1836
1584619441281 0.39922521347628875 1837
1584619443672 0.39902560086955063 1838
1584619445915 0.3988260880691159 1839
1584619448153 0.39862667502508137 1840
1584619450378 0.39842736168756887 1841
1584619452697 0.3982281480067251 1842
1584619454964 0.39802903393272177 1843
1584619457247 0.3978300194157554 1844
1584619459476 0.39763110440604754 1845
1584619461694 0.3974322888538445 1846
1584619463925 0.3972335727094176 1847
1584619466204 0.3970349559230629 1848
1584619468470 0.3968364384451014 1849
1584619470696 0.3966380202258789 1850
1584619472998 0.396439701215766 1851
1584619475286 0.39624148136515813 1852
1584619477544 0.3960433606244756 1853
1584619479805 0.39584533894416335 1854
1584619482119 0.3956474162746913 1855
1584619484412 0.395449592566554 1856
1584619486839 0.3952518677702707 1857
1584619489220 0.3950542418363856 1858
1584619491431 0.3948567147154674 1859
1584619493669 0.3946592863581097 1860
1584619495881 0.3944619567149307 1861
1584619498153 0.39426472573657323 1862
1584619500420 0.39406759337370495 1863
1584619502786 0.3938705595770181 1864
1584619505008 0.39367362429722963 1865
1584619507230 0.393476787485081 1866
1584619509479 0.3932800490913385 1867
1584619511690 0.39308340906679284 1868
1584619513960 0.3928868673622595 1869
1584619516209 0.3926904239285784 1870
1584619518522 0.3924940787166141 1871
1584619520741 0.39229783167725585 1872
1584619522994 0.39210168276141727 1873
1584619525261 0.3919056319200366 1874
1584619527551 0.39170967910407656 1875
1584619529788 0.3915138242645245 1876
1584619532064 0.3913180673523923 1877
1584619534311 0.3911224083187161 1878
1584619536548 0.3909268471145568 1879
1584619538802 0.3907313836909995 1880
1584619541078 0.39053601799915405 1881
1584619543372 0.3903407499901545 1882
1584619545653 0.39014557961515944 1883
1584619547959 0.3899505068253519 1884
1584619550249 0.3897555315719392 1885
1584619552481 0.38956065380615323 1886
1584619554741 0.38936587347925017 1887
1584619556998 0.3891711905425106 1888
1584619559252 0.38897660494723935 1889
1584619561488 0.38878211664476575 1890
1584619563796 0.3885877255864434 1891
1584619566053 0.3883934317236502 1892
1584619568312 0.3881992350077884 1893
1584619570553 0.38800513539028453 1894
1584619572808 0.3878111328225894 1895
1584619575079 0.3876172272561781 1896
1584619577357 0.38742341864255003 1897
1584619579641 0.3872297069332288 1898
1584619581981 0.3870360920797622 1899
1584619585208 0.38684257403372235 1900
1584619587747 0.3866491527467055 1901
1584619590117 0.3864558281703322 1902
1584619592417 0.38626260025624704 1903
1584619594666 0.38606946895611893 1904
1584619596960 0.3858764342216409 1905
1584619599279 0.3856834960045301 1906
1584619601536 0.38549065425652784 1907
1584619603760 0.3852979089293996 1908
1584619605996 0.3851052599749349 1909
1584619608221 0.3849127073449474 1910
1584619610483 0.384720250991275 1911
1584619612708 0.3845278908657794 1912
1584619615068 0.3843356269203465 1913
1584619617392 0.38414345910688635 1914
1584619619640 0.3839513873773329 1915
1584619622114 0.38375941168364425 1916
1584619624384 0.38356753197780247 1917
1584619626637 0.3833757482118136 1918
1584619628821 0.3831840603377077 1919
1584619631049 0.38299246830753886 1920
1584619633286 0.3828009720733851 1921
1584619635535 0.38260957158734843 1922
1584619637721 0.3824182668015548 1923
1584619639946 0.382227057668154 1924
1584619642228 0.38203594413931996 1925
1584619644525 0.3818449261672503 1926
1584619646850 0.3816540037041667 1927
1584619649081 0.3814631767023146 1928
1584619651332 0.38127244511396347 1929
1584619653621 0.3810818088914065 1930
1584619655870 0.3808912679869608 1931
1584619658140 0.38070082235296737 1932
1584619660400 0.3805104719417909 1933
1584619662887 0.38032021670582 1934
1584619666137 0.3801300565974671 1935
1584619668989 0.3799399915691684 1936
1584619672142 0.37975002157338383 1937
1584619674692 0.3795601465625972 1938
1584619677076 0.3793703664893159 1939
1584619679334 0.37918068130607124 1940
1584619683111 0.3789910909654182 1941
1584619685336 0.3788015954199355 1942
1584619693629 0.37861219462222556 1943
1584619698479 0.37842288852491446 1944
1584619700710 0.37823367708065203 1945
1584619703005 0.37804456024211175 1946
1584619705324 0.37785553796199073 1947
1584619707602 0.37766661019300973 1948
1584619709802 0.37747777688791323 1949
1584619712044 0.3772890379994693 1950
1584619714284 0.3771003934804696 1951
1584619716561 0.3769118432837294 1952
1584619721375 0.37672338736208755 1953
1584619723818 0.3765350256684065 1954
1584619726330 0.37634675815557234 1955
1584619729319 0.37615858477649455 1956
1584619732223 0.3759705054841063 1957
1584619734876 0.37578252023136427 1958
1584619737336 0.3755946289712486 1959
1584619741068 0.37540683165676303 1960
1584619744632 0.3752191282409347 1961
1584619747981 0.3750315186768142 1962
1584619750758 0.3748440029174758 1963
1584619753747 0.3746565809160171 1964
1584619756881 0.37446925262555913 1965
1584619760105 0.3742820179992464 1966
1584619762848 0.3740948769902468 1967
1584619766055 0.37390782955175167 1968
1584619768674 0.3737208756369758 1969
1584619772473 0.37353401519915735 1970
1584619775218 0.3733472481915578 1971
1584619779648 0.37316057456746204 1972
1584619784001 0.37297399428017836 1973
1584619786711 0.3727875072830383 1974
1584619789804 0.3726011135293968 1975
1584619792459 0.3724148129726321 1976
1584619795140 0.37222860556614584 1977
1584619800375 0.3720424912633628 1978
1584619803283 0.37185647001773114 1979
1584619805612 0.3716705417827223 1980
1584619808057 0.37148470651183096 1981
1584619810474 0.37129896415857505 1982
1584619812993 0.3711133146764958 1983
1584619815342 0.37092775801915756 1984
1584619817660 0.370742294140148 1985
1584619820114 0.3705569229930779 1986
1584619822570 0.3703716445315814 1987
1584619824923 0.3701864587093156 1988
1584619828431 0.370001365479961 1989
1584619832225 0.369816364797221 1990
1584619834908 0.36963145661482244 1991
1584619837783 0.3694466408865151 1992
1584619841478 0.36926191756607185 1993
1584619846785 0.36907728660728883 1994
1584619855407 0.3688927479639852 1995
1584619862874 0.36870830159000323 1996
1584619868126 0.36852394743920824 1997
1584619873445 0.3683396854654887 1998
1584619875923 0.36815551562275595 1999
1584619879190 0.3679714378649446 2000
