1584614417318 300 1
1584614420405 300 2
1584614423181 300 3
1584614428497 300 4
1584614436191 300 5
1584614442315 300 6
1584614446313 300 7
1584614449310 300 8
1584614452112 300 9
1584614454707 300 10
1584614457371 300 11
1584614459899 300 12
1584614462690 300 13
1584614465309 300 14
1584614468049 300 15
1584614470627 300 16
1584614473998 300 17
1584614478699 300 18
1584614481596 300 19
1584614484705 300 20
1584614487301 300 21
1584614490486 300 22
1584614493574 300 23
1584614496370 300 24
1584614499095 300 25
1584614501804 300 26
1584614505219 300 27
1584614508064 300 28
1584614514031 300 29
1584614516760 300 30
1584614519717 300 31
1584614522428 300 32
1584614524928 300 33
1584614527428 300 34
1584614529898 300 35
1584614532561 300 36
1584614535143 300 37
1584614538343 300 38
1584614541656 300 39
1584614544179 300 40
1584614547236 300 41
1584614550501 300 42
1584614553996 300 43
1584614559110 300 44
1584614563896 300 45
1584614568108 300 46
1584614572020 300 47
1584614574834 300 48
1584614577973 300 49
1584614581191 300 50
1584614585467 300 51
1584614588813 300 52
1584614591909 300 53
1584614595295 300 54
1584614598784 300 55
1584614602996 300 56
1584614606570 300 57
1584614610059 300 58
1584614613404 300 59
1584614616834 300 60
1584614619464 300 61
1584614622817 300 62
1584614626454 300 63
1584614630305 300 64
1584614632751 300 65
1584614635384 300 66
1584614638030 300 67
1584614641136 300 68
1584614644298 300 69
1584614647086 300 70
1584614649670 300 71
1584614653031 300 72
1584614655403 300 73
1584614657785 300 74
1584614660174 300 75
1584614662715 300 76
1584614666215 300 77
1584614671380 300 78
1584614676608 300 79
1584614681066 300 80
1584614684981 300 81
1584614688205 300 82
1584614691011 300 83
1584614693602 300 84
1584614696402 300 85
1584614699098 300 86
1584614702181 300 87
1584614705860 300 88
1584614709086 300 89
1584614711538 300 90
1584614713870 300 91
1584614716287 300 92
1584614718654 300 93
1584614721195 300 94
1584614723764 300 95
1584614730177 300 96
1584614734503 300 97
1584614737005 300 98
1584614739452 300 99
1584614741941 300 100
1584614744764 300 101
1584614747504 300 102
1584614750235 300 103
1584614752925 300 104
1584614756964 300 105
1584614762024 300 106
1584614764518 300 107
1584614770033 300 108
1584614772612 300 109
1584614775338 300 110
1584614778353 300 111
1584614781257 300 112
1584614783692 300 113
1584614786356 300 114
1584614788979 300 115
1584614792942 300 116
1584614796809 300 117
1584614801781 300 118
1584614804453 300 119
1584614807576 300 120
1584614811455 300 121
1584614816068 300 122
1584614819072 300 123
1584614822747 300 124
1584614825664 300 125
1584614828052 300 126
1584614830436 300 127
1584614832831 300 128
1584614835220 300 129
1584614837688 300 130
1584614840105 300 131
1584614843158 300 132
1584614845867 300 133
1584614848391 300 134
1584614850795 300 135
1584614853272 300 136
1584614856168 300 137
1584614858862 300 138
1584614861489 300 139
1584614864122 300 140
1584614866927 300 141
1584614869760 300 142
1584614872464 300 143
1584614875268 300 144
1584614878186 300 145
1584614882922 300 146
1584614887189 300 147
1584614889856 300 148
1584614892705 300 149
1584614896061 300 150
1584614898905 300 151
1584614901402 300 152
1584614903931 300 153
1584614906424 300 154
1584614909199 300 155
1584614911719 300 156
1584614914108 300 157
1584614916581 300 158
1584614919031 300 159
1584614923596 300 160
1584614926571 300 161
1584614929816 300 162
1584614934712 300 163
1584614938333 300 164
1584614940748 300 165
1584614943189 300 166
1584614945822 300 167
1584614948140 300 168
1584614950505 300 169
1584614952803 300 170
1584614955701 300 171
1584614959384 300 172
1584614962207 300 173
1584614965478 300 174
1584614968531 300 175
1584614971571 300 176
1584614974097 300 177
1584614976836 300 178
1584614979439 300 179
1584614982155 300 180
1584614985379 300 181
1584614987970 300 182
1584614990745 300 183
1584614993241 300 184
1584614996245 300 185
1584614998532 300 186
1584615001189 300 187
1584615003675 300 188
1584615006001 300 189
1584615008586 300 190
1584615012264 300 191
1584615014843 300 192
1584615017214 300 193
1584615019603 300 194
1584615022211 300 195
1584615024792 300 196
1584615027534 300 197
1584615030164 300 198
1584615032750 300 199
1584615035180 300 200
1584615037686 300 201
1584615040184 300 202
1584615042548 300 203
1584615044908 300 204
1584615047665 300 205
1584615050206 300 206
1584615053599 300 207
1584615056557 300 208
1584615058931 300 209
1584615061556 300 210
1584615063945 300 211
1584615066276 300 212
1584615068623 300 213
1584615071175 300 214
1584615073532 300 215
1584615075943 300 216
1584615078366 300 217
1584615081233 300 218
1584615083844 300 219
1584615086595 300 220
1584615089842 300 221
1584615092739 300 222
1584615095556 300 223
1584615098573 300 224
1584615101356 300 225
1584615103949 300 226
1584615106959 300 227
1584615109727 300 228
1584615112253 300 229
1584615115079 300 230
1584615117497 300 231
1584615119875 300 232
1584615122399 300 233
1584615124766 300 234
1584615127178 300 235
1584615129611 300 236
1584615132047 300 237
1584615134350 300 238
1584615136731 300 239
1584615139099 300 240
1584615141462 300 241
1584615143786 300 242
1584615146195 300 243
1584615148596 300 244
1584615151725 300 245
1584615154530 300 246
1584615157175 300 247
1584615159636 300 248
1584615162003 300 249
1584615164436 300 250
1584615166828 300 251
1584615169220 300 252
1584615171605 300 253
1584615173973 300 254
1584615176421 300 255
1584615178760 300 256
1584615181252 300 257
1584615183704 300 258
1584615186145 300 259
1584615188587 300 260
1584615191346 300 261
1584615193709 300 262
1584615196613 300 263
1584615198930 300 264
1584615201398 300 265
1584615203768 300 266
1584615206219 300 267
1584615209412 300 268
1584615212897 300 269
1584615215339 300 270
1584615217702 300 271
1584615220491 300 272
1584615223201 300 273
1584615225619 300 274
1584615228440 300 275
1584615230818 300 276
1584615233239 300 277
1584615235695 300 278
1584615238071 300 279
1584615240506 300 280
1584615243539 300 281
1584615246280 300 282
1584615248736 300 283
1584615251448 300 284
1584615254198 300 285
1584615256839 300 286
1584615259423 300 287
1584615262108 300 288
1584615264818 300 289
1584615268609 300 290
1584615271472 300 291
1584615274160 300 292
1584615276948 300 293
1584615279589 300 294
1584615282505 300 295
1584615284932 300 296
1584615287360 300 297
1584615289745 300 298
1584615292576 300 299
1584615295824 300 300
1584615298600 300 301
1584615301821 300 302
1584615304367 300 303
1584615306727 300 304
1584615309123 300 305
1584615311568 300 306
1584615313956 300 307
1584615316539 300 308
1584615319192 300 309
1584615321671 300 310
1584615324206 300 311
1584615326711 300 312
1584615329481 300 313
1584615332210 300 314
1584615334632 300 315
1584615337525 300 316
1584615340226 300 317
1584615343003 300 318
1584615345682 300 319
1584615349075 300 320
1584615353003 300 321
1584615356423 300 322
1584615358977 300 323
1584615361512 300 324
1584615364827 300 325
1584615367461 300 326
1584615370131 300 327
1584615373330 300 328
1584615376834 300 329
1584615379358 300 330
1584615381832 300 331
1584615385188 300 332
1584615387602 300 333
1584615390306 300 334
1584615392922 300 335
1584615395335 300 336
1584615397716 300 337
1584615400169 300 338
1584615402593 300 339
1584615405001 300 340
1584615407422 300 341
1584615409802 300 342
1584615412212 300 343
1584615414553 300 344
1584615417072 300 345
1584615419427 300 346
1584615422029 300 347
1584615424494 300 348
1584615426954 300 349
1584615429299 300 350
1584615431719 300 351
1584615434696 300 352
1584615438473 300 353
1584615442220 300 354
1584615444772 300 355
1584615447493 300 356
1584615451447 300 357
1584615456070 300 358
1584615459623 300 359
1584615463319 300 360
1584615465768 300 361
1584615468212 300 362
1584615472089 300 363
1584615474841 300 364
1584615477351 300 365
1584615479999 300 366
1584615482529 300 367
1584615484908 300 368
1584615487820 300 369
1584615490499 300 370
1584615492869 300 371
1584615495378 300 372
1584615497710 300 373
1584615500128 300 374
1584615502496 300 375
1584615504849 300 376
1584615507249 300 377
1584615509655 300 378
1584615512529 300 379
1584615515327 300 380
1584615517774 300 381
1584615520352 300 382
1584615522824 300 383
1584615525308 300 384
1584615528044 300 385
1584615530452 300 386
1584615532787 300 387
1584615535182 300 388
1584615537558 300 389
1584615539963 300 390
1584615543028 300 391
1584615545459 300 392
1584615547830 300 393
1584615550429 300 394
1584615553300 300 395
1584615555702 300 396
1584615558119 300 397
1584615560528 300 398
1584615562956 300 399
1584615565412 300 400
1584615567956 300 401
1584615570499 300 402
1584615572884 300 403
1584615575361 300 404
1584615577852 300 405
1584615580415 300 406
1584615582832 300 407
1584615585847 300 408
1584615589586 300 409
1584615593183 300 410
1584615595636 300 411
1584615598486 300 412
1584615601492 300 413
1584615604342 300 414
1584615606751 300 415
1584615609196 300 416
1584615611661 300 417
1584615614099 300 418
1584615616568 300 419
1584615619089 300 420
1584615621544 300 421
1584615623942 300 422
1584615626457 300 423
1584615628822 300 424
1584615632107 300 425
1584615634512 300 426
1584615636933 300 427
1584615639369 300 428
1584615641824 300 429
1584615644269 300 430
1584615646640 300 431
1584615649208 300 432
1584615651609 300 433
1584615654032 300 434
1584615656463 300 435
1584615658826 300 436
1584615661620 300 437
1584615664222 300 438
1584615666618 300 439
1584615669044 300 440
1584615671454 300 441
1584615673823 300 442
1584615676210 300 443
1584615678687 300 444
1584615681152 300 445
1584615683809 300 446
1584615686350 300 447
1584615688717 300 448
1584615691195 300 449
1584615693592 300 450
1584615696049 300 451
1584615698469 300 452
1584615700867 300 453
1584615703246 300 454
1584615705721 300 455
1584615708178 300 456
1584615710677 300 457
1584615713125 300 458
1584615715910 300 459
1584615718609 300 460
1584615721127 300 461
1584615723803 300 462
1584615726322 300 463
1584615728679 300 464
1584615731072 300 465
1584615733449 300 466
1584615735896 300 467
1584615738329 300 468
1584615740758 300 469
1584615743179 300 470
1584615745632 300 471
1584615747999 300 472
1584615750461 300 473
1584615752870 300 474
1584615755327 300 475
1584615757948 300 476
1584615760412 300 477
1584615762793 300 478
1584615765228 300 479
1584615767622 300 480
1584615770106 300 481
1584615772574 300 482
1584615777006 300 483
1584615779601 300 484
1584615783420 300 485
1584615786330 300 486
1584615789272 300 487
1584615791707 300 488
1584615794199 300 489
1584615796654 300 490
1584615799047 300 491
1584615801592 300 492
1584615804048 300 493
1584615806573 300 494
1584615809027 300 495
1584615811508 300 496
1584615815086 300 497
1584615817493 300 498
1584615819929 300 499
1584615822486 300 500
1584615825074 300 501
1584615827518 300 502
1584615830034 300 503
1584615832451 300 504
1584615834905 300 505
1584615837377 300 506
1584615839810 300 507
1584615842370 300 508
1584615844834 300 509
1584615847357 300 510
1584615849788 300 511
1584615852289 300 512
1584615854682 300 513
1584615857102 300 514
1584615859570 300 515
1584615862028 300 516
1584615864408 300 517
1584615866814 300 518
1584615869241 300 519
1584615871738 300 520
1584615874282 300 521
1584615876673 300 522
1584615879336 300 523
1584615881878 300 524
1584615884788 300 525
1584615887569 300 526
1584615890437 300 527
1584615893452 300 528
1584615896779 300 529
1584615900613 300 530
1584615904580 300 531
1584615908768 300 532
1584615913347 300 533
1584615916517 300 534
1584615919014 300 535
1584615921871 300 536
1584615924801 300 537
1584615927220 300 538
1584615929650 300 539
1584615932437 300 540
1584615937202 300 541
1584615940166 300 542
1584615943290 300 543
1584615946766 300 544
1584615950704 300 545
1584615953240 300 546
1584615955693 300 547
1584615958040 300 548
1584615961504 300 549
1584615964240 300 550
1584615966786 300 551
1584615969609 300 552
1584615972494 300 553
1584615974974 300 554
1584615977787 300 555
1584615980473 300 556
1584615982860 300 557
1584615985349 300 558
1584615987979 300 559
1584615991701 300 560
1584615994096 300 561
1584615996723 300 562
1584615999303 300 563
1584616002123 300 564
1584616004652 300 565
1584616007446 300 566
1584616010296 300 567
1584616013196 300 568
1584616017880 300 569
1584616020565 300 570
1584616023141 300 571
1584616026772 300 572
1584616029831 300 573
1584616032318 300 574
1584616034773 300 575
1584616037569 300 576
1584616040866 300 577
1584616043223 300 578
1584616046091 300 579
1584616048505 300 580
1584616051293 300 581
1584616053674 300 582
1584616056299 300 583
1584616058880 300 584
1584616061513 300 585
1584616064148 300 586
1584616066853 300 587
1584616069633 300 588
1584616072275 300 589
1584616075347 300 590
1584616077769 300 591
1584616080345 300 592
1584616083238 300 593
1584616085903 300 594
1584616088599 300 595
1584616091406 300 596
1584616094163 300 597
1584616097017 300 598
1584616099607 300 599
1584616102465 300 600
1584616105548 300 601
1584616108216 300 602
1584616111230 300 603
1584616113670 300 604
1584616116408 300 605
1584616119154 300 606
1584616121794 300 607
1584616124484 300 608
1584616127069 300 609
1584616129488 300 610
1584616132068 300 611
1584616134671 300 612
1584616137436 300 613
1584616139890 300 614
1584616142524 300 615
1584616145144 300 616
1584616147645 300 617
1584616150194 300 618
1584616152966 300 619
1584616155634 300 620
1584616158215 300 621
1584616161153 300 622
1584616163537 300 623
1584616166340 300 624
1584616168765 300 625
1584616171979 300 626
1584616174572 300 627
1584616177097 300 628
1584616179778 300 629
1584616182686 300 630
1584616185389 300 631
1584616187972 300 632
1584616190607 300 633
1584616193048 300 634
1584616195559 300 635
1584616198136 300 636
1584616200858 300 637
1584616203558 300 638
1584616206172 300 639
1584616208645 300 640
1584616211350 300 641
1584616213759 300 642
1584616216283 300 643
1584616218692 300 644
1584616221851 300 645
1584616224526 300 646
1584616227096 300 647
1584616229617 300 648
1584616232456 300 649
1584616234948 300 650
1584616237568 300 651
1584616239955 300 652
1584616242378 300 653
1584616244846 300 654
1584616247336 300 655
1584616249764 300 656
1584616252478 300 657
1584616255710 300 658
1584616258103 300 659
1584616260914 300 660
1584616263561 300 661
1584616267167 300 662
1584616270544 300 663
1584616273422 300 664
1584616276212 300 665
1584616280364 300 666
1584616283079 300 667
1584616285600 300 668
1584616288222 300 669
1584616291382 300 670
1584616293901 300 671
1584616296702 300 672
1584616299151 300 673
1584616301901 300 674
1584616304529 300 675
1584616307215 300 676
1584616309565 300 677
1584616312193 300 678
1584616315413 300 679
1584616317936 300 680
1584616321410 300 681
1584616323968 300 682
1584616326605 300 683
1584616329008 300 684
1584616331804 300 685
1584616334518 300 686
1584616337252 300 687
1584616340853 300 688
1584616345067 300 689
1584616348842 300 690
1584616353033 300 691
1584616356337 300 692
1584616359902 300 693
1584616362741 300 694
1584616366111 300 695
1584616368782 300 696
1584616371381 300 697
1584616373994 300 698
1584616376694 300 699
1584616379149 300 700
1584616382192 300 701
1584616384686 300 702
1584616387106 300 703
1584616389544 300 704
1584616392084 300 705
1584616394601 300 706
1584616397059 300 707
1584616399704 300 708
1584616402394 300 709
1584616404845 300 710
1584616407387 300 711
1584616410125 300 712
1584616412690 300 713
1584616416295 300 714
1584616418703 300 715
1584616422484 300 716
1584616425127 300 717
1584616428527 300 718
1584616431579 300 719
1584616434806 300 720
1584616437878 300 721
1584616440620 300 722
1584616443760 300 723
1584616446425 300 724
1584616448826 300 725
1584616451523 300 726
1584616454080 300 727
1584616456648 300 728
1584616459375 300 729
1584616461980 300 730
1584616465205 300 731
1584616468618 300 732
1584616472845 300 733
1584616476081 300 734
1584616478574 300 735
1584616481362 300 736
1584616483805 300 737
1584616486850 300 738
1584616489511 300 739
1584616492388 300 740
1584616495170 300 741
1584616498065 300 742
1584616500880 300 743
1584616503760 300 744
1584616506395 300 745
1584616510124 300 746
1584616513049 300 747
1584616515759 300 748
1584616518469 300 749
1584616521147 300 750
1584616523693 300 751
1584616526536 300 752
1584616529256 300 753
1584616532109 300 754
1584616534814 300 755
1584616537772 300 756
1584616540425 300 757
1584616543071 300 758
1584616545731 300 759
1584616548418 300 760
1584616551142 300 761
1584616553770 300 762
1584616556736 300 763
1584616559250 300 764
1584616562625 300 765
1584616565483 300 766
1584616568198 300 767
1584616571000 300 768
1584616573608 300 769
1584616576199 300 770
1584616578758 300 771
1584616581457 300 772
1584616583962 300 773
1584616586610 300 774
1584616589397 300 775
1584616592257 300 776
1584616594979 300 777
1584616597872 300 778
1584616601980 300 779
1584616604862 300 780
1584616608067 300 781
1584616612386 300 782
1584616618225 300 783
1584616622534 300 784
1584616625917 300 785
1584616628397 300 786
1584616631190 300 787
1584616633803 300 788
1584616638308 300 789
1584616642052 300 790
1584616644680 300 791
1584616647730 300 792
1584616650314 300 793
1584616653005 300 794
1584616655795 300 795
1584616658347 300 796
1584616661479 300 797
1584616663879 300 798
1584616666563 300 799
1584616671312 300 800
1584616675464 300 801
1584616680365 300 802
1584616687419 300 803
1584616691787 300 804
1584616694773 300 805
1584616698300 300 806
1584616702177 300 807
1584616705422 300 808
1584616708439 300 809
1584616711486 300 810
1584616715298 300 811
1584616718610 300 812
1584616722118 300 813
1584616725570 300 814
1584616728730 300 815
1584616732523 300 816
1584616735523 300 817
1584616739463 300 818
1584616743963 300 819
1584616746628 300 820
1584616750197 300 821
1584616752823 300 822
1584616755467 300 823
1584616760756 300 824
1584616764616 300 825
1584616767201 300 826
1584616769670 300 827
1584616772378 300 828
1584616774980 300 829
1584616777843 300 830
1584616780515 300 831
1584616783123 300 832
1584616785753 300 833
1584616788359 300 834
1584616791079 300 835
1584616793625 300 836
1584616796353 300 837
1584616799184 300 838
1584616801930 300 839
1584616804584 300 840
1584616807639 300 841
1584616810687 300 842
1584616813431 300 843
1584616816127 300 844
1584616818593 300 845
1584616821389 300 846
1584616823895 300 847
1584616826589 300 848
1584616829703 300 849
1584616833718 300 850
1584616836472 300 851
1584616839098 300 852
1584616842198 300 853
1584616844674 300 854
1584616847380 300 855
1584616850035 300 856
1584616852724 300 857
1584616855515 300 858
1584616858445 300 859
1584616861105 300 860
1584616863840 300 861
1584616866362 300 862
1584616868837 300 863
1584616871524 300 864
1584616873980 300 865
1584616876653 300 866
1584616879166 300 867
1584616882046 300 868
1584616884526 300 869
1584616887314 300 870
1584616890880 300 871
1584616894156 300 872
1584616896851 300 873
1584616899433 300 874
1584616902200 300 875
1584616904670 300 876
1584616907380 300 877
1584616910123 300 878
1584616912954 300 879
1584616917463 300 880
1584616920253 300 881
1584616923659 300 882
1584616926618 300 883
1584616929884 300 884
1584616932731 300 885
1584616935501 300 886
1584616938083 300 887
1584616941290 300 888
1584616943809 300 889
1584616946497 300 890
1584616949543 300 891
1584616955202 300 892
1584616958158 300 893
1584616961090 300 894
1584616963797 300 895
1584616966542 300 896
1584616969690 300 897
1584616972768 300 898
1584616977633 300 899
1584616983935 300 900
1584616988350 300 901
1584616992009 300 902
1584616995120 300 903
1584616998234 300 904
1584617001573 300 905
1584617005125 300 906
1584617008206 300 907
1584617011789 300 908
1584617015566 300 909
1584617018715 300 910
1584617022290 300 911
1584617026504 300 912
1584617031807 300 913
1584617037076 300 914
1584617041666 300 915
1584617047877 300 916
1584617055655 300 917
1584617063238 300 918
1584617069754 300 919
1584617073092 300 920
1584617077375 300 921
1584617081897 300 922
1584617085499 300 923
1584617089734 300 924
1584617092873 300 925
1584617096047 300 926
1584617098575 300 927
1584617103054 300 928
1584617106317 300 929
1584617109558 300 930
1584617113142 300 931
1584617118168 300 932
1584617120899 300 933
1584617123412 300 934
1584617126068 300 935
1584617129545 300 936
1584617136328 300 937
1584617141752 300 938
1584617147625 300 939
1584617153033 300 940
1584617157772 300 941
1584617161686 300 942
1584617165077 300 943
1584617168131 300 944
1584617170888 300 945
1584617175728 300 946
1584617179320 300 947
1584617183933 300 948
1584617187151 300 949
1584617189927 300 950
1584617193979 300 951
1584617196831 300 952
1584617200790 300 953
1584617204380 300 954
1584617207914 300 955
1584617211026 300 956
1584617214662 300 957
1584617218213 300 958
1584617222641 300 959
1584617227606 300 960
1584617232247 300 961
1584617235367 300 962
1584617238286 300 963
1584617241756 300 964
1584617246928 300 965
1584617252501 300 966
1584617257223 300 967
1584617260335 300 968
1584617263139 300 969
1584617265576 300 970
1584617268103 300 971
1584617273964 300 972
1584617277737 300 973
1584617280365 300 974
1584617283549 300 975
1584617286485 300 976
1584617288931 300 977
1584617291607 300 978
1584617294324 300 979
1584617297048 300 980
1584617299832 300 981
1584617302411 300 982
1584617304923 300 983
1584617307659 300 984
1584617310828 300 985
1584617313542 300 986
1584617316400 300 987
1584617319048 300 988
1584617321879 300 989
1584617324500 300 990
1584617327679 300 991
1584617330440 300 992
1584617333006 300 993
1584617336071 300 994
1584617338661 300 995
1584617341753 300 996
1584617344344 300 997
1584617347051 300 998
1584617350225 300 999
1584617352737 300 1000
1584617355589 300 1001
1584617358128 300 1002
1584617360811 300 1003
1584617363292 300 1004
1584617366078 300 1005
1584617368592 300 1006
1584617371602 300 1007
1584617374118 300 1008
1584617377068 300 1009
1584617379533 300 1010
1584617382579 300 1011
1584617385189 300 1012
1584617387757 300 1013
1584617390239 300 1014
1584617392785 300 1015
1584617395516 300 1016
1584617398153 300 1017
1584617401254 300 1018
1584617404298 300 1019
1584617406918 300 1020
1584617409578 300 1021
1584617412489 300 1022
1584617415113 300 1023
1584617417696 300 1024
1584617420288 300 1025
1584617422868 300 1026
1584617425703 300 1027
1584617428524 300 1028
1584617431411 300 1029
1584617433889 300 1030
1584617436606 300 1031
1584617439171 300 1032
1584617442254 300 1033
1584617444698 300 1034
1584617447905 300 1035
1584617450730 300 1036
1584617453257 300 1037
1584617455972 300 1038
1584617458787 300 1039
1584617461693 300 1040
1584617465077 300 1041
1584617468071 300 1042
1584617471809 300 1043
1584617476035 300 1044
1584617480972 300 1045
1584617484617 300 1046
1584617488407 300 1047
1584617493716 300 1048
1584617498872 300 1049
1584617502531 300 1050
1584617505389 300 1051
1584617508645 300 1052
1584617511869 300 1053
1584617514666 300 1054
1584617517411 300 1055
1584617520572 300 1056
1584617523633 300 1057
1584617526493 300 1058
1584617528925 300 1059
1584617531450 300 1060
1584617533870 300 1061
1584617536320 300 1062
1584617538728 300 1063
1584617541268 300 1064
1584617543790 300 1065
1584617547375 300 1066
1584617550666 300 1067
1584617553293 300 1068
1584617556992 300 1069
1584617561387 300 1070
1584617564157 300 1071
1584617567159 300 1072
1584617569703 300 1073
1584617572673 300 1074
1584617575733 300 1075
1584617578601 300 1076
1584617582674 300 1077
1584617586244 300 1078
1584617589570 300 1079
1584617592904 300 1080
1584617595560 300 1081
1584617598322 300 1082
1584617601997 300 1083
1584617604906 300 1084
1584617608690 300 1085
1584617611284 300 1086
1584617613697 300 1087
1584617617423 300 1088
1584617620937 300 1089
1584617623561 300 1090
1584617626083 300 1091
1584617628524 300 1092
1584617630915 300 1093
1584617633401 300 1094
1584617636952 300 1095
1584617640613 300 1096
1584617643838 300 1097
1584617646480 300 1098
1584617648880 300 1099
1584617651414 300 1100
1584617654053 300 1101
1584617656576 300 1102
1584617659002 300 1103
1584617661475 300 1104
1584617663855 300 1105
1584617666334 300 1106
1584617668710 300 1107
1584617671300 300 1108
1584617673835 300 1109
1584617676305 300 1110
1584617678731 300 1111
1584617681516 300 1112
1584617684208 300 1113
1584617686610 300 1114
1584617688960 300 1115
1584617691465 300 1116
1584617693873 300 1117
1584617696646 300 1118
1584617699366 300 1119
1584617701848 300 1120
1584617704461 300 1121
1584617706891 300 1122
1584617710520 300 1123
1584617713468 300 1124
1584617716488 300 1125
1584617719193 300 1126
1584617722676 300 1127
1584617726812 300 1128
1584617729346 300 1129
1584617731914 300 1130
1584617734576 300 1131
1584617737179 300 1132
1584617740379 300 1133
1584617744548 300 1134
1584617747422 300 1135
1584617749859 300 1136
1584617752351 300 1137
1584617754783 300 1138
1584617757270 300 1139
1584617759738 300 1140
1584617762368 300 1141
1584617764764 300 1142
1584617767208 300 1143
1584617769611 300 1144
1584617772217 300 1145
1584617775247 300 1146
1584617778090 300 1147
1584617781761 300 1148
1584617784460 300 1149
1584617787167 300 1150
1584617789682 300 1151
1584617792294 300 1152
1584617794812 300 1153
1584617797339 300 1154
1584617799694 300 1155
1584617802001 300 1156
1584617804291 300 1157
1584617806612 300 1158
1584617809124 300 1159
1584617811636 300 1160
1584617815427 300 1161
1584617817755 300 1162
1584617820113 300 1163
1584617823525 300 1164
1584617827775 300 1165
1584617830046 300 1166
1584617832369 300 1167
1584617834663 300 1168
1584617837128 300 1169
1584617839843 300 1170
1584617842179 300 1171
1584617844495 300 1172
1584617846773 300 1173
1584617849066 300 1174
1584617851463 300 1175
1584617853773 300 1176
1584617856046 300 1177
1584617858384 300 1178
1584617860661 300 1179
1584617862911 300 1180
1584617865261 300 1181
1584617867796 300 1182
1584617870404 300 1183
1584617872897 300 1184
1584617875882 300 1185
1584617879559 300 1186
1584617883919 300 1187
1584617886780 300 1188
1584617889774 300 1189
1584617892630 300 1190
1584617894993 300 1191
1584617898794 300 1192
1584617902235 300 1193
1584617904727 300 1194
1584617910376 300 1195
1584617912797 300 1196
1584617918546 300 1197
1584617921298 300 1198
1584617924023 300 1199
1584617926666 300 1200
1584617931370 300 1201
1584617937551 300 1202
1584617941725 300 1203
1584617944626 300 1204
1584617947904 300 1205
1584617950679 300 1206
1584617954649 300 1207
1584617958388 300 1208
1584617961539 300 1209
1584617964273 300 1210
1584617967026 300 1211
1584617969591 300 1212
1584617972014 300 1213
1584617974376 300 1214
1584617976692 300 1215
1584617979270 300 1216
1584617982300 300 1217
1584617985245 300 1218
1584617988109 300 1219
1584617991451 300 1220
1584617994046 300 1221
1584617996489 300 1222
1584617999322 300 1223
1584618002043 300 1224
1584618004540 300 1225
1584618007238 300 1226
1584618010170 300 1227
1584618012548 300 1228
1584618014746 300 1229
1584618016981 300 1230
1584618019211 300 1231
1584618021499 300 1232
1584618023748 300 1233
1584618026004 300 1234
1584618028227 300 1235
1584618030553 300 1236
1584618032822 300 1237
1584618035167 300 1238
1584618037516 300 1239
1584618039765 300 1240
1584618042063 300 1241
1584618044283 300 1242
1584618046597 300 1243
1584618048835 300 1244
1584618051088 300 1245
1584618053337 300 1246
1584618055556 300 1247
1584618057784 300 1248
1584618060006 300 1249
1584618062350 300 1250
1584618064581 300 1251
1584618066937 300 1252
1584618069204 300 1253
1584618071443 300 1254
1584618073671 300 1255
1584618075900 300 1256
1584618078152 300 1257
1584618080390 300 1258
1584618082587 300 1259
1584618084832 300 1260
1584618087040 300 1261
1584618089261 300 1262
1584618091507 300 1263
1584618093728 300 1264
1584618095996 300 1265
1584618098270 300 1266
1584618100533 300 1267
1584618102766 300 1268
1584618104989 300 1269
1584618107220 300 1270
1584618109454 300 1271
1584618111819 300 1272
1584618114098 300 1273
1584618116326 300 1274
1584618118569 300 1275
1584618120805 300 1276
1584618123100 300 1277
1584618125296 300 1278
1584618127553 300 1279
1584618129730 300 1280
1584618132036 300 1281
1584618134287 300 1282
1584618136494 300 1283
1584618138714 300 1284
1584618141074 300 1285
1584618143286 300 1286
1584618145478 300 1287
1584618147723 300 1288
1584618149954 300 1289
1584618152215 300 1290
1584618154423 300 1291
1584618156642 300 1292
1584618158870 300 1293
1584618161099 300 1294
1584618163379 300 1295
1584618165566 300 1296
1584618167835 300 1297
1584618170063 300 1298
1584618172285 300 1299
1584618174530 300 1300
1584618176912 300 1301
1584618179216 300 1302
1584618181508 300 1303
1584618183722 300 1304
1584618185945 300 1305
1584618188170 300 1306
1584618190368 300 1307
1584618192643 300 1308
1584618194876 300 1309
1584618197086 300 1310
1584618199311 300 1311
1584618201586 300 1312
1584618203822 300 1313
1584618206077 300 1314
1584618208274 300 1315
1584618210478 300 1316
1584618212728 300 1317
1584618215005 300 1318
1584618217276 300 1319
1584618219513 300 1320
1584618221725 300 1321
1584618224046 300 1322
1584618226317 300 1323
1584618228664 300 1324
1584618230917 300 1325
1584618233192 300 1326
1584618235493 300 1327
1584618237705 300 1328
1584618239923 300 1329
1584618242253 300 1330
1584618244505 300 1331
1584618246725 300 1332
1584618248935 300 1333
1584618251139 300 1334
1584618253344 300 1335
1584618255539 300 1336
1584618257744 300 1337
1584618260037 300 1338
1584618262235 300 1339
1584618264441 300 1340
1584618266691 300 1341
1584618268938 300 1342
1584618271177 300 1343
1584618273516 300 1344
1584618275875 300 1345
1584618278133 300 1346
1584618280361 300 1347
1584618282620 300 1348
1584618284835 300 1349
1584618287090 300 1350
1584618289355 300 1351
1584618291558 300 1352
1584618293769 300 1353
1584618296056 300 1354
1584618298285 300 1355
1584618300559 300 1356
1584618302865 300 1357
1584618305111 300 1358
1584618307374 300 1359
1584618309603 300 1360
1584618311806 300 1361
1584618314039 300 1362
1584618316313 300 1363
1584618318538 300 1364
1584618320826 300 1365
1584618323049 300 1366
1584618325474 300 1367
1584618327728 300 1368
1584618329973 300 1369
1584618332247 300 1370
1584618334545 300 1371
1584618336796 300 1372
1584618339110 300 1373
1584618341457 300 1374
1584618343802 300 1375
1584618346053 300 1376
1584618348278 300 1377
1584618350516 300 1378
1584618352763 300 1379
1584618355031 300 1380
1584618357381 300 1381
1584618359621 300 1382
1584618361911 300 1383
1584618364283 300 1384
1584618366520 300 1385
1584618368773 300 1386
1584618370987 300 1387
1584618373213 300 1388
1584618375423 300 1389
1584618377678 300 1390
1584618379955 300 1391
1584618382220 300 1392
1584618384435 300 1393
1584618386716 300 1394
1584618389152 300 1395
1584618391441 300 1396
1584618393701 300 1397
1584618396015 300 1398
1584618398289 300 1399
1584618400576 300 1400
1584618402954 300 1401
1584618405218 300 1402
1584618407490 300 1403
1584618409727 300 1404
1584618412007 300 1405
1584618414231 300 1406
1584618416584 300 1407
1584618418871 300 1408
1584618421161 300 1409
1584618423597 300 1410
1584618425868 300 1411
1584618428105 300 1412
1584618430355 300 1413
1584618432642 300 1414
1584618434905 300 1415
1584618437157 300 1416
1584618439436 300 1417
1584618441724 300 1418
1584618444024 300 1419
1584618446299 300 1420
1584618448585 300 1421
1584618450809 300 1422
1584618453099 300 1423
1584618455365 300 1424
1584618457618 300 1425
1584618459892 300 1426
1584618462227 300 1427
1584618464547 300 1428
1584618466794 300 1429
1584618469138 300 1430
1584618471372 300 1431
1584618473651 300 1432
1584618475905 300 1433
1584618478178 300 1434
1584618480465 300 1435
1584618482901 300 1436
1584618485231 300 1437
1584618487559 300 1438
1584618489835 300 1439
1584618492345 300 1440
1584618494805 300 1441
1584618497199 300 1442
1584618499630 300 1443
1584618501930 300 1444
1584618504251 300 1445
1584618506553 300 1446
1584618508779 300 1447
1584618511037 300 1448
1584618513386 300 1449
1584618515614 300 1450
1584618517933 300 1451
1584618520239 300 1452
1584618522484 300 1453
1584618524768 300 1454
1584618527014 300 1455
1584618529234 300 1456
1584618531476 300 1457
1584618533728 300 1458
1584618535962 300 1459
1584618538208 300 1460
1584618540513 300 1461
1584618542798 300 1462
1584618545071 300 1463
1584618547287 300 1464
1584618549607 300 1465
1584618551835 300 1466
1584618554084 300 1467
1584618556304 300 1468
1584618558497 300 1469
1584618560734 300 1470
1584618562945 300 1471
1584618565152 300 1472
1584618567397 300 1473
1584618569657 300 1474
1584618571921 300 1475
1584618574239 300 1476
1584618576517 300 1477
1584618578737 300 1478
1584618580961 300 1479
1584618583340 300 1480
1584618585795 300 1481
1584618588446 300 1482
1584618590777 300 1483
1584618593613 300 1484
1584618595967 300 1485
1584618599233 300 1486
1584618604571 300 1487
1584618607411 300 1488
1584618609785 300 1489
1584618612193 300 1490
1584618614746 300 1491
1584618617056 300 1492
1584618619267 300 1493
1584618621537 300 1494
1584618623783 300 1495
1584618626056 300 1496
1584618628648 300 1497
1584618631747 300 1498
1584618634582 300 1499
1584618636802 300 1500
1584618639270 300 1501
1584618641556 300 1502
1584618643834 300 1503
1584618646081 300 1504
1584618648449 300 1505
1584618650729 300 1506
1584618652997 300 1507
1584618655207 300 1508
1584618657528 300 1509
1584618659742 300 1510
1584618662096 300 1511
1584618664449 300 1512
1584618666629 300 1513
1584618668810 300 1514
1584618671036 300 1515
1584618673289 300 1516
1584618675936 300 1517
1584618679962 300 1518
1584618683611 300 1519
1584618686728 300 1520
1584618689342 300 1521
1584618691881 300 1522
1584618694176 300 1523
1584618696739 300 1524
1584618699105 300 1525
1584618701396 300 1526
1584618703872 300 1527
1584618706212 300 1528
1584618709578 300 1529
1584618714191 300 1530
1584618716684 300 1531
1584618719178 300 1532
1584618722091 300 1533
1584618724593 300 1534
1584618726922 300 1535
1584618729221 300 1536
1584618731629 300 1537
1584618734317 300 1538
1584618736731 300 1539
1584618739674 300 1540
1584618742031 300 1541
1584618745680 300 1542
1584618748373 300 1543
1584618750941 300 1544
1584618753810 300 1545
1584618757147 300 1546
1584618759711 300 1547
1584618762203 300 1548
1584618764711 300 1549
1584618767215 300 1550
1584618769863 300 1551
1584618772438 300 1552
1584618774808 300 1553
1584618777077 300 1554
1584618779387 300 1555
1584618781762 300 1556
1584618784087 300 1557
1584618786417 300 1558
1584618788715 300 1559
1584618790970 300 1560
1584618795205 300 1561
1584618798381 300 1562
1584618800778 300 1563
1584618803215 300 1564
1584618805722 300 1565
1584618808042 300 1566
1584618810599 300 1567
1584618813006 300 1568
1584618815749 300 1569
1584618818120 300 1570
1584618820688 300 1571
1584618823170 300 1572
1584618826184 300 1573
1584618828825 300 1574
1584618831353 300 1575
1584618833636 300 1576
1584618835976 300 1577
1584618838294 300 1578
1584618840845 300 1579
1584618843283 300 1580
1584618845976 300 1581
1584618848358 300 1582
1584618850600 300 1583
1584618852863 300 1584
1584618855134 300 1585
1584618857359 300 1586
1584618859590 300 1587
1584618861818 300 1588
1584618864101 300 1589
1584618866420 300 1590
1584618868674 300 1591
1584618871038 300 1592
1584618873421 300 1593
1584618875711 300 1594
1584618877929 300 1595
1584618880175 300 1596
1584618883054 300 1597
1584618885429 300 1598
1584618887781 300 1599
1584618890158 300 1600
1584618892674 300 1601
1584618895010 300 1602
1584618897348 300 1603
1584618899648 300 1604
1584618901967 300 1605
1584618904340 300 1606
1584618906897 300 1607
1584618909157 300 1608
1584618911421 300 1609
1584618913674 300 1610
1584618915935 300 1611
1584618918224 300 1612
1584618920512 300 1613
1584618922764 300 1614
1584618925042 300 1615
1584618927361 300 1616
1584618929623 300 1617
1584618931909 300 1618
1584618934179 300 1619
1584618936416 300 1620
1584618938726 300 1621
1584618940994 300 1622
1584618943299 300 1623
1584618945607 300 1624
1584618947868 300 1625
1584618950161 300 1626
1584618952444 300 1627
1584618954736 300 1628
1584618957035 300 1629
1584618959613 300 1630
1584618962546 300 1631
1584618966539 300 1632
1584618969035 300 1633
1584618971303 300 1634
1584618973612 300 1635
1584618975937 300 1636
1584618978202 300 1637
1584618980489 300 1638
1584618982747 300 1639
1584618985400 300 1640
1584618987674 300 1641
1584618989953 300 1642
1584618992237 300 1643
1584618994510 300 1644
1584618996812 300 1645
1584618999134 300 1646
1584619001425 300 1647
1584619003828 300 1648
1584619006189 300 1649
1584619008424 300 1650
1584619010710 300 1651
1584619013004 300 1652
1584619015336 300 1653
1584619017674 300 1654
1584619019956 300 1655
1584619022347 300 1656
1584619024641 300 1657
1584619026905 300 1658
1584619029165 300 1659
1584619031478 300 1660
1584619034827 300 1661
1584619037407 300 1662
1584619040020 300 1663
1584619042478 300 1664
1584619044804 300 1665
1584619047106 300 1666
1584619049343 300 1667
1584619051675 300 1668
1584619054008 300 1669
1584619056316 300 1670
1584619058575 300 1671
1584619060871 300 1672
1584619063193 300 1673
1584619065485 300 1674
1584619067776 300 1675
1584619070023 300 1676
1584619072308 300 1677
1584619074611 300 1678
1584619076880 300 1679
1584619079163 300 1680
1584619081597 300 1681
1584619083904 300 1682
1584619086212 300 1683
1584619088514 300 1684
1584619090804 300 1685
1584619093112 300 1686
1584619095505 300 1687
1584619097762 300 1688
1584619100141 300 1689
1584619102750 300 1690
1584619105188 300 1691
1584619107554 300 1692
1584619110802 300 1693
1584619113396 300 1694
1584619115961 300 1695
1584619119737 300 1696
1584619122491 300 1697
1584619124804 300 1698
1584619127101 300 1699
1584619129400 300 1700
1584619131885 300 1701
1584619134209 300 1702
1584619136542 300 1703
1584619138798 300 1704
1584619141121 300 1705
1584619143573 300 1706
1584619145809 300 1707
1584619148088 300 1708
1584619150325 300 1709
1584619152640 300 1710
1584619154902 300 1711
1584619157160 300 1712
1584619159458 300 1713
1584619161872 300 1714
1584619164192 300 1715
1584619166462 300 1716
1584619168693 300 1717
1584619170968 300 1718
1584619173289 300 1719
1584619175627 300 1720
1584619177915 300 1721
1584619180193 300 1722
1584619182485 300 1723
1584619184732 300 1724
1584619186983 300 1725
1584619189407 300 1726
1584619191751 300 1727
1584619194128 300 1728
1584619196425 300 1729
1584619198916 300 1730
1584619201629 300 1731
1584619204102 300 1732
1584619206314 300 1733
1584619208621 300 1734
1584619210910 300 1735
1584619213174 300 1736
1584619215362 300 1737
1584619217556 300 1738
1584619219762 300 1739
1584619221956 300 1740
1584619224124 300 1741
1584619226331 300 1742
1584619228571 300 1743
1584619230825 300 1744
1584619233047 300 1745
1584619235205 300 1746
1584619237405 300 1747
1584619239634 300 1748
1584619241884 300 1749
1584619244143 300 1750
1584619246299 300 1751
1584619248565 300 1752
1584619250778 300 1753
1584619252957 300 1754
1584619255173 300 1755
1584619257412 300 1756
1584619259681 300 1757
1584619261998 300 1758
1584619264248 300 1759
1584619266497 300 1760
1584619268671 300 1761
1584619270856 300 1762
1584619273060 300 1763
1584619275293 300 1764
1584619277487 300 1765
1584619279710 300 1766
1584619281917 300 1767
1584619284155 300 1768
1584619286386 300 1769
1584619288605 300 1770
1584619291264 300 1771
1584619293638 300 1772
1584619296016 300 1773
1584619298231 300 1774
1584619301273 300 1775
1584619304115 300 1776
1584619306357 300 1777
1584619308617 300 1778
1584619310845 300 1779
1584619313085 300 1780
1584619315276 300 1781
1584619317533 300 1782
1584619319717 300 1783
1584619322146 300 1784
1584619324361 300 1785
1584619326629 300 1786
1584619328843 300 1787
1584619331080 300 1788
1584619333343 300 1789
1584619335618 300 1790
1584619337833 300 1791
1584619340041 300 1792
1584619342254 300 1793
1584619344501 300 1794
1584619346719 300 1795
1584619348948 300 1796
1584619351211 300 1797
1584619353467 300 1798
1584619355760 300 1799
1584619358004 300 1800
1584619360330 300 1801
1584619362561 300 1802
1584619364779 300 1803
1584619367011 300 1804
1584619369206 300 1805
1584619371463 300 1806
1584619373708 300 1807
1584619375921 300 1808
1584619378107 300 1809
1584619380328 300 1810
1584619382633 300 1811
1584619384849 300 1812
1584619387147 300 1813
1584619389334 300 1814
1584619391679 300 1815
1584619393907 300 1816
1584619396134 300 1817
1584619398384 300 1818
1584619400583 300 1819
1584619402821 300 1820
1584619405063 300 1821
1584619407384 300 1822
1584619409632 300 1823
1584619411894 300 1824
1584619414072 300 1825
1584619416304 300 1826
1584619418585 300 1827
1584619420832 300 1828
1584619423235 300 1829
1584619425468 300 1830
1584619427743 300 1831
1584619429972 300 1832
1584619432206 300 1833
1584619434469 300 1834
1584619436715 300 1835
1584619438977 300 1836
1584619441281 300 1837
1584619443672 300 1838
1584619445915 300 1839
1584619448153 300 1840
1584619450378 300 1841
1584619452697 300 1842
1584619454964 300 1843
1584619457247 300 1844
1584619459476 300 1845
1584619461694 300 1846
1584619463925 300 1847
1584619466204 300 1848
1584619468470 300 1849
1584619470696 300 1850
1584619472998 300 1851
1584619475286 300 1852
1584619477544 300 1853
1584619479805 300 1854
1584619482119 300 1855
1584619484412 300 1856
1584619486839 300 1857
1584619489220 300 1858
1584619491431 300 1859
1584619493669 300 1860
1584619495881 300 1861
1584619498153 300 1862
1584619500420 300 1863
1584619502786 300 1864
1584619505008 300 1865
1584619507230 300 1866
1584619509479 300 1867
1584619511690 300 1868
1584619513960 300 1869
1584619516209 300 1870
1584619518522 300 1871
1584619520741 300 1872
1584619522994 300 1873
1584619525261 300 1874
1584619527551 300 1875
1584619529788 300 1876
1584619532064 300 1877
1584619534311 300 1878
1584619536548 300 1879
1584619538802 300 1880
1584619541078 300 1881
1584619543372 300 1882
1584619545653 300 1883
1584619547959 300 1884
1584619550249 300 1885
1584619552481 300 1886
1584619554741 300 1887
1584619556998 300 1888
1584619559252 300 1889
1584619561488 300 1890
1584619563796 300 1891
1584619566053 300 1892
1584619568312 300 1893
1584619570553 300 1894
1584619572808 300 1895
1584619575079 300 1896
1584619577357 300 1897
1584619579641 300 1898
1584619581981 300 1899
1584619585208 300 1900
1584619587747 300 1901
1584619590117 300 1902
1584619592417 300 1903
1584619594666 300 1904
1584619596960 300 1905
1584619599279 300 1906
1584619601536 300 1907
1584619603760 300 1908
1584619605996 300 1909
1584619608221 300 1910
1584619610483 300 1911
1584619612708 300 1912
1584619615068 300 1913
1584619617392 300 1914
1584619619640 300 1915
1584619622114 300 1916
1584619624384 300 1917
1584619626637 300 1918
1584619628821 300 1919
1584619631049 300 1920
1584619633286 300 1921
1584619635535 300 1922
1584619637721 300 1923
1584619639946 300 1924
1584619642228 300 1925
1584619644525 300 1926
1584619646850 300 1927
1584619649081 300 1928
1584619651332 300 1929
1584619653621 300 1930
1584619655870 300 1931
1584619658140 300 1932
1584619660400 300 1933
1584619662887 300 1934
1584619666137 300 1935
1584619668989 300 1936
1584619672142 300 1937
1584619674692 300 1938
1584619677076 300 1939
1584619679334 300 1940
1584619683111 300 1941
1584619685336 300 1942
1584619693629 300 1943
1584619698479 300 1944
1584619700710 300 1945
1584619703005 300 1946
1584619705324 300 1947
1584619707602 300 1948
1584619709802 300 1949
1584619712044 300 1950
1584619714284 300 1951
1584619716561 300 1952
1584619721375 300 1953
1584619723818 300 1954
1584619726330 300 1955
1584619729319 300 1956
1584619732223 300 1957
1584619734876 300 1958
1584619737336 300 1959
1584619741068 300 1960
1584619744632 300 1961
1584619747981 300 1962
1584619750758 300 1963
1584619753747 300 1964
1584619756881 300 1965
1584619760105 300 1966
1584619762848 300 1967
1584619766055 300 1968
1584619768674 300 1969
1584619772473 300 1970
1584619775218 300 1971
1584619779648 300 1972
1584619784001 300 1973
1584619786711 300 1974
1584619789804 300 1975
1584619792459 300 1976
1584619795140 300 1977
1584619800375 300 1978
1584619803283 300 1979
1584619805612 300 1980
1584619808057 300 1981
1584619810474 300 1982
1584619812993 300 1983
1584619815342 300 1984
1584619817660 300 1985
1584619820114 300 1986
1584619822570 300 1987
1584619824923 300 1988
1584619828431 300 1989
1584619832225 300 1990
1584619834908 300 1991
1584619837783 300 1992
1584619841478 300 1993
1584619846785 300 1994
1584619855407 300 1995
1584619862874 300 1996
1584619868126 300 1997
1584619873445 300 1998
1584619875923 300 1999
1584619879190 300 2000
