1584614417318 1.0 1
1584614420405 1.0 2
1584614423181 0.0 3
1584614428497 -1.0 4
1584614436191 0.0 5
1584614442315 -2.0 6
1584614446313 0.0 7
1584614449310 1.0 8
1584614452112 1.0 9
1584614454707 0.0 10
1584614457371 1.0 11
1584614459899 0.0 12
1584614462690 2.0 13
1584614465309 0.0 14
1584614468049 -1.0 15
1584614470627 0.0 16
1584614473998 0.0 17
1584614478699 1.0 18
1584614481596 -1.0 19
1584614484705 1.0 20
1584614487301 0.0 21
1584614490486 1.0 22
1584614493574 0.0 23
1584614496370 -1.0 24
1584614499095 0.0 25
1584614501804 -1.0 26
1584614505219 1.0 27
1584614508064 0.0 28
1584614514031 -1.0 29
1584614516760 -1.0 30
1584614519717 2.0 31
1584614522428 -2.0 32
1584614524928 1.0 33
1584614527428 1.0 34
1584614529898 0.0 35
1584614532561 0.0 36
1584614535143 0.0 37
1584614538343 1.0 38
1584614541656 0.0 39
1584614544179 0.0 40
1584614547236 -2.0 41
1584614550501 -1.0 42
1584614553996 -2.0 43
1584614559110 1.0 44
1584614563896 -1.0 45
1584614568108 1.0 46
1584614572020 1.0 47
1584614574834 -1.0 48
1584614577973 -1.0 49
1584614581191 -1.0 50
1584614585467 0.0 51
1584614588813 1.0 52
1584614591909 -1.0 53
1584614595295 3.0 54
1584614598784 0.0 55
1584614602996 1.0 56
1584614606570 0.0 57
1584614610059 0.0 58
1584614613404 -1.0 59
1584614616834 0.0 60
1584614619464 -1.0 61
1584614622817 -1.0 62
1584614626454 -1.0 63
1584614630305 1.0 64
1584614632751 0.0 65
1584614635384 0.0 66
1584614638030 0.0 67
1584614641136 -2.0 68
1584614644298 -1.0 69
1584614647086 0.0 70
1584614649670 0.0 71
1584614653031 0.0 72
1584614655403 -1.0 73
1584614657785 0.0 74
1584614660174 -4.0 75
1584614662715 -1.0 76
1584614666215 -1.0 77
1584614671380 3.0 78
1584614676608 0.0 79
1584614681066 1.0 80
1584614684981 0.0 81
1584614688205 2.0 82
1584614691011 1.0 83
1584614693602 1.0 84
1584614696402 0.0 85
1584614699098 1.0 86
1584614702181 -1.0 87
1584614705860 0.0 88
1584614709086 -1.0 89
1584614711538 -1.0 90
1584614713870 0.0 91
1584614716287 0.0 92
1584614718654 -1.0 93
1584614721195 2.0 94
1584614723764 1.0 95
1584614730177 0.0 96
1584614734503 2.0 97
1584614737005 4.0 98
1584614739452 0.0 99
1584614741941 1.0 100
1584614744764 1.0 101
1584614747504 -1.0 102
1584614750235 3.0 103
1584614752925 0.0 104
1584614756964 0.0 105
1584614762024 0.0 106
1584614764518 -1.0 107
1584614770033 -2.0 108
1584614772612 1.0 109
1584614775338 1.0 110
1584614778353 0.0 111
1584614781257 0.0 112
1584614783692 0.0 113
1584614786356 0.0 114
1584614788979 0.0 115
1584614792942 0.0 116
1584614796809 2.0 117
1584614801781 0.0 118
1584614804453 3.0 119
1584614807576 -2.0 120
1584614811455 -1.0 121
1584614816068 -4.0 122
1584614819072 1.0 123
1584614822747 -1.0 124
1584614825664 1.0 125
1584614828052 0.0 126
1584614830436 1.0 127
1584614832831 0.0 128
1584614835220 0.0 129
1584614837688 0.0 130
1584614840105 0.0 131
1584614843158 -2.0 132
1584614845867 0.0 133
1584614848391 0.0 134
1584614850795 -2.0 135
1584614853272 0.0 136
1584614856168 0.0 137
1584614858862 -1.0 138
1584614861489 0.0 139
1584614864122 0.0 140
1584614866927 0.0 141
1584614869760 0.0 142
1584614872464 0.0 143
1584614875268 3.0 144
1584614878186 1.0 145
1584614882922 0.0 146
1584614887189 0.0 147
1584614889856 1.0 148
1584614892705 0.0 149
1584614896061 -2.0 150
1584614898905 1.0 151
1584614901402 1.0 152
1584614903931 0.0 153
1584614906424 1.0 154
1584614909199 0.0 155
1584614911719 -1.0 156
1584614914108 0.0 157
1584614916581 2.0 158
1584614919031 0.0 159
1584614923596 -1.0 160
1584614926571 1.0 161
1584614929816 -1.0 162
1584614934712 1.0 163
1584614938333 -2.0 164
1584614940748 2.0 165
1584614943189 0.0 166
1584614945822 -2.0 167
1584614948140 0.0 168
1584614950505 1.0 169
1584614952803 -1.0 170
1584614955701 0.0 171
1584614959384 -1.0 172
1584614962207 0.0 173
1584614965478 0.0 174
1584614968531 0.0 175
1584614971571 -1.0 176
1584614974097 1.0 177
1584614976836 3.0 178
1584614979439 0.0 179
1584614982155 -1.0 180
1584614985379 -1.0 181
1584614987970 -2.0 182
1584614990745 1.0 183
1584614993241 1.0 184
1584614996245 2.0 185
1584614998532 0.0 186
1584615001189 0.0 187
1584615003675 0.0 188
1584615006001 0.0 189
1584615008586 0.0 190
1584615012264 0.0 191
1584615014843 0.0 192
1584615017214 -1.0 193
1584615019603 1.0 194
1584615022211 0.0 195
1584615024792 1.0 196
1584615027534 -1.0 197
1584615030164 1.0 198
1584615032750 1.0 199
1584615035180 1.0 200
1584615037686 0.0 201
1584615040184 -1.0 202
1584615042548 1.0 203
1584615044908 2.0 204
1584615047665 1.0 205
1584615050206 -1.0 206
1584615053599 0.0 207
1584615056557 0.0 208
1584615058931 1.0 209
1584615061556 0.0 210
1584615063945 0.0 211
1584615066276 -1.0 212
1584615068623 -3.0 213
1584615071175 1.0 214
1584615073532 0.0 215
1584615075943 0.0 216
1584615078366 1.0 217
1584615081233 0.0 218
1584615083844 0.0 219
1584615086595 0.0 220
1584615089842 1.0 221
1584615092739 0.0 222
1584615095556 2.0 223
1584615098573 0.0 224
1584615101356 1.0 225
1584615103949 -2.0 226
1584615106959 2.0 227
1584615109727 2.0 228
1584615112253 1.0 229
1584615115079 -1.0 230
1584615117497 -1.0 231
1584615119875 -1.0 232
1584615122399 1.0 233
1584615124766 0.0 234
1584615127178 0.0 235
1584615129611 -1.0 236
1584615132047 0.0 237
1584615134350 0.0 238
1584615136731 2.0 239
1584615139099 0.0 240
1584615141462 1.0 241
1584615143786 0.0 242
1584615146195 -1.0 243
1584615148596 1.0 244
1584615151725 -2.0 245
1584615154530 -1.0 246
1584615157175 -1.0 247
1584615159636 0.0 248
1584615162003 1.0 249
1584615164436 0.0 250
1584615166828 0.0 251
1584615169220 0.0 252
1584615171605 -1.0 253
1584615173973 2.0 254
1584615176421 1.0 255
1584615178760 1.0 256
1584615181252 0.0 257
1584615183704 0.0 258
1584615186145 -3.0 259
1584615188587 1.0 260
1584615191346 2.0 261
1584615193709 0.0 262
1584615196613 0.0 263
1584615198930 0.0 264
1584615201398 0.0 265
1584615203768 -2.0 266
1584615206219 0.0 267
1584615209412 1.0 268
1584615212897 0.0 269
1584615215339 -1.0 270
1584615217702 -1.0 271
1584615220491 4.0 272
1584615223201 0.0 273
1584615225619 0.0 274
1584615228440 -1.0 275
1584615230818 0.0 276
1584615233239 2.0 277
1584615235695 -2.0 278
1584615238071 -1.0 279
1584615240506 1.0 280
1584615243539 1.0 281
1584615246280 2.0 282
1584615248736 1.0 283
1584615251448 1.0 284
1584615254198 0.0 285
1584615256839 1.0 286
1584615259423 1.0 287
1584615262108 -1.0 288
1584615264818 -1.0 289
1584615268609 1.0 290
1584615271472 -1.0 291
1584615274160 3.0 292
1584615276948 0.0 293
1584615279589 0.0 294
1584615282505 -2.0 295
1584615284932 -1.0 296
1584615287360 -1.0 297
1584615289745 0.0 298
1584615292576 1.0 299
1584615295824 0.0 300
1584615298600 0.0 301
1584615301821 0.0 302
1584615304367 1.0 303
1584615306727 4.0 304
1584615309123 0.0 305
1584615311568 1.0 306
1584615313956 3.0 307
1584615316539 3.0 308
1584615319192 -1.0 309
1584615321671 1.0 310
1584615324206 1.0 311
1584615326711 0.0 312
1584615329481 1.0 313
1584615332210 0.0 314
1584615334632 1.0 315
1584615337525 1.0 316
1584615340226 0.0 317
1584615343003 0.0 318
1584615345682 0.0 319
1584615349075 -1.0 320
1584615353003 2.0 321
1584615356423 -1.0 322
1584615358977 2.0 323
1584615361512 1.0 324
1584615364827 0.0 325
1584615367461 1.0 326
1584615370131 1.0 327
1584615373330 2.0 328
1584615376834 3.0 329
1584615379358 3.0 330
1584615381832 0.0 331
1584615385188 0.0 332
1584615387602 -1.0 333
1584615390306 3.0 334
1584615392922 1.0 335
1584615395335 2.0 336
1584615397716 3.0 337
1584615400169 2.0 338
1584615402593 0.0 339
1584615405001 0.0 340
1584615407422 1.0 341
1584615409802 1.0 342
1584615412212 1.0 343
1584615414553 -1.0 344
1584615417072 1.0 345
1584615419427 2.0 346
1584615422029 1.0 347
1584615424494 0.0 348
1584615426954 -1.0 349
1584615429299 3.0 350
1584615431719 4.0 351
1584615434696 3.0 352
1584615438473 0.0 353
1584615442220 -1.0 354
1584615444772 1.0 355
1584615447493 1.0 356
1584615451447 0.0 357
1584615456070 -1.0 358
1584615459623 1.0 359
1584615463319 1.0 360
1584615465768 0.0 361
1584615468212 0.0 362
1584615472089 2.0 363
1584615474841 2.0 364
1584615477351 0.0 365
1584615479999 3.0 366
1584615482529 1.0 367
1584615484908 3.0 368
1584615487820 1.0 369
1584615490499 1.0 370
1584615492869 2.0 371
1584615495378 0.0 372
1584615497710 2.0 373
1584615500128 1.0 374
1584615502496 1.0 375
1584615504849 0.0 376
1584615507249 -1.0 377
1584615509655 3.0 378
1584615512529 0.0 379
1584615515327 2.0 380
1584615517774 2.0 381
1584615520352 0.0 382
1584615522824 1.0 383
1584615525308 3.0 384
1584615528044 2.0 385
1584615530452 0.0 386
1584615532787 -2.0 387
1584615535182 4.0 388
1584615537558 0.0 389
1584615539963 0.0 390
1584615543028 6.0 391
1584615545459 0.0 392
1584615547830 -3.0 393
1584615550429 1.0 394
1584615553300 0.0 395
1584615555702 2.0 396
1584615558119 1.0 397
1584615560528 6.0 398
1584615562956 -1.0 399
1584615565412 2.0 400
1584615567956 -2.0 401
1584615570499 1.0 402
1584615572884 1.0 403
1584615575361 0.0 404
1584615577852 3.0 405
1584615580415 0.0 406
1584615582832 2.0 407
1584615585847 -1.0 408
1584615589586 2.0 409
1584615593183 0.0 410
1584615595636 2.0 411
1584615598486 2.0 412
1584615601492 1.0 413
1584615604342 4.0 414
1584615606751 3.0 415
1584615609196 0.0 416
1584615611661 0.0 417
1584615614099 2.0 418
1584615616568 1.0 419
1584615619089 0.0 420
1584615621544 2.0 421
1584615623942 2.0 422
1584615626457 3.0 423
1584615628822 4.0 424
1584615632107 2.0 425
1584615634512 2.0 426
1584615636933 0.0 427
1584615639369 2.0 428
1584615641824 1.0 429
1584615644269 1.0 430
1584615646640 0.0 431
1584615649208 1.0 432
1584615651609 3.0 433
1584615654032 1.0 434
1584615656463 4.0 435
1584615658826 0.0 436
1584615661620 0.0 437
1584615664222 3.0 438
1584615666618 1.0 439
1584615669044 1.0 440
1584615671454 2.0 441
1584615673823 -1.0 442
1584615676210 3.0 443
1584615678687 1.0 444
1584615681152 1.0 445
1584615683809 3.0 446
1584615686350 1.0 447
1584615688717 2.0 448
1584615691195 3.0 449
1584615693592 2.0 450
1584615696049 1.0 451
1584615698469 -1.0 452
1584615700867 1.0 453
1584615703246 3.0 454
1584615705721 3.0 455
1584615708178 2.0 456
1584615710677 0.0 457
1584615713125 3.0 458
1584615715910 -1.0 459
1584615718609 2.0 460
1584615721127 2.0 461
1584615723803 2.0 462
1584615726322 2.0 463
1584615728679 4.0 464
1584615731072 2.0 465
1584615733449 3.0 466
1584615735896 3.0 467
1584615738329 0.0 468
1584615740758 3.0 469
1584615743179 2.0 470
1584615745632 1.0 471
1584615747999 3.0 472
1584615750461 1.0 473
1584615752870 0.0 474
1584615755327 3.0 475
1584615757948 3.0 476
1584615760412 0.0 477
1584615762793 0.0 478
1584615765228 2.0 479
1584615767622 2.0 480
1584615770106 1.0 481
1584615772574 -1.0 482
1584615777006 0.0 483
1584615779601 0.0 484
1584615783420 0.0 485
1584615786330 1.0 486
1584615789272 -1.0 487
1584615791707 2.0 488
1584615794199 0.0 489
1584615796654 1.0 490
1584615799047 2.0 491
1584615801592 -1.0 492
1584615804048 0.0 493
1584615806573 -1.0 494
1584615809027 3.0 495
1584615811508 0.0 496
1584615815086 -1.0 497
1584615817493 5.0 498
1584615819929 5.0 499
1584615822486 -1.0 500
1584615825074 2.0 501
1584615827518 -1.0 502
1584615830034 1.0 503
1584615832451 1.0 504
1584615834905 0.0 505
1584615837377 1.0 506
1584615839810 2.0 507
1584615842370 0.0 508
1584615844834 2.0 509
1584615847357 1.0 510
1584615849788 0.0 511
1584615852289 2.0 512
1584615854682 3.0 513
1584615857102 2.0 514
1584615859570 2.0 515
1584615862028 4.0 516
1584615864408 2.0 517
1584615866814 2.0 518
1584615869241 3.0 519
1584615871738 2.0 520
1584615874282 2.0 521
1584615876673 3.0 522
1584615879336 0.0 523
1584615881878 2.0 524
1584615884788 0.0 525
1584615887569 4.0 526
1584615890437 -1.0 527
1584615893452 2.0 528
1584615896779 0.0 529
1584615900613 0.0 530
1584615904580 2.0 531
1584615908768 4.0 532
1584615913347 0.0 533
1584615916517 3.0 534
1584615919014 0.0 535
1584615921871 2.0 536
1584615924801 4.0 537
1584615927220 4.0 538
1584615929650 1.0 539
1584615932437 1.0 540
1584615937202 3.0 541
1584615940166 1.0 542
1584615943290 1.0 543
1584615946766 3.0 544
1584615950704 3.0 545
1584615953240 1.0 546
1584615955693 1.0 547
1584615958040 4.0 548
1584615961504 0.0 549
1584615964240 0.0 550
1584615966786 5.0 551
1584615969609 0.0 552
1584615972494 4.0 553
1584615974974 0.0 554
1584615977787 1.0 555
1584615980473 2.0 556
1584615982860 0.0 557
1584615985349 4.0 558
1584615987979 5.0 559
1584615991701 -1.0 560
1584615994096 3.0 561
1584615996723 2.0 562
1584615999303 -1.0 563
1584616002123 0.0 564
1584616004652 2.0 565
1584616007446 2.0 566
1584616010296 -1.0 567
1584616013196 5.0 568
1584616017880 2.0 569
1584616020565 1.0 570
1584616023141 -1.0 571
1584616026772 1.0 572
1584616029831 3.0 573
1584616032318 -2.0 574
1584616034773 5.0 575
1584616037569 4.0 576
1584616040866 1.0 577
1584616043223 3.0 578
1584616046091 3.0 579
1584616048505 1.0 580
1584616051293 4.0 581
1584616053674 1.0 582
1584616056299 4.0 583
1584616058880 4.0 584
1584616061513 0.0 585
1584616064148 0.0 586
1584616066853 1.0 587
1584616069633 2.0 588
1584616072275 3.0 589
1584616075347 1.0 590
1584616077769 3.0 591
1584616080345 0.0 592
1584616083238 5.0 593
1584616085903 1.0 594
1584616088599 1.0 595
1584616091406 3.0 596
1584616094163 3.0 597
1584616097017 0.0 598
1584616099607 4.0 599
1584616102465 4.0 600
1584616105548 2.0 601
1584616108216 4.0 602
1584616111230 2.0 603
1584616113670 2.0 604
1584616116408 0.0 605
1584616119154 2.0 606
1584616121794 2.0 607
1584616124484 3.0 608
1584616127069 3.0 609
1584616129488 -2.0 610
1584616132068 1.0 611
1584616134671 3.0 612
1584616137436 1.0 613
1584616139890 3.0 614
1584616142524 2.0 615
1584616145144 3.0 616
1584616147645 3.0 617
1584616150194 5.0 618
1584616152966 3.0 619
1584616155634 1.0 620
1584616158215 8.0 621
1584616161153 2.0 622
1584616163537 3.0 623
1584616166340 3.0 624
1584616168765 0.0 625
1584616171979 3.0 626
1584616174572 4.0 627
1584616177097 1.0 628
1584616179778 2.0 629
1584616182686 1.0 630
1584616185389 3.0 631
1584616187972 0.0 632
1584616190607 2.0 633
1584616193048 4.0 634
1584616195559 1.0 635
1584616198136 1.0 636
1584616200858 4.0 637
1584616203558 -1.0 638
1584616206172 2.0 639
1584616208645 3.0 640
1584616211350 5.0 641
1584616213759 3.0 642
1584616216283 0.0 643
1584616218692 1.0 644
1584616221851 2.0 645
1584616224526 1.0 646
1584616227096 4.0 647
1584616229617 1.0 648
1584616232456 2.0 649
1584616234948 3.0 650
1584616237568 1.0 651
1584616239955 4.0 652
1584616242378 3.0 653
1584616244846 3.0 654
1584616247336 4.0 655
1584616249764 4.0 656
1584616252478 3.0 657
1584616255710 4.0 658
1584616258103 2.0 659
1584616260914 2.0 660
1584616263561 4.0 661
1584616267167 2.0 662
1584616270544 3.0 663
1584616273422 3.0 664
1584616276212 2.0 665
1584616280364 6.0 666
1584616283079 3.0 667
1584616285600 4.0 668
1584616288222 2.0 669
1584616291382 4.0 670
1584616293901 2.0 671
1584616296702 5.0 672
1584616299151 4.0 673
1584616301901 2.0 674
1584616304529 2.0 675
1584616307215 -1.0 676
1584616309565 2.0 677
1584616312193 6.0 678
1584616315413 3.0 679
1584616317936 3.0 680
1584616321410 -1.0 681
1584616323968 4.0 682
1584616326605 5.0 683
1584616329008 3.0 684
1584616331804 2.0 685
1584616334518 4.0 686
1584616337252 -1.0 687
1584616340853 2.0 688
1584616345067 4.0 689
1584616348842 5.0 690
1584616353033 3.0 691
1584616356337 5.0 692
1584616359902 2.0 693
1584616362741 0.0 694
1584616366111 1.0 695
1584616368782 2.0 696
1584616371381 0.0 697
1584616373994 2.0 698
1584616376694 3.0 699
1584616379149 7.0 700
1584616382192 3.0 701
1584616384686 4.0 702
1584616387106 4.0 703
1584616389544 4.0 704
1584616392084 3.0 705
1584616394601 5.0 706
1584616397059 1.0 707
1584616399704 4.0 708
1584616402394 5.0 709
1584616404845 3.0 710
1584616407387 0.0 711
1584616410125 4.0 712
1584616412690 7.0 713
1584616416295 9.0 714
1584616418703 2.0 715
1584616422484 6.0 716
1584616425127 3.0 717
1584616428527 4.0 718
1584616431579 6.0 719
1584616434806 2.0 720
1584616437878 4.0 721
1584616440620 2.0 722
1584616443760 4.0 723
1584616446425 2.0 724
1584616448826 4.0 725
1584616451523 3.0 726
1584616454080 5.0 727
1584616456648 -1.0 728
1584616459375 4.0 729
1584616461980 1.0 730
1584616465205 2.0 731
1584616468618 8.0 732
1584616472845 4.0 733
1584616476081 1.0 734
1584616478574 0.0 735
1584616481362 3.0 736
1584616483805 0.0 737
1584616486850 2.0 738
1584616489511 5.0 739
1584616492388 4.0 740
1584616495170 2.0 741
1584616498065 3.0 742
1584616500880 4.0 743
1584616503760 2.0 744
1584616506395 -2.0 745
1584616510124 5.0 746
1584616513049 4.0 747
1584616515759 5.0 748
1584616518469 2.0 749
1584616521147 0.0 750
1584616523693 4.0 751
1584616526536 2.0 752
1584616529256 2.0 753
1584616532109 4.0 754
1584616534814 5.0 755
1584616537772 -1.0 756
1584616540425 3.0 757
1584616543071 3.0 758
1584616545731 1.0 759
1584616548418 -1.0 760
1584616551142 3.0 761
1584616553770 2.0 762
1584616556736 4.0 763
1584616559250 5.0 764
1584616562625 3.0 765
1584616565483 3.0 766
1584616568198 4.0 767
1584616571000 5.0 768
1584616573608 6.0 769
1584616576199 0.0 770
1584616578758 4.0 771
1584616581457 3.0 772
1584616583962 1.0 773
1584616586610 2.0 774
1584616589397 5.0 775
1584616592257 3.0 776
1584616594979 4.0 777
1584616597872 2.0 778
1584616601980 7.0 779
1584616604862 0.0 780
1584616608067 3.0 781
1584616612386 3.0 782
1584616618225 4.0 783
1584616622534 1.0 784
1584616625917 7.0 785
1584616628397 3.0 786
1584616631190 6.0 787
1584616633803 0.0 788
1584616638308 2.0 789
1584616642052 5.0 790
1584616644680 5.0 791
1584616647730 6.0 792
1584616650314 4.0 793
1584616653005 4.0 794
1584616655795 10.0 795
1584616658347 4.0 796
1584616661479 2.0 797
1584616663879 1.0 798
1584616666563 1.0 799
1584616671312 6.0 800
1584616675464 6.0 801
1584616680365 2.0 802
1584616687419 3.0 803
1584616691787 3.0 804
1584616694773 3.0 805
1584616698300 3.0 806
1584616702177 0.0 807
1584616705422 5.0 808
1584616708439 5.0 809
1584616711486 2.0 810
1584616715298 2.0 811
1584616718610 -2.0 812
1584616722118 4.0 813
1584616725570 6.0 814
1584616728730 3.0 815
1584616732523 1.0 816
1584616735523 5.0 817
1584616739463 3.0 818
1584616743963 6.0 819
1584616746628 2.0 820
1584616750197 4.0 821
1584616752823 5.0 822
1584616755467 2.0 823
1584616760756 3.0 824
1584616764616 1.0 825
1584616767201 4.0 826
1584616769670 1.0 827
1584616772378 3.0 828
1584616774980 3.0 829
1584616777843 2.0 830
1584616780515 3.0 831
1584616783123 0.0 832
1584616785753 5.0 833
1584616788359 3.0 834
1584616791079 6.0 835
1584616793625 1.0 836
1584616796353 6.0 837
1584616799184 1.0 838
1584616801930 3.0 839
1584616804584 1.0 840
1584616807639 5.0 841
1584616810687 3.0 842
1584616813431 2.0 843
1584616816127 2.0 844
1584616818593 7.0 845
1584616821389 5.0 846
1584616823895 3.0 847
1584616826589 1.0 848
1584616829703 2.0 849
1584616833718 7.0 850
1584616836472 0.0 851
1584616839098 2.0 852
1584616842198 3.0 853
1584616844674 4.0 854
1584616847380 7.0 855
1584616850035 3.0 856
1584616852724 4.0 857
1584616855515 2.0 858
1584616858445 5.0 859
1584616861105 0.0 860
1584616863840 6.0 861
1584616866362 3.0 862
1584616868837 0.0 863
1584616871524 4.0 864
1584616873980 3.0 865
1584616876653 3.0 866
1584616879166 4.0 867
1584616882046 7.0 868
1584616884526 3.0 869
1584616887314 3.0 870
1584616890880 4.0 871
1584616894156 5.0 872
1584616896851 4.0 873
1584616899433 6.0 874
1584616902200 4.0 875
1584616904670 10.0 876
1584616907380 5.0 877
1584616910123 3.0 878
1584616912954 2.0 879
1584616917463 2.0 880
1584616920253 1.0 881
1584616923659 5.0 882
1584616926618 5.0 883
1584616929884 6.0 884
1584616932731 2.0 885
1584616935501 5.0 886
1584616938083 1.0 887
1584616941290 6.0 888
1584616943809 6.0 889
1584616946497 4.0 890
1584616949543 4.0 891
1584616955202 1.0 892
1584616958158 2.0 893
1584616961090 8.0 894
1584616963797 6.0 895
1584616966542 5.0 896
1584616969690 3.0 897
1584616972768 4.0 898
1584616977633 0.0 899
1584616983935 3.0 900
1584616988350 4.0 901
1584616992009 8.0 902
1584616995120 4.0 903
1584616998234 3.0 904
1584617001573 7.0 905
1584617005125 6.0 906
1584617008206 1.0 907
1584617011789 5.0 908
1584617015566 6.0 909
1584617018715 5.0 910
1584617022290 5.0 911
1584617026504 5.0 912
1584617031807 4.0 913
1584617037076 3.0 914
1584617041666 4.0 915
1584617047877 2.0 916
1584617055655 7.0 917
1584617063238 1.0 918
1584617069754 4.0 919
1584617073092 2.0 920
1584617077375 0.0 921
1584617081897 6.0 922
1584617085499 3.0 923
1584617089734 7.0 924
1584617092873 4.0 925
1584617096047 6.0 926
1584617098575 5.0 927
1584617103054 8.0 928
1584617106317 8.0 929
1584617109558 2.0 930
1584617113142 5.0 931
1584617118168 4.0 932
1584617120899 5.0 933
1584617123412 3.0 934
1584617126068 6.0 935
1584617129545 4.0 936
1584617136328 1.0 937
1584617141752 4.0 938
1584617147625 5.0 939
1584617153033 9.0 940
1584617157772 8.0 941
1584617161686 6.0 942
1584617165077 8.0 943
1584617168131 1.0 944
1584617170888 4.0 945
1584617175728 7.0 946
1584617179320 6.0 947
1584617183933 5.0 948
1584617187151 8.0 949
1584617189927 1.0 950
1584617193979 6.0 951
1584617196831 7.0 952
1584617200790 5.0 953
1584617204380 5.0 954
1584617207914 3.0 955
1584617211026 -1.0 956
1584617214662 5.0 957
1584617218213 6.0 958
1584617222641 6.0 959
1584617227606 1.0 960
1584617232247 3.0 961
1584617235367 3.0 962
1584617238286 7.0 963
1584617241756 6.0 964
1584617246928 0.0 965
1584617252501 1.0 966
1584617257223 7.0 967
1584617260335 5.0 968
1584617263139 5.0 969
1584617265576 4.0 970
1584617268103 5.0 971
1584617273964 0.0 972
1584617277737 3.0 973
1584617280365 6.0 974
1584617283549 3.0 975
1584617286485 3.0 976
1584617288931 3.0 977
1584617291607 4.0 978
1584617294324 3.0 979
1584617297048 4.0 980
1584617299832 3.0 981
1584617302411 7.0 982
1584617304923 4.0 983
1584617307659 4.0 984
1584617310828 2.0 985
1584617313542 8.0 986
1584617316400 2.0 987
1584617319048 6.0 988
1584617321879 4.0 989
1584617324500 4.0 990
1584617327679 8.0 991
1584617330440 3.0 992
1584617333006 9.0 993
1584617336071 3.0 994
1584617338661 7.0 995
1584617341753 0.0 996
1584617344344 6.0 997
1584617347051 1.0 998
1584617350225 4.0 999
1584617352737 1.0 1000
1584617355589 7.0 1001
1584617358128 6.0 1002
1584617360811 7.0 1003
1584617363292 5.0 1004
1584617366078 1.0 1005
1584617368592 7.0 1006
1584617371602 2.0 1007
1584617374118 4.0 1008
1584617377068 7.0 1009
1584617379533 6.0 1010
1584617382579 4.0 1011
1584617385189 4.0 1012
1584617387757 6.0 1013
1584617390239 4.0 1014
1584617392785 7.0 1015
1584617395516 6.0 1016
1584617398153 5.0 1017
1584617401254 4.0 1018
1584617404298 8.0 1019
1584617406918 11.0 1020
1584617409578 5.0 1021
1584617412489 5.0 1022
1584617415113 5.0 1023
1584617417696 8.0 1024
1584617420288 4.0 1025
1584617422868 6.0 1026
1584617425703 9.0 1027
1584617428524 4.0 1028
1584617431411 4.0 1029
1584617433889 3.0 1030
1584617436606 4.0 1031
1584617439171 5.0 1032
1584617442254 2.0 1033
1584617444698 1.0 1034
1584617447905 7.0 1035
1584617450730 7.0 1036
1584617453257 6.0 1037
1584617455972 7.0 1038
1584617458787 5.0 1039
1584617461693 8.0 1040
1584617465077 5.0 1041
1584617468071 7.0 1042
1584617471809 6.0 1043
1584617476035 8.0 1044
1584617480972 5.0 1045
1584617484617 3.0 1046
1584617488407 4.0 1047
1584617493716 4.0 1048
1584617498872 3.0 1049
1584617502531 0.0 1050
1584617505389 4.0 1051
1584617508645 4.0 1052
1584617511869 4.0 1053
1584617514666 1.0 1054
1584617517411 5.0 1055
1584617520572 1.0 1056
1584617523633 5.0 1057
1584617526493 1.0 1058
1584617528925 4.0 1059
1584617531450 10.0 1060
1584617533870 10.0 1061
1584617536320 4.0 1062
1584617538728 8.0 1063
1584617541268 7.0 1064
1584617543790 4.0 1065
1584617547375 0.0 1066
1584617550666 8.0 1067
1584617553293 1.0 1068
1584617556992 5.0 1069
1584617561387 3.0 1070
1584617564157 4.0 1071
1584617567159 5.0 1072
1584617569703 4.0 1073
1584617572673 7.0 1074
1584617575733 1.0 1075
1584617578601 7.0 1076
1584617582674 9.0 1077
1584617586244 7.0 1078
1584617589570 2.0 1079
1584617592904 3.0 1080
1584617595560 4.0 1081
1584617598322 4.0 1082
1584617601997 7.0 1083
1584617604906 7.0 1084
1584617608690 7.0 1085
1584617611284 5.0 1086
1584617613697 2.0 1087
1584617617423 6.0 1088
1584617620937 4.0 1089
1584617623561 3.0 1090
1584617626083 3.0 1091
1584617628524 10.0 1092
1584617630915 7.0 1093
1584617633401 8.0 1094
1584617636952 0.0 1095
1584617640613 8.0 1096
1584617643838 7.0 1097
1584617646480 9.0 1098
1584617648880 4.0 1099
1584617651414 4.0 1100
1584617654053 1.0 1101
1584617656576 6.0 1102
1584617659002 8.0 1103
1584617661475 6.0 1104
1584617663855 6.0 1105
1584617666334 1.0 1106
1584617668710 3.0 1107
1584617671300 10.0 1108
1584617673835 7.0 1109
1584617676305 5.0 1110
1584617678731 5.0 1111
1584617681516 5.0 1112
1584617684208 3.0 1113
1584617686610 0.0 1114
1584617688960 6.0 1115
1584617691465 7.0 1116
1584617693873 3.0 1117
1584617696646 11.0 1118
1584617699366 4.0 1119
1584617701848 5.0 1120
1584617704461 6.0 1121
1584617706891 5.0 1122
1584617710520 6.0 1123
1584617713468 6.0 1124
1584617716488 5.0 1125
1584617719193 5.0 1126
1584617722676 8.0 1127
1584617726812 6.0 1128
1584617729346 9.0 1129
1584617731914 8.0 1130
1584617734576 1.0 1131
1584617737179 2.0 1132
1584617740379 7.0 1133
1584617744548 5.0 1134
1584617747422 5.0 1135
1584617749859 8.0 1136
1584617752351 3.0 1137
1584617754783 3.0 1138
1584617757270 4.0 1139
1584617759738 1.0 1140
1584617762368 3.0 1141
1584617764764 8.0 1142
1584617767208 5.0 1143
1584617769611 6.0 1144
1584617772217 4.0 1145
1584617775247 7.0 1146
1584617778090 0.0 1147
1584617781761 7.0 1148
1584617784460 3.0 1149
1584617787167 5.0 1150
1584617789682 9.0 1151
1584617792294 -1.0 1152
1584617794812 3.0 1153
1584617797339 4.0 1154
1584617799694 5.0 1155
1584617802001 8.0 1156
1584617804291 2.0 1157
1584617806612 2.0 1158
1584617809124 5.0 1159
1584617811636 3.0 1160
1584617815427 6.0 1161
1584617817755 3.0 1162
1584617820113 4.0 1163
1584617823525 4.0 1164
1584617827775 6.0 1165
1584617830046 1.0 1166
1584617832369 12.0 1167
1584617834663 5.0 1168
1584617837128 3.0 1169
1584617839843 -1.0 1170
1584617842179 2.0 1171
1584617844495 5.0 1172
1584617846773 7.0 1173
1584617849066 5.0 1174
1584617851463 2.0 1175
1584617853773 6.0 1176
1584617856046 8.0 1177
1584617858384 9.0 1178
1584617860661 4.0 1179
1584617862911 5.0 1180
1584617865261 5.0 1181
1584617867796 7.0 1182
1584617870404 4.0 1183
1584617872897 5.0 1184
1584617875882 6.0 1185
1584617879559 3.0 1186
1584617883919 5.0 1187
1584617886780 6.0 1188
1584617889774 7.0 1189
1584617892630 6.0 1190
1584617894993 4.0 1191
1584617898794 4.0 1192
1584617902235 7.0 1193
1584617904727 6.0 1194
1584617910376 4.0 1195
1584617912797 3.0 1196
1584617918546 9.0 1197
1584617921298 4.0 1198
1584617924023 9.0 1199
1584617926666 5.0 1200
1584617931370 6.0 1201
1584617937551 1.0 1202
1584617941725 4.0 1203
1584617944626 9.0 1204
1584617947904 2.0 1205
1584617950679 5.0 1206
1584617954649 5.0 1207
1584617958388 6.0 1208
1584617961539 3.0 1209
1584617964273 5.0 1210
1584617967026 0.0 1211
1584617969591 2.0 1212
1584617972014 10.0 1213
1584617974376 8.0 1214
1584617976692 7.0 1215
1584617979270 8.0 1216
1584617982300 6.0 1217
1584617985245 9.0 1218
1584617988109 4.0 1219
1584617991451 7.0 1220
1584617994046 6.0 1221
1584617996489 3.0 1222
1584617999322 9.0 1223
1584618002043 9.0 1224
1584618004540 5.0 1225
1584618007238 6.0 1226
1584618010170 10.0 1227
1584618012548 7.0 1228
1584618014746 6.0 1229
1584618016981 3.0 1230
1584618019211 5.0 1231
1584618021499 -1.0 1232
1584618023748 5.0 1233
1584618026004 6.0 1234
1584618028227 9.0 1235
1584618030553 5.0 1236
1584618032822 4.0 1237
1584618035167 6.0 1238
1584618037516 4.0 1239
1584618039765 8.0 1240
1584618042063 9.0 1241
1584618044283 10.0 1242
1584618046597 6.0 1243
1584618048835 6.0 1244
1584618051088 6.0 1245
1584618053337 3.0 1246
1584618055556 4.0 1247
1584618057784 -1.0 1248
1584618060006 4.0 1249
1584618062350 9.0 1250
1584618064581 10.0 1251
1584618066937 7.0 1252
1584618069204 1.0 1253
1584618071443 7.0 1254
1584618073671 8.0 1255
1584618075900 5.0 1256
1584618078152 11.0 1257
1584618080390 2.0 1258
1584618082587 4.0 1259
1584618084832 7.0 1260
1584618087040 9.0 1261
1584618089261 2.0 1262
1584618091507 4.0 1263
1584618093728 10.0 1264
1584618095996 0.0 1265
1584618098270 4.0 1266
1584618100533 3.0 1267
1584618102766 8.0 1268
1584618104989 8.0 1269
1584618107220 3.0 1270
1584618109454 5.0 1271
1584618111819 2.0 1272
1584618114098 9.0 1273
1584618116326 5.0 1274
1584618118569 5.0 1275
1584618120805 8.0 1276
1584618123100 9.0 1277
1584618125296 6.0 1278
1584618127553 7.0 1279
1584618129730 2.0 1280
1584618132036 6.0 1281
1584618134287 5.0 1282
1584618136494 3.0 1283
1584618138714 8.0 1284
1584618141074 3.0 1285
1584618143286 3.0 1286
1584618145478 4.0 1287
1584618147723 5.0 1288
1584618149954 5.0 1289
1584618152215 5.0 1290
1584618154423 8.0 1291
1584618156642 9.0 1292
1584618158870 4.0 1293
1584618161099 3.0 1294
1584618163379 1.0 1295
1584618165566 5.0 1296
1584618167835 6.0 1297
1584618170063 5.0 1298
1584618172285 5.0 1299
1584618174530 5.0 1300
1584618176912 2.0 1301
1584618179216 9.0 1302
1584618181508 6.0 1303
1584618183722 4.0 1304
1584618185945 4.0 1305
1584618188170 4.0 1306
1584618190368 6.0 1307
1584618192643 7.0 1308
1584618194876 3.0 1309
1584618197086 9.0 1310
1584618199311 7.0 1311
1584618201586 4.0 1312
1584618203822 6.0 1313
1584618206077 4.0 1314
1584618208274 7.0 1315
1584618210478 10.0 1316
1584618212728 5.0 1317
1584618215005 11.0 1318
1584618217276 2.0 1319
1584618219513 9.0 1320
1584618221725 6.0 1321
1584618224046 7.0 1322
1584618226317 4.0 1323
1584618228664 8.0 1324
1584618230917 2.0 1325
1584618233192 5.0 1326
1584618235493 9.0 1327
1584618237705 7.0 1328
1584618239923 4.0 1329
1584618242253 4.0 1330
1584618244505 3.0 1331
1584618246725 4.0 1332
1584618248935 1.0 1333
1584618251139 0.0 1334
1584618253344 8.0 1335
1584618255539 8.0 1336
1584618257744 6.0 1337
1584618260037 0.0 1338
1584618262235 10.0 1339
1584618264441 1.0 1340
1584618266691 9.0 1341
1584618268938 5.0 1342
1584618271177 7.0 1343
1584618273516 8.0 1344
1584618275875 8.0 1345
1584618278133 3.0 1346
1584618280361 9.0 1347
1584618282620 2.0 1348
1584618284835 6.0 1349
1584618287090 5.0 1350
1584618289355 4.0 1351
1584618291558 5.0 1352
1584618293769 3.0 1353
1584618296056 8.0 1354
1584618298285 9.0 1355
1584618300559 12.0 1356
1584618302865 6.0 1357
1584618305111 8.0 1358
1584618307374 10.0 1359
1584618309603 9.0 1360
1584618311806 3.0 1361
1584618314039 10.0 1362
1584618316313 8.0 1363
1584618318538 5.0 1364
1584618320826 6.0 1365
1584618323049 9.0 1366
1584618325474 10.0 1367
1584618327728 7.0 1368
1584618329973 10.0 1369
1584618332247 6.0 1370
1584618334545 2.0 1371
1584618336796 7.0 1372
1584618339110 2.0 1373
1584618341457 10.0 1374
1584618343802 6.0 1375
1584618346053 6.0 1376
1584618348278 5.0 1377
1584618350516 6.0 1378
1584618352763 0.0 1379
1584618355031 9.0 1380
1584618357381 8.0 1381
1584618359621 9.0 1382
1584618361911 7.0 1383
1584618364283 10.0 1384
1584618366520 9.0 1385
1584618368773 11.0 1386
1584618370987 7.0 1387
1584618373213 5.0 1388
1584618375423 6.0 1389
1584618377678 7.0 1390
1584618379955 5.0 1391
1584618382220 6.0 1392
1584618384435 7.0 1393
1584618386716 6.0 1394
1584618389152 5.0 1395
1584618391441 6.0 1396
1584618393701 9.0 1397
1584618396015 10.0 1398
1584618398289 7.0 1399
1584618400576 4.0 1400
1584618402954 7.0 1401
1584618405218 8.0 1402
1584618407490 3.0 1403
1584618409727 7.0 1404
1584618412007 4.0 1405
1584618414231 5.0 1406
1584618416584 7.0 1407
1584618418871 9.0 1408
1584618421161 8.0 1409
1584618423597 2.0 1410
1584618425868 7.0 1411
1584618428105 8.0 1412
1584618430355 8.0 1413
1584618432642 5.0 1414
1584618434905 7.0 1415
1584618437157 6.0 1416
1584618439436 6.0 1417
1584618441724 10.0 1418
1584618444024 3.0 1419
1584618446299 10.0 1420
1584618448585 7.0 1421
1584618450809 8.0 1422
1584618453099 10.0 1423
1584618455365 4.0 1424
1584618457618 7.0 1425
1584618459892 7.0 1426
1584618462227 6.0 1427
1584618464547 3.0 1428
1584618466794 8.0 1429
1584618469138 0.0 1430
1584618471372 8.0 1431
1584618473651 8.0 1432
1584618475905 3.0 1433
1584618478178 6.0 1434
1584618480465 8.0 1435
1584618482901 7.0 1436
1584618485231 7.0 1437
1584618487559 4.0 1438
1584618489835 3.0 1439
1584618492345 4.0 1440
1584618494805 6.0 1441
1584618497199 9.0 1442
1584618499630 5.0 1443
1584618501930 6.0 1444
1584618504251 9.0 1445
1584618506553 6.0 1446
1584618508779 0.0 1447
1584618511037 6.0 1448
1584618513386 4.0 1449
1584618515614 3.0 1450
1584618517933 10.0 1451
1584618520239 5.0 1452
1584618522484 6.0 1453
1584618524768 6.0 1454
1584618527014 4.0 1455
1584618529234 5.0 1456
1584618531476 8.0 1457
1584618533728 4.0 1458
1584618535962 7.0 1459
1584618538208 4.0 1460
1584618540513 3.0 1461
1584618542798 4.0 1462
1584618545071 10.0 1463
1584618547287 5.0 1464
1584618549607 3.0 1465
1584618551835 2.0 1466
1584618554084 5.0 1467
1584618556304 6.0 1468
1584618558497 5.0 1469
1584618560734 4.0 1470
1584618562945 2.0 1471
1584618565152 5.0 1472
1584618567397 4.0 1473
1584618569657 12.0 1474
1584618571921 5.0 1475
1584618574239 7.0 1476
1584618576517 8.0 1477
1584618578737 6.0 1478
1584618580961 9.0 1479
1584618583340 6.0 1480
1584618585795 8.0 1481
1584618588446 4.0 1482
1584618590777 1.0 1483
1584618593613 6.0 1484
1584618595967 11.0 1485
1584618599233 3.0 1486
1584618604571 6.0 1487
1584618607411 8.0 1488
1584618609785 7.0 1489
1584618612193 8.0 1490
1584618614746 1.0 1491
1584618617056 7.0 1492
1584618619267 7.0 1493
1584618621537 5.0 1494
1584618623783 4.0 1495
1584618626056 6.0 1496
1584618628648 7.0 1497
1584618631747 8.0 1498
1584618634582 10.0 1499
1584618636802 8.0 1500
1584618639270 6.0 1501
1584618641556 6.0 1502
1584618643834 7.0 1503
1584618646081 8.0 1504
1584618648449 7.0 1505
1584618650729 12.0 1506
1584618652997 8.0 1507
1584618655207 5.0 1508
1584618657528 6.0 1509
1584618659742 3.0 1510
1584618662096 11.0 1511
1584618664449 9.0 1512
1584618666629 9.0 1513
1584618668810 6.0 1514
1584618671036 9.0 1515
1584618673289 10.0 1516
1584618675936 8.0 1517
1584618679962 10.0 1518
1584618683611 5.0 1519
1584618686728 7.0 1520
1584618689342 9.0 1521
1584618691881 9.0 1522
1584618694176 10.0 1523
1584618696739 9.0 1524
1584618699105 8.0 1525
1584618701396 10.0 1526
1584618703872 3.0 1527
1584618706212 3.0 1528
1584618709578 9.0 1529
1584618714191 9.0 1530
1584618716684 5.0 1531
1584618719178 9.0 1532
1584618722091 10.0 1533
1584618724593 7.0 1534
1584618726922 9.0 1535
1584618729221 8.0 1536
1584618731629 8.0 1537
1584618734317 4.0 1538
1584618736731 10.0 1539
1584618739674 6.0 1540
1584618742031 6.0 1541
1584618745680 8.0 1542
1584618748373 7.0 1543
1584618750941 5.0 1544
1584618753810 5.0 1545
1584618757147 8.0 1546
1584618759711 9.0 1547
1584618762203 5.0 1548
1584618764711 5.0 1549
1584618767215 5.0 1550
1584618769863 7.0 1551
1584618772438 6.0 1552
1584618774808 5.0 1553
1584618777077 6.0 1554
1584618779387 5.0 1555
1584618781762 12.0 1556
1584618784087 9.0 1557
1584618786417 10.0 1558
1584618788715 9.0 1559
1584618790970 7.0 1560
1584618795205 5.0 1561
1584618798381 6.0 1562
1584618800778 6.0 1563
1584618803215 8.0 1564
1584618805722 10.0 1565
1584618808042 8.0 1566
1584618810599 9.0 1567
1584618813006 6.0 1568
1584618815749 5.0 1569
1584618818120 13.0 1570
1584618820688 5.0 1571
1584618823170 9.0 1572
1584618826184 8.0 1573
1584618828825 7.0 1574
1584618831353 5.0 1575
1584618833636 9.0 1576
1584618835976 6.0 1577
1584618838294 9.0 1578
1584618840845 9.0 1579
1584618843283 10.0 1580
1584618845976 5.0 1581
1584618848358 9.0 1582
1584618850600 14.0 1583
1584618852863 6.0 1584
1584618855134 6.0 1585
1584618857359 6.0 1586
1584618859590 8.0 1587
1584618861818 1.0 1588
1584618864101 10.0 1589
1584618866420 5.0 1590
1584618868674 10.0 1591
1584618871038 12.0 1592
1584618873421 7.0 1593
1584618875711 5.0 1594
1584618877929 8.0 1595
1584618880175 11.0 1596
1584618883054 12.0 1597
1584618885429 14.0 1598
1584618887781 8.0 1599
1584618890158 4.0 1600
1584618892674 3.0 1601
1584618895010 11.0 1602
1584618897348 8.0 1603
1584618899648 12.0 1604
1584618901967 8.0 1605
1584618904340 3.0 1606
1584618906897 2.0 1607
1584618909157 2.0 1608
1584618911421 4.0 1609
1584618913674 8.0 1610
1584618915935 4.0 1611
1584618918224 5.0 1612
1584618920512 9.0 1613
1584618922764 7.0 1614
1584618925042 8.0 1615
1584618927361 7.0 1616
1584618929623 11.0 1617
1584618931909 8.0 1618
1584618934179 6.0 1619
1584618936416 7.0 1620
1584618938726 5.0 1621
1584618940994 8.0 1622
1584618943299 6.0 1623
1584618945607 5.0 1624
1584618947868 7.0 1625
1584618950161 9.0 1626
1584618952444 8.0 1627
1584618954736 9.0 1628
1584618957035 7.0 1629
1584618959613 4.0 1630
1584618962546 6.0 1631
1584618966539 4.0 1632
1584618969035 12.0 1633
1584618971303 11.0 1634
1584618973612 7.0 1635
1584618975937 8.0 1636
1584618978202 6.0 1637
1584618980489 11.0 1638
1584618982747 9.0 1639
1584618985400 5.0 1640
1584618987674 9.0 1641
1584618989953 8.0 1642
1584618992237 3.0 1643
1584618994510 9.0 1644
1584618996812 4.0 1645
1584618999134 8.0 1646
1584619001425 11.0 1647
1584619003828 8.0 1648
1584619006189 10.0 1649
1584619008424 7.0 1650
1584619010710 4.0 1651
1584619013004 4.0 1652
1584619015336 10.0 1653
1584619017674 3.0 1654
1584619019956 6.0 1655
1584619022347 8.0 1656
1584619024641 2.0 1657
1584619026905 8.0 1658
1584619029165 5.0 1659
1584619031478 9.0 1660
1584619034827 5.0 1661
1584619037407 7.0 1662
1584619040020 12.0 1663
1584619042478 7.0 1664
1584619044804 5.0 1665
1584619047106 14.0 1666
1584619049343 2.0 1667
1584619051675 6.0 1668
1584619054008 0.0 1669
1584619056316 14.0 1670
1584619058575 4.0 1671
1584619060871 0.0 1672
1584619063193 11.0 1673
1584619065485 8.0 1674
1584619067776 6.0 1675
1584619070023 3.0 1676
1584619072308 6.0 1677
1584619074611 1.0 1678
1584619076880 3.0 1679
1584619079163 9.0 1680
1584619081597 7.0 1681
1584619083904 4.0 1682
1584619086212 8.0 1683
1584619088514 6.0 1684
1584619090804 16.0 1685
1584619093112 4.0 1686
1584619095505 7.0 1687
1584619097762 8.0 1688
1584619100141 11.0 1689
1584619102750 7.0 1690
1584619105188 6.0 1691
1584619107554 5.0 1692
1584619110802 7.0 1693
1584619113396 10.0 1694
1584619115961 6.0 1695
1584619119737 6.0 1696
1584619122491 9.0 1697
1584619124804 6.0 1698
1584619127101 5.0 1699
1584619129400 8.0 1700
1584619131885 10.0 1701
1584619134209 6.0 1702
1584619136542 8.0 1703
1584619138798 7.0 1704
1584619141121 11.0 1705
1584619143573 6.0 1706
1584619145809 6.0 1707
1584619148088 11.0 1708
1584619150325 8.0 1709
1584619152640 8.0 1710
1584619154902 8.0 1711
1584619157160 7.0 1712
1584619159458 4.0 1713
1584619161872 10.0 1714
1584619164192 9.0 1715
1584619166462 12.0 1716
1584619168693 7.0 1717
1584619170968 13.0 1718
1584619173289 9.0 1719
1584619175627 10.0 1720
1584619177915 11.0 1721
1584619180193 9.0 1722
1584619182485 8.0 1723
1584619184732 5.0 1724
1584619186983 8.0 1725
1584619189407 10.0 1726
1584619191751 7.0 1727
1584619194128 4.0 1728
1584619196425 7.0 1729
1584619198916 8.0 1730
1584619201629 7.0 1731
1584619204102 7.0 1732
1584619206314 0.0 1733
1584619208621 7.0 1734
1584619210910 6.0 1735
1584619213174 6.0 1736
1584619215362 8.0 1737
1584619217556 5.0 1738
1584619219762 4.0 1739
1584619221956 6.0 1740
1584619224124 5.0 1741
1584619226331 6.0 1742
1584619228571 4.0 1743
1584619230825 9.0 1744
1584619233047 13.0 1745
1584619235205 6.0 1746
1584619237405 10.0 1747
1584619239634 12.0 1748
1584619241884 9.0 1749
1584619244143 12.0 1750
1584619246299 2.0 1751
1584619248565 11.0 1752
1584619250778 8.0 1753
1584619252957 9.0 1754
1584619255173 7.0 1755
1584619257412 8.0 1756
1584619259681 8.0 1757
1584619261998 10.0 1758
1584619264248 6.0 1759
1584619266497 8.0 1760
1584619268671 10.0 1761
1584619270856 15.0 1762
1584619273060 4.0 1763
1584619275293 8.0 1764
1584619277487 5.0 1765
1584619279710 6.0 1766
1584619281917 3.0 1767
1584619284155 7.0 1768
1584619286386 10.0 1769
1584619288605 13.0 1770
1584619291264 8.0 1771
1584619293638 6.0 1772
1584619296016 7.0 1773
1584619298231 8.0 1774
1584619301273 8.0 1775
1584619304115 7.0 1776
1584619306357 10.0 1777
1584619308617 8.0 1778
1584619310845 9.0 1779
1584619313085 5.0 1780
1584619315276 3.0 1781
1584619317533 10.0 1782
1584619319717 11.0 1783
1584619322146 5.0 1784
1584619324361 12.0 1785
1584619326629 6.0 1786
1584619328843 11.0 1787
1584619331080 9.0 1788
1584619333343 11.0 1789
1584619335618 5.0 1790
1584619337833 14.0 1791
1584619340041 9.0 1792
1584619342254 11.0 1793
1584619344501 11.0 1794
1584619346719 7.0 1795
1584619348948 6.0 1796
1584619351211 7.0 1797
1584619353467 14.0 1798
1584619355760 5.0 1799
1584619358004 9.0 1800
1584619360330 7.0 1801
1584619362561 8.0 1802
1584619364779 11.0 1803
1584619367011 8.0 1804
1584619369206 6.0 1805
1584619371463 9.0 1806
1584619373708 13.0 1807
1584619375921 9.0 1808
1584619378107 14.0 1809
1584619380328 7.0 1810
1584619382633 10.0 1811
1584619384849 10.0 1812
1584619387147 9.0 1813
1584619389334 1.0 1814
1584619391679 8.0 1815
1584619393907 8.0 1816
1584619396134 8.0 1817
1584619398384 11.0 1818
1584619400583 5.0 1819
1584619402821 5.0 1820
1584619405063 4.0 1821
1584619407384 4.0 1822
1584619409632 9.0 1823
1584619411894 5.0 1824
1584619414072 5.0 1825
1584619416304 8.0 1826
1584619418585 8.0 1827
1584619420832 0.0 1828
1584619423235 5.0 1829
1584619425468 3.0 1830
1584619427743 3.0 1831
1584619429972 3.0 1832
1584619432206 7.0 1833
1584619434469 6.0 1834
1584619436715 3.0 1835
1584619438977 6.0 1836
1584619441281 9.0 1837
1584619443672 12.0 1838
1584619445915 12.0 1839
1584619448153 9.0 1840
1584619450378 10.0 1841
1584619452697 2.0 1842
1584619454964 5.0 1843
1584619457247 11.0 1844
1584619459476 4.0 1845
1584619461694 8.0 1846
1584619463925 5.0 1847
1584619466204 4.0 1848
1584619468470 5.0 1849
1584619470696 6.0 1850
1584619472998 11.0 1851
1584619475286 7.0 1852
1584619477544 11.0 1853
1584619479805 4.0 1854
1584619482119 8.0 1855
1584619484412 3.0 1856
1584619486839 9.0 1857
1584619489220 9.0 1858
1584619491431 7.0 1859
1584619493669 6.0 1860
1584619495881 11.0 1861
1584619498153 7.0 1862
1584619500420 9.0 1863
1584619502786 9.0 1864
1584619505008 5.0 1865
1584619507230 10.0 1866
1584619509479 6.0 1867
1584619511690 0.0 1868
1584619513960 8.0 1869
1584619516209 3.0 1870
1584619518522 11.0 1871
1584619520741 12.0 1872
1584619522994 11.0 1873
1584619525261 12.0 1874
1584619527551 7.0 1875
1584619529788 8.0 1876
1584619532064 8.0 1877
1584619534311 12.0 1878
1584619536548 8.0 1879
1584619538802 4.0 1880
1584619541078 6.0 1881
1584619543372 7.0 1882
1584619545653 7.0 1883
1584619547959 6.0 1884
1584619550249 8.0 1885
1584619552481 10.0 1886
1584619554741 10.0 1887
1584619556998 11.0 1888
1584619559252 9.0 1889
1584619561488 7.0 1890
1584619563796 6.0 1891
1584619566053 11.0 1892
1584619568312 9.0 1893
1584619570553 8.0 1894
1584619572808 5.0 1895
1584619575079 5.0 1896
1584619577357 10.0 1897
1584619579641 11.0 1898
1584619581981 4.0 1899
1584619585208 10.0 1900
1584619587747 8.0 1901
1584619590117 9.0 1902
1584619592417 2.0 1903
1584619594666 11.0 1904
1584619596960 9.0 1905
1584619599279 10.0 1906
1584619601536 7.0 1907
1584619603760 7.0 1908
1584619605996 9.0 1909
1584619608221 10.0 1910
1584619610483 6.0 1911
1584619612708 9.0 1912
1584619615068 9.0 1913
1584619617392 10.0 1914
1584619619640 2.0 1915
1584619622114 10.0 1916
1584619624384 14.0 1917
1584619626637 9.0 1918
1584619628821 7.0 1919
1584619631049 6.0 1920
1584619633286 7.0 1921
1584619635535 10.0 1922
1584619637721 11.0 1923
1584619639946 6.0 1924
1584619642228 6.0 1925
1584619644525 8.0 1926
1584619646850 4.0 1927
1584619649081 10.0 1928
1584619651332 7.0 1929
1584619653621 12.0 1930
1584619655870 11.0 1931
1584619658140 14.0 1932
1584619660400 5.0 1933
1584619662887 4.0 1934
1584619666137 13.0 1935
1584619668989 16.0 1936
1584619672142 5.0 1937
1584619674692 7.0 1938
1584619677076 4.0 1939
1584619679334 6.0 1940
1584619683111 8.0 1941
1584619685336 7.0 1942
1584619693629 6.0 1943
1584619698479 13.0 1944
1584619700710 11.0 1945
1584619703005 17.0 1946
1584619705324 10.0 1947
1584619707602 8.0 1948
1584619709802 12.0 1949
1584619712044 10.0 1950
1584619714284 9.0 1951
1584619716561 10.0 1952
1584619721375 4.0 1953
1584619723818 11.0 1954
1584619726330 9.0 1955
1584619729319 10.0 1956
1584619732223 10.0 1957
1584619734876 4.0 1958
1584619737336 10.0 1959
1584619741068 8.0 1960
1584619744632 8.0 1961
1584619747981 13.0 1962
1584619750758 5.0 1963
1584619753747 5.0 1964
1584619756881 10.0 1965
1584619760105 6.0 1966
1584619762848 15.0 1967
1584619766055 11.0 1968
1584619768674 13.0 1969
1584619772473 6.0 1970
1584619775218 12.0 1971
1584619779648 7.0 1972
1584619784001 10.0 1973
1584619786711 4.0 1974
1584619789804 10.0 1975
1584619792459 5.0 1976
1584619795140 5.0 1977
1584619800375 7.0 1978
1584619803283 9.0 1979
1584619805612 11.0 1980
1584619808057 8.0 1981
1584619810474 8.0 1982
1584619812993 14.0 1983
1584619815342 7.0 1984
1584619817660 4.0 1985
1584619820114 6.0 1986
1584619822570 11.0 1987
1584619824923 8.0 1988
1584619828431 11.0 1989
1584619832225 8.0 1990
1584619834908 7.0 1991
1584619837783 10.0 1992
1584619841478 13.0 1993
1584619846785 9.0 1994
1584619855407 1.0 1995
1584619862874 6.0 1996
1584619868126 9.0 1997
1584619873445 8.0 1998
1584619875923 5.0 1999
1584619879190 10.0 2000
