1584622158466 1 1
1584622160773 1 2
1584622163214 1 3
1584622165529 1 4
1584622167873 1 5
1584622170255 1 6
1584622172618 1 7
1584622174851 1 8
1584622177150 1 9
1584622179364 1 10
1584622181590 1 11
1584622183887 1 12
1584622186052 1 13
1584622188236 1 14
1584622190394 1 15
1584622192651 1 16
1584622194823 1 17
1584622196994 1 18
1584622199213 1 19
1584622201439 1 20
1584622203711 1 21
1584622205920 1 22
1584622208132 1 23
1584622210331 1 24
1584622212545 1 25
1584622214754 1 26
1584622216960 1 27
1584622219277 1 28
1584622221493 1 29
1584622223708 1 30
1584622225924 1 31
1584622228118 1 32
1584622230325 1 33
1584622232547 1 34
1584622234743 1 35
1584622236923 1 36
1584622239113 1 37
1584622241271 1 38
1584622243483 1 39
1584622245693 1 40
1584622247864 1 41
1584622250103 1 42
1584622252311 1 43
1584622254479 1 44
1584622256673 1 45
1584622258890 1 46
1584622261075 1 47
1584622263285 1 48
1584622265498 1 49
1584622267672 1 50
1584622269870 1 51
1584622272077 1 52
1584622274264 1 53
1584622276508 1 54
1584622278709 1 55
1584622280947 1 56
1584622283193 1 57
1584622285397 1 58
1584622287630 1 59
1584622289931 1 60
1584622292136 1 61
1584622294370 1 62
1584622296594 1 63
1584622298767 1 64
1584622300962 1 65
1584622303138 1 66
1584622305371 1 67
1584622307573 1 68
1584622309786 1 69
1584622311974 1 70
1584622314156 1 71
1584622316485 1 72
1584622318670 1 73
1584622320922 1 74
1584622323493 1 75
1584622325682 1 76
1584622327948 1 77
1584622330221 1 78
1584622332416 1 79
1584622334637 1 80
1584622336859 1 81
1584622339061 1 82
1584622341266 1 83
1584622343464 1 84
1584622345671 1 85
1584622347875 1 86
1584622350070 1 87
1584622352303 1 88
1584622354534 1 89
1584622356730 1 90
1584622358927 1 91
1584622361129 1 92
1584622363370 1 93
1584622365565 1 94
1584622367772 1 95
1584622369956 1 96
1584622372187 1 97
1584622374374 1 98
1584622376593 1 99
1584622378798 1 100
1584622381079 1 101
1584622383333 1 102
1584622385538 1 103
1584622387776 1 104
1584622389965 1 105
1584622392173 1 106
1584622394382 1 107
1584622396557 1 108
1584622398709 1 109
1584622400917 1 110
1584622403124 1 111
1584622405330 1 112
1584622407577 1 113
1584622409744 1 114
1584622412047 1 115
1584622414333 1 116
1584622416545 1 117
1584622418761 1 118
1584622420949 1 119
1584622423177 1 120
1584622425362 1 121
1584622427591 1 122
1584622429793 1 123
1584622431986 1 124
1584622434177 1 125
1584622436375 1 126
1584622438586 1 127
1584622440788 1 128
1584622443151 1 129
1584622445348 1 130
1584622447594 1 131
1584622449807 1 132
1584622452003 1 133
1584622454205 1 134
1584622456413 1 135
1584622458656 1 136
1584622460871 1 137
1584622463132 1 138
1584622465362 1 139
1584622467572 1 140
1584622469754 1 141
1584622471929 1 142
1584622474273 1 143
1584622476467 1 144
1584622478670 1 145
1584622480864 1 146
1584622483073 1 147
1584622485292 1 148
1584622487530 1 149
1584622489755 1 150
1584622492004 1 151
1584622494244 1 152
1584622496478 1 153
1584622498731 1 154
1584622503706 1 155
1584622514668 1 156
1584622517687 1 157
1584622519897 1 158
1584622522084 1 159
1584622524740 1 160
1584622527808 1 161
1584622530567 1 162
1584622532793 1 163
1584622535037 1 164
1584622537673 1 165
1584622539880 1 166
1584622542105 1 167
1584622544412 1 168
1584622546727 1 169
1584622548931 1 170
1584622551106 1 171
1584622553299 1 172
1584622555528 1 173
1584622557701 1 174
1584622559864 1 175
1584622562364 1 176
1584622564623 1 177
1584622566796 1 178
1584622568944 1 179
1584622571119 1 180
1584622573378 1 181
1584622575608 1 182
1584622577792 1 183
1584622580311 1 184
1584622582683 1 185
1584622585011 1 186
1584622587361 1 187
1584622589567 1 188
1584622591771 1 189
1584622593950 1 190
1584622596130 1 191
1584622598305 1 192
1584622600514 1 193
1584622602723 1 194
1584622604949 1 195
1584622607132 1 196
1584622609387 1 197
1584622611779 1 198
1584622613946 1 199
1584622616128 1 200
1584622618404 1 201
1584622620609 1 202
1584622622793 1 203
1584622624954 1 204
1584622627125 1 205
1584622629292 1 206
1584622631493 1 207
1584622633685 1 208
1584622635841 1 209
1584622638015 1 210
1584622640241 1 211
1584622642538 1 212
1584622644746 1 213
1584622646923 1 214
1584622649102 1 215
1584622651301 1 216
1584622653503 1 217
1584622655684 1 218
1584622657875 1 219
1584622660034 1 220
1584622662456 1 221
1584622664671 1 222
1584622666876 1 223
1584622669053 1 224
1584622671269 1 225
1584622673429 1 226
1584622675603 1 227
1584622677767 1 228
1584622679990 1 229
1584622682273 1 230
1584622684469 1 231
1584622686704 1 232
1584622688885 1 233
1584622691038 1 234
1584622693234 1 235
1584622695392 1 236
1584622697547 1 237
1584622699758 1 238
1584622701992 1 239
1584622704202 1 240
1584622706539 1 241
1584622708822 1 242
1584622711027 1 243
1584622713175 1 244
1584622715354 1 245
1584622717543 1 246
1584622719706 1 247
1584622721890 1 248
1584622724082 1 249
1584622726260 1 250
1584622728429 1 251
1584622730606 1 252
1584622732823 1 253
1584622735025 1 254
1584622737318 1 255
1584622739529 1 256
1584622741740 1 257
1584622743954 1 258
1584622746109 1 259
1584622748268 1 260
1584622750430 1 261
1584622752634 1 262
1584622754803 1 263
1584622756968 1 264
1584622759180 1 265
1584622761364 1 266
1584622763557 1 267
1584622765705 1 268
1584622767932 1 269
1584622770110 1 270
1584622772516 1 271
1584622774710 1 272
1584622776919 1 273
1584622779133 1 274
1584622781301 1 275
1584622783539 1 276
1584622785728 1 277
1584622787925 1 278
1584622790101 1 279
1584622792348 1 280
1584622794563 1 281
1584622796756 1 282
1584622799033 1 283
1584622801479 1 284
1584622804064 1 285
1584622806252 1 286
1584622808445 1 287
1584622810716 1 288
1584622812919 1 289
1584622815146 1 290
1584622817356 1 291
1584622819603 1 292
1584622821834 1 293
1584622824042 1 294
1584622826283 1 295
1584622828503 1 296
1584622830725 1 297
1584622832987 1 298
1584622835336 1 299
1584622837581 1 300
1584622839866 1 301
1584622842093 1 302
1584622844321 1 303
1584622846535 1 304
1584622848787 1 305
1584622851000 1 306
1584622853275 1 307
1584622855500 1 308
1584622857739 1 309
1584622860013 1 310
1584622862300 1 311
1584622864565 1 312
1584622866769 1 313
1584622868986 1 314
1584622871220 1 315
1584622873468 1 316
1584622875688 1 317
1584622877903 1 318
1584622880134 1 319
1584622882378 1 320
1584622884649 1 321
1584622886893 1 322
1584622889151 1 323
1584622891368 1 324
1584622893587 1 325
1584622895874 1 326
1584622898156 1 327
1584622900604 1 328
1584622902850 1 329
1584622905090 1 330
1584622907317 1 331
1584622909535 1 332
1584622911781 1 333
1584622913990 1 334
1584622916196 1 335
1584622918436 1 336
1584622920722 1 337
1584622923134 1 338
1584622925375 1 339
1584622927618 1 340
1584622929824 1 341
1584622932144 1 342
1584622934369 1 343
1584622936598 1 344
1584622938822 1 345
1584622941139 1 346
1584622943390 1 347
1584622945647 1 348
1584622947853 1 349
1584622950080 1 350
1584622952309 1 351
1584622954578 1 352
1584622956821 1 353
1584622959058 1 354
1584622961326 1 355
1584622963617 1 356
1584622965847 1 357
1584622968063 1 358
1584622970294 1 359
1584622972530 1 360
1584622974752 1 361
1584622976991 1 362
1584622979217 1 363
1584622981504 1 364
1584622983717 1 365
1584622985926 1 366
1584622988170 1 367
1584622990386 1 368
1584622992665 1 369
1584622994890 1 370
1584622997271 1 371
1584622999511 1 372
1584623001729 1 373
1584623003954 1 374
1584623006169 1 375
1584623008419 1 376
1584623010661 1 377
1584623012868 1 378
1584623015147 1 379
1584623017597 1 380
1584623019880 1 381
1584623022125 1 382
1584623024394 1 383
1584623026645 1 384
1584623028933 1 385
1584623031181 1 386
1584623033445 1 387
1584623035680 1 388
1584623037893 1 389
1584623040144 1 390
1584623042408 1 391
1584623044655 1 392
1584623046879 1 393
1584623049098 1 394
1584623051351 1 395
1584623053639 1 396
1584623055850 1 397
1584623058175 1 398
1584623060389 1 399
1584623062628 1 400
1584623064913 1 401
1584623067198 1 402
1584623069399 1 403
1584623071620 1 404
1584623073884 1 405
1584623076215 1 406
1584623078482 1 407
1584623080743 1 408
1584623082989 1 409
1584623085263 1 410
1584623087507 1 411
1584623089724 1 412
1584623091936 1 413
1584623094412 1 414
1584623096646 1 415
1584623098882 1 416
1584623101141 1 417
1584623103477 1 418
1584623105721 1 419
1584623107961 1 420
1584623110221 1 421
1584623112477 1 422
1584623114729 1 423
1584623116953 1 424
1584623119186 1 425
1584623121580 1 426
1584623123833 1 427
1584623126069 1 428
1584623128480 1 429
1584623130825 1 430
1584623133332 1 431
1584623136255 1 432
1584623138476 1 433
1584623140698 1 434
1584623142932 1 435
1584623145143 1 436
1584623147316 1 437
1584623149520 1 438
1584623151728 1 439
1584623153946 1 440
1584623156157 1 441
1584623158370 1 442
1584623160573 1 443
1584623162826 1 444
1584623165042 1 445
1584623167280 1 446
1584623169514 1 447
1584623171737 1 448
1584623173933 1 449
1584623176127 1 450
1584623178349 1 451
1584623180582 1 452
1584623182749 1 453
1584623184982 1 454
1584623187200 1 455
1584623189462 1 456
1584623191832 1 457
1584623194011 1 458
1584623196220 1 459
1584623198437 1 460
1584623200642 1 461
1584623202845 1 462
1584623205070 1 463
1584623207342 1 464
1584623209550 1 465
1584623211770 1 466
1584623214022 1 467
1584623216243 1 468
1584623218477 1 469
1584623220752 1 470
1584623223180 1 471
1584623225468 1 472
1584623227707 1 473
1584623230003 1 474
1584623232239 1 475
1584623234461 1 476
1584623236673 1 477
1584623238891 1 478
1584623241158 1 479
1584623243343 1 480
1584623245560 1 481
1584623247756 1 482
1584623249947 1 483
1584623252216 1 484
1584623254410 1 485
1584623256624 1 486
1584623258827 1 487
1584623261062 1 488
1584623263610 1 489
1584623265908 1 490
1584623268156 1 491
1584623270374 1 492
1584623272584 1 493
1584623274774 1 494
1584623276961 1 495
1584623279178 1 496
1584623281428 1 497
1584623283973 1 498
1584623286184 1 499
1584623288540 1 500
1584623290813 1 501
1584623292986 1 502
1584623295189 1 503
1584623297382 1 504
1584623299674 1 505
1584623302106 1 506
1584623304330 1 507
1584623306542 1 508
1584623308738 1 509
1584623311141 1 510
1584623313563 1 511
1584623315886 1 512
1584623318125 1 513
1584623320337 1 514
1584623322537 1 515
1584623324740 1 516
1584623326945 1 517
1584623329216 1 518
1584623331415 1 519
1584623333634 1 520
1584623335809 1 521
1584623337994 1 522
1584623340242 1 523
1584623342553 1 524
1584623344786 1 525
1584623346981 1 526
1584623349244 1 527
1584623351479 1 528
1584623353671 1 529
1584623355868 1 530
1584623358075 1 531
1584623360284 1 532
1584623362575 1 533
1584623364770 1 534
1584623366961 1 535
1584623369182 1 536
1584623371417 1 537
1584623373689 1 538
1584623375875 1 539
1584623378125 1 540
1584623380340 1 541
1584623382586 1 542
1584623385007 1 543
1584623387174 1 544
1584623389394 1 545
1584623391606 1 546
1584623393879 1 547
1584623396088 1 548
1584623398306 1 549
1584623400511 1 550
1584623402787 1 551
1584623404980 1 552
1584623407210 1 553
1584623409395 1 554
1584623411586 1 555
1584623413844 1 556
1584623416189 1 557
1584623418397 1 558
1584623420694 1 559
1584623422889 1 560
1584623425118 1 561
1584623427326 1 562
1584623429561 1 563
1584623431776 1 564
1584623433995 1 565
1584623436225 1 566
1584623438409 1 567
1584623440637 1 568
1584623442825 1 569
1584623445066 1 570
1584623447275 1 571
1584623449524 1 572
1584623451746 1 573
1584623453933 1 574
1584623456146 1 575
1584623458342 1 576
1584623460614 1 577
1584623462865 1 578
1584623465090 1 579
1584623467300 1 580
1584623469494 1 581
1584623471694 1 582
1584623473902 1 583
1584623476175 1 584
1584623478366 1 585
1584623480689 1 586
1584623482973 1 587
1584623485208 1 588
1584623487422 1 589
1584623489645 1 590
1584623491870 1 591
1584623494061 1 592
1584623496276 1 593
1584623498498 1 594
1584623500886 1 595
1584623503226 1 596
1584623505601 1 597
1584623507830 1 598
1584623510057 1 599
1584623512362 1 600
1584623514637 1 601
1584623516847 1 602
1584623519038 1 603
1584623521269 1 604
1584623523544 1 605
1584623525757 1 606
1584623528015 1 607
1584623530272 1 608
1584623532524 1 609
1584623534748 1 610
1584623536939 1 611
1584623539139 1 612
1584623541408 1 613
1584623543628 1 614
1584623545808 1 615
1584623548022 1 616
1584623550254 1 617
1584623552521 1 618
1584623554805 1 619
1584623556992 1 620
1584623559223 1 621
1584623561416 1 622
1584623563648 1 623
1584623565844 1 624
1584623568037 1 625
1584623570246 1 626
1584623572590 1 627
1584623574831 1 628
1584623577193 1 629
1584623579416 1 630
1584623581683 1 631
1584623583923 1 632
1584623586147 1 633
1584623588385 1 634
1584623590583 1 635
1584623592774 1 636
1584623594955 1 637
1584623597182 1 638
1584623599419 1 639
1584623601643 1 640
1584623603835 1 641
1584623606176 1 642
1584623608895 1 643
1584623611497 1 644
1584623613774 1 645
1584623615978 1 646
1584623618635 1 647
1584623620839 1 648
1584623623069 1 649
1584623625259 1 650
1584623627484 1 651
1584623629677 1 652
1584623631862 1 653
1584623634095 1 654
1584623636300 1 655
1584623638570 1 656
1584623640781 1 657
1584623643091 1 658
1584623645315 1 659
1584623647540 1 660
1584623649721 1 661
1584623651945 1 662
1584623654135 1 663
1584623656335 1 664
1584623658534 1 665
1584623660740 1 666
