1584622158466 300 1
1584622160773 300 2
1584622163214 300 3
1584622165529 300 4
1584622167873 300 5
1584622170255 300 6
1584622172618 300 7
1584622174851 300 8
1584622177150 300 9
1584622179364 300 10
1584622181590 300 11
1584622183887 300 12
1584622186052 300 13
1584622188236 300 14
1584622190394 300 15
1584622192651 300 16
1584622194823 300 17
1584622196994 300 18
1584622199213 300 19
1584622201439 300 20
1584622203711 300 21
1584622205920 300 22
1584622208132 300 23
1584622210331 300 24
1584622212545 300 25
1584622214754 300 26
1584622216960 300 27
1584622219277 300 28
1584622221493 300 29
1584622223708 300 30
1584622225924 300 31
1584622228118 300 32
1584622230325 300 33
1584622232547 300 34
1584622234743 300 35
1584622236923 300 36
1584622239113 300 37
1584622241271 300 38
1584622243483 300 39
1584622245693 300 40
1584622247864 300 41
1584622250103 300 42
1584622252311 300 43
1584622254479 300 44
1584622256673 300 45
1584622258890 300 46
1584622261075 300 47
1584622263285 300 48
1584622265498 300 49
1584622267672 300 50
1584622269870 300 51
1584622272077 300 52
1584622274264 300 53
1584622276508 300 54
1584622278709 300 55
1584622280947 300 56
1584622283193 300 57
1584622285397 300 58
1584622287630 300 59
1584622289931 300 60
1584622292136 300 61
1584622294370 300 62
1584622296594 300 63
1584622298767 300 64
1584622300962 300 65
1584622303138 300 66
1584622305371 300 67
1584622307573 300 68
1584622309786 300 69
1584622311974 300 70
1584622314156 300 71
1584622316485 300 72
1584622318670 300 73
1584622320922 300 74
1584622323493 300 75
1584622325682 300 76
1584622327948 300 77
1584622330221 300 78
1584622332416 300 79
1584622334637 300 80
1584622336859 300 81
1584622339061 300 82
1584622341266 300 83
1584622343464 300 84
1584622345671 300 85
1584622347875 300 86
1584622350070 300 87
1584622352303 300 88
1584622354534 300 89
1584622356730 300 90
1584622358927 300 91
1584622361129 300 92
1584622363370 300 93
1584622365565 300 94
1584622367772 300 95
1584622369956 300 96
1584622372187 300 97
1584622374374 300 98
1584622376593 300 99
1584622378798 300 100
1584622381079 300 101
1584622383333 300 102
1584622385538 300 103
1584622387776 300 104
1584622389965 300 105
1584622392173 300 106
1584622394382 300 107
1584622396557 300 108
1584622398709 300 109
1584622400917 300 110
1584622403124 300 111
1584622405330 300 112
1584622407577 300 113
1584622409744 300 114
1584622412047 300 115
1584622414333 300 116
1584622416545 300 117
1584622418761 300 118
1584622420949 300 119
1584622423177 300 120
1584622425362 300 121
1584622427591 300 122
1584622429793 300 123
1584622431986 300 124
1584622434177 300 125
1584622436375 300 126
1584622438586 300 127
1584622440788 300 128
1584622443151 300 129
1584622445348 300 130
1584622447594 300 131
1584622449807 300 132
1584622452003 300 133
1584622454205 300 134
1584622456413 300 135
1584622458656 300 136
1584622460871 300 137
1584622463132 300 138
1584622465362 300 139
1584622467572 300 140
1584622469754 300 141
1584622471929 300 142
1584622474273 300 143
1584622476467 300 144
1584622478670 300 145
1584622480864 300 146
1584622483073 300 147
1584622485292 300 148
1584622487530 300 149
1584622489755 300 150
1584622492004 300 151
1584622494244 300 152
1584622496478 300 153
1584622498731 300 154
1584622503706 300 155
1584622514668 300 156
1584622517687 300 157
1584622519897 300 158
1584622522084 300 159
1584622524740 300 160
1584622527808 300 161
1584622530567 300 162
1584622532793 300 163
1584622535037 300 164
1584622537673 300 165
1584622539880 300 166
1584622542105 300 167
1584622544412 300 168
1584622546727 300 169
1584622548931 300 170
1584622551106 300 171
1584622553299 300 172
1584622555528 300 173
1584622557701 300 174
1584622559864 300 175
1584622562364 300 176
1584622564623 300 177
1584622566796 300 178
1584622568944 300 179
1584622571119 300 180
1584622573378 300 181
1584622575608 300 182
1584622577792 300 183
1584622580311 300 184
1584622582683 300 185
1584622585011 300 186
1584622587361 300 187
1584622589567 300 188
1584622591771 300 189
1584622593950 300 190
1584622596130 300 191
1584622598305 300 192
1584622600514 300 193
1584622602723 300 194
1584622604949 300 195
1584622607132 300 196
1584622609387 300 197
1584622611779 300 198
1584622613946 300 199
1584622616128 300 200
1584622618404 300 201
1584622620609 300 202
1584622622793 300 203
1584622624954 300 204
1584622627125 300 205
1584622629292 300 206
1584622631493 300 207
1584622633685 300 208
1584622635841 300 209
1584622638015 300 210
1584622640241 300 211
1584622642538 300 212
1584622644746 300 213
1584622646923 300 214
1584622649102 300 215
1584622651301 300 216
1584622653503 300 217
1584622655684 300 218
1584622657875 300 219
1584622660034 300 220
1584622662456 300 221
1584622664671 300 222
1584622666876 300 223
1584622669053 300 224
1584622671269 300 225
1584622673429 300 226
1584622675603 300 227
1584622677767 300 228
1584622679990 300 229
1584622682273 300 230
1584622684469 300 231
1584622686704 300 232
1584622688885 300 233
1584622691038 300 234
1584622693234 300 235
1584622695392 300 236
1584622697547 300 237
1584622699758 300 238
1584622701992 300 239
1584622704202 300 240
1584622706539 300 241
1584622708822 300 242
1584622711027 300 243
1584622713175 300 244
1584622715354 300 245
1584622717543 300 246
1584622719706 300 247
1584622721890 300 248
1584622724082 300 249
1584622726260 300 250
1584622728429 300 251
1584622730606 300 252
1584622732823 300 253
1584622735025 300 254
1584622737318 300 255
1584622739529 300 256
1584622741740 300 257
1584622743954 300 258
1584622746109 300 259
1584622748268 300 260
1584622750430 300 261
1584622752634 300 262
1584622754803 300 263
1584622756968 300 264
1584622759180 300 265
1584622761364 300 266
1584622763557 300 267
1584622765705 300 268
1584622767932 300 269
1584622770110 300 270
1584622772516 300 271
1584622774710 300 272
1584622776919 300 273
1584622779133 300 274
1584622781301 300 275
1584622783539 300 276
1584622785728 300 277
1584622787925 300 278
1584622790101 300 279
1584622792348 300 280
1584622794563 300 281
1584622796756 300 282
1584622799033 300 283
1584622801479 300 284
1584622804064 300 285
1584622806252 300 286
1584622808445 300 287
1584622810716 300 288
1584622812919 300 289
1584622815146 300 290
1584622817356 300 291
1584622819603 300 292
1584622821834 300 293
1584622824042 300 294
1584622826283 300 295
1584622828503 300 296
1584622830725 300 297
1584622832987 300 298
1584622835336 300 299
1584622837581 300 300
1584622839866 300 301
1584622842093 300 302
1584622844321 300 303
1584622846535 300 304
1584622848787 300 305
1584622851000 300 306
1584622853275 300 307
1584622855500 300 308
1584622857739 300 309
1584622860013 300 310
1584622862300 300 311
1584622864565 300 312
1584622866769 300 313
1584622868986 300 314
1584622871220 300 315
1584622873468 300 316
1584622875688 300 317
1584622877903 300 318
1584622880134 300 319
1584622882378 300 320
1584622884649 300 321
1584622886893 300 322
1584622889151 300 323
1584622891368 300 324
1584622893587 300 325
1584622895874 300 326
1584622898156 300 327
1584622900604 300 328
1584622902850 300 329
1584622905090 300 330
1584622907317 300 331
1584622909535 300 332
1584622911781 300 333
1584622913990 300 334
1584622916196 300 335
1584622918436 300 336
1584622920722 300 337
1584622923134 300 338
1584622925375 300 339
1584622927618 300 340
1584622929824 300 341
1584622932144 300 342
1584622934369 300 343
1584622936598 300 344
1584622938822 300 345
1584622941139 300 346
1584622943390 300 347
1584622945647 300 348
1584622947853 300 349
1584622950080 300 350
1584622952309 300 351
1584622954578 300 352
1584622956821 300 353
1584622959058 300 354
1584622961326 300 355
1584622963617 300 356
1584622965847 300 357
1584622968063 300 358
1584622970294 300 359
1584622972530 300 360
1584622974752 300 361
1584622976991 300 362
1584622979217 300 363
1584622981504 300 364
1584622983717 300 365
1584622985926 300 366
1584622988170 300 367
1584622990386 300 368
1584622992665 300 369
1584622994890 300 370
1584622997271 300 371
1584622999511 300 372
1584623001729 300 373
1584623003954 300 374
1584623006169 300 375
1584623008419 300 376
1584623010661 300 377
1584623012868 300 378
1584623015147 300 379
1584623017597 300 380
1584623019880 300 381
1584623022125 300 382
1584623024394 300 383
1584623026645 300 384
1584623028933 300 385
1584623031181 300 386
1584623033445 300 387
1584623035680 300 388
1584623037893 300 389
1584623040144 300 390
1584623042408 300 391
1584623044655 300 392
1584623046879 300 393
1584623049098 300 394
1584623051351 300 395
1584623053639 300 396
1584623055850 300 397
1584623058175 300 398
1584623060389 300 399
1584623062628 300 400
1584623064913 300 401
1584623067198 300 402
1584623069399 300 403
1584623071620 300 404
1584623073884 300 405
1584623076215 300 406
1584623078482 300 407
1584623080743 300 408
1584623082989 300 409
1584623085263 300 410
1584623087507 300 411
1584623089724 300 412
1584623091936 300 413
1584623094412 300 414
1584623096646 300 415
1584623098882 300 416
1584623101141 300 417
1584623103477 300 418
1584623105721 300 419
1584623107961 300 420
1584623110221 300 421
1584623112477 300 422
1584623114729 300 423
1584623116953 300 424
1584623119186 300 425
1584623121580 300 426
1584623123833 300 427
1584623126069 300 428
1584623128480 300 429
1584623130825 300 430
1584623133332 300 431
1584623136255 300 432
1584623138476 300 433
1584623140698 300 434
1584623142932 300 435
1584623145143 300 436
1584623147316 300 437
1584623149520 300 438
1584623151728 300 439
1584623153946 300 440
1584623156157 300 441
1584623158370 300 442
1584623160573 300 443
1584623162826 300 444
1584623165042 300 445
1584623167280 300 446
1584623169514 300 447
1584623171737 300 448
1584623173933 300 449
1584623176127 300 450
1584623178349 300 451
1584623180582 300 452
1584623182749 300 453
1584623184982 300 454
1584623187200 300 455
1584623189462 300 456
1584623191832 300 457
1584623194011 300 458
1584623196220 300 459
1584623198437 300 460
1584623200642 300 461
1584623202845 300 462
1584623205070 300 463
1584623207342 300 464
1584623209550 300 465
1584623211770 300 466
1584623214022 300 467
1584623216243 300 468
1584623218477 300 469
1584623220752 300 470
1584623223180 300 471
1584623225468 300 472
1584623227707 300 473
1584623230003 300 474
1584623232239 300 475
1584623234461 300 476
1584623236673 300 477
1584623238891 300 478
1584623241158 300 479
1584623243343 300 480
1584623245560 300 481
1584623247756 300 482
1584623249947 300 483
1584623252216 300 484
1584623254410 300 485
1584623256624 300 486
1584623258827 300 487
1584623261062 300 488
1584623263610 300 489
1584623265908 300 490
1584623268156 300 491
1584623270374 300 492
1584623272584 300 493
1584623274774 300 494
1584623276961 300 495
1584623279178 300 496
1584623281428 300 497
1584623283973 300 498
1584623286184 300 499
1584623288540 300 500
1584623290813 300 501
1584623292986 300 502
1584623295189 300 503
1584623297382 300 504
1584623299674 300 505
1584623302106 300 506
1584623304330 300 507
1584623306542 300 508
1584623308738 300 509
1584623311141 300 510
1584623313563 300 511
1584623315886 300 512
1584623318125 300 513
1584623320337 300 514
1584623322537 300 515
1584623324740 300 516
1584623326945 300 517
1584623329216 300 518
1584623331415 300 519
1584623333634 300 520
1584623335809 300 521
1584623337994 300 522
1584623340242 300 523
1584623342553 300 524
1584623344786 300 525
1584623346981 300 526
1584623349244 300 527
1584623351479 300 528
1584623353671 300 529
1584623355868 300 530
1584623358075 300 531
1584623360284 300 532
1584623362575 300 533
1584623364770 300 534
1584623366961 300 535
1584623369182 300 536
1584623371417 300 537
1584623373689 300 538
1584623375875 300 539
1584623378125 300 540
1584623380340 300 541
1584623382586 300 542
1584623385007 300 543
1584623387174 300 544
1584623389394 300 545
1584623391606 300 546
1584623393879 300 547
1584623396088 300 548
1584623398306 300 549
1584623400511 300 550
1584623402787 300 551
1584623404980 300 552
1584623407210 300 553
1584623409395 300 554
1584623411586 300 555
1584623413844 300 556
1584623416189 300 557
1584623418397 300 558
1584623420694 300 559
1584623422889 300 560
1584623425118 300 561
1584623427326 300 562
1584623429561 300 563
1584623431776 300 564
1584623433995 300 565
1584623436225 300 566
1584623438409 300 567
1584623440637 300 568
1584623442825 300 569
1584623445066 300 570
1584623447275 300 571
1584623449524 300 572
1584623451746 300 573
1584623453933 300 574
1584623456146 300 575
1584623458342 300 576
1584623460614 300 577
1584623462865 300 578
1584623465090 300 579
1584623467300 300 580
1584623469494 300 581
1584623471694 300 582
1584623473902 300 583
1584623476175 300 584
1584623478366 300 585
1584623480689 300 586
1584623482973 300 587
1584623485208 300 588
1584623487422 300 589
1584623489645 300 590
1584623491870 300 591
1584623494061 300 592
1584623496276 300 593
1584623498498 300 594
1584623500886 300 595
1584623503226 300 596
1584623505601 300 597
1584623507830 300 598
1584623510057 300 599
1584623512362 300 600
1584623514637 300 601
1584623516847 300 602
1584623519038 300 603
1584623521269 300 604
1584623523544 300 605
1584623525757 300 606
1584623528015 300 607
1584623530272 300 608
1584623532524 300 609
1584623534748 300 610
1584623536939 300 611
1584623539139 300 612
1584623541408 300 613
1584623543628 300 614
1584623545808 300 615
1584623548022 300 616
1584623550254 300 617
1584623552521 300 618
1584623554805 300 619
1584623556992 300 620
1584623559223 300 621
1584623561416 300 622
1584623563648 300 623
1584623565844 300 624
1584623568037 300 625
1584623570246 300 626
1584623572590 300 627
1584623574831 300 628
1584623577193 300 629
1584623579416 300 630
1584623581683 300 631
1584623583923 300 632
1584623586147 300 633
1584623588385 300 634
1584623590583 300 635
1584623592774 300 636
1584623594955 300 637
1584623597182 300 638
1584623599419 300 639
1584623601643 300 640
1584623603835 300 641
1584623606176 300 642
1584623608895 300 643
1584623611497 300 644
1584623613774 300 645
1584623615978 300 646
1584623618635 300 647
1584623620839 300 648
1584623623069 300 649
1584623625259 300 650
1584623627484 300 651
1584623629677 300 652
1584623631862 300 653
1584623634095 300 654
1584623636300 300 655
1584623638570 300 656
1584623640781 300 657
1584623643091 300 658
1584623645315 300 659
1584623647540 300 660
1584623649721 300 661
1584623651945 300 662
1584623654135 300 663
1584623656335 300 664
1584623658534 300 665
1584623660740 300 666
