1583663563511 1.0 1
1583663566481 0.995 2
1583663570926 0.990025 3
1583663573965 0.985074875 4
1583663576538 0.9801495006250001 5
1583663578757 0.9752487531218751 6
1583663581001 0.9703725093562657 7
1583663583135 0.9655206468094844 8
1583663585287 0.960693043575437 9
1583663587461 0.9558895783575597 10
1583663589665 0.9511101304657719 11
1583663591817 0.946354579813443 12
1583663593968 0.9416228069143757 13
1583663596141 0.9369146928798039 14
1583663598293 0.9322301194154049 15
1583663600438 0.9275689688183278 16
1583663602562 0.9229311239742362 17
1583663604723 0.918316468354365 18
1583663606898 0.9137248860125932 19
1583663609438 0.9091562615825302 20
1583663611767 0.9046104802746175 21
1583663613971 0.9000874278732445 22
1583663616243 0.8955869907338783 23
1583663618481 0.8911090557802088 24
1583663620776 0.8866535105013078 25
1583663623164 0.8822202429488013 26
1583663625373 0.8778091417340573 27
1583663627642 0.8734200960253871 28
1583663629923 0.8690529955452602 29
1583663632050 0.8647077305675338 30
1583663634244 0.8603841919146962 31
1583663636602 0.8560822709551227 32
1583663640027 0.851801859600347 33
1583663642443 0.8475428503023453 34
1583663644929 0.8433051360508336 35
1583663647539 0.8390886103705794 36
1583663649935 0.8348931673187264 37
1583663652190 0.8307187014821328 38
1583663654378 0.8265651079747222 39
1583663656552 0.8224322824348486 40
1583663658790 0.8183201210226743 41
1583663661365 0.8142285204175609 42
1583663664285 0.810157377815473 43
1583663666790 0.8061065909263957 44
1583663673414 0.8020760579717637 45
1583663676113 0.798065677681905 46
1583663679299 0.7940753492934954 47
1583663681978 0.7901049725470279 48
1583663685149 0.7861544476842928 49
1583663687354 0.7822236754458713 50
1583663689638 0.778312557068642 51
1583663693512 0.7744209942832988 52
1583663696165 0.7705488893118823 53
1583663698677 0.7666961448653229 54
1583663701808 0.7628626641409962 55
1583663704567 0.7590483508202912 56
1583663707077 0.7552531090661897 57
1583663709463 0.7514768435208588 58
1583663711625 0.7477194593032545 59
1583663713859 0.7439808620067382 60
1583663716021 0.7402609576967045 61
1583663718143 0.736559652908221 62
1583663720301 0.7328768546436799 63
1583663722468 0.7292124703704616 64
1583663724607 0.7255664080186093 65
1583663726779 0.7219385759785162 66
1583663731343 0.7183288830986236 67
1583663735438 0.7147372386831305 68
1583663738358 0.7111635524897149 69
1583663742685 0.7076077347272662 70
1583663747039 0.7040696960536299 71
1583663751818 0.7005493475733617 72
1583663754342 0.697046600835495 73
1583663757214 0.6935613678313175 74
1583663759531 0.6900935609921609 75
1583663761681 0.6866430931872001 76
1583663764096 0.6832098777212641 77
1583663766251 0.6797938283326578 78
1583663769139 0.6763948591909945 79
1583663771548 0.6730128848950395 80
1583663773825 0.6696478204705644 81
1583663776057 0.6662995813682115 82
1583663779614 0.6629680834613705 83
1583663782307 0.6596532430440636 84
1583663784536 0.6563549768288433 85
1583663788117 0.653073201944699 86
1583663790891 0.6498078359349755 87
1583663793031 0.6465587967553006 88
1583663795309 0.6433260027715241 89
1583663798179 0.6401093727576664 90
1583663800743 0.6369088258938781 91
1583663803130 0.6337242817644086 92
1583663805354 0.6305556603555866 93
1583663807900 0.6274028820538087 94
1583663810519 0.6242658676435396 95
1583663813528 0.6211445383053219 96
1583663816232 0.6180388156137953 97
1583663818746 0.6149486215357263 98
1583663821746 0.6118738784280476 99
1583663824148 0.6088145090359074 100
1583663826364 0.6057704364907278 101
1583663828777 0.6027415843082742 102
1583663831200 0.5997278763867329 103
1583663833395 0.5967292370047992 104
1583663835573 0.5937455908197752 105
1583663837927 0.5907768628656763 106
1583663840371 0.5878229785513479 107
1583663842741 0.5848838636585911 108
1583663845370 0.5819594443402982 109
1583663847561 0.5790496471185967 110
1583663849720 0.5761543988830038 111
1583663851888 0.5732736268885887 112
1583663854447 0.5704072587541458 113
1583663856807 0.567555222460375 114
1583663859251 0.5647174463480732 115
1583663862722 0.5618938591163328 116
1583663864911 0.5590843898207511 117
1583663868734 0.5562889678716474 118
1583663871203 0.5535075230322891 119
1583663873816 0.5507399854171277 120
1583663876257 0.547986285490042 121
1583663878975 0.5452463540625918 122
1583663881218 0.5425201222922789 123
1583663883417 0.5398075216808175 124
1583663885719 0.5371084840724134 125
1583663888256 0.5344229416520513 126
1583663890415 0.531750826943791 127
1583663892634 0.5290920728090721 128
1583663894847 0.5264466124450268 129
1583663897016 0.5238143793828016 130
1583663899981 0.5211953074858876 131
1583663902299 0.5185893309484582 132
1583663904501 0.5159963842937159 133
1583663906634 0.5134164023722473 134
1583663909091 0.510849320360386 135
1583663911534 0.5082950737585841 136
1583663914086 0.5057535983897912 137
1583663916765 0.5032248303978422 138
1583663919220 0.500708706245853 139
1583663921396 0.4982051627146237 140
1583663924324 0.49571413690105054 141
1583663927236 0.4932355662165453 142
1583663929660 0.4907693883854626 143
1583663932936 0.4883155414435353 144
1583663935980 0.4858739637363176 145
1583663938302 0.483444593917636 146
1583663940472 0.4810273709480478 147
1583663942650 0.47862223409330756 148
1583663944810 0.47622912292284103 149
1583663946950 0.4738479773082268 150
1583663949149 0.47147873742168567 151
1583663951327 0.46912134373457726 152
1583663953617 0.46677573701590436 153
1583663956694 0.46444185833082485 154
1583663959227 0.46211964903917074 155
1583663961369 0.4598090507939749 156
1583663963794 0.457510005540005 157
1583663966822 0.45522245551230495 158
1583663969092 0.4529463432347434 159
1583663971569 0.4506816115185697 160
1583663974063 0.4484282034609769 161
1583663976256 0.446186062443672 162
1583663979694 0.4439551321314536 163
1583663982958 0.4417353564707963 164
1583663985388 0.43952667968844233 165
1583663987615 0.43732904629000013 166
1583663989982 0.4351424010585501 167
1583663992168 0.43296668905325736 168
1583663994340 0.43080185560799106 169
1583663996614 0.4286478463299511 170
1583663998935 0.42650460709830135 171
1583664001171 0.42437208406280985 172
1583664003435 0.4222502236424958 173
1583664006012 0.42013897252428334 174
1583664008830 0.4180382776616619 175
1583664011003 0.4159480862733536 176
1583664013160 0.41386834584198684 177
1583664015557 0.4117990041127769 178
1583664017934 0.40974000909221303 179
1583664020078 0.40769130904675194 180
1583664022227 0.40565285250151817 181
1583664024375 0.4036245882390106 182
1583664027109 0.4016064652978155 183
1583664029513 0.3995984329713264 184
1583664032137 0.3976004408064698 185
1583664034418 0.39561243860243744 186
1583664036670 0.3936343764094253 187
1583664038905 0.39166620452737816 188
1583664041607 0.3897078735047413 189
1583664043765 0.3877593341372176 190
1583664045958 0.3858205374665315 191
1583664048173 0.38389143477919885 192
1583664050313 0.3819719776053028 193
1583664052516 0.3800621177172763 194
1583664054669 0.37816180712868996 195
1583664056823 0.37627099809304654 196
1583664058985 0.3743896431025813 197
1583664061732 0.37251769488706843 198
1583664064779 0.3706551064126331 199
1583664069546 0.36880183088056995 200
1583664073649 0.3669578217261671 201
1583664076111 0.36512303261753626 202
1583664078488 0.3632974174544486 203
1583664080895 0.3614809303671764 204
1583664083310 0.3596735257153405 205
1583664085974 0.3578751580867638 206
1583664088228 0.35608578229633 207
1583664090380 0.3543053533848483 208
1583664092594 0.35253382661792404 209
1583664095752 0.3507711574848344 210
1583664098969 0.34901730169741024 211
1583664101315 0.3472722151889232 212
1583664103672 0.3455358541129786 213
1583664105840 0.3438081748424137 214
1583664108019 0.3420891339682016 215
1583664110176 0.3403786882983606 216
1583664112361 0.3386767948568688 217
1583664114634 0.33698341088258443 218
1583664117498 0.3352984938281715 219
1583664120114 0.33362200135903064 220
1583664122560 0.33195389135223546 221
1583664125133 0.3302941218954743 222
1583664127533 0.32864265128599696 223
1583664129723 0.326999438029567 224
1583664132053 0.3253644408394192 225
1583664134264 0.3237376186352221 226
1583664136401 0.322118930542046 227
1583664138539 0.32050833588933575 228
1583664140718 0.31890579420988907 229
1583664143552 0.3173112652388396 230
1583664146277 0.3157247089126454 231
1583664149481 0.3141460853680822 232
1583664152939 0.3125753549412418 233
1583664155745 0.31101247816653554 234
1583664158062 0.30945741577570285 235
1583664161290 0.3079101286968243 236
1583664163522 0.3063705780533402 237
1583664165855 0.30483872516307353 238
1583664168032 0.3033145315372582 239
1583664170159 0.3017979588795719 240
1583664172315 0.30028896908517405 241
1583664174882 0.2987875242397482 242
1583664178166 0.29729358661854943 243
1583664182422 0.29580711868545667 244
1583664185824 0.2943280830920294 245
1583664188111 0.29285644267656924 246
1583664190331 0.2913921604631864 247
1583664192627 0.28993519966087045 248
1583664194797 0.2884855236625661 249
1583664198048 0.28704309604425327 250
1583664200401 0.285607880564032 251
1583664203700 0.28417984116121187 252
1583664209513 0.2827589419554058 253
1583664212568 0.28134514724562876 254
1583664214720 0.2799384215094006 255
1583664216882 0.27853872940185365 256
1583664219021 0.27714603575484437 257
1583664221421 0.2757603055760701 258
1583664223773 0.2743815040481898 259
1583664226090 0.2730095965279488 260
1583664228273 0.27164454854530906 261
1583664230436 0.2702863258025825 262
1583664232606 0.2689348941735696 263
1583664234756 0.26759021970270175 264
1583664236903 0.2662522686041882 265
1583664239048 0.2649210072611673 266
1583664241283 0.26359640222486147 267
1583664243438 0.26227842021373715 268
1583664245581 0.2609670281126685 269
1583664247813 0.25966219297210513 270
1583664249948 0.2583638820072446 271
1583664252249 0.2570720625972084 272
1583664254402 0.25578670228422234 273
1583664256712 0.25450776877280124 274
1583664258943 0.2532352299289372 275
1583664261069 0.2519690537792925 276
1583664263231 0.2507092085103961 277
1583664265375 0.2494556624678441 278
1583664267534 0.24820838415550486 279
1583664269676 0.24696734223472733 280
1583664271853 0.2457325055235537 281
1583664274003 0.24450384299593592 282
1583664276144 0.24328132378095624 283
1583664278295 0.24206491716205145 284
1583664280456 0.2408545925762412 285
1583664282639 0.23965031961336 286
1583664284766 0.2384520680152932 287
1583664286922 0.23725980767521673 288
1583664289692 0.23607350863684065 289
1583664292393 0.23489314109365644 290
