1583663566465 0.0 1
1583663570907 3.0 2
1583663573928 1.0 3
1583663576524 1.0 4
1583663578743 0.0 5
1583663580988 0.0 6
1583663583124 1.0 7
1583663585276 1.0 8
1583663587449 -1.0 9
1583663589653 1.0 10
1583663591807 0.0 11
1583663593957 -1.0 12
1583663596131 0.0 13
1583663598282 0.0 14
1583663600427 0.0 15
1583663602550 3.0 16
1583663604713 -2.0 17
1583663606887 0.0 18
1583663609425 0.0 19
1583663611754 -1.0 20
1583663613959 0.0 21
1583663616231 -2.0 22
1583663618470 1.0 23
1583663620764 1.0 24
1583663623151 0.0 25
1583663625359 0.0 26
1583663627632 2.0 27
1583663629911 0.0 28
1583663632041 0.0 29
1583663634230 -2.0 30
1583663636591 1.0 31
1583663640009 0.0 32
1583663642433 0.0 33
1583663644907 0.0 34
1583663647526 1.0 35
1583663649912 1.0 36
1583663652175 -1.0 37
1583663654367 1.0 38
1583663656541 -1.0 39
1583663658777 0.0 40
1583663661343 -2.0 41
1583663664272 -1.0 42
1583663666759 4.0 43
1583663673378 2.0 44
1583663676102 1.0 45
1583663679287 -1.0 46
1583663681965 0.0 47
1583663685136 0.0 48
1583663687317 1.0 49
1583663689627 -1.0 50
1583663693491 2.0 51
1583663696152 0.0 52
1583663698664 0.0 53
1583663701793 1.0 54
1583663704551 2.0 55
1583663707062 3.0 56
1583663709448 -1.0 57
1583663711615 1.0 58
1583663713847 3.0 59
1583663716011 1.0 60
1583663718132 -1.0 61
1583663720289 2.0 62
1583663722458 0.0 63
1583663724598 1.0 64
1583663726768 4.0 65
1583663731329 0.0 66
1583663735420 -2.0 67
1583663738339 -1.0 68
1583663742673 3.0 69
1583663746827 2.0 70
1583663751807 1.0 71
1583663754318 0.0 72
1583663757201 3.0 73
1583663759521 -1.0 74
1583663761669 3.0 75
1583663764087 2.0 76
1583663766240 -1.0 77
1583663769104 3.0 78
1583663771530 1.0 79
1583663773812 -4.0 80
1583663776046 0.0 81
1583663779597 3.0 82
1583663782296 2.0 83
1583663784518 1.0 84
1583663788093 3.0 85
1583663790881 3.0 86
1583663793019 0.0 87
1583663795300 0.0 88
1583663798155 3.0 89
1583663800727 0.0 90
1583663803116 3.0 91
1583663805340 4.0 92
1583663807887 2.0 93
1583663810491 2.0 94
1583663813490 4.0 95
1583663816219 2.0 96
1583663818732 1.0 97
1583663821718 2.0 98
1583663824135 2.0 99
1583663826356 4.0 100
1583663828767 2.0 101
1583663831186 2.0 102
1583663833382 1.0 103
1583663835559 8.0 104
1583663837915 6.0 105
1583663840360 1.0 106
1583663842729 5.0 107
1583663845343 7.0 108
1583663847548 3.0 109
1583663849711 2.0 110
1583663851879 0.0 111
1583663854413 4.0 112
1583663856776 4.0 113
1583663859239 3.0 114
1583663862705 2.0 115
1583663864897 2.0 116
1583663868710 0.0 117
1583663871191 4.0 118
1583663873805 8.0 119
1583663876229 2.0 120
1583663878959 2.0 121
1583663881207 3.0 122
1583663883406 6.0 123
1583663885689 6.0 124
1583663888243 2.0 125
1583663890401 5.0 126
1583663892622 3.0 127
1583663894834 4.0 128
1583663897005 3.0 129
1583663899970 2.0 130
1583663902288 2.0 131
1583663904490 3.0 132
1583663906625 4.0 133
1583663909080 2.0 134
1583663911520 3.0 135
1583663914072 2.0 136
1583663916739 0.0 137
1583663919206 2.0 138
1583663921381 3.0 139
1583663924304 3.0 140
1583663927225 5.0 141
1583663929626 2.0 142
1583663932923 5.0 143
1583663935963 4.0 144
1583663938290 2.0 145
1583663940461 1.0 146
1583663942640 2.0 147
1583663944800 5.0 148
1583663946937 7.0 149
1583663949134 1.0 150
1583663951315 5.0 151
1583663953600 9.0 152
1583663956681 6.0 153
1583663959218 2.0 154
1583663961359 3.0 155
1583663963772 5.0 156
1583663966807 4.0 157
1583663969078 5.0 158
1583663971553 10.0 159
1583663974051 7.0 160
1583663976246 1.0 161
1583663979677 3.0 162
1583663982940 3.0 163
1583663985376 2.0 164
1583663987600 7.0 165
1583663989968 3.0 166
1583663992157 2.0 167
1583663994327 2.0 168
1583663996602 9.0 169
1583663998921 9.0 170
1583664001156 4.0 171
1583664003419 3.0 172
1583664005992 7.0 173
1583664008819 5.0 174
1583664010992 9.0 175
1583664013149 6.0 176
1583664015543 8.0 177
1583664017924 5.0 178
1583664020067 4.0 179
1583664022216 5.0 180
1583664024362 10.0 181
1583664027094 6.0 182
1583664029503 7.0 183
1583664032127 7.0 184
1583664034405 2.0 185
1583664036658 2.0 186
1583664038894 11.0 187
1583664041594 7.0 188
1583664043755 8.0 189
1583664045943 7.0 190
1583664048164 4.0 191
1583664050300 8.0 192
1583664052505 6.0 193
1583664054658 6.0 194
1583664056809 7.0 195
1583664058974 11.0 196
1583664061715 6.0 197
1583664064756 6.0 198
1583664069515 7.0 199
1583664073636 7.0 200
1583664076099 4.0 201
1583664078471 3.0 202
1583664080885 4.0 203
1583664083293 6.0 204
1583664085956 2.0 205
1583664088215 2.0 206
1583664090369 6.0 207
1583664092576 12.0 208
1583664095736 10.0 209
1583664098951 8.0 210
1583664101306 8.0 211
1583664103660 5.0 212
1583664105832 5.0 213
1583664108005 1.0 214
1583664110162 12.0 215
1583664112350 3.0 216
1583664114617 7.0 217
1583664117487 10.0 218
1583664120095 7.0 219
1583664122537 7.0 220
1583664125121 10.0 221
1583664127520 12.0 222
1583664129710 9.0 223
1583664132041 3.0 224
1583664134254 9.0 225
1583664136389 9.0 226
1583664138528 12.0 227
1583664140693 3.0 228
1583664143538 6.0 229
1583664146257 11.0 230
1583664149427 2.0 231
1583664152926 5.0 232
1583664155734 8.0 233
1583664158039 10.0 234
1583664161281 8.0 235
1583664163508 12.0 236
1583664165837 12.0 237
1583664168023 5.0 238
1583664170147 8.0 239
1583664172302 11.0 240
1583664174868 8.0 241
1583664178148 10.0 242
1583664182409 9.0 243
1583664185815 9.0 244
1583664188100 5.0 245
1583664190315 10.0 246
1583664192617 2.0 247
1583664194783 9.0 248
1583664198027 10.0 249
1583664200336 11.0 250
1583664203682 12.0 251
1583664209496 7.0 252
1583664212553 5.0 253
1583664214706 1.0 254
1583664216871 12.0 255
1583664219008 9.0 256
1583664221409 8.0 257
1583664223753 1.0 258
1583664226077 7.0 259
1583664228263 7.0 260
1583664230425 7.0 261
1583664232595 11.0 262
1583664234744 8.0 263
1583664236893 4.0 264
1583664239036 7.0 265
1583664241185 9.0 266
1583664243428 9.0 267
1583664245567 3.0 268
1583664247797 8.0 269
1583664249937 6.0 270
1583664252236 4.0 271
1583664254389 13.0 272
1583664256695 4.0 273
1583664258930 9.0 274
1583664261059 15.0 275
1583664263218 4.0 276
1583664265364 7.0 277
1583664267524 15.0 278
1583664269665 1.0 279
1583664271839 10.0 280
1583664273992 11.0 281
1583664276133 10.0 282
1583664278284 11.0 283
1583664280444 9.0 284
1583664282629 8.0 285
1583664284754 9.0 286
1583664286912 12.0 287
1583664289680 11.0 288
1583664292380 14.0 289
