1583663566472 0.0 1
1583663570916 1.5 2
1583663573941 1.3333333333333333 3
1583663576531 1.25 4
1583663578751 1.0 5
1583663580995 0.8333333333333334 6
1583663583129 0.8571428571428571 7
1583663585281 0.875 8
1583663587455 0.6666666666666666 9
1583663589659 0.7 10
1583663591813 0.6363636363636364 11
1583663593963 0.5 12
1583663596135 0.46153846153846156 13
1583663598287 0.42857142857142855 14
1583663600432 0.4 15
1583663602556 0.5625 16
1583663604718 0.4117647058823529 17
1583663606892 0.3888888888888889 18
1583663609431 0.3684210526315789 19
1583663611760 0.3 20
1583663613965 0.2857142857142857 21
1583663616237 0.18181818181818182 22
1583663618476 0.21739130434782608 23
1583663620771 0.25 24
1583663623158 0.24 25
1583663625365 0.23076923076923078 26
1583663627638 0.2962962962962963 27
1583663629918 0.2857142857142857 28
1583663632045 0.27586206896551724 29
1583663634237 0.2 30
1583663636597 0.22580645161290322 31
1583663640018 0.21875 32
1583663642439 0.21212121212121213 33
1583663644920 0.20588235294117646 34
1583663647532 0.22857142857142856 35
1583663649927 0.25 36
1583663652183 0.21621621621621623 37
1583663654373 0.23684210526315788 38
1583663656548 0.20512820512820512 39
1583663658783 0.2 40
1583663661355 0.14634146341463414 41
1583663664278 0.11904761904761904 42
1583663666776 0.20930232558139536 43
1583663673402 0.25 44
1583663676107 0.26666666666666666 45
1583663679293 0.2391304347826087 46
1583663681971 0.23404255319148937 47
1583663685144 0.22916666666666666 48
1583663687340 0.24489795918367346 49
1583663689633 0.22 50
1583663693500 0.2549019607843137 51
1583663696159 0.25 52
1583663698671 0.24528301886792453 53
1583663701801 0.25925925925925924 54
1583663704561 0.2909090909090909 55
1583663707069 0.3392857142857143 56
1583663709455 0.3157894736842105 57
1583663711621 0.3275862068965517 58
1583663713853 0.3728813559322034 59
1583663716017 0.38333333333333336 60
1583663718138 0.36065573770491804 61
1583663720295 0.3870967741935484 62
1583663722463 0.38095238095238093 63
1583663724603 0.390625 64
1583663726774 0.4461538461538462 65
1583663731336 0.4393939393939394 66
1583663735431 0.40298507462686567 67
1583663738352 0.38235294117647056 68
1583663742677 0.42028985507246375 69
1583663746844 0.44285714285714284 70
1583663751812 0.4507042253521127 71
1583663754333 0.4444444444444444 72
1583663757207 0.4794520547945205 73
1583663759526 0.4594594594594595 74
1583663761673 0.49333333333333335 75
1583663764091 0.5131578947368421 76
1583663766244 0.4935064935064935 77
1583663769128 0.5256410256410257 78
1583663771537 0.5316455696202531 79
1583663773818 0.475 80
1583663776052 0.4691358024691358 81
1583663779606 0.5 82
1583663782301 0.5180722891566265 83
1583663784528 0.5238095238095238 84
1583663788105 0.5529411764705883 85
1583663790885 0.5813953488372093 86
1583663793025 0.5747126436781609 87
1583663795304 0.5681818181818182 88
1583663798167 0.5955056179775281 89
1583663800734 0.5888888888888889 90
1583663803122 0.6153846153846154 91
1583663805349 0.6521739130434783 92
1583663807893 0.6666666666666666 93
1583663810499 0.6808510638297872 94
1583663813509 0.7157894736842105 95
1583663816226 0.7291666666666666 96
1583663818739 0.7319587628865979 97
1583663821735 0.7448979591836735 98
1583663824141 0.7575757575757576 99
1583663826360 0.79 100
1583663828771 0.81 101
1583663831193 0.8 102
1583663833388 0.8 103
1583663835566 0.87 104
1583663837922 0.93 105
1583663840366 0.94 106
1583663842734 0.98 107
1583663845357 1.04 108
1583663847555 1.08 109
1583663849714 1.09 110
1583663851883 1.09 111
1583663854425 1.14 112
1583663856792 1.18 113
1583663859245 1.21 114
1583663862715 1.23 115
1583663864904 1.22 116
1583663868716 1.24 117
1583663871198 1.28 118
1583663873811 1.36 119
1583663876242 1.39 120
1583663878967 1.41 121
1583663881213 1.46 122
1583663883411 1.51 123
1583663885701 1.56 124
1583663888249 1.58 125
1583663890408 1.63 126
1583663892628 1.64 127
1583663894841 1.68 128
1583663897011 1.71 129
1583663899975 1.75 130
1583663902294 1.76 131
1583663904496 1.79 132
1583663906628 1.83 133
1583663909086 1.85 134
1583663911528 1.87 135
1583663914078 1.88 136
1583663916748 1.89 137
1583663919213 1.9 138
1583663921387 1.94 139
1583663924316 1.97 140
1583663927231 2.04 141
1583663929645 2.07 142
1583663932929 2.08 143
1583663935972 2.1 144
1583663938296 2.11 145
1583663940467 2.13 146
1583663942645 2.15 147
1583663944806 2.2 148
1583663946943 2.26 149
1583663949142 2.28 150
1583663951321 2.31 151
1583663953609 2.4 152
1583663956687 2.46 153
1583663959223 2.47 154
1583663961364 2.48 155
1583663963780 2.5 156
1583663966816 2.55 157
1583663969085 2.59 158
1583663971565 2.66 159
1583663974057 2.72 160
1583663976251 2.74 161
1583663979685 2.75 162
1583663982949 2.78 163
1583663985382 2.79 164
1583663987607 2.82 165
1583663989975 2.85 166
1583663992163 2.89 167
1583663994334 2.92 168
1583663996608 2.98 169
1583663998929 3.05 170
1583664001163 3.08 171
1583664003427 3.11 172
1583664005998 3.15 173
1583664008826 3.21 174
1583664010998 3.27 175
1583664013155 3.31 176
1583664015551 3.4 177
1583664017930 3.42 178
1583664020072 3.45 179
1583664022223 3.54 180
1583664024369 3.64 181
1583664027100 3.67 182
1583664029508 3.72 183
1583664032132 3.78 184
1583664034412 3.77 185
1583664036665 3.76 186
1583664038900 3.87 187
1583664041600 3.94 188
1583664043759 3.99 189
1583664045951 4.06 190
1583664048170 4.07 191
1583664050308 4.11 192
1583664052511 4.15 193
1583664054664 4.19 194
1583664056816 4.22 195
1583664058980 4.31 196
1583664061724 4.36 197
1583664064772 4.4 198
1583664069529 4.45 199
1583664073643 4.48 200
1583664076105 4.5 201
1583664078480 4.51 202
1583664080890 4.54 203
1583664083302 4.52 204
1583664085963 4.48 205
1583664088222 4.49 206
1583664090374 4.5 207
1583664092588 4.55 208
1583664095747 4.62 209
1583664098962 4.68 210
1583664101310 4.76 211
1583664103666 4.77 212
1583664105836 4.78 213
1583664108011 4.76 214
1583664110169 4.86 215
1583664112356 4.87 216
1583664114627 4.94 217
1583664117492 5.0 218
1583664120104 4.99 219
1583664122542 5.04 220
1583664125128 5.12 221
1583664127527 5.21 222
1583664129716 5.24 223
1583664132047 5.21 224
1583664134259 5.28 225
1583664136395 5.32 226
1583664138534 5.41 227
1583664140704 5.4 228
1583664143545 5.43 229
1583664146267 5.52 230
1583664149458 5.52 231
1583664152933 5.54 232
1583664155740 5.58 233
1583664158050 5.66 234
1583664161285 5.71 235
1583664163515 5.81 236
1583664165846 5.93 237
1583664168028 5.96 238
1583664170153 6.01 239
1583664172309 6.09 240
1583664174876 6.12 241
1583664178155 6.2 242
1583664182416 6.24 243
1583664185820 6.29 244
1583664188105 6.32 245
1583664190322 6.41 246
1583664192623 6.41 247
1583664194790 6.45 248
1583664198039 6.48 249
1583664200364 6.58 250
1583664203694 6.65 251
1583664209503 6.63 252
1583664212561 6.62 253
1583664214713 6.61 254
1583664216877 6.7 255
1583664219014 6.74 256
1583664221416 6.78 257
1583664223765 6.74 258
1583664226082 6.71 259
1583664228267 6.71 260
1583664230430 6.77 261
1583664232601 6.85 262
1583664234750 6.9 263
1583664236899 6.92 264
1583664239042 6.92 265
1583664241276 6.98 266
1583664243434 7.05 267
1583664245574 7.06 268
1583664247807 7.05 269
1583664249942 7.02 270
1583664252243 7.02 271
1583664254396 7.12 272
1583664256703 7.09 273
1583664258937 7.13 274
1583664261064 7.19 275
1583664263224 7.17 276
1583664265369 7.16 277
1583664267529 7.26 278
1583664269671 7.23 279
1583664271847 7.28 280
1583664273998 7.29 281
1583664276139 7.33 282
1583664278290 7.37 283
1583664280450 7.39 284
1583664282635 7.45 285
1583664284760 7.52 286
1583664286918 7.53 287
1583664289686 7.57 288
1583664292387 7.63 289
