1584606908569 1 1
1584606911043 0.995 2
1584606913416 0.990025 3
1584606916274 0.985074875 4
1584606918516 0.9801495006250001 5
1584606920860 0.9752487531218751 6
1584606923035 0.9703725093562657 7
1584606925270 0.9655206468094844 8
1584606927401 0.960693043575437 9
1584606929574 0.9558895783575597 10
1584606931753 0.9511101304657719 11
1584606933918 0.946354579813443 12
1584606936080 0.9416228069143757 13
1584606938237 0.9369146928798039 14
1584606940489 0.9322301194154049 15
1584606942613 0.9275689688183278 16
1584606944969 0.9229311239742362 17
1584606947211 0.918316468354365 18
1584606949364 0.9137248860125932 19
1584606951536 0.9091562615825302 20
1584606953671 0.9046104802746175 21
1584606955829 0.9000874278732445 22
1584606957985 0.8955869907338783 23
1584606960240 0.8911090557802088 24
1584606962424 0.8866535105013078 25
1584606964549 0.8822202429488013 26
1584606966718 0.8778091417340573 27
1584606968883 0.8734200960253871 28
1584606971259 0.8690529955452602 29
1584606973396 0.8647077305675338 30
1584606975543 0.8603841919146962 31
1584606977708 0.8560822709551227 32
1584606979830 0.851801859600347 33
1584606981968 0.8475428503023453 34
1584606984104 0.8433051360508336 35
1584606986276 0.8390886103705794 36
1584606988408 0.8348931673187264 37
1584606990546 0.8307187014821328 38
1584606992766 0.8265651079747222 39
1584606995016 0.8224322824348486 40
1584606997160 0.8183201210226743 41
1584606999304 0.8142285204175609 42
1584607001548 0.810157377815473 43
1584607003719 0.8061065909263957 44
1584607005892 0.8020760579717637 45
1584607008076 0.798065677681905 46
1584607010248 0.7940753492934954 47
1584607012399 0.7901049725470279 48
1584607014531 0.7861544476842928 49
1584607016702 0.7822236754458713 50
1584607018839 0.778312557068642 51
1584607021079 0.7744209942832988 52
1584607023262 0.7705488893118823 53
1584607025421 0.7666961448653229 54
1584607027567 0.7628626641409962 55
1584607029725 0.7590483508202912 56
1584607031897 0.7552531090661897 57
1584607034034 0.7514768435208588 58
1584607036196 0.7477194593032545 59
1584607038371 0.7439808620067382 60
1584607040606 0.7402609576967045 61
1584607042936 0.736559652908221 62
1584607045089 0.7328768546436799 63
1584607047236 0.7292124703704616 64
1584607049409 0.7255664080186093 65
1584607051592 0.7219385759785162 66
1584607053722 0.7183288830986236 67
1584607055877 0.7147372386831305 68
1584607058032 0.7111635524897149 69
1584607060192 0.7076077347272662 70
1584607062329 0.7040696960536299 71
1584607064477 0.7005493475733617 72
1584607067038 0.697046600835495 73
1584607070095 0.6935613678313175 74
1584607072375 0.6900935609921609 75
1584607074581 0.6866430931872001 76
1584607076909 0.6832098777212641 77
1584607079300 0.6797938283326578 78
1584607081980 0.6763948591909945 79
1584607084124 0.6730128848950395 80
1584607086284 0.6696478204705644 81
1584607088431 0.6662995813682115 82
1584607090681 0.6629680834613705 83
1584607093155 0.6596532430440636 84
1584607095609 0.6563549768288433 85
1584607098355 0.653073201944699 86
1584607100948 0.6498078359349755 87
1584607104173 0.6465587967553006 88
1584607106971 0.6433260027715241 89
1584607109319 0.6401093727576664 90
1584607111467 0.6369088258938781 91
1584607114583 0.6337242817644086 92
1584607120743 0.6305556603555866 93
1584607123669 0.6274028820538087 94
1584607126140 0.6242658676435396 95
1584607129113 0.6211445383053219 96
1584607131731 0.6180388156137953 97
1584607134337 0.6149486215357263 98
1584607138474 0.6118738784280476 99
1584607144287 0.6088145090359074 100
1584607148290 0.6057704364907278 101
1584607151377 0.6027415843082742 102
1584607154471 0.5997278763867329 103
1584607157860 0.5967292370047992 104
1584607161577 0.5937455908197752 105
1584607164757 0.5907768628656763 106
1584607167468 0.5878229785513479 107
1584607170199 0.5848838636585911 108
1584607172974 0.5819594443402982 109
1584607175836 0.5790496471185967 110
1584607178517 0.5761543988830038 111
1584607180994 0.5732736268885887 112
1584607183438 0.5704072587541458 113
1584607186113 0.567555222460375 114
1584607188596 0.5647174463480732 115
1584607191235 0.5618938591163328 116
1584607193917 0.5590843898207511 117
1584607196536 0.5562889678716474 118
1584607199117 0.5535075230322891 119
1584607202086 0.5507399854171277 120
1584607204722 0.547986285490042 121
1584607207331 0.5452463540625918 122
1584607209944 0.5425201222922789 123
1584607212572 0.5398075216808175 124
1584607215079 0.5371084840724134 125
1584607217704 0.5344229416520513 126
1584607220361 0.531750826943791 127
1584607224045 0.5290920728090721 128
1584607228481 0.5264466124450268 129
1584607231565 0.5238143793828016 130
1584607234635 0.5211953074858876 131
1584607237985 0.5185893309484582 132
1584607240869 0.5159963842937159 133
1584607243424 0.5134164023722473 134
1584607246177 0.510849320360386 135
1584607248703 0.5082950737585841 136
1584607251361 0.5057535983897912 137
1584607254011 0.5032248303978422 138
1584607256873 0.500708706245853 139
1584607259583 0.4982051627146237 140
1584607262693 0.49571413690105054 141
1584607265263 0.4932355662165453 142
1584607267985 0.4907693883854626 143
1584607270888 0.4883155414435353 144
1584607273555 0.4858739637363176 145
1584607276318 0.483444593917636 146
1584607278958 0.4810273709480478 147
1584607281740 0.47862223409330756 148
1584607284510 0.47622912292284103 149
1584607287185 0.4738479773082268 150
1584607290731 0.47147873742168567 151
1584607293429 0.46912134373457726 152
1584607296164 0.46677573701590436 153
1584607300077 0.46444185833082485 154
1584607304014 0.46211964903917074 155
1584607306724 0.4598090507939749 156
1584607309474 0.457510005540005 157
1584607312127 0.45522245551230495 158
1584607314945 0.4529463432347434 159
1584607317678 0.4506816115185697 160
1584607321281 0.4484282034609769 161
1584607323819 0.446186062443672 162
1584607326477 0.4439551321314536 163
1584607329233 0.4417353564707963 164
1584607332116 0.43952667968844233 165
1584607334853 0.43732904629000013 166
1584607338005 0.4351424010585501 167
1584607340686 0.43296668905325736 168
1584607343621 0.43080185560799106 169
1584607347056 0.4286478463299511 170
1584607350477 0.42650460709830135 171
1584607353309 0.42437208406280985 172
1584607356030 0.4222502236424958 173
1584607358631 0.42013897252428334 174
1584607362131 0.4180382776616619 175
1584607365336 0.4159480862733536 176
1584607369698 0.41386834584198684 177
1584607372899 0.4117990041127769 178
1584607376397 0.40974000909221303 179
1584607379161 0.40769130904675194 180
1584607384040 0.40565285250151817 181
1584607386794 0.4036245882390106 182
1584607390630 0.4016064652978155 183
1584607393647 0.3995984329713264 184
1584607396483 0.3976004408064698 185
1584607399552 0.39561243860243744 186
1584607404198 0.3936343764094253 187
1584607408221 0.39166620452737816 188
1584607411158 0.3897078735047413 189
1584607414263 0.3877593341372176 190
1584607417894 0.3858205374665315 191
1584607420855 0.38389143477919885 192
1584607423545 0.3819719776053028 193
1584607426298 0.3800621177172763 194
1584607429232 0.37816180712868996 195
1584607432047 0.37627099809304654 196
1584607435884 0.3743896431025813 197
1584607438605 0.37251769488706843 198
1584607442136 0.3706551064126331 199
1584607444890 0.36880183088056995 200
1584607447846 0.3669578217261671 201
1584607451196 0.36512303261753626 202
1584607454414 0.3632974174544486 203
1584607457293 0.3614809303671764 204
1584607460095 0.3596735257153405 205
1584607462968 0.3578751580867638 206
1584607466949 0.35608578229633 207
1584607470946 0.3543053533848483 208
1584607474243 0.35253382661792404 209
1584607477459 0.3507711574848344 210
1584607480372 0.34901730169741024 211
1584607483161 0.3472722151889232 212
1584607485988 0.3455358541129786 213
1584607489045 0.3438081748424137 214
1584607491911 0.3420891339682016 215
1584607494798 0.3403786882983606 216
1584607497715 0.3386767948568688 217
1584607500870 0.33698341088258443 218
1584607503789 0.3352984938281715 219
1584607506567 0.33362200135903064 220
1584607509536 0.33195389135223546 221
1584607512389 0.3302941218954743 222
1584607515212 0.32864265128599696 223
1584607517964 0.326999438029567 224
1584607520896 0.3253644408394192 225
1584607525316 0.3237376186352221 226
1584607533253 0.322118930542046 227
1584607541567 0.32050833588933575 228
1584607550205 0.31890579420988907 229
1584607555874 0.3173112652388396 230
1584607564244 0.3157247089126454 231
1584607572458 0.3141460853680822 232
1584607578605 0.3125753549412418 233
1584607583790 0.31101247816653554 234
1584607588614 0.30945741577570285 235
1584607592762 0.3079101286968243 236
1584607598474 0.3063705780533402 237
1584607604263 0.30483872516307353 238
1584607611255 0.3033145315372582 239
1584607619317 0.3017979588795719 240
1584607625068 0.30028896908517405 241
1584607631698 0.2987875242397482 242
1584607638290 0.29729358661854943 243
1584607641867 0.29580711868545667 244
1584607644775 0.2943280830920294 245
1584607647796 0.29285644267656924 246
1584607650697 0.2913921604631864 247
1584607653620 0.28993519966087045 248
1584607656282 0.2884855236625661 249
1584607659067 0.28704309604425327 250
1584607661913 0.285607880564032 251
1584607664684 0.28417984116121187 252
1584607667547 0.2827589419554058 253
1584607670591 0.28134514724562876 254
1584607673420 0.2799384215094006 255
1584607676209 0.27853872940185365 256
1584607678945 0.27714603575484437 257
1584607681991 0.2757603055760701 258
1584607684772 0.2743815040481898 259
1584607687479 0.2730095965279488 260
1584607690425 0.27164454854530906 261
1584607693300 0.2702863258025825 262
1584607696243 0.2689348941735696 263
1584607699137 0.26759021970270175 264
1584607702467 0.2662522686041882 265
1584607705157 0.2649210072611673 266
1584607707903 0.26359640222486147 267
1584607710855 0.26227842021373715 268
1584607713559 0.2609670281126685 269
1584607716363 0.25966219297210513 270
1584607719042 0.2583638820072446 271
1584607721912 0.2570720625972084 272
1584607724768 0.25578670228422234 273
1584607728000 0.25450776877280124 274
1584607730904 0.2532352299289372 275
1584607733922 0.2519690537792925 276
1584607737205 0.2507092085103961 277
1584607739807 0.2494556624678441 278
1584607742841 0.24820838415550486 279
1584607745509 0.24696734223472733 280
1584607748427 0.2457325055235537 281
1584607751310 0.24450384299593592 282
1584607754331 0.24328132378095624 283
1584607758993 0.24206491716205145 284
1584607762271 0.2408545925762412 285
1584607765354 0.23965031961336 286
1584607768903 0.2384520680152932 287
1584607773016 0.23725980767521673 288
1584607776836 0.23607350863684065 289
1584607779710 0.23489314109365644 290
1584607782692 0.23371867538818816 291
1584607785544 0.23255008201124722 292
1584607788344 0.231387331601191 293
1584607791282 0.23023039494318503 294
1584607793997 0.2290792429684691 295
1584607796932 0.22793384675362674 296
1584607799789 0.22679417751985861 297
1584607802821 0.22566020663225933 298
1584607805570 0.22453190559909803 299
1584607808359 0.22340924607110255 300
1584607811255 0.22229219984074702 301
1584607814129 0.2211807388415433 302
1584607816829 0.22007483514733558 303
1584607819689 0.2189744609715989 304
1584607822429 0.2178795886667409 305
1584607825286 0.2167901907234072 306
1584607828217 0.21570623976979014 307
1584607830983 0.21462770857094118 308
1584607834521 0.21355457002808648 309
1584607838172 0.21248679717794605 310
1584607841494 0.21142436319205632 311
1584607845574 0.21036724137609603 312
1584607852819 0.20931540516921554 313
1584607857298 0.20826882814336947 314
1584607860268 0.20722748400265262 315
1584607866504 0.20619134658263935 316
1584607872202 0.20516038984972615 317
1584607875511 0.2041345879004775 318
1584607879007 0.2031139149609751 319
1584607884362 0.20209834538617025 320
1584607888708 0.2010878536592394 321
1584607893017 0.2000824143909432 322
1584607897160 0.19908200231898848 323
1584607903769 0.19808659230739353 324
1584607907902 0.19709615934585656 325
1584607912367 0.19611067854912728 326
1584607916780 0.19513012515638165 327
1584607921277 0.19415447453059972 328
1584607928268 0.19318370215794672 329
1584607935052 0.192217783647157 330
1584607941765 0.1912566947289212 331
1584607946712 0.1903004112552766 332
1584607951549 0.18934890919900021 333
1584607956203 0.18840216465300522 334
1584607960348 0.18746015382974018 335
1584607963949 0.1865228530605915 336
1584607966955 0.18559023879528855 337
1584607970301 0.1846622876013121 338
1584607973355 0.18373897616330553 339
1584607976357 0.182820281282489 340
1584607979204 0.18190617987607657 341
1584607982494 0.18099664897669618 342
1584607985413 0.1800916657318127 343
1584607989198 0.17919120740315364 344
1584607994770 0.17829525136613786 345
1584608000369 0.17740377510930716 346
1584608005707 0.17651675623376062 347
1584608008611 0.1756341724525918 348
1584608011609 0.17475600159032884 349
1584608014512 0.17388222158237718 350
1584608017423 0.1730128104744653 351
1584608020377 0.17214774642209296 352
1584608023364 0.1712870076899825 353
1584608026579 0.17043057265153258 354
1584608029465 0.16957841978827493 355
1584608033055 0.16873052768933355 356
1584608035888 0.1678868750508869 357
1584608038952 0.16704744067563246 358
1584608041909 0.1662122034722543 359
1584608044734 0.16538114245489302 360
1584608047748 0.16455423674261854 361
1584608052879 0.16373146555890544 362
1584608057965 0.16291280823111093 363
1584608060782 0.16209824418995536 364
1584608063969 0.16128775296900558 365
1584608066661 0.16048131420416054 366
1584608069655 0.15967890763313974 367
1584608072557 0.15888051309497406 368
1584608075255 0.1580861105294992 369
1584608078209 0.1572956799768517 370
1584608081318 0.15650920157696743 371
1584608084360 0.1557266555690826 372
1584608087615 0.1549480222912372 373
1584608090598 0.15417328217978102 374
1584608093721 0.1534024157688821 375
1584608096578 0.1526354036900377 376
1584608099554 0.1518722266715875 377
1584608103056 0.15111286553822956 378
1584608105956 0.15035730121053842 379
1584608108639 0.14960551470448571 380
1584608111607 0.14885748713096328 381
1584608114529 0.14811319969530845 382
1584608117462 0.1473726336968319 383
1584608120392 0.14663577052834775 384
1584608123863 0.14590259167570602 385
1584608126834 0.1451730787173275 386
1584608130732 0.14444721332374086 387
1584608133756 0.14372497725712216 388
1584608136624 0.14300635237083656 389
1584608139518 0.14229132060898236 390
1584608142372 0.14157986400593744 391
1584608145189 0.14087196468590776 392
1584608148407 0.14016760486247823 393
1584608151372 0.13946676683816583 394
1584608154265 0.138769433003975 395
1584608157524 0.13807558583895513 396
1584608160299 0.13738520790976036 397
1584608163239 0.13669828187021155 398
1584608167314 0.13601479046086049 399
1584608170216 0.1353347165085562 400
1584608173559 0.1346580429260134 401
1584608176574 0.13398475271138335 402
1584608179628 0.13331482894782642 403
1584608182447 0.13264825480308728 404
1584608185381 0.13198501352907185 405
1584608188428 0.1313250884614265 406
1584608191577 0.13066846301911936 407
1584608194610 0.13001512070402377 408
1584608197361 0.12936504510050365 409
1584608200334 0.12871821987500112 410
1584608203291 0.12807462877562611 411
1584608206207 0.12743425563174798 412
1584608209109 0.12679708435358925 413
1584608211961 0.1261630989318213 414
1584608215025 0.1255322834371622 415
1584608217731 0.12490462201997637 416
1584608221276 0.1242800989098765 417
1584608224598 0.12365869841532712 418
1584608228071 0.12304040492325048 419
1584608231075 0.12242520289863423 420
1584608234138 0.12181307688414106 421
1584608236960 0.12120401149972035 422
1584608239876 0.12059799144222175 423
1584608242624 0.11999500148501063 424
1584608245542 0.11939502647758558 425
1584608248457 0.11879805134519765 426
1584608251338 0.11820406108847166 427
1584608254288 0.1176130407830293 428
1584608257185 0.11702497557911415 429
1584608260478 0.11643985070121858 430
1584608263190 0.11585765144771248 431
1584608265968 0.11527836319047392 432
1584608269038 0.11470197137452155 433
1584608272057 0.11412846151764894 434
1584608274909 0.1135578192100607 435
1584608277657 0.11299003011401039 436
1584608280731 0.11242507996344034 437
1584608285166 0.11186295456362313 438
1584608288111 0.11130363979080501 439
1584608291355 0.11074712159185099 440
1584608294442 0.11019338598389174 441
1584608297321 0.10964241905397228 442
1584608300453 0.10909420695870241 443
1584608303537 0.1085487359239089 444
1584608306336 0.10800599224428936 445
1584608309257 0.10746596228306791 446
1584608312382 0.10692863247165257 447
1584608315860 0.1063939893092943 448
1584608318564 0.10586201936274783 449
1584608321499 0.10533270926593409 450
1584608324530 0.10480604571960442 451
1584608327736 0.1042820154910064 452
1584608330325 0.10376060541355137 453
1584608333123 0.1032418023864836 454
1584608336344 0.10272559337455119 455
1584608339527 0.10221196540767843 456
1584608342891 0.10170090558064004 457
1584608345765 0.10119240105273684 458
1584608348800 0.10068643904747315 459
1584608351621 0.10018300685223579 460
1584608355053 0.0996820918179746 461
1584608358217 0.09918368135888474 462
1584608360979 0.09868776295209031 463
1584608364143 0.09819432413732986 464
1584608367309 0.09770335251664321 465
1584608370441 0.09721483575406 466
1584608373560 0.09672876157528969 467
1584608376366 0.09624511776741324 468
1584608380311 0.09576389217857617 469
1584608383222 0.09528507271768329 470
1584608386125 0.09480864735409487 471
1584608389261 0.0943346041173244 472
1584608393879 0.09386293109673778 473
1584608397820 0.09339361644125409 474
1584608401339 0.09292664835904782 475
1584608404749 0.09246201511725258 476
1584608408024 0.09199970504166631 477
1584608411143 0.09153970651645797 478
1584608414413 0.09108200798387568 479
1584608417464 0.0906265979439563 480
1584608420150 0.09017346495423652 481
1584608423832 0.08972259762946533 482
1584608427069 0.089273984641318 483
1584608429789 0.0888276147181114 484
1584608432768 0.08838347664452084 485
1584608435872 0.08794155926129824 486
1584608438642 0.08750185146499175 487
1584608441458 0.08706434220766679 488
1584608444629 0.08662902049662846 489
1584608449330 0.08619587539414532 490
1584608454233 0.08576489601717459 491
1584608459155 0.08533607153708872 492
1584608462466 0.08490939117940327 493
1584608465304 0.08448484422350626 494
1584608468525 0.08406242000238873 495
1584608471375 0.08364210790237678 496
1584608474544 0.0832238973628649 497
1584608477408 0.08280777787605056 498
1584608480374 0.08239373898667031 499
1584608483229 0.08198177029173696 500
1584608486532 0.08157186144027828 501
1584608489750 0.0811640021330769 502
1584608493038 0.08075818212241151 503
1584608496352 0.08035439121179945 504
1584608499544 0.07995261925574046 505
1584608502758 0.07955285615946175 506
1584608505625 0.07915509187866444 507
1584608508713 0.07875931641927113 508
1584608511805 0.07836551983717477 509
1584608515795 0.07797369223798889 510
1584608518890 0.07758382377679894 511
1584608523216 0.07719590465791494 512
1584608526623 0.07680992513462537 513
1584608529688 0.07642587550895225 514
1584608532755 0.07604374613140748 515
1584608535868 0.07566352740075044 516
1584608539388 0.07528520976374668 517
1584608542159 0.07490878371492794 518
1584608544978 0.0745342397963533 519
1584608547656 0.07416156859737154 520
1584608550595 0.07379076075438468 521
1584608553469 0.07342180695061275 522
1584608556233 0.07305469791585968 523
1584608558969 0.07268942442628039 524
1584608561802 0.07232597730414898 525
1584608564655 0.07196434741762824 526
1584608567355 0.0716045256805401 527
1584608570209 0.0712465030521374 528
1584608572918 0.0708902705368767 529
1584608575796 0.07053581918419231 530
1584608578527 0.07018314008827135 531
1584608581632 0.06983222438783 532
1584608584569 0.06948306326589085 533
1584608587412 0.0691356479495614 534
1584608590103 0.06878996970981359 535
1584608593133 0.06844601986126451 536
1584608595955 0.06810378976195819 537
1584608599108 0.0677632708131484 538
1584608602270 0.06742445445908266 539
1584608605128 0.06708733218678724 540
1584608607925 0.0667518955258533 541
1584608610997 0.06641813604822402 542
1584608613932 0.0660860453679829 543
1584608616758 0.06575561514114299 544
1584608620276 0.06542683706543727 545
1584608623183 0.06509970288011008 546
1584608625895 0.06477420436570952 547
1584608628476 0.06445033334388098 548
1584608631211 0.06412808167716157 549
1584608633793 0.06380744126877576 550
1584608636792 0.06348840406243188 551
1584608639523 0.06317096204211972 552
1584608642658 0.06285510723190912 553
1584608645346 0.06254083169574957 554
1584608648216 0.062228127537270826 555
1584608650923 0.06191698689958447 556
1584608653918 0.061607401965086545 557
1584608656792 0.06129936495526111 558
1584608659966 0.0609928681304848 559
1584608662785 0.060687903789832374 560
1584608665746 0.06038446427088321 561
1584608668375 0.06008254194952879 562
1584608671275 0.05978212923978115 563
1584608674026 0.05948321859358224 564
1584608676981 0.05918580250061433 565
1584608679604 0.058889873488111255 566
1584608682678 0.058595424120670696 567
1584608685343 0.05830244700006734 568
1584608688329 0.058010934765067 569
1584608690954 0.05772088009124167 570
1584608693750 0.05743227569078546 571
1584608696768 0.05714511431233153 572
1584608699637 0.05685938874076987 573
1584608702572 0.056575091797066025 574
1584608705446 0.056292216338080694 575
1584608708372 0.05601075525639029 576
1584608711073 0.05573070148010834 577
1584608713911 0.0554520479727078 578
1584608716475 0.05517478773284426 579
1584608719820 0.05489891379418004 580
1584608722787 0.05462441922520914 581
1584608725736 0.0543512971290831 582
1584608728654 0.05407954064343768 583
1584608731624 0.05380914294022049 584
1584608734454 0.05354009722551939 585
1584608737383 0.05327239673939179 586
1584608740293 0.053006034755694834 587
1584608743277 0.052741004581916356 588
1584608746400 0.052477299559006776 589
1584608749441 0.052214913061211746 590
1584608752236 0.05195383849590569 591
1584608755072 0.05169406930342616 592
1584608757982 0.05143559895690903 593
1584608760718 0.051178420962124486 594
1584608763603 0.05092252885731386 595
1584608766471 0.05066791621302729 596
1584608769259 0.05041457663196215 597
1584608771927 0.050162503748802344 598
1584608774678 0.049911691230058335 599
1584608777611 0.04966213277390804 600
1584608780785 0.0494138221100385 601
1584608783660 0.04916675299948831 602
1584608786969 0.04892091923449087 603
1584608789721 0.04867631463831842 604
1584608792565 0.048432933065126825 605
1584608795404 0.048190768399801194 606
1584608798354 0.04794981455780219 607
1584608801254 0.04771006548501318 608
1584608804025 0.047471515157588115 609
1584608806939 0.047234157581800176 610
1584608811536 0.046997986793891174 611
1584608814682 0.04676299685992172 612
1584608818252 0.04652918187562211 613
1584608822202 0.046296535966244 614
1584608825034 0.046065053286412784 615
1584608827967 0.04583472801998072 616
1584608830954 0.045605554379880814 617
1584608833789 0.04537752660798141 618
1584608836775 0.0451506389749415 619
1584608839641 0.044924885780066794 620
1584608842580 0.04470026135116646 621
1584608845505 0.04447676004441063 622
1584608848567 0.04425437624418858 623
1584608851465 0.04403310436296763 624
1584608854454 0.043812938841152796 625
1584608857271 0.04359387414694703 626
1584608860338 0.043375904776212296 627
1584608863118 0.043159025252331236 628
1584608866053 0.04294323012606958 629
1584608869314 0.04272851397543923 630
1584608872229 0.04251487140556204 631
1584608874964 0.04230229704853423 632
1584608878080 0.04209078556329156 633
1584608880965 0.0418803316354751 634
1584608884117 0.041670929977297724 635
1584608886951 0.04146257532741124 636
1584608889971 0.04125526245077418 637
1584608893321 0.04104898613852031 638
1584608896627 0.04084374120782771 639
1584608899826 0.04063952250178857 640
1584608902928 0.04043632488927963 641
1584608905847 0.04023414326483323 642
1584608908978 0.040032972548509065 643
1584608911758 0.03983280768576652 644
1584608915478 0.03963364364733769 645
1584608918535 0.039435475429100995 646
1584608921934 0.03923829805195549 647
1584608925038 0.03904210656169572 648
1584608928103 0.03884689602888724 649
1584608931686 0.0386526615487428 650
1584608935379 0.03845939824099909 651
1584608938476 0.03826710124979409 652
1584608945379 0.038075765743545126 653
1584608948098 0.0378853869148274 654
1584608950870 0.03769595998025326 655
1584608953751 0.03750748018035199 656
1584608956573 0.037319942779450235 657
1584608959625 0.037133343065552986 658
1584608962370 0.03694767635022522 659
1584608965110 0.036762937968474095 660
1584608967856 0.03657912327863173 661
1584608970541 0.036396227662238566 662
1584608974028 0.03621424652392737 663
1584608978860 0.036033175291307735 664
1584608981600 0.03585300941485119 665
1584608984377 0.035673744367776934 666
1584608987151 0.03549537564593805 667
1584608989998 0.035317898767708356 668
1584608992907 0.03514130927386981 669
1584608995662 0.03496560272750046 670
1584608998451 0.03479077471386296 671
1584609001074 0.03461682084029365 672
1584609003924 0.034443736736092176 673
1584609006809 0.034271518052411715 674
1584609009532 0.034100160462149656 675
1584609012482 0.03392965965983891 676
1584609015163 0.033760011361539714 677
1584609017932 0.03359121130473201 678
1584609020670 0.033423255248208356 679
1584609023271 0.03325613897196732 680
1584609025888 0.03308985827710748 681
1584609028606 0.032924408985721944 682
1584609031459 0.03275978694079333 683
1584609034225 0.032595988006089364 684
1584609036809 0.032433008066058915 685
1584609039493 0.03227084302572862 686
1584609042229 0.032109488810599975 687
1584609045112 0.031948941366546975 688
1584609047933 0.03178919665971424 689
1584609050778 0.03163025067641567 690
1584609053145 0.03147209942303359 691
1584609055450 0.03131473892591842 692
1584609057645 0.031158165231288826 693
1584609059856 0.03100237440513238 694
1584609062323 0.030847362533106718 695
1584609065341 0.030693125720441184 696
1584609068044 0.030539660091838977 697
1584609070749 0.03038696179137978 698
1584609073678 0.030235026982422884 699
1584609076885 0.030083851847510768 700
1584609079834 0.029933432588273214 701
1584609082820 0.029783765425331846 702
1584609085656 0.029634846598205186 703
1584609088388 0.02948667236521416 704
1584609091289 0.029339239003388088 705
1584609094145 0.029192542808371146 706
1584609096941 0.02904658009432929 707
1584609099614 0.028901347193857643 708
1584609102402 0.028756840457888354 709
1584609105283 0.02861305625559891 710
1584609108086 0.028469990974320916 711
1584609111534 0.02832764101944931 712
1584609114251 0.028186002814352063 713
1584609117153 0.0280450728002803 714
1584609119878 0.0279048474362789 715
1584609122778 0.027765323199097504 716
1584609125479 0.027626496583102015 717
1584609128243 0.027488364100186506 718
1584609130964 0.027350922279685573 719
1584609133627 0.027214167668287145 720
1584609136469 0.02707809682994571 721
1584609139292 0.02694270634579598 722
1584609142173 0.026807992814067 723
1584609145090 0.026673952849996664 724
1584609147722 0.02654058308574668 725
1584609150478 0.026407880170317945 726
1584609153506 0.026275840769466357 727
1584609156159 0.026144461565619025 728
1584609158824 0.02601373925779093 729
1584609161815 0.025883670561501974 730
1584609167016 0.025754252208694463 731
1584609170331 0.02562548094765099 732
1584609173336 0.025497353542912736 733
1584609175993 0.02536986677519817 734
1584609178807 0.02524301744132218 735
1584609181990 0.025116802354115567 736
1584609184759 0.024991218342344988 737
1584609187402 0.024866262250633264 738
1584609190173 0.024741930939380097 739
1584609193280 0.024618221284683196 740
1584609196143 0.02449513017825978 741
1584609198799 0.02437265452736848 742
1584609201575 0.024250791254731636 743
1584609204530 0.024129537298457977 744
1584609208066 0.024008889611965685 745
1584609211229 0.023888845163905856 746
1584609214106 0.023769400938086327 747
1584609216982 0.023650553933395897 748
1584609219621 0.023532301163728918 749
1584609222511 0.023414639657910272 750
1584609225281 0.023297566459620722 751
1584609228109 0.023181078627322618 752
1584609230798 0.023065173234186005 753
1584609233529 0.022949847368015076 754
1584609236296 0.022835098131175 755
1584609239335 0.022720922640519125 756
1584609242437 0.02260731802731653 757
1584609245173 0.022494281437179946 758
1584609247938 0.022381810029994047 759
1584609250749 0.022269900979844076 760
1584609253444 0.022158551474944856 761
1584609256126 0.022047758717570132 762
1584609259145 0.021937519923982282 763
1584609261727 0.021827832324362372 764
1584609264678 0.02171869316274056 765
1584609267484 0.021610099696926857 766
1584609270343 0.021502049198442223 767
1584609273015 0.021394538952450012 768
1584609275751 0.02128756625768776 769
1584609278587 0.021181128426399323 770
1584609281385 0.021075222784267326 771
1584609284101 0.020969846670345987 772
1584609286857 0.020864997436994256 773
1584609289740 0.020760672449809284 774
1584609292428 0.020656869087560238 775
1584609295146 0.020553584742122436 776
1584609297820 0.020450816818411825 777
1584609300643 0.020348562734319765 778
1584609304312 0.020246819920648168 779
1584609307485 0.020145585821044927 780
1584609310050 0.020044857891939702 781
1584609312891 0.019944633602480003 782
1584609315623 0.019844910434467605 783
1584609318907 0.019745685882295267 784
1584609322978 0.01964695745288379 785
1584609325729 0.01954872266561937 786
1584609328576 0.019450979052291272 787
1584609331446 0.019353724157029815 788
1584609334301 0.019256955536244666 789
1584609337219 0.019160670758563442 790
1584609340118 0.019064867404770626 791
1584609343132 0.018969543067746772 792
1584609346125 0.018874695352408037 793
1584609348948 0.018780321875645996 794
1584609351842 0.018686420266267767 795
1584609354609 0.018592988164936427 796
