1584606908569 300 1
1584606911043 300 2
1584606913416 300 3
1584606916274 300 4
1584606918516 300 5
1584606920860 300 6
1584606923035 300 7
1584606925270 300 8
1584606927401 300 9
1584606929574 300 10
1584606931753 300 11
1584606933918 300 12
1584606936080 300 13
1584606938237 300 14
1584606940489 300 15
1584606942613 300 16
1584606944969 300 17
1584606947211 300 18
1584606949364 300 19
1584606951536 300 20
1584606953671 300 21
1584606955829 300 22
1584606957985 300 23
1584606960240 300 24
1584606962424 300 25
1584606964549 300 26
1584606966718 300 27
1584606968883 300 28
1584606971259 300 29
1584606973396 300 30
1584606975543 300 31
1584606977708 300 32
1584606979830 300 33
1584606981968 300 34
1584606984104 300 35
1584606986276 300 36
1584606988408 300 37
1584606990546 300 38
1584606992766 300 39
1584606995016 300 40
1584606997160 300 41
1584606999304 300 42
1584607001548 300 43
1584607003719 300 44
1584607005892 300 45
1584607008076 300 46
1584607010248 300 47
1584607012399 300 48
1584607014531 300 49
1584607016702 300 50
1584607018839 300 51
1584607021079 300 52
1584607023262 300 53
1584607025421 300 54
1584607027567 300 55
1584607029725 300 56
1584607031897 300 57
1584607034034 300 58
1584607036196 300 59
1584607038371 300 60
1584607040606 300 61
1584607042936 300 62
1584607045089 300 63
1584607047236 300 64
1584607049409 300 65
1584607051592 300 66
1584607053722 300 67
1584607055877 300 68
1584607058032 300 69
1584607060192 300 70
1584607062329 300 71
1584607064477 300 72
1584607067038 300 73
1584607070095 300 74
1584607072375 300 75
1584607074581 300 76
1584607076909 300 77
1584607079300 300 78
1584607081980 300 79
1584607084124 300 80
1584607086284 300 81
1584607088431 300 82
1584607090681 300 83
1584607093155 300 84
1584607095609 300 85
1584607098355 300 86
1584607100948 300 87
1584607104173 300 88
1584607106971 300 89
1584607109319 300 90
1584607111467 300 91
1584607114583 300 92
1584607120743 300 93
1584607123669 300 94
1584607126140 300 95
1584607129113 300 96
1584607131731 300 97
1584607134337 300 98
1584607138474 300 99
1584607144287 300 100
1584607148290 300 101
1584607151377 300 102
1584607154471 300 103
1584607157860 300 104
1584607161577 300 105
1584607164757 300 106
1584607167468 300 107
1584607170199 300 108
1584607172974 300 109
1584607175836 300 110
1584607178517 300 111
1584607180994 300 112
1584607183438 300 113
1584607186113 300 114
1584607188596 300 115
1584607191235 300 116
1584607193917 300 117
1584607196536 300 118
1584607199117 300 119
1584607202086 300 120
1584607204722 300 121
1584607207331 300 122
1584607209944 300 123
1584607212572 300 124
1584607215079 300 125
1584607217704 300 126
1584607220361 300 127
1584607224045 300 128
1584607228481 300 129
1584607231565 300 130
1584607234635 300 131
1584607237985 300 132
1584607240869 300 133
1584607243424 300 134
1584607246177 300 135
1584607248703 300 136
1584607251361 300 137
1584607254011 300 138
1584607256873 300 139
1584607259583 300 140
1584607262693 300 141
1584607265263 300 142
1584607267985 300 143
1584607270888 300 144
1584607273555 300 145
1584607276318 300 146
1584607278958 300 147
1584607281740 300 148
1584607284510 300 149
1584607287185 300 150
1584607290731 300 151
1584607293429 300 152
1584607296164 300 153
1584607300077 300 154
1584607304014 300 155
1584607306724 300 156
1584607309474 300 157
1584607312127 300 158
1584607314945 300 159
1584607317678 300 160
1584607321281 300 161
1584607323819 300 162
1584607326477 300 163
1584607329233 300 164
1584607332116 300 165
1584607334853 300 166
1584607338005 300 167
1584607340686 300 168
1584607343621 300 169
1584607347056 300 170
1584607350477 300 171
1584607353309 300 172
1584607356030 300 173
1584607358631 300 174
1584607362131 300 175
1584607365336 300 176
1584607369698 300 177
1584607372899 300 178
1584607376397 300 179
1584607379161 300 180
1584607384040 300 181
1584607386794 300 182
1584607390630 300 183
1584607393647 300 184
1584607396483 300 185
1584607399552 300 186
1584607404198 300 187
1584607408221 300 188
1584607411158 300 189
1584607414263 300 190
1584607417894 300 191
1584607420855 300 192
1584607423545 300 193
1584607426298 300 194
1584607429232 300 195
1584607432047 300 196
1584607435884 300 197
1584607438605 300 198
1584607442136 300 199
1584607444890 300 200
1584607447846 300 201
1584607451196 300 202
1584607454414 300 203
1584607457293 300 204
1584607460095 300 205
1584607462968 300 206
1584607466949 300 207
1584607470946 300 208
1584607474243 300 209
1584607477459 300 210
1584607480372 300 211
1584607483161 300 212
1584607485988 300 213
1584607489045 300 214
1584607491911 300 215
1584607494798 300 216
1584607497715 300 217
1584607500870 300 218
1584607503789 300 219
1584607506567 300 220
1584607509536 300 221
1584607512389 300 222
1584607515212 300 223
1584607517964 300 224
1584607520896 300 225
1584607525316 300 226
1584607533253 300 227
1584607541567 300 228
1584607550205 300 229
1584607555874 300 230
1584607564244 300 231
1584607572458 300 232
1584607578605 300 233
1584607583790 300 234
1584607588614 300 235
1584607592762 300 236
1584607598474 300 237
1584607604263 300 238
1584607611255 300 239
1584607619317 300 240
1584607625068 300 241
1584607631698 300 242
1584607638290 300 243
1584607641867 300 244
1584607644775 300 245
1584607647796 300 246
1584607650697 300 247
1584607653620 300 248
1584607656282 300 249
1584607659067 300 250
1584607661913 300 251
1584607664684 300 252
1584607667547 300 253
1584607670591 300 254
1584607673420 300 255
1584607676209 300 256
1584607678945 300 257
1584607681991 300 258
1584607684772 300 259
1584607687479 300 260
1584607690425 300 261
1584607693300 300 262
1584607696243 300 263
1584607699137 300 264
1584607702467 300 265
1584607705157 300 266
1584607707903 300 267
1584607710855 300 268
1584607713559 300 269
1584607716363 300 270
1584607719042 300 271
1584607721912 300 272
1584607724768 300 273
1584607728000 300 274
1584607730904 300 275
1584607733922 300 276
1584607737205 300 277
1584607739807 300 278
1584607742841 300 279
1584607745509 300 280
1584607748427 300 281
1584607751310 300 282
1584607754331 300 283
1584607758993 300 284
1584607762271 300 285
1584607765354 300 286
1584607768903 300 287
1584607773016 300 288
1584607776836 300 289
1584607779710 300 290
1584607782692 300 291
1584607785544 300 292
1584607788344 300 293
1584607791282 300 294
1584607793997 300 295
1584607796932 300 296
1584607799789 300 297
1584607802821 300 298
1584607805570 300 299
1584607808359 300 300
1584607811255 300 301
1584607814129 300 302
1584607816829 300 303
1584607819689 300 304
1584607822429 300 305
1584607825286 300 306
1584607828217 300 307
1584607830983 300 308
1584607834521 300 309
1584607838172 300 310
1584607841494 300 311
1584607845574 300 312
1584607852819 300 313
1584607857298 300 314
1584607860268 300 315
1584607866504 300 316
1584607872202 300 317
1584607875511 300 318
1584607879007 300 319
1584607884362 300 320
1584607888708 300 321
1584607893017 300 322
1584607897160 300 323
1584607903769 300 324
1584607907902 300 325
1584607912367 300 326
1584607916780 300 327
1584607921277 300 328
1584607928268 300 329
1584607935052 300 330
1584607941765 300 331
1584607946712 300 332
1584607951549 300 333
1584607956203 300 334
1584607960348 300 335
1584607963949 300 336
1584607966955 300 337
1584607970301 300 338
1584607973355 300 339
1584607976357 300 340
1584607979204 300 341
1584607982494 300 342
1584607985413 300 343
1584607989198 300 344
1584607994770 300 345
1584608000369 300 346
1584608005707 300 347
1584608008611 300 348
1584608011609 300 349
1584608014512 300 350
1584608017423 300 351
1584608020377 300 352
1584608023364 300 353
1584608026579 300 354
1584608029465 300 355
1584608033055 300 356
1584608035888 300 357
1584608038952 300 358
1584608041909 300 359
1584608044734 300 360
1584608047748 300 361
1584608052879 300 362
1584608057965 300 363
1584608060782 300 364
1584608063969 300 365
1584608066661 300 366
1584608069655 300 367
1584608072557 300 368
1584608075255 300 369
1584608078209 300 370
1584608081318 300 371
1584608084360 300 372
1584608087615 300 373
1584608090598 300 374
1584608093721 300 375
1584608096578 300 376
1584608099554 300 377
1584608103056 300 378
1584608105956 300 379
1584608108639 300 380
1584608111607 300 381
1584608114529 300 382
1584608117462 300 383
1584608120392 300 384
1584608123863 300 385
1584608126834 300 386
1584608130732 300 387
1584608133756 300 388
1584608136624 300 389
1584608139518 300 390
1584608142372 300 391
1584608145189 300 392
1584608148407 300 393
1584608151372 300 394
1584608154265 300 395
1584608157524 300 396
1584608160299 300 397
1584608163239 300 398
1584608167314 300 399
1584608170216 300 400
1584608173559 300 401
1584608176574 300 402
1584608179628 300 403
1584608182447 300 404
1584608185381 300 405
1584608188428 300 406
1584608191577 300 407
1584608194610 300 408
1584608197361 300 409
1584608200334 300 410
1584608203291 300 411
1584608206207 300 412
1584608209109 300 413
1584608211961 300 414
1584608215025 300 415
1584608217731 300 416
1584608221276 300 417
1584608224598 300 418
1584608228071 300 419
1584608231075 300 420
1584608234138 300 421
1584608236960 300 422
1584608239876 300 423
1584608242624 300 424
1584608245542 300 425
1584608248457 300 426
1584608251338 300 427
1584608254288 300 428
1584608257185 300 429
1584608260478 300 430
1584608263190 300 431
1584608265968 300 432
1584608269038 300 433
1584608272057 300 434
1584608274909 300 435
1584608277657 300 436
1584608280731 300 437
1584608285166 300 438
1584608288111 300 439
1584608291355 300 440
1584608294442 300 441
1584608297321 300 442
1584608300453 300 443
1584608303537 300 444
1584608306336 300 445
1584608309257 300 446
1584608312382 300 447
1584608315860 300 448
1584608318564 300 449
1584608321499 300 450
1584608324530 300 451
1584608327736 300 452
1584608330325 300 453
1584608333123 300 454
1584608336344 300 455
1584608339527 300 456
1584608342891 300 457
1584608345765 300 458
1584608348800 300 459
1584608351621 300 460
1584608355053 300 461
1584608358217 300 462
1584608360979 300 463
1584608364143 300 464
1584608367309 300 465
1584608370441 300 466
1584608373560 300 467
1584608376366 300 468
1584608380311 300 469
1584608383222 300 470
1584608386125 300 471
1584608389261 300 472
1584608393879 300 473
1584608397820 300 474
1584608401339 300 475
1584608404749 300 476
1584608408024 300 477
1584608411143 300 478
1584608414413 300 479
1584608417464 300 480
1584608420150 300 481
1584608423832 300 482
1584608427069 300 483
1584608429789 300 484
1584608432768 300 485
1584608435872 300 486
1584608438642 300 487
1584608441458 300 488
1584608444629 300 489
1584608449330 300 490
1584608454233 300 491
1584608459155 300 492
1584608462466 300 493
1584608465304 300 494
1584608468525 300 495
1584608471375 300 496
1584608474544 300 497
1584608477408 300 498
1584608480374 300 499
1584608483229 300 500
1584608486532 300 501
1584608489750 300 502
1584608493038 300 503
1584608496352 300 504
1584608499544 300 505
1584608502758 300 506
1584608505625 300 507
1584608508713 300 508
1584608511805 300 509
1584608515795 300 510
1584608518890 300 511
1584608523216 300 512
1584608526623 300 513
1584608529688 300 514
1584608532755 300 515
1584608535868 300 516
1584608539388 300 517
1584608542159 300 518
1584608544978 300 519
1584608547656 300 520
1584608550595 300 521
1584608553469 300 522
1584608556233 300 523
1584608558969 300 524
1584608561802 300 525
1584608564655 300 526
1584608567355 300 527
1584608570209 300 528
1584608572918 300 529
1584608575796 300 530
1584608578527 300 531
1584608581632 300 532
1584608584569 300 533
1584608587412 300 534
1584608590103 300 535
1584608593133 300 536
1584608595955 300 537
1584608599108 300 538
1584608602270 300 539
1584608605128 300 540
1584608607925 300 541
1584608610997 300 542
1584608613932 300 543
1584608616758 300 544
1584608620276 300 545
1584608623183 300 546
1584608625895 300 547
1584608628476 300 548
1584608631211 300 549
1584608633793 300 550
1584608636792 300 551
1584608639523 300 552
1584608642658 300 553
1584608645346 300 554
1584608648216 300 555
1584608650923 300 556
1584608653918 300 557
1584608656792 300 558
1584608659966 300 559
1584608662785 300 560
1584608665746 300 561
1584608668375 300 562
1584608671275 300 563
1584608674026 300 564
1584608676981 300 565
1584608679604 300 566
1584608682678 300 567
1584608685343 300 568
1584608688329 300 569
1584608690954 300 570
1584608693750 300 571
1584608696768 300 572
1584608699637 300 573
1584608702572 300 574
1584608705446 300 575
1584608708372 300 576
1584608711073 300 577
1584608713911 300 578
1584608716475 300 579
1584608719820 300 580
1584608722787 300 581
1584608725736 300 582
1584608728654 300 583
1584608731624 300 584
1584608734454 300 585
1584608737383 300 586
1584608740293 300 587
1584608743277 300 588
1584608746400 300 589
1584608749441 300 590
1584608752236 300 591
1584608755072 300 592
1584608757982 300 593
1584608760718 300 594
1584608763603 300 595
1584608766471 300 596
1584608769259 300 597
1584608771927 300 598
1584608774678 300 599
1584608777611 300 600
1584608780785 300 601
1584608783660 300 602
1584608786969 300 603
1584608789721 300 604
1584608792565 300 605
1584608795404 300 606
1584608798354 300 607
1584608801254 300 608
1584608804025 300 609
1584608806939 300 610
1584608811536 300 611
1584608814682 300 612
1584608818252 300 613
1584608822202 300 614
1584608825034 300 615
1584608827967 300 616
1584608830954 300 617
1584608833789 300 618
1584608836775 300 619
1584608839641 300 620
1584608842580 300 621
1584608845505 300 622
1584608848567 300 623
1584608851465 300 624
1584608854454 300 625
1584608857271 300 626
1584608860338 300 627
1584608863118 300 628
1584608866053 300 629
1584608869314 300 630
1584608872229 300 631
1584608874964 300 632
1584608878080 300 633
1584608880965 300 634
1584608884117 300 635
1584608886951 300 636
1584608889971 300 637
1584608893321 300 638
1584608896627 300 639
1584608899826 300 640
1584608902928 300 641
1584608905847 300 642
1584608908978 300 643
1584608911758 300 644
1584608915478 300 645
1584608918535 300 646
1584608921934 300 647
1584608925038 300 648
1584608928103 300 649
1584608931686 300 650
1584608935379 300 651
1584608938476 300 652
1584608945379 300 653
1584608948098 300 654
1584608950870 300 655
1584608953751 300 656
1584608956573 300 657
1584608959625 300 658
1584608962370 300 659
1584608965110 300 660
1584608967856 300 661
1584608970541 300 662
1584608974028 300 663
1584608978860 300 664
1584608981600 300 665
1584608984377 300 666
1584608987151 300 667
1584608989998 300 668
1584608992907 300 669
1584608995662 300 670
1584608998451 300 671
1584609001074 300 672
1584609003924 300 673
1584609006809 300 674
1584609009532 300 675
1584609012482 300 676
1584609015163 300 677
1584609017932 300 678
1584609020670 300 679
1584609023271 300 680
1584609025888 300 681
1584609028606 300 682
1584609031459 300 683
1584609034225 300 684
1584609036809 300 685
1584609039493 300 686
1584609042229 300 687
1584609045112 300 688
1584609047933 300 689
1584609050778 300 690
1584609053145 300 691
1584609055450 300 692
1584609057645 300 693
1584609059856 300 694
1584609062323 300 695
1584609065341 300 696
1584609068044 300 697
1584609070749 300 698
1584609073678 300 699
1584609076885 300 700
1584609079834 300 701
1584609082820 300 702
1584609085656 300 703
1584609088388 300 704
1584609091289 300 705
1584609094145 300 706
1584609096941 300 707
1584609099614 300 708
1584609102402 300 709
1584609105283 300 710
1584609108086 300 711
1584609111534 300 712
1584609114251 300 713
1584609117153 300 714
1584609119878 300 715
1584609122778 300 716
1584609125479 300 717
1584609128243 300 718
1584609130964 300 719
1584609133627 300 720
1584609136469 300 721
1584609139292 300 722
1584609142173 300 723
1584609145090 300 724
1584609147722 300 725
1584609150478 300 726
1584609153506 300 727
1584609156159 300 728
1584609158824 300 729
1584609161815 300 730
1584609167016 300 731
1584609170331 300 732
1584609173336 300 733
1584609175993 300 734
1584609178807 300 735
1584609181990 300 736
1584609184759 300 737
1584609187402 300 738
1584609190173 300 739
1584609193280 300 740
1584609196143 300 741
1584609198799 300 742
1584609201575 300 743
1584609204530 300 744
1584609208066 300 745
1584609211229 300 746
1584609214106 300 747
1584609216982 300 748
1584609219621 300 749
1584609222511 300 750
1584609225281 300 751
1584609228109 300 752
1584609230798 300 753
1584609233529 300 754
1584609236296 300 755
1584609239335 300 756
1584609242437 300 757
1584609245173 300 758
1584609247938 300 759
1584609250749 300 760
1584609253444 300 761
1584609256126 300 762
1584609259145 300 763
1584609261727 300 764
1584609264678 300 765
1584609267484 300 766
1584609270343 300 767
1584609273015 300 768
1584609275751 300 769
1584609278587 300 770
1584609281385 300 771
1584609284101 300 772
1584609286857 300 773
1584609289740 300 774
1584609292428 300 775
1584609295146 300 776
1584609297820 300 777
1584609300643 300 778
1584609304312 300 779
1584609307485 300 780
1584609310050 300 781
1584609312891 300 782
1584609315623 300 783
1584609318907 300 784
1584609322978 300 785
1584609325729 300 786
1584609328576 300 787
1584609331446 300 788
1584609334301 300 789
1584609337219 300 790
1584609340118 300 791
1584609343132 300 792
1584609346125 300 793
1584609348948 300 794
1584609351842 300 795
1584609354609 300 796
