1583101946567 0.0 1
1583101948771 1.0 2
1583101950947 1.0 3
1583101953077 1.0 4
1583101955182 0.0 5
1583101957337 -1.0 6
1583101959444 -1.0 7
1583101961560 -1.0 8
1583101963673 -1.0 9
1583101965786 1.0 10
1583101967878 0.0 11
1583101970062 -1.0 12
1583101972874 -1.0 13
1583101975469 1.0 14
1583101978131 0.0 15
1583101980485 1.0 16
1583101982767 -1.0 17
1583101986199 -1.0 18
1583101988348 1.0 19
1583101990519 1.0 20
1583101992675 0.0 21
1583101994948 1.0 22
1583101997123 0.0 23
1583101999270 0.0 24
1583102001534 0.0 25
1583102003847 0.0 26
1583102006240 0.0 27
1583102008507 0.0 28
1583102010835 -1.0 29
1583102013106 0.0 30
1583102015273 -2.0 31
1583102017484 0.0 32
1583102020077 0.0 33
1583102022837 1.0 34
1583102025395 1.0 35
1583102027730 0.0 36
1583102030099 0.0 37
1583102032531 0.0 38
1583102034744 0.0 39
1583102036852 1.0 40
1583102039114 0.0 41
1583102041964 2.0 42
1583102044489 0.0 43
1583102047141 2.0 44
1583102049329 0.0 45
1583102051723 -1.0 46
