1583060743380 1.0 1
1583060746292 1.0 2
1583060748524 1.0 3
1583060750635 0.75 4
1583060752758 0.6 5
1583060754920 0.5 6
1583060757140 0.5714285714285714 7
1583060759379 0.5 8
1583060761601 0.5555555555555556 9
1583060763904 0.6 10
1583060766081 0.6363636363636364 11
1583060768232 0.5833333333333334 12
1583060770378 0.46153846153846156 13
1583060772689 0.35714285714285715 14
1583060774990 0.3333333333333333 15
1583060777390 0.3125 16
1583060779617 0.11764705882352941 17
1583060782176 0.1111111111111111 18
1583060784951 0.10526315789473684 19
1583060787357 0.1 20
