1584650519131 1 1
1584650521345 1 2
1584650523658 1 3
1584650525909 1 4
1584650528142 1 5
1584650530388 1 6
1584650532643 1 7
1584650534923 1 8
1584650537156 1 9
1584650539342 1 10
1584650541553 1 11
1584650543884 1 12
1584650546327 1 13
1584650548646 1 14
1584650550859 1 15
1584650553052 1 16
1584650555673 1 17
1584650558136 1 18
1584650560361 1 19
1584650562595 1 20
1584650564822 1 21
1584650566995 1 22
1584650569137 1 23
1584650571388 1 24
1584650573612 1 25
1584650575862 1 26
1584650578066 1 27
1584650580271 1 28
1584650582514 1 29
1584650584817 1 30
1584650587046 1 31
1584650589270 1 32
1584650591517 1 33
1584650593679 1 34
1584650595833 1 35
1584650597993 1 36
1584650600223 1 37
1584650602527 1 38
1584650604704 1 39
1584650606902 1 40
1584650609083 1 41
1584650611318 1 42
1584650613584 1 43
1584650615994 1 44
1584650618223 1 45
1584650620450 1 46
1584650622635 1 47
1584650624808 1 48
1584650627060 1 49
1584650629326 1 50
1584650631531 1 51
1584650633691 1 52
1584650635878 1 53
1584650638147 1 54
1584650640389 1 55
1584650642658 1 56
1584650644881 1 57
1584650647186 1 58
1584650649435 1 59
1584650652201 1 60
1584650654744 1 61
1584650657319 1 62
1584650659805 1 63
1584650662478 1 64
1584650664653 1 65
1584650666815 1 66
1584650669068 1 67
1584650671288 1 68
1584650673534 1 69
1584650675812 1 70
1584650678065 1 71
1584650680252 1 72
1584650682453 1 73
1584650684708 1 74
1584650686978 1 75
1584650689212 1 76
1584650691387 1 77
1584650693537 1 78
1584650695780 1 79
1584650698052 1 80
1584650700302 1 81
1584650702852 1 82
1584650705201 1 83
1584650707400 1 84
1584650709574 1 85
1584650712258 1 86
1584650714720 1 87
1584650716975 1 88
1584650719161 1 89
1584650721334 1 90
1584650723506 1 91
1584650725762 1 92
1584650728026 1 93
1584650730265 1 94
1584650732496 1 95
1584650734737 1 96
1584650736938 1 97
1584650739134 1 98
1584650741364 1 99
1584650743639 1 100
1584650745952 1 101
1584650748178 1 102
1584650750358 1 103
1584650752611 1 104
1584650754858 1 105
1584650757157 1 106
1584650759454 1 107
1584650762020 1 108
1584650764362 1 109
1584650766555 1 110
1584650768747 1 111
1584650771425 1 112
1584650774067 1 113
1584650776247 1 114
1584650778564 1 115
1584650780758 1 116
1584650783045 1 117
1584650785312 1 118
1584650787611 1 119
1584650789867 1 120
1584650792140 1 121
1584650794343 1 122
1584650796506 1 123
1584650798774 1 124
1584650801026 1 125
1584650803336 1 126
1584650805548 1 127
1584650807775 1 128
1584650810173 1 129
1584650812500 1 130
1584650814760 1 131
1584650817052 1 132
1584650819357 1 133
1584650821549 1 134
1584650823752 1 135
1584650825984 1 136
1584650828253 1 137
1584650830540 1 138
1584650832717 1 139
1584650834921 1 140
1584650837098 1 141
1584650839403 1 142
1584650841649 1 143
1584650843914 1 144
1584650846185 1 145
1584650848513 1 146
1584650850745 1 147
1584650852966 1 148
1584650855222 1 149
1584650857501 1 150
1584650859785 1 151
1584650862006 1 152
1584650864227 1 153
1584650866478 1 154
1584650868743 1 155
1584650871040 1 156
1584650873324 1 157
1584650875587 1 158
1584650877790 1 159
1584650880006 1 160
1584650882229 1 161
1584650884571 1 162
1584650886808 1 163
1584650889000 1 164
1584650891201 1 165
1584650893406 1 166
1584650895813 1 167
1584650898080 1 168
1584650900383 1 169
1584650902629 1 170
1584650904995 1 171
1584650907242 1 172
1584650909453 1 173
1584650911727 1 174
1584650914040 1 175
1584650916299 1 176
1584650918456 1 177
1584650920631 1 178
1584650922899 1 179
1584650925188 1 180
1584650927460 1 181
1584650929687 1 182
1584650931936 1 183
1584650934098 1 184
1584650936307 1 185
1584650938498 1 186
1584650940800 1 187
1584650943189 1 188
1584650945420 1 189
1584650947594 1 190
1584650949840 1 191
1584650952105 1 192
1584650954405 1 193
1584650956688 1 194
1584650958959 1 195
1584650961256 1 196
1584650963458 1 197
1584650965683 1 198
1584650967955 1 199
1584650970223 1 200
1584650972632 1 201
1584650974839 1 202
1584650977104 1 203
1584650979419 1 204
1584650981651 1 205
1584650983897 1 206
1584650986126 1 207
1584650988456 1 208
1584650990658 1 209
1584650992885 1 210
1584650995090 1 211
1584650997364 1 212
1584650999599 1 213
1584651001835 1 214
1584651004158 1 215
1584651006395 1 216
1584651008645 1 217
1584651010865 1 218
1584651013137 1 219
1584651015383 1 220
1584651017608 1 221
1584651019793 1 222
1584651021991 1 223
1584651024247 1 224
1584651026486 1 225
1584651028738 1 226
1584651030913 1 227
1584651033108 1 228
1584651035338 1 229
1584651037601 1 230
1584651039828 1 231
1584651042034 1 232
1584651044300 1 233
1584651046496 1 234
1584651048703 1 235
1584651050904 1 236
1584651053198 1 237
1584651055463 1 238
1584651057665 1 239
1584651059995 1 240
1584651062184 1 241
1584651064853 1 242
1584651067178 1 243
1584651069428 1 244
1584651071695 1 245
1584651074044 1 246
1584651076227 1 247
1584651078400 1 248
1584651080648 1 249
1584651082918 1 250
1584651085222 1 251
1584651087406 1 252
1584651089639 1 253
1584651091917 1 254
1584651094229 1 255
1584651096487 1 256
1584651098872 1 257
1584651101132 1 258
1584651103368 1 259
1584651105559 1 260
1584651107717 1 261
1584651109978 1 262
1584651112308 1 263
1584651114775 1 264
1584651116960 1 265
1584651119164 1 266
1584651121422 1 267
1584651123687 1 268
1584651125951 1 269
1584651128224 1 270
1584651130541 1 271
1584651132722 1 272
1584651134920 1 273
1584651137183 1 274
1584651139448 1 275
1584651141709 1 276
1584651143894 1 277
1584651146091 1 278
1584651148434 1 279
1584651150722 1 280
1584651153001 1 281
1584651155260 1 282
1584651157526 1 283
1584651159793 1 284
1584651161983 1 285
1584651164175 1 286
1584651166453 1 287
1584651168772 1 288
1584651170964 1 289
1584651173163 1 290
1584651175433 1 291
1584651177719 1 292
1584651180020 1 293
1584651182330 1 294
1584651184697 1 295
1584651186935 1 296
1584651189194 1 297
1584651191474 1 298
1584651193730 1 299
1584651196166 1 300
1584651198528 1 301
1584651200860 1 302
1584651203087 1 303
1584651205370 1 304
1584651207639 1 305
1584651210122 1 306
1584651212630 1 307
1584651215051 1 308
1584651217241 1 309
1584651219486 1 310
1584651221672 1 311
1584651223954 1 312
1584651226277 1 313
1584651228461 1 314
1584651230640 1 315
1584651232848 1 316
1584651235129 1 317
1584651237412 1 318
1584651239707 1 319
1584651242013 1 320
1584651244519 1 321
1584651246848 1 322
1584651249150 1 323
1584651251435 1 324
1584651253765 1 325
1584651256097 1 326
1584651258306 1 327
1584651260514 1 328
1584651262779 1 329
1584651265075 1 330
1584651267341 1 331
1584651269621 1 332
1584651271887 1 333
1584651274118 1 334
1584651276325 1 335
1584651278556 1 336
1584651280834 1 337
1584651283137 1 338
1584651285370 1 339
1584651287620 1 340
1584651289804 1 341
1584651292160 1 342
1584651294449 1 343
1584651296708 1 344
1584651298984 1 345
1584651301260 1 346
1584651303549 1 347
1584651305750 1 348
1584651308031 1 349
1584651310330 1 350
1584651312654 1 351
1584651314891 1 352
1584651317103 1 353
1584651319379 1 354
1584651321658 1 355
1584651324031 1 356
1584651326317 1 357
1584651328589 1 358
1584651330757 1 359
1584651333003 1 360
1584651335201 1 361
1584651337485 1 362
1584651339763 1 363
1584651341974 1 364
1584651344189 1 365
1584651346379 1 366
1584651348693 1 367
1584651350992 1 368
1584651353311 1 369
1584651355577 1 370
1584651357869 1 371
1584651360086 1 372
1584651362295 1 373
1584651364558 1 374
1584651366831 1 375
1584651369171 1 376
1584651371341 1 377
1584651373701 1 378
1584651375958 1 379
1584651378264 1 380
1584651380546 1 381
1584651382858 1 382
1584651385141 1 383
1584651387341 1 384
1584651389704 1 385
1584651391900 1 386
1584651394169 1 387
1584651396450 1 388
1584651398619 1 389
1584651400835 1 390
1584651403049 1 391
1584651405349 1 392
1584651407638 1 393
1584651409917 1 394
1584651412189 1 395
1584651414517 1 396
1584651416711 1 397
1584651418918 1 398
1584651421231 1 399
1584651423899 1 400
1584651426275 1 401
1584651428502 1 402
1584651430712 1 403
1584651433222 1 404
1584651436133 1 405
1584651438480 1 406
1584651440771 1 407
1584651443076 1 408
1584651445287 1 409
1584651447522 1 410
1584651449811 1 411
1584651452106 1 412
1584651454410 1 413
1584651456578 1 414
1584651458775 1 415
1584651461016 1 416
1584651463276 1 417
1584651465566 1 418
1584651467856 1 419
1584651470153 1 420
1584651472455 1 421
1584651474628 1 422
1584651476823 1 423
1584651479119 1 424
1584651481456 1 425
1584651483793 1 426
1584651486162 1 427
1584651488348 1 428
1584651490619 1 429
1584651492909 1 430
1584651495211 1 431
1584651497481 1 432
1584651499735 1 433
1584651501945 1 434
1584651504166 1 435
1584651506397 1 436
1584651508902 1 437
1584651511221 1 438
1584651513479 1 439
1584651515769 1 440
1584651518232 1 441
1584651524473 1 442
1584651531514 1 443
1584651533932 1 444
1584651536270 1 445
1584651538587 1 446
1584651540805 1 447
1584651543052 1 448
1584651545480 1 449
1584651547874 1 450
1584651550199 1 451
1584651552399 1 452
1584651554609 1 453
1584651556922 1 454
1584651559213 1 455
1584651561564 1 456
1584651563877 1 457
1584651566202 1 458
1584651568999 1 459
1584651571931 1 460
1584651574245 1 461
1584651576708 1 462
1584651579107 1 463
1584651581292 1 464
1584651583613 1 465
1584651585805 1 466
1584651588166 1 467
1584651590453 1 468
1584651592755 1 469
1584651595251 1 470
1584651597563 1 471
1584651599752 1 472
1584651602286 1 473
1584651604686 1 474
1584651607005 1 475
1584651609337 1 476
1584651611536 1 477
1584651613752 1 478
1584651616637 1 479
1584651621368 1 480
1584651625503 1 481
1584651627967 1 482
1584651630501 1 483
1584651633033 1 484
1584651635412 1 485
1584651637710 1 486
1584651640166 1 487
1584651642807 1 488
1584651645269 1 489
1584651648340 1 490
1584651651181 1 491
1584651654722 1 492
1584651657363 1 493
1584651659902 1 494
1584651662465 1 495
1584651665153 1 496
1584651667524 1 497
1584651670010 1 498
1584651672472 1 499
1584651674955 1 500
1584651678172 1 501
1584651680910 1 502
1584651683933 1 503
1584651686844 1 504
1584651689771 1 505
1584651692533 1 506
1584651694998 1 507
1584651697479 1 508
1584651700174 1 509
1584651702705 1 510
1584651705226 1 511
1584651707635 1 512
1584651710127 1 513
1584651712480 1 514
1584651714859 1 515
1584651717199 1 516
1584651719614 1 517
1584651722107 1 518
1584651724648 1 519
1584651727103 1 520
1584651729586 1 521
1584651731905 1 522
1584651734303 1 523
1584651736737 1 524
1584651739206 1 525
1584651741687 1 526
1584651744045 1 527
1584651746503 1 528
1584651749076 1 529
1584651751654 1 530
1584651754222 1 531
1584651756667 1 532
1584651759201 1 533
1584651761551 1 534
1584651764017 1 535
1584651766333 1 536
1584651768729 1 537
1584651771235 1 538
1584651773588 1 539
1584651776019 1 540
1584651778338 1 541
1584651781266 1 542
1584651784343 1 543
1584651786696 1 544
1584651789104 1 545
1584651791534 1 546
1584651793849 1 547
1584651796157 1 548
1584651798491 1 549
1584651800891 1 550
1584651803346 1 551
1584651805653 1 552
1584651807981 1 553
1584651810461 1 554
1584651812956 1 555
1584651815410 1 556
1584651817778 1 557
1584651820198 1 558
1584651822492 1 559
1584651824835 1 560
1584651827202 1 561
1584651829736 1 562
1584651832094 1 563
1584651834399 1 564
1584651836671 1 565
1584651839017 1 566
1584651841512 1 567
1584651844143 1 568
1584651846580 1 569
1584651849101 1 570
1584651851572 1 571
1584651853978 1 572
1584651856328 1 573
1584651858709 1 574
1584651861100 1 575
1584651863508 1 576
1584651865845 1 577
1584651868165 1 578
1584651870648 1 579
1584651873190 1 580
1584651875679 1 581
1584651878203 1 582
1584651880815 1 583
1584651883124 1 584
1584651885447 1 585
1584651887742 1 586
1584651890185 1 587
1584651892646 1 588
1584651894954 1 589
1584651897271 1 590
1584651899616 1 591
1584651902064 1 592
1584651904613 1 593
1584651906973 1 594
1584651909435 1 595
1584651911865 1 596
1584651914200 1 597
1584651916549 1 598
1584651919130 1 599
1584651921518 1 600
1584651924094 1 601
1584651926479 1 602
1584651928750 1 603
1584651931182 1 604
1584651933578 1 605
1584651936043 1 606
1584651938477 1 607
1584651941060 1 608
1584651943405 1 609
1584651945785 1 610
1584651948141 1 611
1584651950568 1 612
1584651953011 1 613
1584651955270 1 614
1584651957578 1 615
1584651960020 1 616
1584651962441 1 617
1584651964847 1 618
1584651967213 1 619
1584651969696 1 620
1584651972094 1 621
1584651974418 1 622
1584651977097 1 623
1584651979483 1 624
1584651981870 1 625
1584651984286 1 626
1584651986634 1 627
1584651989052 1 628
1584651991588 1 629
1584651994054 1 630
1584651996569 1 631
1584651998907 1 632
1584652001353 1 633
1584652003719 1 634
1584652006082 1 635
1584652008519 1 636
1584652011025 1 637
1584652013481 1 638
1584652015756 1 639
1584652018084 1 640
1584652020473 1 641
1584652022948 1 642
1584652025510 1 643
1584652027925 1 644
1584652030389 1 645
1584652032873 1 646
1584652035229 1 647
1584652037561 1 648
1584652039968 1 649
1584652042425 1 650
1584652044822 1 651
1584652047122 1 652
1584652049633 1 653
1584652052114 1 654
1584652054496 1 655
1584652056959 1 656
1584652059421 1 657
1584652062054 1 658
1584652064431 1 659
1584652068483 1 660
1584652073936 1 661
1584652079847 1 662
1584652084275 1 663
1584652086840 1 664
1584652089291 1 665
1584652091599 1 666
1584652094091 1 667
1584652096504 1 668
1584652098914 1 669
1584652102178 1 670
1584652106166 1 671
1584652108630 1 672
1584652111058 1 673
1584652113532 1 674
1584652116139 1 675
1584652118694 1 676
1584652121586 1 677
1584652124331 1 678
1584652127369 1 679
1584652129820 1 680
1584652132269 1 681
1584652134764 1 682
1584652137269 1 683
1584652139622 1 684
1584652142096 1 685
1584652144972 1 686
1584652147628 1 687
1584652150044 1 688
1584652152753 1 689
1584652155753 1 690
1584652158782 1 691
1584652162182 1 692
1584652166101 1 693
1584652170769 1 694
1584652176434 1 695
1584652179500 1 696
1584652181745 1 697
1584652183971 1 698
1584652186518 1 699
1584652189724 1 700
1584652193413 1 701
1584652195981 1 702
1584652198397 1 703
1584652200799 1 704
1584652203634 1 705
1584652207437 1 706
1584652210296 1 707
1584652212846 1 708
1584652215260 1 709
1584652217713 1 710
1584652220068 1 711
1584652222505 1 712
1584652225026 1 713
1584652227473 1 714
1584652230106 1 715
1584652232594 1 716
1584652235067 1 717
1584652237577 1 718
1584652240030 1 719
1584652242503 1 720
1584652244956 1 721
1584652247432 1 722
1584652249771 1 723
1584652252281 1 724
1584652254749 1 725
1584652257246 1 726
1584652259600 1 727
1584652261950 1 728
1584652264564 1 729
1584652267171 1 730
1584652269627 1 731
1584652272135 1 732
1584652274915 1 733
1584652277251 1 734
1584652279628 1 735
1584652282035 1 736
1584652284514 1 737
1584652286945 1 738
1584652289513 1 739
1584652291885 1 740
1584652294458 1 741
1584652296830 1 742
1584652299275 1 743
1584652301781 1 744
1584652304260 1 745
1584652306643 1 746
1584652309049 1 747
1584652311470 1 748
1584652313935 1 749
1584652316620 1 750
1584652319112 1 751
1584652321551 1 752
1584652324162 1 753
1584652326643 1 754
1584652329128 1 755
1584652331623 1 756
1584652334232 1 757
1584652336690 1 758
1584652339078 1 759
1584652341472 1 760
1584652343795 1 761
1584652346227 1 762
1584652348765 1 763
1584652351454 1 764
1584652354066 1 765
1584652356646 1 766
1584652359468 1 767
1584652362262 1 768
1584652365267 1 769
1584652368938 1 770
1584652374214 1 771
1584652378226 1 772
1584652380929 1 773
1584652383864 1 774
1584652386635 1 775
1584652389281 1 776
1584652391715 1 777
1584652394215 1 778
1584652396737 1 779
1584652399200 1 780
1584652401732 1 781
1584652404341 1 782
1584652406934 1 783
1584652409695 1 784
1584652412392 1 785
1584652414854 1 786
1584652417519 1 787
1584652420270 1 788
1584652422789 1 789
1584652425318 1 790
1584652427927 1 791
1584652430469 1 792
1584652433145 1 793
1584652435945 1 794
1584652438678 1 795
1584652441208 1 796
1584652443784 1 797
1584652446614 1 798
1584652449194 1 799
1584652451682 1 800
1584652454385 1 801
1584652456962 1 802
1584652459673 1 803
1584652462279 1 804
1584652464890 1 805
1584652467551 1 806
1584652470621 1 807
1584652473186 1 808
1584652475605 1 809
1584652478053 1 810
1584652480615 1 811
1584652483150 1 812
1584652485660 1 813
1584652488085 1 814
1584652490612 1 815
1584652493076 1 816
1584652495587 1 817
1584652498175 1 818
1584652500864 1 819
1584652503779 1 820
1584652506452 1 821
1584652508836 1 822
1584652511364 1 823
1584652513901 1 824
1584652516632 1 825
1584652519218 1 826
1584652521899 1 827
1584652524440 1 828
1584652526945 1 829
1584652529421 1 830
1584652532134 1 831
1584652534695 1 832
1584652537236 1 833
1584652539659 1 834
1584652542233 1 835
1584652544806 1 836
1584652547477 1 837
1584652550578 1 838
1584652553198 1 839
1584652556306 1 840
1584652558905 1 841
1584652561832 1 842
1584652564691 1 843
1584652567712 1 844
1584652570437 1 845
1584652573065 1 846
1584652575573 1 847
1584652578186 1 848
1584652580898 1 849
1584652583568 1 850
1584652586570 1 851
1584652589308 1 852
1584652592020 1 853
1584652595005 1 854
1584652597821 1 855
1584652600544 1 856
1584652603255 1 857
1584652605970 1 858
1584652608525 1 859
1584652611044 1 860
1584652613549 1 861
1584652616239 1 862
1584652619058 1 863
1584652621650 1 864
1584652624424 1 865
1584652626973 1 866
1584652629792 1 867
1584652632430 1 868
1584652635208 1 869
1584652638072 1 870
1584652640694 1 871
1584652643212 1 872
1584652645845 1 873
1584652648468 1 874
1584652651261 1 875
1584652654036 1 876
1584652656552 1 877
1584652659592 1 878
1584652662553 1 879
1584652665565 1 880
1584652668141 1 881
1584652670807 1 882
1584652673532 1 883
1584652676120 1 884
1584652678630 1 885
1584652681601 1 886
1584652684192 1 887
1584652686571 1 888
1584652688806 1 889
1584652691122 1 890
1584652693415 1 891
1584652695858 1 892
1584652698289 1 893
1584652700665 1 894
1584652703061 1 895
1584652705447 1 896
1584652707695 1 897
1584652709952 1 898
1584652712410 1 899
1584652715326 1 900
1584652717832 1 901
1584652720144 1 902
1584652722471 1 903
1584652725091 1 904
1584652727626 1 905
1584652730163 1 906
1584652732495 1 907
1584652734883 1 908
1584652737177 1 909
1584652739452 1 910
1584652741744 1 911
1584652744260 1 912
1584652746597 1 913
1584652748823 1 914
1584652751093 1 915
1584652753314 1 916
1584652755758 1 917
1584652758112 1 918
1584652760544 1 919
1584652763053 1 920
1584652765462 1 921
1584652767729 1 922
1584652769970 1 923
1584652772396 1 924
1584652774756 1 925
1584652777161 1 926
1584652779400 1 927
1584652781603 1 928
1584652783934 1 929
1584652786833 1 930
1584652789286 1 931
1584652791688 1 932
1584652794055 1 933
1584652796417 1 934
1584652798682 1 935
1584652800945 1 936
1584652803495 1 937
1584652805909 1 938
1584652808222 1 939
1584652810511 1 940
1584652812772 1 941
1584652815637 1 942
1584652818062 1 943
1584652820460 1 944
1584652822893 1 945
1584652825267 1 946
1584652827537 1 947
1584652829778 1 948
1584652832136 1 949
1584652834472 1 950
1584652836795 1 951
1584652839048 1 952
1584652841248 1 953
1584652843615 1 954
1584652845941 1 955
1584652848355 1 956
1584652850667 1 957
1584652853072 1 958
1584652855328 1 959
1584652857660 1 960
1584652860067 1 961
1584652862440 1 962
