1584650519131 1 1
1584650521345 0.995 2
1584650523658 0.990025 3
1584650525909 0.985074875 4
1584650528142 0.9801495006250001 5
1584650530388 0.9752487531218751 6
1584650532643 0.9703725093562657 7
1584650534923 0.9655206468094844 8
1584650537156 0.960693043575437 9
1584650539342 0.9558895783575597 10
1584650541553 0.9511101304657719 11
1584650543884 0.946354579813443 12
1584650546327 0.9416228069143757 13
1584650548646 0.9369146928798039 14
1584650550859 0.9322301194154049 15
1584650553052 0.9275689688183278 16
1584650555673 0.9229311239742362 17
1584650558136 0.918316468354365 18
1584650560361 0.9137248860125932 19
1584650562595 0.9091562615825302 20
1584650564822 0.9046104802746175 21
1584650566995 0.9000874278732445 22
1584650569137 0.8955869907338783 23
1584650571388 0.8911090557802088 24
1584650573612 0.8866535105013078 25
1584650575862 0.8822202429488013 26
1584650578066 0.8778091417340573 27
1584650580271 0.8734200960253871 28
1584650582514 0.8690529955452602 29
1584650584817 0.8647077305675338 30
1584650587046 0.8603841919146962 31
1584650589270 0.8560822709551227 32
1584650591517 0.851801859600347 33
1584650593679 0.8475428503023453 34
1584650595833 0.8433051360508336 35
1584650597993 0.8390886103705794 36
1584650600223 0.8348931673187264 37
1584650602527 0.8307187014821328 38
1584650604704 0.8265651079747222 39
1584650606902 0.8224322824348486 40
1584650609083 0.8183201210226743 41
1584650611318 0.8142285204175609 42
1584650613584 0.810157377815473 43
1584650615994 0.8061065909263957 44
1584650618223 0.8020760579717637 45
1584650620450 0.798065677681905 46
1584650622635 0.7940753492934954 47
1584650624808 0.7901049725470279 48
1584650627060 0.7861544476842928 49
1584650629326 0.7822236754458713 50
1584650631531 0.778312557068642 51
1584650633691 0.7744209942832988 52
1584650635878 0.7705488893118823 53
1584650638147 0.7666961448653229 54
1584650640389 0.7628626641409962 55
1584650642658 0.7590483508202912 56
1584650644881 0.7552531090661897 57
1584650647186 0.7514768435208588 58
1584650649435 0.7477194593032545 59
1584650652201 0.7439808620067382 60
1584650654744 0.7402609576967045 61
1584650657319 0.736559652908221 62
1584650659805 0.7328768546436799 63
1584650662478 0.7292124703704616 64
1584650664653 0.7255664080186093 65
1584650666815 0.7219385759785162 66
1584650669068 0.7183288830986236 67
1584650671288 0.7147372386831305 68
1584650673534 0.7111635524897149 69
1584650675812 0.7076077347272662 70
1584650678065 0.7040696960536299 71
1584650680252 0.7005493475733617 72
1584650682453 0.697046600835495 73
1584650684708 0.6935613678313175 74
1584650686978 0.6900935609921609 75
1584650689212 0.6866430931872001 76
1584650691387 0.6832098777212641 77
1584650693537 0.6797938283326578 78
1584650695780 0.6763948591909945 79
1584650698052 0.6730128848950395 80
1584650700302 0.6696478204705644 81
1584650702852 0.6662995813682115 82
1584650705201 0.6629680834613705 83
1584650707400 0.6596532430440636 84
1584650709574 0.6563549768288433 85
1584650712258 0.653073201944699 86
1584650714720 0.6498078359349755 87
1584650716975 0.6465587967553006 88
1584650719161 0.6433260027715241 89
1584650721334 0.6401093727576664 90
1584650723506 0.6369088258938781 91
1584650725762 0.6337242817644086 92
1584650728026 0.6305556603555866 93
1584650730265 0.6274028820538087 94
1584650732496 0.6242658676435396 95
1584650734737 0.6211445383053219 96
1584650736938 0.6180388156137953 97
1584650739134 0.6149486215357263 98
1584650741364 0.6118738784280476 99
1584650743639 0.6088145090359074 100
1584650745952 0.6057704364907278 101
1584650748178 0.6027415843082742 102
1584650750358 0.5997278763867329 103
1584650752611 0.5967292370047992 104
1584650754858 0.5937455908197752 105
1584650757157 0.5907768628656763 106
1584650759454 0.5878229785513479 107
1584650762020 0.5848838636585911 108
1584650764362 0.5819594443402982 109
1584650766555 0.5790496471185967 110
1584650768747 0.5761543988830038 111
1584650771425 0.5732736268885887 112
1584650774067 0.5704072587541458 113
1584650776247 0.567555222460375 114
1584650778564 0.5647174463480732 115
1584650780758 0.5618938591163328 116
1584650783045 0.5590843898207511 117
1584650785312 0.5562889678716474 118
1584650787611 0.5535075230322891 119
1584650789867 0.5507399854171277 120
1584650792140 0.547986285490042 121
1584650794343 0.5452463540625918 122
1584650796506 0.5425201222922789 123
1584650798774 0.5398075216808175 124
1584650801026 0.5371084840724134 125
1584650803336 0.5344229416520513 126
1584650805548 0.531750826943791 127
1584650807775 0.5290920728090721 128
1584650810173 0.5264466124450268 129
1584650812500 0.5238143793828016 130
1584650814760 0.5211953074858876 131
1584650817052 0.5185893309484582 132
1584650819357 0.5159963842937159 133
1584650821549 0.5134164023722473 134
1584650823752 0.510849320360386 135
1584650825984 0.5082950737585841 136
1584650828253 0.5057535983897912 137
1584650830540 0.5032248303978422 138
1584650832717 0.500708706245853 139
1584650834921 0.4982051627146237 140
1584650837098 0.49571413690105054 141
1584650839403 0.4932355662165453 142
1584650841649 0.4907693883854626 143
1584650843914 0.4883155414435353 144
1584650846185 0.4858739637363176 145
1584650848513 0.483444593917636 146
1584650850745 0.4810273709480478 147
1584650852966 0.47862223409330756 148
1584650855222 0.47622912292284103 149
1584650857501 0.4738479773082268 150
1584650859785 0.47147873742168567 151
1584650862006 0.46912134373457726 152
1584650864227 0.46677573701590436 153
1584650866478 0.46444185833082485 154
1584650868743 0.46211964903917074 155
1584650871040 0.4598090507939749 156
1584650873324 0.457510005540005 157
1584650875587 0.45522245551230495 158
1584650877790 0.4529463432347434 159
1584650880006 0.4506816115185697 160
1584650882229 0.4484282034609769 161
1584650884571 0.446186062443672 162
1584650886808 0.4439551321314536 163
1584650889000 0.4417353564707963 164
1584650891201 0.43952667968844233 165
1584650893406 0.43732904629000013 166
1584650895813 0.4351424010585501 167
1584650898080 0.43296668905325736 168
1584650900383 0.43080185560799106 169
1584650902629 0.4286478463299511 170
1584650904995 0.42650460709830135 171
1584650907242 0.42437208406280985 172
1584650909453 0.4222502236424958 173
1584650911727 0.42013897252428334 174
1584650914040 0.4180382776616619 175
1584650916299 0.4159480862733536 176
1584650918456 0.41386834584198684 177
1584650920631 0.4117990041127769 178
1584650922899 0.40974000909221303 179
1584650925188 0.40769130904675194 180
1584650927460 0.40565285250151817 181
1584650929687 0.4036245882390106 182
1584650931936 0.4016064652978155 183
1584650934098 0.3995984329713264 184
1584650936307 0.3976004408064698 185
1584650938498 0.39561243860243744 186
1584650940800 0.3936343764094253 187
1584650943189 0.39166620452737816 188
1584650945420 0.3897078735047413 189
1584650947594 0.3877593341372176 190
1584650949840 0.3858205374665315 191
1584650952105 0.38389143477919885 192
1584650954405 0.3819719776053028 193
1584650956688 0.3800621177172763 194
1584650958959 0.37816180712868996 195
1584650961256 0.37627099809304654 196
1584650963458 0.3743896431025813 197
1584650965683 0.37251769488706843 198
1584650967955 0.3706551064126331 199
1584650970223 0.36880183088056995 200
1584650972632 0.3669578217261671 201
1584650974839 0.36512303261753626 202
1584650977104 0.3632974174544486 203
1584650979419 0.3614809303671764 204
1584650981651 0.3596735257153405 205
1584650983897 0.3578751580867638 206
1584650986126 0.35608578229633 207
1584650988456 0.3543053533848483 208
1584650990658 0.35253382661792404 209
1584650992885 0.3507711574848344 210
1584650995090 0.34901730169741024 211
1584650997364 0.3472722151889232 212
1584650999599 0.3455358541129786 213
1584651001835 0.3438081748424137 214
1584651004158 0.3420891339682016 215
1584651006395 0.3403786882983606 216
1584651008645 0.3386767948568688 217
1584651010865 0.33698341088258443 218
1584651013137 0.3352984938281715 219
1584651015383 0.33362200135903064 220
1584651017608 0.33195389135223546 221
1584651019793 0.3302941218954743 222
1584651021991 0.32864265128599696 223
1584651024247 0.326999438029567 224
1584651026486 0.3253644408394192 225
1584651028738 0.3237376186352221 226
1584651030913 0.322118930542046 227
1584651033108 0.32050833588933575 228
1584651035338 0.31890579420988907 229
1584651037601 0.3173112652388396 230
1584651039828 0.3157247089126454 231
1584651042034 0.3141460853680822 232
1584651044300 0.3125753549412418 233
1584651046496 0.31101247816653554 234
1584651048703 0.30945741577570285 235
1584651050904 0.3079101286968243 236
1584651053198 0.3063705780533402 237
1584651055463 0.30483872516307353 238
1584651057665 0.3033145315372582 239
1584651059995 0.3017979588795719 240
1584651062184 0.30028896908517405 241
1584651064853 0.2987875242397482 242
1584651067178 0.29729358661854943 243
1584651069428 0.29580711868545667 244
1584651071695 0.2943280830920294 245
1584651074044 0.29285644267656924 246
1584651076227 0.2913921604631864 247
1584651078400 0.28993519966087045 248
1584651080648 0.2884855236625661 249
1584651082918 0.28704309604425327 250
1584651085222 0.285607880564032 251
1584651087406 0.28417984116121187 252
1584651089639 0.2827589419554058 253
1584651091917 0.28134514724562876 254
1584651094229 0.2799384215094006 255
1584651096487 0.27853872940185365 256
1584651098872 0.27714603575484437 257
1584651101132 0.2757603055760701 258
1584651103368 0.2743815040481898 259
1584651105559 0.2730095965279488 260
1584651107717 0.27164454854530906 261
1584651109978 0.2702863258025825 262
1584651112308 0.2689348941735696 263
1584651114775 0.26759021970270175 264
1584651116960 0.2662522686041882 265
1584651119164 0.2649210072611673 266
1584651121422 0.26359640222486147 267
1584651123687 0.26227842021373715 268
1584651125951 0.2609670281126685 269
1584651128224 0.25966219297210513 270
1584651130541 0.2583638820072446 271
1584651132722 0.2570720625972084 272
1584651134920 0.25578670228422234 273
1584651137183 0.25450776877280124 274
1584651139448 0.2532352299289372 275
1584651141709 0.2519690537792925 276
1584651143894 0.2507092085103961 277
1584651146091 0.2494556624678441 278
1584651148434 0.24820838415550486 279
1584651150722 0.24696734223472733 280
1584651153001 0.2457325055235537 281
1584651155260 0.24450384299593592 282
1584651157526 0.24328132378095624 283
1584651159793 0.24206491716205145 284
1584651161983 0.2408545925762412 285
1584651164175 0.23965031961336 286
1584651166453 0.2384520680152932 287
1584651168772 0.23725980767521673 288
1584651170964 0.23607350863684065 289
1584651173163 0.23489314109365644 290
1584651175433 0.23371867538818816 291
1584651177719 0.23255008201124722 292
1584651180020 0.231387331601191 293
1584651182330 0.23023039494318503 294
1584651184697 0.2290792429684691 295
1584651186935 0.22793384675362674 296
1584651189194 0.22679417751985861 297
1584651191474 0.22566020663225933 298
1584651193730 0.22453190559909803 299
1584651196166 0.22340924607110255 300
1584651198528 0.22229219984074702 301
1584651200860 0.2211807388415433 302
1584651203087 0.22007483514733558 303
1584651205370 0.2189744609715989 304
1584651207639 0.2178795886667409 305
1584651210122 0.2167901907234072 306
1584651212630 0.21570623976979014 307
1584651215051 0.21462770857094118 308
1584651217241 0.21355457002808648 309
1584651219486 0.21248679717794605 310
1584651221672 0.21142436319205632 311
1584651223954 0.21036724137609603 312
1584651226277 0.20931540516921554 313
1584651228461 0.20826882814336947 314
1584651230640 0.20722748400265262 315
1584651232848 0.20619134658263935 316
1584651235129 0.20516038984972615 317
1584651237412 0.2041345879004775 318
1584651239707 0.2031139149609751 319
1584651242013 0.20209834538617025 320
1584651244519 0.2010878536592394 321
1584651246848 0.2000824143909432 322
1584651249150 0.19908200231898848 323
1584651251435 0.19808659230739353 324
1584651253765 0.19709615934585656 325
1584651256097 0.19611067854912728 326
1584651258306 0.19513012515638165 327
1584651260514 0.19415447453059972 328
1584651262779 0.19318370215794672 329
1584651265075 0.192217783647157 330
1584651267341 0.1912566947289212 331
1584651269621 0.1903004112552766 332
1584651271887 0.18934890919900021 333
1584651274118 0.18840216465300522 334
1584651276325 0.18746015382974018 335
1584651278556 0.1865228530605915 336
1584651280834 0.18559023879528855 337
1584651283137 0.1846622876013121 338
1584651285370 0.18373897616330553 339
1584651287620 0.182820281282489 340
1584651289804 0.18190617987607657 341
1584651292160 0.18099664897669618 342
1584651294449 0.1800916657318127 343
1584651296708 0.17919120740315364 344
1584651298984 0.17829525136613786 345
1584651301260 0.17740377510930716 346
1584651303549 0.17651675623376062 347
1584651305750 0.1756341724525918 348
1584651308031 0.17475600159032884 349
1584651310330 0.17388222158237718 350
1584651312654 0.1730128104744653 351
1584651314891 0.17214774642209296 352
1584651317103 0.1712870076899825 353
1584651319379 0.17043057265153258 354
1584651321658 0.16957841978827493 355
1584651324031 0.16873052768933355 356
1584651326317 0.1678868750508869 357
1584651328589 0.16704744067563246 358
1584651330757 0.1662122034722543 359
1584651333003 0.16538114245489302 360
1584651335201 0.16455423674261854 361
1584651337485 0.16373146555890544 362
1584651339763 0.16291280823111093 363
1584651341974 0.16209824418995536 364
1584651344189 0.16128775296900558 365
1584651346379 0.16048131420416054 366
1584651348693 0.15967890763313974 367
1584651350992 0.15888051309497406 368
1584651353311 0.1580861105294992 369
1584651355577 0.1572956799768517 370
1584651357869 0.15650920157696743 371
1584651360086 0.1557266555690826 372
1584651362295 0.1549480222912372 373
1584651364558 0.15417328217978102 374
1584651366831 0.1534024157688821 375
1584651369171 0.1526354036900377 376
1584651371341 0.1518722266715875 377
1584651373701 0.15111286553822956 378
1584651375958 0.15035730121053842 379
1584651378264 0.14960551470448571 380
1584651380546 0.14885748713096328 381
1584651382858 0.14811319969530845 382
1584651385141 0.1473726336968319 383
1584651387341 0.14663577052834775 384
1584651389704 0.14590259167570602 385
1584651391900 0.1451730787173275 386
1584651394169 0.14444721332374086 387
1584651396450 0.14372497725712216 388
1584651398619 0.14300635237083656 389
1584651400835 0.14229132060898236 390
1584651403049 0.14157986400593744 391
1584651405349 0.14087196468590776 392
1584651407638 0.14016760486247823 393
1584651409917 0.13946676683816583 394
1584651412189 0.138769433003975 395
1584651414517 0.13807558583895513 396
1584651416711 0.13738520790976036 397
1584651418918 0.13669828187021155 398
1584651421231 0.13601479046086049 399
1584651423899 0.1353347165085562 400
1584651426275 0.1346580429260134 401
1584651428502 0.13398475271138335 402
1584651430712 0.13331482894782642 403
1584651433222 0.13264825480308728 404
1584651436133 0.13198501352907185 405
1584651438480 0.1313250884614265 406
1584651440771 0.13066846301911936 407
1584651443076 0.13001512070402377 408
1584651445287 0.12936504510050365 409
1584651447522 0.12871821987500112 410
1584651449811 0.12807462877562611 411
1584651452106 0.12743425563174798 412
1584651454410 0.12679708435358925 413
1584651456578 0.1261630989318213 414
1584651458775 0.1255322834371622 415
1584651461016 0.12490462201997637 416
1584651463276 0.1242800989098765 417
1584651465566 0.12365869841532712 418
1584651467856 0.12304040492325048 419
1584651470153 0.12242520289863423 420
1584651472455 0.12181307688414106 421
1584651474628 0.12120401149972035 422
1584651476823 0.12059799144222175 423
1584651479119 0.11999500148501063 424
1584651481456 0.11939502647758558 425
1584651483793 0.11879805134519765 426
1584651486162 0.11820406108847166 427
1584651488348 0.1176130407830293 428
1584651490619 0.11702497557911415 429
1584651492909 0.11643985070121858 430
1584651495211 0.11585765144771248 431
1584651497481 0.11527836319047392 432
1584651499735 0.11470197137452155 433
1584651501945 0.11412846151764894 434
1584651504166 0.1135578192100607 435
1584651506397 0.11299003011401039 436
1584651508902 0.11242507996344034 437
1584651511221 0.11186295456362313 438
1584651513479 0.11130363979080501 439
1584651515769 0.11074712159185099 440
1584651518232 0.11019338598389174 441
1584651524473 0.10964241905397228 442
1584651531514 0.10909420695870241 443
1584651533932 0.1085487359239089 444
1584651536270 0.10800599224428936 445
1584651538587 0.10746596228306791 446
1584651540805 0.10692863247165257 447
1584651543052 0.1063939893092943 448
1584651545480 0.10586201936274783 449
1584651547874 0.10533270926593409 450
1584651550199 0.10480604571960442 451
1584651552399 0.1042820154910064 452
1584651554609 0.10376060541355137 453
1584651556922 0.1032418023864836 454
1584651559213 0.10272559337455119 455
1584651561564 0.10221196540767843 456
1584651563877 0.10170090558064004 457
1584651566202 0.10119240105273684 458
1584651568999 0.10068643904747315 459
1584651571931 0.10018300685223579 460
1584651574245 0.0996820918179746 461
1584651576708 0.09918368135888474 462
1584651579107 0.09868776295209031 463
1584651581292 0.09819432413732986 464
1584651583613 0.09770335251664321 465
1584651585805 0.09721483575406 466
1584651588166 0.09672876157528969 467
1584651590453 0.09624511776741324 468
1584651592755 0.09576389217857617 469
1584651595251 0.09528507271768329 470
1584651597563 0.09480864735409487 471
1584651599752 0.0943346041173244 472
1584651602286 0.09386293109673778 473
1584651604686 0.09339361644125409 474
1584651607005 0.09292664835904782 475
1584651609337 0.09246201511725258 476
1584651611536 0.09199970504166631 477
1584651613752 0.09153970651645797 478
1584651616637 0.09108200798387568 479
1584651621368 0.0906265979439563 480
1584651625503 0.09017346495423652 481
1584651627967 0.08972259762946533 482
1584651630501 0.089273984641318 483
1584651633033 0.0888276147181114 484
1584651635412 0.08838347664452084 485
1584651637710 0.08794155926129824 486
1584651640166 0.08750185146499175 487
1584651642807 0.08706434220766679 488
1584651645269 0.08662902049662846 489
1584651648340 0.08619587539414532 490
1584651651181 0.08576489601717459 491
1584651654722 0.08533607153708872 492
1584651657363 0.08490939117940327 493
1584651659902 0.08448484422350626 494
1584651662465 0.08406242000238873 495
1584651665153 0.08364210790237678 496
1584651667524 0.0832238973628649 497
1584651670010 0.08280777787605056 498
1584651672472 0.08239373898667031 499
1584651674955 0.08198177029173696 500
1584651678172 0.08157186144027828 501
1584651680910 0.0811640021330769 502
1584651683933 0.08075818212241151 503
1584651686844 0.08035439121179945 504
1584651689771 0.07995261925574046 505
1584651692533 0.07955285615946175 506
1584651694998 0.07915509187866444 507
1584651697479 0.07875931641927113 508
1584651700174 0.07836551983717477 509
1584651702705 0.07797369223798889 510
1584651705226 0.07758382377679894 511
1584651707635 0.07719590465791494 512
1584651710127 0.07680992513462537 513
1584651712480 0.07642587550895225 514
1584651714859 0.07604374613140748 515
1584651717199 0.07566352740075044 516
1584651719614 0.07528520976374668 517
1584651722107 0.07490878371492794 518
1584651724648 0.0745342397963533 519
1584651727103 0.07416156859737154 520
1584651729586 0.07379076075438468 521
1584651731905 0.07342180695061275 522
1584651734303 0.07305469791585968 523
1584651736737 0.07268942442628039 524
1584651739206 0.07232597730414898 525
1584651741687 0.07196434741762824 526
1584651744045 0.0716045256805401 527
1584651746503 0.0712465030521374 528
1584651749076 0.0708902705368767 529
1584651751654 0.07053581918419231 530
1584651754222 0.07018314008827135 531
1584651756667 0.06983222438783 532
1584651759201 0.06948306326589085 533
1584651761551 0.0691356479495614 534
1584651764017 0.06878996970981359 535
1584651766333 0.06844601986126451 536
1584651768729 0.06810378976195819 537
1584651771235 0.0677632708131484 538
1584651773588 0.06742445445908266 539
1584651776019 0.06708733218678724 540
1584651778338 0.0667518955258533 541
1584651781266 0.06641813604822402 542
1584651784343 0.0660860453679829 543
1584651786696 0.06575561514114299 544
1584651789104 0.06542683706543727 545
1584651791534 0.06509970288011008 546
1584651793849 0.06477420436570952 547
1584651796157 0.06445033334388098 548
1584651798491 0.06412808167716157 549
1584651800891 0.06380744126877576 550
1584651803346 0.06348840406243188 551
1584651805653 0.06317096204211972 552
1584651807981 0.06285510723190912 553
1584651810461 0.06254083169574957 554
1584651812956 0.062228127537270826 555
1584651815410 0.06191698689958447 556
1584651817778 0.061607401965086545 557
1584651820198 0.06129936495526111 558
1584651822492 0.0609928681304848 559
1584651824835 0.060687903789832374 560
1584651827202 0.06038446427088321 561
1584651829736 0.06008254194952879 562
1584651832094 0.05978212923978115 563
1584651834399 0.05948321859358224 564
1584651836671 0.05918580250061433 565
1584651839017 0.058889873488111255 566
1584651841512 0.058595424120670696 567
1584651844143 0.05830244700006734 568
1584651846580 0.058010934765067 569
1584651849101 0.05772088009124167 570
1584651851572 0.05743227569078546 571
1584651853978 0.05714511431233153 572
1584651856328 0.05685938874076987 573
1584651858709 0.056575091797066025 574
1584651861100 0.056292216338080694 575
1584651863508 0.05601075525639029 576
1584651865845 0.05573070148010834 577
1584651868165 0.0554520479727078 578
1584651870648 0.05517478773284426 579
1584651873190 0.05489891379418004 580
1584651875679 0.05462441922520914 581
1584651878203 0.0543512971290831 582
1584651880815 0.05407954064343768 583
1584651883124 0.05380914294022049 584
1584651885447 0.05354009722551939 585
1584651887742 0.05327239673939179 586
1584651890185 0.053006034755694834 587
1584651892646 0.052741004581916356 588
1584651894954 0.052477299559006776 589
1584651897271 0.052214913061211746 590
1584651899616 0.05195383849590569 591
1584651902064 0.05169406930342616 592
1584651904613 0.05143559895690903 593
1584651906973 0.051178420962124486 594
1584651909435 0.05092252885731386 595
1584651911865 0.05066791621302729 596
1584651914200 0.05041457663196215 597
1584651916549 0.050162503748802344 598
1584651919130 0.049911691230058335 599
1584651921518 0.04966213277390804 600
1584651924094 0.0494138221100385 601
1584651926479 0.04916675299948831 602
1584651928750 0.04892091923449087 603
1584651931182 0.04867631463831842 604
1584651933578 0.048432933065126825 605
1584651936043 0.048190768399801194 606
1584651938477 0.04794981455780219 607
1584651941060 0.04771006548501318 608
1584651943405 0.047471515157588115 609
1584651945785 0.047234157581800176 610
1584651948141 0.046997986793891174 611
1584651950568 0.04676299685992172 612
1584651953011 0.04652918187562211 613
1584651955270 0.046296535966244 614
1584651957578 0.046065053286412784 615
1584651960020 0.04583472801998072 616
1584651962441 0.045605554379880814 617
1584651964847 0.04537752660798141 618
1584651967213 0.0451506389749415 619
1584651969696 0.044924885780066794 620
1584651972094 0.04470026135116646 621
1584651974418 0.04447676004441063 622
1584651977097 0.04425437624418858 623
1584651979483 0.04403310436296763 624
1584651981870 0.043812938841152796 625
1584651984286 0.04359387414694703 626
1584651986634 0.043375904776212296 627
1584651989052 0.043159025252331236 628
1584651991588 0.04294323012606958 629
1584651994054 0.04272851397543923 630
1584651996569 0.04251487140556204 631
1584651998907 0.04230229704853423 632
1584652001353 0.04209078556329156 633
1584652003719 0.0418803316354751 634
1584652006082 0.041670929977297724 635
1584652008519 0.04146257532741124 636
1584652011025 0.04125526245077418 637
1584652013481 0.04104898613852031 638
1584652015756 0.04084374120782771 639
1584652018084 0.04063952250178857 640
1584652020473 0.04043632488927963 641
1584652022948 0.04023414326483323 642
1584652025510 0.040032972548509065 643
1584652027925 0.03983280768576652 644
1584652030389 0.03963364364733769 645
1584652032873 0.039435475429100995 646
1584652035229 0.03923829805195549 647
1584652037561 0.03904210656169572 648
1584652039968 0.03884689602888724 649
1584652042425 0.0386526615487428 650
1584652044822 0.03845939824099909 651
1584652047122 0.03826710124979409 652
1584652049633 0.038075765743545126 653
1584652052114 0.0378853869148274 654
1584652054496 0.03769595998025326 655
1584652056959 0.03750748018035199 656
1584652059421 0.037319942779450235 657
1584652062054 0.037133343065552986 658
1584652064431 0.03694767635022522 659
1584652068483 0.036762937968474095 660
1584652073936 0.03657912327863173 661
1584652079847 0.036396227662238566 662
1584652084275 0.03621424652392737 663
1584652086840 0.036033175291307735 664
1584652089291 0.03585300941485119 665
1584652091599 0.035673744367776934 666
1584652094091 0.03549537564593805 667
1584652096504 0.035317898767708356 668
1584652098914 0.03514130927386981 669
1584652102178 0.03496560272750046 670
1584652106166 0.03479077471386296 671
1584652108630 0.03461682084029365 672
1584652111058 0.034443736736092176 673
1584652113532 0.034271518052411715 674
1584652116139 0.034100160462149656 675
1584652118694 0.03392965965983891 676
1584652121586 0.033760011361539714 677
1584652124331 0.03359121130473201 678
1584652127369 0.033423255248208356 679
1584652129820 0.03325613897196732 680
1584652132269 0.03308985827710748 681
1584652134764 0.032924408985721944 682
1584652137269 0.03275978694079333 683
1584652139622 0.032595988006089364 684
1584652142096 0.032433008066058915 685
1584652144972 0.03227084302572862 686
1584652147628 0.032109488810599975 687
1584652150044 0.031948941366546975 688
1584652152753 0.03178919665971424 689
1584652155753 0.03163025067641567 690
1584652158782 0.03147209942303359 691
1584652162182 0.03131473892591842 692
1584652166101 0.031158165231288826 693
1584652170769 0.03100237440513238 694
1584652176434 0.030847362533106718 695
1584652179500 0.030693125720441184 696
1584652181745 0.030539660091838977 697
1584652183971 0.03038696179137978 698
1584652186518 0.030235026982422884 699
1584652189724 0.030083851847510768 700
1584652193413 0.029933432588273214 701
1584652195981 0.029783765425331846 702
1584652198397 0.029634846598205186 703
1584652200799 0.02948667236521416 704
1584652203634 0.029339239003388088 705
1584652207437 0.029192542808371146 706
1584652210296 0.02904658009432929 707
1584652212846 0.028901347193857643 708
1584652215260 0.028756840457888354 709
1584652217713 0.02861305625559891 710
1584652220068 0.028469990974320916 711
1584652222505 0.02832764101944931 712
1584652225026 0.028186002814352063 713
1584652227473 0.0280450728002803 714
1584652230106 0.0279048474362789 715
1584652232594 0.027765323199097504 716
1584652235067 0.027626496583102015 717
1584652237577 0.027488364100186506 718
1584652240030 0.027350922279685573 719
1584652242503 0.027214167668287145 720
1584652244956 0.02707809682994571 721
1584652247432 0.02694270634579598 722
1584652249771 0.026807992814067 723
1584652252281 0.026673952849996664 724
1584652254749 0.02654058308574668 725
1584652257246 0.026407880170317945 726
1584652259600 0.026275840769466357 727
1584652261950 0.026144461565619025 728
1584652264564 0.02601373925779093 729
1584652267171 0.025883670561501974 730
1584652269627 0.025754252208694463 731
1584652272135 0.02562548094765099 732
1584652274915 0.025497353542912736 733
1584652277251 0.02536986677519817 734
1584652279628 0.02524301744132218 735
1584652282035 0.025116802354115567 736
1584652284514 0.024991218342344988 737
1584652286945 0.024866262250633264 738
1584652289513 0.024741930939380097 739
1584652291885 0.024618221284683196 740
1584652294458 0.02449513017825978 741
1584652296830 0.02437265452736848 742
1584652299275 0.024250791254731636 743
1584652301781 0.024129537298457977 744
1584652304260 0.024008889611965685 745
1584652306643 0.023888845163905856 746
1584652309049 0.023769400938086327 747
1584652311470 0.023650553933395897 748
1584652313935 0.023532301163728918 749
1584652316620 0.023414639657910272 750
1584652319112 0.023297566459620722 751
1584652321551 0.023181078627322618 752
1584652324162 0.023065173234186005 753
1584652326643 0.022949847368015076 754
1584652329128 0.022835098131175 755
1584652331623 0.022720922640519125 756
1584652334232 0.02260731802731653 757
1584652336690 0.022494281437179946 758
1584652339078 0.022381810029994047 759
1584652341472 0.022269900979844076 760
1584652343795 0.022158551474944856 761
1584652346227 0.022047758717570132 762
1584652348765 0.021937519923982282 763
1584652351454 0.021827832324362372 764
1584652354066 0.02171869316274056 765
1584652356646 0.021610099696926857 766
1584652359468 0.021502049198442223 767
1584652362262 0.021394538952450012 768
1584652365267 0.02128756625768776 769
1584652368938 0.021181128426399323 770
1584652374214 0.021075222784267326 771
1584652378226 0.020969846670345987 772
1584652380929 0.020864997436994256 773
1584652383864 0.020760672449809284 774
1584652386635 0.020656869087560238 775
1584652389281 0.020553584742122436 776
1584652391715 0.020450816818411825 777
1584652394215 0.020348562734319765 778
1584652396737 0.020246819920648168 779
1584652399200 0.020145585821044927 780
1584652401732 0.020044857891939702 781
1584652404341 0.019944633602480003 782
1584652406934 0.019844910434467605 783
1584652409695 0.019745685882295267 784
1584652412392 0.01964695745288379 785
1584652414854 0.01954872266561937 786
1584652417519 0.019450979052291272 787
1584652420270 0.019353724157029815 788
1584652422789 0.019256955536244666 789
1584652425318 0.019160670758563442 790
1584652427927 0.019064867404770626 791
1584652430469 0.018969543067746772 792
1584652433145 0.018874695352408037 793
1584652435945 0.018780321875645996 794
1584652438678 0.018686420266267767 795
1584652441208 0.018592988164936427 796
1584652443784 0.018500023224111744 797
1584652446614 0.018407523107991184 798
1584652449194 0.01831548549245123 799
1584652451682 0.018223908064988973 800
1584652454385 0.018132788524664028 801
1584652456962 0.018042124582040707 802
1584652459673 0.017951913959130504 803
1584652462279 0.01786215438933485 804
1584652464890 0.017772843617388175 805
1584652467551 0.017683979399301233 806
1584652470621 0.017595559502304726 807
1584652473186 0.0175075817047932 808
1584652475605 0.017420043796269234 809
1584652478053 0.017332943577287888 810
1584652480615 0.01724627885940145 811
1584652483150 0.017160047465104442 812
1584652485660 0.01707424722777892 813
1584652488085 0.016988875991640028 814
1584652490612 0.016903931611681827 815
1584652493076 0.01681941195362342 816
1584652495587 0.016735314893855303 817
1584652498175 0.016651638319386028 818
1584652500864 0.0165683801277891 819
1584652503779 0.016485538227150154 820
1584652506452 0.0164031105360144 821
1584652508836 0.01632109498333433 822
1584652511364 0.016239489508417658 823
1584652513901 0.01615829206087557 824
1584652516632 0.01607750060057119 825
1584652519218 0.015997113097568336 826
1584652521899 0.015917127532080494 827
1584652524440 0.01583754189442009 828
1584652526945 0.01575835418494799 829
1584652529421 0.01567956241402325 830
1584652532134 0.015601164601953134 831
1584652534695 0.015523158778943369 832
1584652537236 0.015445542985048652 833
1584652539659 0.015368315270123408 834
1584652542233 0.01529147369377279 835
1584652544806 0.015215016325303928 836
1584652547477 0.015138941243677408 837
1584652550578 0.01506324653745902 838
1584652553198 0.014987930304771725 839
1584652556306 0.014912990653247866 840
1584652558905 0.014838425699981627 841
1584652561832 0.01476423357148172 842
1584652564691 0.014690412403624311 843
1584652567712 0.01461696034160619 844
1584652570437 0.014543875539898159 845
1584652573065 0.014471156162198668 846
1584652575573 0.014398800381387675 847
1584652578186 0.014326806379480736 848
1584652580898 0.014255172347583332 849
1584652583568 0.014183896485845416 850
1584652586570 0.014112977003416188 851
1584652589308 0.014042412118399107 852
1584652592020 0.013972200057807112 853
1584652595005 0.013902339057518077 854
1584652597821 0.013832827362230486 855
1584652600544 0.013763663225419333 856
1584652603255 0.013694844909292236 857
1584652605970 0.013626370684745774 858
1584652608525 0.013558238831322046 859
1584652611044 0.013490447637165436 860
1584652613549 0.013422995398979608 861
1584652616239 0.01335588042198471 862
1584652619058 0.013289101019874787 863
1584652621650 0.013222655514775413 864
1584652624424 0.013156542237201536 865
1584652626973 0.013090759526015528 866
1584652629792 0.01302530572838545 867
1584652632430 0.012960179199743523 868
1584652635208 0.012895378303744804 869
1584652638072 0.01283090141222608 870
1584652640694 0.012766746905164949 871
1584652643212 0.012702913170639124 872
1584652645845 0.012639398604785928 873
1584652648468 0.012576201611761997 874
1584652651261 0.012513320603703188 875
1584652654036 0.012450754000684672 876
1584652656552 0.012388500230681249 877
1584652659592 0.012326557729527843 878
1584652662553 0.012264924940880204 879
1584652665565 0.012203600316175803 880
1584652668141 0.012142582314594924 881
1584652670807 0.01208186940302195 882
1584652673532 0.01202146005600684 883
1584652676120 0.011961352755726806 884
1584652678630 0.01190154599194817 885
1584652681601 0.01184203826198843 886
1584652684192 0.011782828070678488 887
1584652686571 0.011723913930325095 888
1584652688806 0.01166529436067347 889
1584652691122 0.011606967888870102 890
1584652693415 0.01154893304942575 891
1584652695858 0.011491188384178622 892
1584652698289 0.011433732442257729 893
1584652700665 0.01137656378004644 894
1584652703061 0.011319680961146208 895
1584652705447 0.011263082556340478 896
1584652707695 0.011206767143558775 897
1584652709952 0.011150733307840981 898
1584652712410 0.011094979641301777 899
1584652715326 0.011039504743095268 900
1584652717832 0.01098430721937979 901
1584652720144 0.010929385683282892 902
1584652722471 0.010874738754866477 903
1584652725091 0.010820365061092144 904
1584652727626 0.010766263235786683 905
1584652730163 0.01071243191960775 906
1584652732495 0.010658869760009713 907
1584652734883 0.010605575411209664 908
1584652737177 0.010552547534153616 909
1584652739452 0.010499784796482848 910
1584652741744 0.010447285872500434 911
1584652744260 0.01039504944313793 912
1584652746597 0.010343074195922241 913
1584652748823 0.01029135882494263 914
1584652751093 0.010239902030817916 915
1584652753314 0.010188702520663827 916
1584652755758 0.010137759008060509 917
1584652758112 0.010087070213020206 918
1584652760544 0.010036634861955105 919
1584652763053 0.01 920
1584652765462 0.01 921
1584652767729 0.01 922
1584652769970 0.01 923
1584652772396 0.01 924
1584652774756 0.01 925
1584652777161 0.01 926
1584652779400 0.01 927
1584652781603 0.01 928
1584652783934 0.01 929
1584652786833 0.01 930
1584652789286 0.01 931
1584652791688 0.01 932
1584652794055 0.01 933
1584652796417 0.01 934
1584652798682 0.01 935
1584652800945 0.01 936
1584652803495 0.01 937
1584652805909 0.01 938
1584652808222 0.01 939
1584652810511 0.01 940
1584652812772 0.01 941
1584652815637 0.01 942
1584652818062 0.01 943
1584652820460 0.01 944
1584652822893 0.01 945
1584652825267 0.01 946
1584652827537 0.01 947
1584652829778 0.01 948
1584652832136 0.01 949
1584652834472 0.01 950
1584652836795 0.01 951
1584652839048 0.01 952
1584652841248 0.01 953
1584652843615 0.01 954
1584652845941 0.01 955
1584652848355 0.01 956
1584652850667 0.01 957
1584652853072 0.01 958
1584652855328 0.01 959
1584652857660 0.01 960
1584652860067 0.01 961
1584652862440 0.01 962
