1584650519131 300 1
1584650521345 300 2
1584650523658 300 3
1584650525909 300 4
1584650528142 300 5
1584650530388 300 6
1584650532643 300 7
1584650534923 300 8
1584650537156 300 9
1584650539342 300 10
1584650541553 300 11
1584650543884 300 12
1584650546327 300 13
1584650548646 300 14
1584650550859 300 15
1584650553052 300 16
1584650555673 300 17
1584650558136 300 18
1584650560361 300 19
1584650562595 300 20
1584650564822 300 21
1584650566995 300 22
1584650569137 300 23
1584650571388 300 24
1584650573612 300 25
1584650575862 300 26
1584650578066 300 27
1584650580271 300 28
1584650582514 300 29
1584650584817 300 30
1584650587046 300 31
1584650589270 300 32
1584650591517 300 33
1584650593679 300 34
1584650595833 300 35
1584650597993 300 36
1584650600223 300 37
1584650602527 300 38
1584650604704 300 39
1584650606902 300 40
1584650609083 300 41
1584650611318 300 42
1584650613584 300 43
1584650615994 300 44
1584650618223 300 45
1584650620450 300 46
1584650622635 300 47
1584650624808 300 48
1584650627060 300 49
1584650629326 300 50
1584650631531 300 51
1584650633691 300 52
1584650635878 300 53
1584650638147 300 54
1584650640389 300 55
1584650642658 300 56
1584650644881 300 57
1584650647186 300 58
1584650649435 300 59
1584650652201 300 60
1584650654744 300 61
1584650657319 300 62
1584650659805 300 63
1584650662478 300 64
1584650664653 300 65
1584650666815 300 66
1584650669068 300 67
1584650671288 300 68
1584650673534 300 69
1584650675812 300 70
1584650678065 300 71
1584650680252 300 72
1584650682453 300 73
1584650684708 300 74
1584650686978 300 75
1584650689212 300 76
1584650691387 300 77
1584650693537 300 78
1584650695780 300 79
1584650698052 300 80
1584650700302 300 81
1584650702852 300 82
1584650705201 300 83
1584650707400 300 84
1584650709574 300 85
1584650712258 300 86
1584650714720 300 87
1584650716975 300 88
1584650719161 300 89
1584650721334 300 90
1584650723506 300 91
1584650725762 300 92
1584650728026 300 93
1584650730265 300 94
1584650732496 300 95
1584650734737 300 96
1584650736938 300 97
1584650739134 300 98
1584650741364 300 99
1584650743639 300 100
1584650745952 300 101
1584650748178 300 102
1584650750358 300 103
1584650752611 300 104
1584650754858 300 105
1584650757157 300 106
1584650759454 300 107
1584650762020 300 108
1584650764362 300 109
1584650766555 300 110
1584650768747 300 111
1584650771425 300 112
1584650774067 300 113
1584650776247 300 114
1584650778564 300 115
1584650780758 300 116
1584650783045 300 117
1584650785312 300 118
1584650787611 300 119
1584650789867 300 120
1584650792140 300 121
1584650794343 300 122
1584650796506 300 123
1584650798774 300 124
1584650801026 300 125
1584650803336 300 126
1584650805548 300 127
1584650807775 300 128
1584650810173 300 129
1584650812500 300 130
1584650814760 300 131
1584650817052 300 132
1584650819357 300 133
1584650821549 300 134
1584650823752 300 135
1584650825984 300 136
1584650828253 300 137
1584650830540 300 138
1584650832717 300 139
1584650834921 300 140
1584650837098 300 141
1584650839403 300 142
1584650841649 300 143
1584650843914 300 144
1584650846185 300 145
1584650848513 300 146
1584650850745 300 147
1584650852966 300 148
1584650855222 300 149
1584650857501 300 150
1584650859785 300 151
1584650862006 300 152
1584650864227 300 153
1584650866478 300 154
1584650868743 300 155
1584650871040 300 156
1584650873324 300 157
1584650875587 300 158
1584650877790 300 159
1584650880006 300 160
1584650882229 300 161
1584650884571 300 162
1584650886808 300 163
1584650889000 300 164
1584650891201 300 165
1584650893406 300 166
1584650895813 300 167
1584650898080 300 168
1584650900383 300 169
1584650902629 300 170
1584650904995 300 171
1584650907242 300 172
1584650909453 300 173
1584650911727 300 174
1584650914040 300 175
1584650916299 300 176
1584650918456 300 177
1584650920631 300 178
1584650922899 300 179
1584650925188 300 180
1584650927460 300 181
1584650929687 300 182
1584650931936 300 183
1584650934098 300 184
1584650936307 300 185
1584650938498 300 186
1584650940800 300 187
1584650943189 300 188
1584650945420 300 189
1584650947594 300 190
1584650949840 300 191
1584650952105 300 192
1584650954405 300 193
1584650956688 300 194
1584650958959 300 195
1584650961256 300 196
1584650963458 300 197
1584650965683 300 198
1584650967955 300 199
1584650970223 300 200
1584650972632 300 201
1584650974839 300 202
1584650977104 300 203
1584650979419 300 204
1584650981651 300 205
1584650983897 300 206
1584650986126 300 207
1584650988456 300 208
1584650990658 300 209
1584650992885 300 210
1584650995090 300 211
1584650997364 300 212
1584650999599 300 213
1584651001835 300 214
1584651004158 300 215
1584651006395 300 216
1584651008645 300 217
1584651010865 300 218
1584651013137 300 219
1584651015383 300 220
1584651017608 300 221
1584651019793 300 222
1584651021991 300 223
1584651024247 300 224
1584651026486 300 225
1584651028738 300 226
1584651030913 300 227
1584651033108 300 228
1584651035338 300 229
1584651037601 300 230
1584651039828 300 231
1584651042034 300 232
1584651044300 300 233
1584651046496 300 234
1584651048703 300 235
1584651050904 300 236
1584651053198 300 237
1584651055463 300 238
1584651057665 300 239
1584651059995 300 240
1584651062184 300 241
1584651064853 300 242
1584651067178 300 243
1584651069428 300 244
1584651071695 300 245
1584651074044 300 246
1584651076227 300 247
1584651078400 300 248
1584651080648 300 249
1584651082918 300 250
1584651085222 300 251
1584651087406 300 252
1584651089639 300 253
1584651091917 300 254
1584651094229 300 255
1584651096487 300 256
1584651098872 300 257
1584651101132 300 258
1584651103368 300 259
1584651105559 300 260
1584651107717 300 261
1584651109978 300 262
1584651112308 300 263
1584651114775 300 264
1584651116960 300 265
1584651119164 300 266
1584651121422 300 267
1584651123687 300 268
1584651125951 300 269
1584651128224 300 270
1584651130541 300 271
1584651132722 300 272
1584651134920 300 273
1584651137183 300 274
1584651139448 300 275
1584651141709 300 276
1584651143894 300 277
1584651146091 300 278
1584651148434 300 279
1584651150722 300 280
1584651153001 300 281
1584651155260 300 282
1584651157526 300 283
1584651159793 300 284
1584651161983 300 285
1584651164175 300 286
1584651166453 300 287
1584651168772 300 288
1584651170964 300 289
1584651173163 300 290
1584651175433 300 291
1584651177719 300 292
1584651180020 300 293
1584651182330 300 294
1584651184697 300 295
1584651186935 300 296
1584651189194 300 297
1584651191474 300 298
1584651193730 300 299
1584651196166 300 300
1584651198528 300 301
1584651200860 300 302
1584651203087 300 303
1584651205370 300 304
1584651207639 300 305
1584651210122 300 306
1584651212630 300 307
1584651215051 300 308
1584651217241 300 309
1584651219486 300 310
1584651221672 300 311
1584651223954 300 312
1584651226277 300 313
1584651228461 300 314
1584651230640 300 315
1584651232848 300 316
1584651235129 300 317
1584651237412 300 318
1584651239707 300 319
1584651242013 300 320
1584651244519 300 321
1584651246848 300 322
1584651249150 300 323
1584651251435 300 324
1584651253765 300 325
1584651256097 300 326
1584651258306 300 327
1584651260514 300 328
1584651262779 300 329
1584651265075 300 330
1584651267341 300 331
1584651269621 300 332
1584651271887 300 333
1584651274118 300 334
1584651276325 300 335
1584651278556 300 336
1584651280834 300 337
1584651283137 300 338
1584651285370 300 339
1584651287620 300 340
1584651289804 300 341
1584651292160 300 342
1584651294449 300 343
1584651296708 300 344
1584651298984 300 345
1584651301260 300 346
1584651303549 300 347
1584651305750 300 348
1584651308031 300 349
1584651310330 300 350
1584651312654 300 351
1584651314891 300 352
1584651317103 300 353
1584651319379 300 354
1584651321658 300 355
1584651324031 300 356
1584651326317 300 357
1584651328589 300 358
1584651330757 300 359
1584651333003 300 360
1584651335201 300 361
1584651337485 300 362
1584651339763 300 363
1584651341974 300 364
1584651344189 300 365
1584651346379 300 366
1584651348693 300 367
1584651350992 300 368
1584651353311 300 369
1584651355577 300 370
1584651357869 300 371
1584651360086 300 372
1584651362295 300 373
1584651364558 300 374
1584651366831 300 375
1584651369171 300 376
1584651371341 300 377
1584651373701 300 378
1584651375958 300 379
1584651378264 300 380
1584651380546 300 381
1584651382858 300 382
1584651385141 300 383
1584651387341 300 384
1584651389704 300 385
1584651391900 300 386
1584651394169 300 387
1584651396450 300 388
1584651398619 300 389
1584651400835 300 390
1584651403049 300 391
1584651405349 300 392
1584651407638 300 393
1584651409917 300 394
1584651412189 300 395
1584651414517 300 396
1584651416711 300 397
1584651418918 300 398
1584651421231 300 399
1584651423899 300 400
1584651426275 300 401
1584651428502 300 402
1584651430712 300 403
1584651433222 300 404
1584651436133 300 405
1584651438480 300 406
1584651440771 300 407
1584651443076 300 408
1584651445287 300 409
1584651447522 300 410
1584651449811 300 411
1584651452106 300 412
1584651454410 300 413
1584651456578 300 414
1584651458775 300 415
1584651461016 300 416
1584651463276 300 417
1584651465566 300 418
1584651467856 300 419
1584651470153 300 420
1584651472455 300 421
1584651474628 300 422
1584651476823 300 423
1584651479119 300 424
1584651481456 300 425
1584651483793 300 426
1584651486162 300 427
1584651488348 300 428
1584651490619 300 429
1584651492909 300 430
1584651495211 300 431
1584651497481 300 432
1584651499735 300 433
1584651501945 300 434
1584651504166 300 435
1584651506397 300 436
1584651508902 300 437
1584651511221 300 438
1584651513479 300 439
1584651515769 300 440
1584651518232 300 441
1584651524473 300 442
1584651531514 300 443
1584651533932 300 444
1584651536270 300 445
1584651538587 300 446
1584651540805 300 447
1584651543052 300 448
1584651545480 300 449
1584651547874 300 450
1584651550199 300 451
1584651552399 300 452
1584651554609 300 453
1584651556922 300 454
1584651559213 300 455
1584651561564 300 456
1584651563877 300 457
1584651566202 300 458
1584651568999 300 459
1584651571931 300 460
1584651574245 300 461
1584651576708 300 462
1584651579107 300 463
1584651581292 300 464
1584651583613 300 465
1584651585805 300 466
1584651588166 300 467
1584651590453 300 468
1584651592755 300 469
1584651595251 300 470
1584651597563 300 471
1584651599752 300 472
1584651602286 300 473
1584651604686 300 474
1584651607005 300 475
1584651609337 300 476
1584651611536 300 477
1584651613752 300 478
1584651616637 300 479
1584651621368 300 480
1584651625503 300 481
1584651627967 300 482
1584651630501 300 483
1584651633033 300 484
1584651635412 300 485
1584651637710 300 486
1584651640166 300 487
1584651642807 300 488
1584651645269 300 489
1584651648340 300 490
1584651651181 300 491
1584651654722 300 492
1584651657363 300 493
1584651659902 300 494
1584651662465 300 495
1584651665153 300 496
1584651667524 300 497
1584651670010 300 498
1584651672472 300 499
1584651674955 300 500
1584651678172 300 501
1584651680910 300 502
1584651683933 300 503
1584651686844 300 504
1584651689771 300 505
1584651692533 300 506
1584651694998 300 507
1584651697479 300 508
1584651700174 300 509
1584651702705 300 510
1584651705226 300 511
1584651707635 300 512
1584651710127 300 513
1584651712480 300 514
1584651714859 300 515
1584651717199 300 516
1584651719614 300 517
1584651722107 300 518
1584651724648 300 519
1584651727103 300 520
1584651729586 300 521
1584651731905 300 522
1584651734303 300 523
1584651736737 300 524
1584651739206 300 525
1584651741687 300 526
1584651744045 300 527
1584651746503 300 528
1584651749076 300 529
1584651751654 300 530
1584651754222 300 531
1584651756667 300 532
1584651759201 300 533
1584651761551 300 534
1584651764017 300 535
1584651766333 300 536
1584651768729 300 537
1584651771235 300 538
1584651773588 300 539
1584651776019 300 540
1584651778338 300 541
1584651781266 300 542
1584651784343 300 543
1584651786696 300 544
1584651789104 300 545
1584651791534 300 546
1584651793849 300 547
1584651796157 300 548
1584651798491 300 549
1584651800891 300 550
1584651803346 300 551
1584651805653 300 552
1584651807981 300 553
1584651810461 300 554
1584651812956 300 555
1584651815410 300 556
1584651817778 300 557
1584651820198 300 558
1584651822492 300 559
1584651824835 300 560
1584651827202 300 561
1584651829736 300 562
1584651832094 300 563
1584651834399 300 564
1584651836671 300 565
1584651839017 300 566
1584651841512 300 567
1584651844143 300 568
1584651846580 300 569
1584651849101 300 570
1584651851572 300 571
1584651853978 300 572
1584651856328 300 573
1584651858709 300 574
1584651861100 300 575
1584651863508 300 576
1584651865845 300 577
1584651868165 300 578
1584651870648 300 579
1584651873190 300 580
1584651875679 300 581
1584651878203 300 582
1584651880815 300 583
1584651883124 300 584
1584651885447 300 585
1584651887742 300 586
1584651890185 300 587
1584651892646 300 588
1584651894954 300 589
1584651897271 300 590
1584651899616 300 591
1584651902064 300 592
1584651904613 300 593
1584651906973 300 594
1584651909435 300 595
1584651911865 300 596
1584651914200 300 597
1584651916549 300 598
1584651919130 300 599
1584651921518 300 600
1584651924094 300 601
1584651926479 300 602
1584651928750 300 603
1584651931182 300 604
1584651933578 300 605
1584651936043 300 606
1584651938477 300 607
1584651941060 300 608
1584651943405 300 609
1584651945785 300 610
1584651948141 300 611
1584651950568 300 612
1584651953011 300 613
1584651955270 300 614
1584651957578 300 615
1584651960020 300 616
1584651962441 300 617
1584651964847 300 618
1584651967213 300 619
1584651969696 300 620
1584651972094 300 621
1584651974418 300 622
1584651977097 300 623
1584651979483 300 624
1584651981870 300 625
1584651984286 300 626
1584651986634 300 627
1584651989052 300 628
1584651991588 300 629
1584651994054 300 630
1584651996569 300 631
1584651998907 300 632
1584652001353 300 633
1584652003719 300 634
1584652006082 300 635
1584652008519 300 636
1584652011025 300 637
1584652013481 300 638
1584652015756 300 639
1584652018084 300 640
1584652020473 300 641
1584652022948 300 642
1584652025510 300 643
1584652027925 300 644
1584652030389 300 645
1584652032873 300 646
1584652035229 300 647
1584652037561 300 648
1584652039968 300 649
1584652042425 300 650
1584652044822 300 651
1584652047122 300 652
1584652049633 300 653
1584652052114 300 654
1584652054496 300 655
1584652056959 300 656
1584652059421 300 657
1584652062054 300 658
1584652064431 300 659
1584652068483 300 660
1584652073936 300 661
1584652079847 300 662
1584652084275 300 663
1584652086840 300 664
1584652089291 300 665
1584652091599 300 666
1584652094091 300 667
1584652096504 300 668
1584652098914 300 669
1584652102178 300 670
1584652106166 300 671
1584652108630 300 672
1584652111058 300 673
1584652113532 300 674
1584652116139 300 675
1584652118694 300 676
1584652121586 300 677
1584652124331 300 678
1584652127369 300 679
1584652129820 300 680
1584652132269 300 681
1584652134764 300 682
1584652137269 300 683
1584652139622 300 684
1584652142096 300 685
1584652144972 300 686
1584652147628 300 687
1584652150044 300 688
1584652152753 300 689
1584652155753 300 690
1584652158782 300 691
1584652162182 300 692
1584652166101 300 693
1584652170769 300 694
1584652176434 300 695
1584652179500 300 696
1584652181745 300 697
1584652183971 300 698
1584652186518 300 699
1584652189724 300 700
1584652193413 300 701
1584652195981 300 702
1584652198397 300 703
1584652200799 300 704
1584652203634 300 705
1584652207437 300 706
1584652210296 300 707
1584652212846 300 708
1584652215260 300 709
1584652217713 300 710
1584652220068 300 711
1584652222505 300 712
1584652225026 300 713
1584652227473 300 714
1584652230106 300 715
1584652232594 300 716
1584652235067 300 717
1584652237577 300 718
1584652240030 300 719
1584652242503 300 720
1584652244956 300 721
1584652247432 300 722
1584652249771 300 723
1584652252281 300 724
1584652254749 300 725
1584652257246 300 726
1584652259600 300 727
1584652261950 300 728
1584652264564 300 729
1584652267171 300 730
1584652269627 300 731
1584652272135 300 732
1584652274915 300 733
1584652277251 300 734
1584652279628 300 735
1584652282035 300 736
1584652284514 300 737
1584652286945 300 738
1584652289513 300 739
1584652291885 300 740
1584652294458 300 741
1584652296830 300 742
1584652299275 300 743
1584652301781 300 744
1584652304260 300 745
1584652306643 300 746
1584652309049 300 747
1584652311470 300 748
1584652313935 300 749
1584652316620 300 750
1584652319112 300 751
1584652321551 300 752
1584652324162 300 753
1584652326643 300 754
1584652329128 300 755
1584652331623 300 756
1584652334232 300 757
1584652336690 300 758
1584652339078 300 759
1584652341472 300 760
1584652343795 300 761
1584652346227 300 762
1584652348765 300 763
1584652351454 300 764
1584652354066 300 765
1584652356646 300 766
1584652359468 300 767
1584652362262 300 768
1584652365267 300 769
1584652368938 300 770
1584652374214 300 771
1584652378226 300 772
1584652380929 300 773
1584652383864 300 774
1584652386635 300 775
1584652389281 300 776
1584652391715 300 777
1584652394215 300 778
1584652396737 300 779
1584652399200 300 780
1584652401732 300 781
1584652404341 300 782
1584652406934 300 783
1584652409695 300 784
1584652412392 300 785
1584652414854 300 786
1584652417519 300 787
1584652420270 300 788
1584652422789 300 789
1584652425318 300 790
1584652427927 300 791
1584652430469 300 792
1584652433145 300 793
1584652435945 300 794
1584652438678 300 795
1584652441208 300 796
1584652443784 300 797
1584652446614 300 798
1584652449194 300 799
1584652451682 300 800
1584652454385 300 801
1584652456962 300 802
1584652459673 300 803
1584652462279 300 804
1584652464890 300 805
1584652467551 300 806
1584652470621 300 807
1584652473186 300 808
1584652475605 300 809
1584652478053 300 810
1584652480615 300 811
1584652483150 300 812
1584652485660 300 813
1584652488085 300 814
1584652490612 300 815
1584652493076 300 816
1584652495587 300 817
1584652498175 300 818
1584652500864 300 819
1584652503779 300 820
1584652506452 300 821
1584652508836 300 822
1584652511364 300 823
1584652513901 300 824
1584652516632 300 825
1584652519218 300 826
1584652521899 300 827
1584652524440 300 828
1584652526945 300 829
1584652529421 300 830
1584652532134 300 831
1584652534695 300 832
1584652537236 300 833
1584652539659 300 834
1584652542233 300 835
1584652544806 300 836
1584652547477 300 837
1584652550578 300 838
1584652553198 300 839
1584652556306 300 840
1584652558905 300 841
1584652561832 300 842
1584652564691 300 843
1584652567712 300 844
1584652570437 300 845
1584652573065 300 846
1584652575573 300 847
1584652578186 300 848
1584652580898 300 849
1584652583568 300 850
1584652586570 300 851
1584652589308 300 852
1584652592020 300 853
1584652595005 300 854
1584652597821 300 855
1584652600544 300 856
1584652603255 300 857
1584652605970 300 858
1584652608525 300 859
1584652611044 300 860
1584652613549 300 861
1584652616239 300 862
1584652619058 300 863
1584652621650 300 864
1584652624424 300 865
1584652626973 300 866
1584652629792 300 867
1584652632430 300 868
1584652635208 300 869
1584652638072 300 870
1584652640694 300 871
1584652643212 300 872
1584652645845 300 873
1584652648468 300 874
1584652651261 300 875
1584652654036 300 876
1584652656552 300 877
1584652659592 300 878
1584652662553 300 879
1584652665565 300 880
1584652668141 300 881
1584652670807 300 882
1584652673532 300 883
1584652676120 300 884
1584652678630 300 885
1584652681601 300 886
1584652684192 300 887
1584652686571 300 888
1584652688806 300 889
1584652691122 300 890
1584652693415 300 891
1584652695858 300 892
1584652698289 300 893
1584652700665 300 894
1584652703061 300 895
1584652705447 300 896
1584652707695 300 897
1584652709952 300 898
1584652712410 300 899
1584652715326 300 900
1584652717832 300 901
1584652720144 300 902
1584652722471 300 903
1584652725091 300 904
1584652727626 300 905
1584652730163 300 906
1584652732495 300 907
1584652734883 300 908
1584652737177 300 909
1584652739452 300 910
1584652741744 300 911
1584652744260 300 912
1584652746597 300 913
1584652748823 300 914
1584652751093 300 915
1584652753314 300 916
1584652755758 300 917
1584652758112 300 918
1584652760544 300 919
1584652763053 300 920
1584652765462 300 921
1584652767729 300 922
1584652769970 300 923
1584652772396 300 924
1584652774756 300 925
1584652777161 300 926
1584652779400 300 927
1584652781603 300 928
1584652783934 300 929
1584652786833 300 930
1584652789286 300 931
1584652791688 300 932
1584652794055 300 933
1584652796417 300 934
1584652798682 300 935
1584652800945 300 936
1584652803495 300 937
1584652805909 300 938
1584652808222 300 939
1584652810511 300 940
1584652812772 300 941
1584652815637 300 942
1584652818062 300 943
1584652820460 300 944
1584652822893 300 945
1584652825267 300 946
1584652827537 300 947
1584652829778 300 948
1584652832136 300 949
1584652834472 300 950
1584652836795 300 951
1584652839048 300 952
1584652841248 300 953
1584652843615 300 954
1584652845941 300 955
1584652848355 300 956
1584652850667 300 957
1584652853072 300 958
1584652855328 300 959
1584652857660 300 960
1584652860067 300 961
1584652862440 300 962
