1584565914916 1 1
1584565917133 1 2
1584565919371 1 3
1584565921520 1 4
1584565923674 1 5
1584565925820 1 6
1584565928060 1 7
1584565930252 1 8
1584565932449 1 9
1584565934610 1 10
1584565936825 1 11
1584565939008 1 12
1584565941189 1 13
1584565943390 1 14
1584565945584 1 15
1584565947782 1 16
1584565949976 1 17
1584565952149 1 18
1584565954346 1 19
1584565956537 1 20
1584565958945 1 21
1584565961078 1 22
1584565963226 1 23
1584565965373 1 24
1584565967488 1 25
1584565969655 1 26
1584565971797 1 27
1584565973915 1 28
1584565976059 1 29
1584565978203 1 30
1584565980369 1 31
1584565982571 1 32
1584565984742 1 33
1584565986861 1 34
1584565989022 1 35
1584565991164 1 36
1584565993330 1 37
1584565995505 1 38
1584565997611 1 39
1584565999747 1 40
1584566001911 1 41
1584566004044 1 42
1584566006208 1 43
1584566008371 1 44
1584566010518 1 45
1584566012666 1 46
1584566014801 1 47
1584566016952 1 48
1584566019130 1 49
1584566021288 1 50
1584566023431 1 51
1584566025619 1 52
1584566027750 1 53
1584566029944 1 54
1584566032088 1 55
1584566034235 1 56
1584566036410 1 57
1584566038582 1 58
1584566040807 1 59
1584566043017 1 60
1584566045188 1 61
1584566047385 1 62
1584566049594 1 63
1584566051793 1 64
1584566053986 1 65
1584566056297 1 66
1584566058507 1 67
1584566060702 1 68
1584566062919 1 69
1584566065092 1 70
1584566067284 1 71
1584566069455 1 72
1584566071640 1 73
1584566073832 1 74
1584566076014 1 75
1584566078183 1 76
1584566080371 1 77
1584566082578 1 78
1584566084763 1 79
1584566086999 1 80
1584566089144 1 81
1584566091330 1 82
1584566093491 1 83
1584566095692 1 84
1584566097879 1 85
1584566100053 1 86
1584566102276 1 87
1584566104487 1 88
1584566106685 1 89
1584566108910 1 90
1584566111102 1 91
1584566113279 1 92
1584566115436 1 93
1584566117672 1 94
1584566119835 1 95
1584566122038 1 96
1584566124220 1 97
1584566126444 1 98
1584566128662 1 99
1584566130902 1 100
1584566133131 1 101
1584566135450 1 102
1584566137758 1 103
1584566139962 1 104
1584566142150 1 105
1584566144380 1 106
1584566146602 1 107
1584566148821 1 108
1584566151066 1 109
1584566153613 1 110
1584566155816 1 111
1584566158025 1 112
1584566160222 1 113
1584566162394 1 114
1584566164623 1 115
1584566166780 1 116
1584566168998 1 117
1584566171201 1 118
1584566173382 1 119
1584566175546 1 120
1584566177753 1 121
1584566179946 1 122
1584566182150 1 123
1584566184424 1 124
1584566186655 1 125
1584566188830 1 126
1584566191059 1 127
1584566193255 1 128
1584566195454 1 129
1584566197649 1 130
1584566199893 1 131
1584566202075 1 132
1584566204289 1 133
1584566206481 1 134
1584566208670 1 135
1584566210871 1 136
1584566213067 1 137
1584566215249 1 138
1584566217446 1 139
1584566219687 1 140
1584566221904 1 141
1584566224109 1 142
1584566226304 1 143
1584566228508 1 144
1584566230729 1 145
1584566232917 1 146
1584566235095 1 147
1584566237256 1 148
1584566239489 1 149
1584566241680 1 150
1584566243918 1 151
1584566246106 1 152
1584566248329 1 153
1584566250627 1 154
1584566252829 1 155
1584566255016 1 156
1584566257175 1 157
1584566259363 1 158
1584566261549 1 159
1584566263734 1 160
1584566265948 1 161
1584566268127 1 162
1584566270294 1 163
1584566272478 1 164
1584566274707 1 165
1584566276885 1 166
1584566279059 1 167
1584566281259 1 168
1584566283451 1 169
1584566285663 1 170
1584566287860 1 171
1584566290046 1 172
1584566292235 1 173
1584566294474 1 174
1584566296672 1 175
1584566298862 1 176
1584566301074 1 177
1584566303241 1 178
1584566305477 1 179
1584566307670 1 180
1584566309869 1 181
1584566312047 1 182
1584566314206 1 183
1584566316392 1 184
1584566318583 1 185
1584566320776 1 186
1584566322950 1 187
1584566325133 1 188
1584566327303 1 189
1584566329495 1 190
1584566331674 1 191
1584566334130 1 192
1584566336312 1 193
1584566338492 1 194
1584566340755 1 195
1584566342955 1 196
1584566345134 1 197
1584566347391 1 198
1584566349588 1 199
1584566351818 1 200
1584566354047 1 201
1584566356234 1 202
1584566358445 1 203
1584566360669 1 204
1584566362874 1 205
1584566365084 1 206
1584566367277 1 207
1584566369473 1 208
1584566371684 1 209
1584566373884 1 210
1584566376122 1 211
1584566378304 1 212
1584566380508 1 213
1584566382731 1 214
1584566384971 1 215
1584566387137 1 216
1584566389360 1 217
1584566391555 1 218
1584566393774 1 219
1584566395955 1 220
1584566398131 1 221
1584566400310 1 222
1584566402552 1 223
1584566404766 1 224
1584566406998 1 225
1584566409165 1 226
1584566411363 1 227
1584566413551 1 228
1584566415738 1 229
1584566417934 1 230
1584566420100 1 231
1584566422286 1 232
1584566424487 1 233
1584566426693 1 234
1584566428888 1 235
1584566431069 1 236
1584566433251 1 237
1584566435491 1 238
1584566437760 1 239
1584566439941 1 240
1584566442145 1 241
1584566444394 1 242
1584566446582 1 243
1584566448796 1 244
1584566450994 1 245
1584566453188 1 246
1584566455479 1 247
1584566457661 1 248
1584566459873 1 249
1584566462105 1 250
1584566464373 1 251
1584566466592 1 252
1584566468783 1 253
1584566470971 1 254
1584566473181 1 255
1584566475373 1 256
1584566477568 1 257
1584566479820 1 258
1584566482021 1 259
1584566484220 1 260
1584566486381 1 261
1584566488716 1 262
1584566491178 1 263
1584566493415 1 264
1584566495671 1 265
1584566497859 1 266
1584566500075 1 267
1584566502313 1 268
1584566504562 1 269
1584566506766 1 270
1584566508946 1 271
1584566511270 1 272
1584566513475 1 273
1584566515677 1 274
1584566517921 1 275
1584566520107 1 276
1584566522296 1 277
1584566524499 1 278
1584566526683 1 279
1584566528897 1 280
1584566531076 1 281
1584566533261 1 282
1584566535467 1 283
1584566537643 1 284
1584566539998 1 285
1584566542202 1 286
1584566544409 1 287
1584566546653 1 288
1584566548861 1 289
1584566551121 1 290
1584566553311 1 291
1584566555504 1 292
1584566557705 1 293
1584566559888 1 294
1584566562090 1 295
1584566564269 1 296
1584566566461 1 297
1584566568626 1 298
1584566570860 1 299
1584566573026 1 300
1584566575286 1 301
1584566577490 1 302
1584566579686 1 303
1584566581867 1 304
1584566584087 1 305
1584566586307 1 306
1584566588514 1 307
1584566590703 1 308
1584566592890 1 309
1584566595085 1 310
1584566597272 1 311
1584566599490 1 312
1584566601930 1 313
1584566604214 1 314
1584566606449 1 315
1584566608641 1 316
1584566610860 1 317
1584566613016 1 318
1584566615184 1 319
1584566617368 1 320
1584566619610 1 321
1584566621814 1 322
1584566624016 1 323
1584566626205 1 324
1584566628440 1 325
1584566630689 1 326
1584566632869 1 327
1584566635056 1 328
1584566637317 1 329
1584566639560 1 330
1584566641744 1 331
1584566643957 1 332
1584566646140 1 333
1584566648325 1 334
1584566650535 1 335
1584566652740 1 336
1584566654957 1 337
1584566657180 1 338
1584566659400 1 339
1584566661590 1 340
1584566663795 1 341
1584566666009 1 342
1584566668216 1 343
1584566670430 1 344
1584566672623 1 345
1584566674799 1 346
1584566677003 1 347
1584566679221 1 348
1584566681452 1 349
1584566683615 1 350
1584566685805 1 351
1584566688102 1 352
1584566690312 1 353
1584566692515 1 354
1584566694767 1 355
1584566697069 1 356
1584566699282 1 357
1584566701508 1 358
1584566703692 1 359
1584566705864 1 360
1584566708061 1 361
1584566710252 1 362
1584566712473 1 363
1584566714673 1 364
1584566716887 1 365
1584566719100 1 366
1584566721308 1 367
1584566723510 1 368
1584566725744 1 369
1584566728055 1 370
1584566730229 1 371
1584566732563 1 372
1584566734831 1 373
1584566737054 1 374
1584566739262 1 375
1584566741464 1 376
1584566743685 1 377
1584566745890 1 378
1584566748097 1 379
1584566750293 1 380
1584566752507 1 381
1584566754733 1 382
1584566756920 1 383
1584566759127 1 384
1584566761336 1 385
1584566763600 1 386
1584566765780 1 387
1584566767967 1 388
1584566770171 1 389
1584566772371 1 390
1584566774585 1 391
1584566776774 1 392
1584566778988 1 393
1584566781164 1 394
1584566783351 1 395
1584566785561 1 396
1584566787760 1 397
1584566789974 1 398
1584566792186 1 399
1584566794451 1 400
1584566796708 1 401
1584566798933 1 402
1584566801122 1 403
1584566803330 1 404
1584566805537 1 405
1584566807731 1 406
1584566809942 1 407
1584566812138 1 408
1584566814342 1 409
1584566816549 1 410
1584566818771 1 411
1584566820982 1 412
1584566823219 1 413
1584566825422 1 414
1584566827638 1 415
1584566830014 1 416
1584566832180 1 417
1584566834376 1 418
1584566836587 1 419
1584566838814 1 420
1584566841004 1 421
1584566843218 1 422
1584566845434 1 423
1584566847621 1 424
1584566849886 1 425
1584566852065 1 426
1584566854286 1 427
1584566856468 1 428
1584566858669 1 429
1584566860931 1 430
1584566863185 1 431
1584566865411 1 432
1584566867633 1 433
1584566869817 1 434
1584566872004 1 435
1584566874237 1 436
1584566876433 1 437
1584566878639 1 438
1584566880874 1 439
1584566883064 1 440
1584566885288 1 441
1584566887510 1 442
1584566889792 1 443
1584566892003 1 444
1584566894202 1 445
1584566896381 1 446
1584566898615 1 447
1584566900818 1 448
1584566903015 1 449
1584566905242 1 450
1584566907458 1 451
1584566909659 1 452
1584566911862 1 453
1584566914056 1 454
1584566916286 1 455
1584566918514 1 456
1584566920786 1 457
1584566922990 1 458
1584566925233 1 459
1584566927449 1 460
1584566929700 1 461
1584566931920 1 462
1584566934111 1 463
1584566936288 1 464
1584566938479 1 465
1584566940711 1 466
1584566942937 1 467
1584566945116 1 468
1584566947334 1 469
1584566949520 1 470
1584566951736 1 471
1584566953929 1 472
1584566956147 1 473
1584566958336 1 474
1584566960551 1 475
1584566962767 1 476
1584566965008 1 477
1584566967235 1 478
1584566969474 1 479
1584566971711 1 480
1584566973968 1 481
1584566976152 1 482
1584566978395 1 483
1584566980648 1 484
1584566982862 1 485
1584566985035 1 486
1584566987252 1 487
1584566989475 1 488
1584566991683 1 489
1584566993883 1 490
1584566996123 1 491
1584566998279 1 492
1584567000483 1 493
1584567002753 1 494
1584567004938 1 495
1584567007115 1 496
1584567009276 1 497
1584567011484 1 498
1584567013682 1 499
1584567016000 1 500
1584567018241 1 501
1584567020387 1 502
1584567022781 1 503
1584567024975 1 504
1584567027154 1 505
1584567029347 1 506
1584567031551 1 507
1584567033725 1 508
1584567035941 1 509
1584567038169 1 510
1584567040356 1 511
1584567042539 1 512
1584567044742 1 513
1584567046929 1 514
1584567049149 1 515
1584567051354 1 516
1584567053590 1 517
1584567055766 1 518
1584567057953 1 519
1584567060141 1 520
1584567062338 1 521
1584567064500 1 522
1584567066685 1 523
1584567068908 1 524
1584567071082 1 525
1584567073265 1 526
1584567075425 1 527
1584567077645 1 528
1584567079927 1 529
1584567082147 1 530
1584567084391 1 531
1584567086588 1 532
1584567088847 1 533
1584567091088 1 534
1584567093271 1 535
1584567095455 1 536
1584567097636 1 537
1584567099876 1 538
1584567102073 1 539
1584567104276 1 540
1584567106497 1 541
1584567108720 1 542
1584567110926 1 543
1584567113176 1 544
1584567115336 1 545
1584567117611 1 546
1584567119958 1 547
1584567122169 1 548
1584567124357 1 549
1584567126552 1 550
1584567128768 1 551
1584567130989 1 552
1584567133178 1 553
1584567135388 1 554
1584567137581 1 555
1584567139784 1 556
1584567141965 1 557
1584567144149 1 558
1584567146345 1 559
1584567148587 1 560
1584567150872 1 561
1584567153067 1 562
1584567155267 1 563
1584567157484 1 564
1584567159695 1 565
1584567161920 1 566
1584567164135 1 567
1584567166326 1 568
1584567168541 1 569
1584567170744 1 570
1584567172923 1 571
1584567175121 1 572
1584567177303 1 573
1584567179524 1 574
1584567181722 1 575
1584567184120 1 576
1584567186318 1 577
1584567188523 1 578
1584567190791 1 579
1584567192983 1 580
1584567195186 1 581
1584567197383 1 582
1584567199603 1 583
1584567201813 1 584
1584567204003 1 585
1584567206206 1 586
1584567208447 1 587
1584567210707 1 588
1584567212991 1 589
1584567215254 1 590
1584567217433 1 591
1584567219625 1 592
1584567221837 1 593
1584567224025 1 594
1584567226211 1 595
1584567228381 1 596
1584567230581 1 597
1584567232768 1 598
