1584565914916 1 1
1584565917133 0.8 2
1584565919371 0.6400000000000001 3
1584565921520 0.5120000000000001 4
1584565923674 0.40960000000000013 5
1584565925820 0.32768000000000014 6
1584565928060 0.2621440000000001 7
1584565930252 0.2097152000000001 8
1584565932449 0.1677721600000001 9
1584565934610 0.13421772800000006 10
1584565936825 0.10737418240000006 11
1584565939008 0.08589934592000005 12
1584565941189 0.06871947673600004 13
1584565943390 0.054975581388800036 14
1584565945584 0.043980465111040035 15
1584565947782 0.03518437208883203 16
1584565949976 0.028147497671065627 17
1584565952149 0.022517998136852502 18
1584565954346 0.018014398509482003 19
1584565956537 0.014411518807585602 20
1584565958945 0.011529215046068483 21
1584565961078 0.01 22
1584565963226 0.01 23
1584565965373 0.01 24
1584565967488 0.01 25
1584565969655 0.01 26
1584565971797 0.01 27
1584565973915 0.01 28
1584565976059 0.01 29
1584565978203 0.01 30
1584565980369 0.01 31
1584565982571 0.01 32
1584565984742 0.01 33
1584565986861 0.01 34
1584565989022 0.01 35
1584565991164 0.01 36
1584565993330 0.01 37
1584565995505 0.01 38
1584565997611 0.01 39
1584565999747 0.01 40
1584566001911 0.01 41
1584566004044 0.01 42
1584566006208 0.01 43
1584566008371 0.01 44
1584566010518 0.01 45
1584566012666 0.01 46
1584566014801 0.01 47
1584566016952 0.01 48
1584566019130 0.01 49
1584566021288 0.01 50
1584566023431 0.01 51
1584566025619 0.01 52
1584566027750 0.01 53
1584566029944 0.01 54
1584566032088 0.01 55
1584566034235 0.01 56
1584566036410 0.01 57
1584566038582 0.01 58
1584566040807 0.01 59
1584566043017 0.01 60
1584566045188 0.01 61
1584566047385 0.01 62
1584566049594 0.01 63
1584566051793 0.01 64
1584566053986 0.01 65
1584566056297 0.01 66
1584566058507 0.01 67
1584566060702 0.01 68
1584566062919 0.01 69
1584566065092 0.01 70
1584566067284 0.01 71
1584566069455 0.01 72
1584566071640 0.01 73
1584566073832 0.01 74
1584566076014 0.01 75
1584566078183 0.01 76
1584566080371 0.01 77
1584566082578 0.01 78
1584566084763 0.01 79
1584566086999 0.01 80
1584566089144 0.01 81
1584566091330 0.01 82
1584566093491 0.01 83
1584566095692 0.01 84
1584566097879 0.01 85
1584566100053 0.01 86
1584566102276 0.01 87
1584566104487 0.01 88
1584566106685 0.01 89
1584566108910 0.01 90
1584566111102 0.01 91
1584566113279 0.01 92
1584566115436 0.01 93
1584566117672 0.01 94
1584566119835 0.01 95
1584566122038 0.01 96
1584566124220 0.01 97
1584566126444 0.01 98
1584566128662 0.01 99
1584566130902 0.01 100
1584566133131 0.01 101
1584566135450 0.01 102
1584566137758 0.01 103
1584566139962 0.01 104
1584566142150 0.01 105
1584566144380 0.01 106
1584566146602 0.01 107
1584566148821 0.01 108
1584566151066 0.01 109
1584566153613 0.01 110
1584566155816 0.01 111
1584566158025 0.01 112
1584566160222 0.01 113
1584566162394 0.01 114
1584566164623 0.01 115
1584566166780 0.01 116
1584566168998 0.01 117
1584566171201 0.01 118
1584566173382 0.01 119
1584566175546 0.01 120
1584566177753 0.01 121
1584566179946 0.01 122
1584566182150 0.01 123
1584566184424 0.01 124
1584566186655 0.01 125
1584566188830 0.01 126
1584566191059 0.01 127
1584566193255 0.01 128
1584566195454 0.01 129
1584566197649 0.01 130
1584566199893 0.01 131
1584566202075 0.01 132
1584566204289 0.01 133
1584566206481 0.01 134
1584566208670 0.01 135
1584566210871 0.01 136
1584566213067 0.01 137
1584566215249 0.01 138
1584566217446 0.01 139
1584566219687 0.01 140
1584566221904 0.01 141
1584566224109 0.01 142
1584566226304 0.01 143
1584566228508 0.01 144
1584566230729 0.01 145
1584566232917 0.01 146
1584566235095 0.01 147
1584566237256 0.01 148
1584566239489 0.01 149
1584566241680 0.01 150
1584566243918 0.01 151
1584566246106 0.01 152
1584566248329 0.01 153
1584566250627 0.01 154
1584566252829 0.01 155
1584566255016 0.01 156
1584566257175 0.01 157
1584566259363 0.01 158
1584566261549 0.01 159
1584566263734 0.01 160
1584566265948 0.01 161
1584566268127 0.01 162
1584566270294 0.01 163
1584566272478 0.01 164
1584566274707 0.01 165
1584566276885 0.01 166
1584566279059 0.01 167
1584566281259 0.01 168
1584566283451 0.01 169
1584566285663 0.01 170
1584566287860 0.01 171
1584566290046 0.01 172
1584566292235 0.01 173
1584566294474 0.01 174
1584566296672 0.01 175
1584566298862 0.01 176
1584566301074 0.01 177
1584566303241 0.01 178
1584566305477 0.01 179
1584566307670 0.01 180
1584566309869 0.01 181
1584566312047 0.01 182
1584566314206 0.01 183
1584566316392 0.01 184
1584566318583 0.01 185
1584566320776 0.01 186
1584566322950 0.01 187
1584566325133 0.01 188
1584566327303 0.01 189
1584566329495 0.01 190
1584566331674 0.01 191
1584566334130 0.01 192
1584566336312 0.01 193
1584566338492 0.01 194
1584566340755 0.01 195
1584566342955 0.01 196
1584566345134 0.01 197
1584566347391 0.01 198
1584566349588 0.01 199
1584566351818 0.01 200
1584566354047 0.01 201
1584566356234 0.01 202
1584566358445 0.01 203
1584566360669 0.01 204
1584566362874 0.01 205
1584566365084 0.01 206
1584566367277 0.01 207
1584566369473 0.01 208
1584566371684 0.01 209
1584566373884 0.01 210
1584566376122 0.01 211
1584566378304 0.01 212
1584566380508 0.01 213
1584566382731 0.01 214
1584566384971 0.01 215
1584566387137 0.01 216
1584566389360 0.01 217
1584566391555 0.01 218
1584566393774 0.01 219
1584566395955 0.01 220
1584566398131 0.01 221
1584566400310 0.01 222
1584566402552 0.01 223
1584566404766 0.01 224
1584566406998 0.01 225
1584566409165 0.01 226
1584566411363 0.01 227
1584566413551 0.01 228
1584566415738 0.01 229
1584566417934 0.01 230
1584566420100 0.01 231
1584566422286 0.01 232
1584566424487 0.01 233
1584566426693 0.01 234
1584566428888 0.01 235
1584566431069 0.01 236
1584566433251 0.01 237
1584566435491 0.01 238
1584566437760 0.01 239
1584566439941 0.01 240
1584566442145 0.01 241
1584566444394 0.01 242
1584566446582 0.01 243
1584566448796 0.01 244
1584566450994 0.01 245
1584566453188 0.01 246
1584566455479 0.01 247
1584566457661 0.01 248
1584566459873 0.01 249
1584566462105 0.01 250
1584566464373 0.01 251
1584566466592 0.01 252
1584566468783 0.01 253
1584566470971 0.01 254
1584566473181 0.01 255
1584566475373 0.01 256
1584566477568 0.01 257
1584566479820 0.01 258
1584566482021 0.01 259
1584566484220 0.01 260
1584566486381 0.01 261
1584566488716 0.01 262
1584566491178 0.01 263
1584566493415 0.01 264
1584566495671 0.01 265
1584566497859 0.01 266
1584566500075 0.01 267
1584566502313 0.01 268
1584566504562 0.01 269
1584566506766 0.01 270
1584566508946 0.01 271
1584566511270 0.01 272
1584566513475 0.01 273
1584566515677 0.01 274
1584566517921 0.01 275
1584566520107 0.01 276
1584566522296 0.01 277
1584566524499 0.01 278
1584566526683 0.01 279
1584566528897 0.01 280
1584566531076 0.01 281
1584566533261 0.01 282
1584566535467 0.01 283
1584566537643 0.01 284
1584566539998 0.01 285
1584566542202 0.01 286
1584566544409 0.01 287
1584566546653 0.01 288
1584566548861 0.01 289
1584566551121 0.01 290
1584566553311 0.01 291
1584566555504 0.01 292
1584566557705 0.01 293
1584566559888 0.01 294
1584566562090 0.01 295
1584566564269 0.01 296
1584566566461 0.01 297
1584566568626 0.01 298
1584566570860 0.01 299
1584566573026 0.01 300
1584566575286 0.01 301
1584566577490 0.01 302
1584566579686 0.01 303
1584566581867 0.01 304
1584566584087 0.01 305
1584566586307 0.01 306
1584566588514 0.01 307
1584566590703 0.01 308
1584566592890 0.01 309
1584566595085 0.01 310
1584566597272 0.01 311
1584566599490 0.01 312
1584566601930 0.01 313
1584566604214 0.01 314
1584566606449 0.01 315
1584566608641 0.01 316
1584566610860 0.01 317
1584566613016 0.01 318
1584566615184 0.01 319
1584566617368 0.01 320
1584566619610 0.01 321
1584566621814 0.01 322
1584566624016 0.01 323
1584566626205 0.01 324
1584566628440 0.01 325
1584566630689 0.01 326
1584566632869 0.01 327
1584566635056 0.01 328
1584566637317 0.01 329
1584566639560 0.01 330
1584566641744 0.01 331
1584566643957 0.01 332
1584566646140 0.01 333
1584566648325 0.01 334
1584566650535 0.01 335
1584566652740 0.01 336
1584566654957 0.01 337
1584566657180 0.01 338
1584566659400 0.01 339
1584566661590 0.01 340
1584566663795 0.01 341
1584566666009 0.01 342
1584566668216 0.01 343
1584566670430 0.01 344
1584566672623 0.01 345
1584566674799 0.01 346
1584566677003 0.01 347
1584566679221 0.01 348
1584566681452 0.01 349
1584566683615 0.01 350
1584566685805 0.01 351
1584566688102 0.01 352
1584566690312 0.01 353
1584566692515 0.01 354
1584566694767 0.01 355
1584566697069 0.01 356
1584566699282 0.01 357
1584566701508 0.01 358
1584566703692 0.01 359
1584566705864 0.01 360
1584566708061 0.01 361
1584566710252 0.01 362
1584566712473 0.01 363
1584566714673 0.01 364
1584566716887 0.01 365
1584566719100 0.01 366
1584566721308 0.01 367
1584566723510 0.01 368
1584566725744 0.01 369
1584566728055 0.01 370
1584566730229 0.01 371
1584566732563 0.01 372
1584566734831 0.01 373
1584566737054 0.01 374
1584566739262 0.01 375
1584566741464 0.01 376
1584566743685 0.01 377
1584566745890 0.01 378
1584566748097 0.01 379
1584566750293 0.01 380
1584566752507 0.01 381
1584566754733 0.01 382
1584566756920 0.01 383
1584566759127 0.01 384
1584566761336 0.01 385
1584566763600 0.01 386
1584566765780 0.01 387
1584566767967 0.01 388
1584566770171 0.01 389
1584566772371 0.01 390
1584566774585 0.01 391
1584566776774 0.01 392
1584566778988 0.01 393
1584566781164 0.01 394
1584566783351 0.01 395
1584566785561 0.01 396
1584566787760 0.01 397
1584566789974 0.01 398
1584566792186 0.01 399
1584566794451 0.01 400
1584566796708 0.01 401
1584566798933 0.01 402
1584566801122 0.01 403
1584566803330 0.01 404
1584566805537 0.01 405
1584566807731 0.01 406
1584566809942 0.01 407
1584566812138 0.01 408
1584566814342 0.01 409
1584566816549 0.01 410
1584566818771 0.01 411
1584566820982 0.01 412
1584566823219 0.01 413
1584566825422 0.01 414
1584566827638 0.01 415
1584566830014 0.01 416
1584566832180 0.01 417
1584566834376 0.01 418
1584566836587 0.01 419
1584566838814 0.01 420
1584566841004 0.01 421
1584566843218 0.01 422
1584566845434 0.01 423
1584566847621 0.01 424
1584566849886 0.01 425
1584566852065 0.01 426
1584566854286 0.01 427
1584566856468 0.01 428
1584566858669 0.01 429
1584566860931 0.01 430
1584566863185 0.01 431
1584566865411 0.01 432
1584566867633 0.01 433
1584566869817 0.01 434
1584566872004 0.01 435
1584566874237 0.01 436
1584566876433 0.01 437
1584566878639 0.01 438
1584566880874 0.01 439
1584566883064 0.01 440
1584566885288 0.01 441
1584566887510 0.01 442
1584566889792 0.01 443
1584566892003 0.01 444
1584566894202 0.01 445
1584566896381 0.01 446
1584566898615 0.01 447
1584566900818 0.01 448
1584566903015 0.01 449
1584566905242 0.01 450
1584566907458 0.01 451
1584566909659 0.01 452
1584566911862 0.01 453
1584566914056 0.01 454
1584566916286 0.01 455
1584566918514 0.01 456
1584566920786 0.01 457
1584566922990 0.01 458
1584566925233 0.01 459
1584566927449 0.01 460
1584566929700 0.01 461
1584566931920 0.01 462
1584566934111 0.01 463
1584566936288 0.01 464
1584566938479 0.01 465
1584566940711 0.01 466
1584566942937 0.01 467
1584566945116 0.01 468
1584566947334 0.01 469
1584566949520 0.01 470
1584566951736 0.01 471
1584566953929 0.01 472
1584566956147 0.01 473
1584566958336 0.01 474
1584566960551 0.01 475
1584566962767 0.01 476
1584566965008 0.01 477
1584566967235 0.01 478
1584566969474 0.01 479
1584566971711 0.01 480
1584566973968 0.01 481
1584566976152 0.01 482
1584566978395 0.01 483
1584566980648 0.01 484
1584566982862 0.01 485
1584566985035 0.01 486
1584566987252 0.01 487
1584566989475 0.01 488
1584566991683 0.01 489
1584566993883 0.01 490
1584566996123 0.01 491
1584566998279 0.01 492
1584567000483 0.01 493
1584567002753 0.01 494
1584567004938 0.01 495
1584567007115 0.01 496
1584567009276 0.01 497
1584567011484 0.01 498
1584567013682 0.01 499
1584567016000 0.01 500
1584567018241 0.01 501
1584567020387 0.01 502
1584567022781 0.01 503
1584567024975 0.01 504
1584567027154 0.01 505
1584567029347 0.01 506
1584567031551 0.01 507
1584567033725 0.01 508
1584567035941 0.01 509
1584567038169 0.01 510
1584567040356 0.01 511
1584567042539 0.01 512
1584567044742 0.01 513
1584567046929 0.01 514
1584567049149 0.01 515
1584567051354 0.01 516
1584567053590 0.01 517
1584567055766 0.01 518
1584567057953 0.01 519
1584567060141 0.01 520
1584567062338 0.01 521
1584567064500 0.01 522
1584567066685 0.01 523
1584567068908 0.01 524
1584567071082 0.01 525
1584567073265 0.01 526
1584567075425 0.01 527
1584567077645 0.01 528
1584567079927 0.01 529
1584567082147 0.01 530
1584567084391 0.01 531
1584567086588 0.01 532
1584567088847 0.01 533
1584567091088 0.01 534
1584567093271 0.01 535
1584567095455 0.01 536
1584567097636 0.01 537
1584567099876 0.01 538
1584567102073 0.01 539
1584567104276 0.01 540
1584567106497 0.01 541
1584567108720 0.01 542
1584567110926 0.01 543
1584567113176 0.01 544
1584567115336 0.01 545
1584567117611 0.01 546
1584567119958 0.01 547
1584567122169 0.01 548
1584567124357 0.01 549
1584567126552 0.01 550
1584567128768 0.01 551
1584567130989 0.01 552
1584567133178 0.01 553
1584567135388 0.01 554
1584567137581 0.01 555
1584567139784 0.01 556
1584567141965 0.01 557
1584567144149 0.01 558
1584567146345 0.01 559
1584567148587 0.01 560
1584567150872 0.01 561
1584567153067 0.01 562
1584567155267 0.01 563
1584567157484 0.01 564
1584567159695 0.01 565
1584567161920 0.01 566
1584567164135 0.01 567
1584567166326 0.01 568
1584567168541 0.01 569
1584567170744 0.01 570
1584567172923 0.01 571
1584567175121 0.01 572
1584567177303 0.01 573
1584567179524 0.01 574
1584567181722 0.01 575
1584567184120 0.01 576
1584567186318 0.01 577
1584567188523 0.01 578
1584567190791 0.01 579
1584567192983 0.01 580
1584567195186 0.01 581
1584567197383 0.01 582
1584567199603 0.01 583
1584567201813 0.01 584
1584567204003 0.01 585
1584567206206 0.01 586
1584567208447 0.01 587
1584567210707 0.01 588
1584567212991 0.01 589
1584567215254 0.01 590
1584567217433 0.01 591
1584567219625 0.01 592
1584567221837 0.01 593
1584567224025 0.01 594
1584567226211 0.01 595
1584567228381 0.01 596
1584567230581 0.01 597
1584567232768 0.01 598
