1584565914916 300 1
1584565917133 300 2
1584565919371 300 3
1584565921520 300 4
1584565923674 300 5
1584565925820 300 6
1584565928060 300 7
1584565930252 300 8
1584565932449 300 9
1584565934610 300 10
1584565936825 300 11
1584565939008 300 12
1584565941189 300 13
1584565943390 300 14
1584565945584 300 15
1584565947782 300 16
1584565949976 300 17
1584565952149 300 18
1584565954346 300 19
1584565956537 300 20
1584565958945 300 21
1584565961078 300 22
1584565963226 300 23
1584565965373 300 24
1584565967488 300 25
1584565969655 300 26
1584565971797 300 27
1584565973915 300 28
1584565976059 300 29
1584565978203 300 30
1584565980369 300 31
1584565982571 300 32
1584565984742 300 33
1584565986861 300 34
1584565989022 300 35
1584565991164 300 36
1584565993330 300 37
1584565995505 300 38
1584565997611 300 39
1584565999747 300 40
1584566001911 300 41
1584566004044 300 42
1584566006208 300 43
1584566008371 300 44
1584566010518 300 45
1584566012666 300 46
1584566014801 300 47
1584566016952 300 48
1584566019130 300 49
1584566021288 300 50
1584566023431 300 51
1584566025619 300 52
1584566027750 300 53
1584566029944 300 54
1584566032088 300 55
1584566034235 300 56
1584566036410 300 57
1584566038582 300 58
1584566040807 300 59
1584566043017 300 60
1584566045188 300 61
1584566047385 300 62
1584566049594 300 63
1584566051793 300 64
1584566053986 300 65
1584566056297 300 66
1584566058507 300 67
1584566060702 300 68
1584566062919 300 69
1584566065092 300 70
1584566067284 300 71
1584566069455 300 72
1584566071640 300 73
1584566073832 300 74
1584566076014 300 75
1584566078183 300 76
1584566080371 300 77
1584566082578 300 78
1584566084763 300 79
1584566086999 300 80
1584566089144 300 81
1584566091330 300 82
1584566093491 300 83
1584566095692 300 84
1584566097879 300 85
1584566100053 300 86
1584566102276 300 87
1584566104487 300 88
1584566106685 300 89
1584566108910 300 90
1584566111102 300 91
1584566113279 300 92
1584566115436 300 93
1584566117672 300 94
1584566119835 300 95
1584566122038 300 96
1584566124220 300 97
1584566126444 300 98
1584566128662 300 99
1584566130902 300 100
1584566133131 300 101
1584566135450 300 102
1584566137758 300 103
1584566139962 300 104
1584566142150 300 105
1584566144380 300 106
1584566146602 300 107
1584566148821 300 108
1584566151066 300 109
1584566153613 300 110
1584566155816 300 111
1584566158025 300 112
1584566160222 300 113
1584566162394 300 114
1584566164623 300 115
1584566166780 300 116
1584566168998 300 117
1584566171201 300 118
1584566173382 300 119
1584566175546 300 120
1584566177753 300 121
1584566179946 300 122
1584566182150 300 123
1584566184424 300 124
1584566186655 300 125
1584566188830 300 126
1584566191059 300 127
1584566193255 300 128
1584566195454 300 129
1584566197649 300 130
1584566199893 300 131
1584566202075 300 132
1584566204289 300 133
1584566206481 300 134
1584566208670 300 135
1584566210871 300 136
1584566213067 300 137
1584566215249 300 138
1584566217446 300 139
1584566219687 300 140
1584566221904 300 141
1584566224109 300 142
1584566226304 300 143
1584566228508 300 144
1584566230729 300 145
1584566232917 300 146
1584566235095 300 147
1584566237256 300 148
1584566239489 300 149
1584566241680 300 150
1584566243918 300 151
1584566246106 300 152
1584566248329 300 153
1584566250627 300 154
1584566252829 300 155
1584566255016 300 156
1584566257175 300 157
1584566259363 300 158
1584566261549 300 159
1584566263734 300 160
1584566265948 300 161
1584566268127 300 162
1584566270294 300 163
1584566272478 300 164
1584566274707 300 165
1584566276885 300 166
1584566279059 300 167
1584566281259 300 168
1584566283451 300 169
1584566285663 300 170
1584566287860 300 171
1584566290046 300 172
1584566292235 300 173
1584566294474 300 174
1584566296672 300 175
1584566298862 300 176
1584566301074 300 177
1584566303241 300 178
1584566305477 300 179
1584566307670 300 180
1584566309869 300 181
1584566312047 300 182
1584566314206 300 183
1584566316392 300 184
1584566318583 300 185
1584566320776 300 186
1584566322950 300 187
1584566325133 300 188
1584566327303 300 189
1584566329495 300 190
1584566331674 300 191
1584566334130 300 192
1584566336312 300 193
1584566338492 300 194
1584566340755 300 195
1584566342955 300 196
1584566345134 300 197
1584566347391 300 198
1584566349588 300 199
1584566351818 300 200
1584566354047 300 201
1584566356234 300 202
1584566358445 300 203
1584566360669 300 204
1584566362874 300 205
1584566365084 300 206
1584566367277 300 207
1584566369473 300 208
1584566371684 300 209
1584566373884 300 210
1584566376122 300 211
1584566378304 300 212
1584566380508 300 213
1584566382731 300 214
1584566384971 300 215
1584566387137 300 216
1584566389360 300 217
1584566391555 300 218
1584566393774 300 219
1584566395955 300 220
1584566398131 300 221
1584566400310 300 222
1584566402552 300 223
1584566404766 300 224
1584566406998 300 225
1584566409165 300 226
1584566411363 300 227
1584566413551 300 228
1584566415738 300 229
1584566417934 300 230
1584566420100 300 231
1584566422286 300 232
1584566424487 300 233
1584566426693 300 234
1584566428888 300 235
1584566431069 300 236
1584566433251 300 237
1584566435491 300 238
1584566437760 300 239
1584566439941 300 240
1584566442145 300 241
1584566444394 300 242
1584566446582 300 243
1584566448796 300 244
1584566450994 300 245
1584566453188 300 246
1584566455479 300 247
1584566457661 300 248
1584566459873 300 249
1584566462105 300 250
1584566464373 300 251
1584566466592 300 252
1584566468783 300 253
1584566470971 300 254
1584566473181 300 255
1584566475373 300 256
1584566477568 300 257
1584566479820 300 258
1584566482021 300 259
1584566484220 300 260
1584566486381 300 261
1584566488716 300 262
1584566491178 300 263
1584566493415 300 264
1584566495671 300 265
1584566497859 300 266
1584566500075 300 267
1584566502313 300 268
1584566504562 300 269
1584566506766 300 270
1584566508946 300 271
1584566511270 300 272
1584566513475 300 273
1584566515677 300 274
1584566517921 300 275
1584566520107 300 276
1584566522296 300 277
1584566524499 300 278
1584566526683 300 279
1584566528897 300 280
1584566531076 300 281
1584566533261 300 282
1584566535467 300 283
1584566537643 300 284
1584566539998 300 285
1584566542202 300 286
1584566544409 300 287
1584566546653 300 288
1584566548861 300 289
1584566551121 300 290
1584566553311 300 291
1584566555504 300 292
1584566557705 300 293
1584566559888 300 294
1584566562090 300 295
1584566564269 300 296
1584566566461 300 297
1584566568626 300 298
1584566570860 300 299
1584566573026 300 300
1584566575286 300 301
1584566577490 300 302
1584566579686 300 303
1584566581867 300 304
1584566584087 300 305
1584566586307 300 306
1584566588514 300 307
1584566590703 300 308
1584566592890 300 309
1584566595085 300 310
1584566597272 300 311
1584566599490 300 312
1584566601930 300 313
1584566604214 300 314
1584566606449 300 315
1584566608641 300 316
1584566610860 300 317
1584566613016 300 318
1584566615184 300 319
1584566617368 300 320
1584566619610 300 321
1584566621814 300 322
1584566624016 300 323
1584566626205 300 324
1584566628440 300 325
1584566630689 300 326
1584566632869 300 327
1584566635056 300 328
1584566637317 300 329
1584566639560 300 330
1584566641744 300 331
1584566643957 300 332
1584566646140 300 333
1584566648325 300 334
1584566650535 300 335
1584566652740 300 336
1584566654957 300 337
1584566657180 300 338
1584566659400 300 339
1584566661590 300 340
1584566663795 300 341
1584566666009 300 342
1584566668216 300 343
1584566670430 300 344
1584566672623 300 345
1584566674799 300 346
1584566677003 300 347
1584566679221 300 348
1584566681452 300 349
1584566683615 300 350
1584566685805 300 351
1584566688102 300 352
1584566690312 300 353
1584566692515 300 354
1584566694767 300 355
1584566697069 300 356
1584566699282 300 357
1584566701508 300 358
1584566703692 300 359
1584566705864 300 360
1584566708061 300 361
1584566710252 300 362
1584566712473 300 363
1584566714673 300 364
1584566716887 300 365
1584566719100 300 366
1584566721308 300 367
1584566723510 300 368
1584566725744 300 369
1584566728055 300 370
1584566730229 300 371
1584566732563 300 372
1584566734831 300 373
1584566737054 300 374
1584566739262 300 375
1584566741464 300 376
1584566743685 300 377
1584566745890 300 378
1584566748097 300 379
1584566750293 300 380
1584566752507 300 381
1584566754733 300 382
1584566756920 300 383
1584566759127 300 384
1584566761336 300 385
1584566763600 300 386
1584566765780 300 387
1584566767967 300 388
1584566770171 300 389
1584566772371 300 390
1584566774585 300 391
1584566776774 300 392
1584566778988 300 393
1584566781164 300 394
1584566783351 300 395
1584566785561 300 396
1584566787760 300 397
1584566789974 300 398
1584566792186 300 399
1584566794451 300 400
1584566796708 300 401
1584566798933 300 402
1584566801122 300 403
1584566803330 300 404
1584566805537 300 405
1584566807731 300 406
1584566809942 300 407
1584566812138 300 408
1584566814342 300 409
1584566816549 300 410
1584566818771 300 411
1584566820982 300 412
1584566823219 300 413
1584566825422 300 414
1584566827638 300 415
1584566830014 300 416
1584566832180 300 417
1584566834376 300 418
1584566836587 300 419
1584566838814 300 420
1584566841004 300 421
1584566843218 300 422
1584566845434 300 423
1584566847621 300 424
1584566849886 300 425
1584566852065 300 426
1584566854286 300 427
1584566856468 300 428
1584566858669 300 429
1584566860931 300 430
1584566863185 300 431
1584566865411 300 432
1584566867633 300 433
1584566869817 300 434
1584566872004 300 435
1584566874237 300 436
1584566876433 300 437
1584566878639 300 438
1584566880874 300 439
1584566883064 300 440
1584566885288 300 441
1584566887510 300 442
1584566889792 300 443
1584566892003 300 444
1584566894202 300 445
1584566896381 300 446
1584566898615 300 447
1584566900818 300 448
1584566903015 300 449
1584566905242 300 450
1584566907458 300 451
1584566909659 300 452
1584566911862 300 453
1584566914056 300 454
1584566916286 300 455
1584566918514 300 456
1584566920786 300 457
1584566922990 300 458
1584566925233 300 459
1584566927449 300 460
1584566929700 300 461
1584566931920 300 462
1584566934111 300 463
1584566936288 300 464
1584566938479 300 465
1584566940711 300 466
1584566942937 300 467
1584566945116 300 468
1584566947334 300 469
1584566949520 300 470
1584566951736 300 471
1584566953929 300 472
1584566956147 300 473
1584566958336 300 474
1584566960551 300 475
1584566962767 300 476
1584566965008 300 477
1584566967235 300 478
1584566969474 300 479
1584566971711 300 480
1584566973968 300 481
1584566976152 300 482
1584566978395 300 483
1584566980648 300 484
1584566982862 300 485
1584566985035 300 486
1584566987252 300 487
1584566989475 300 488
1584566991683 300 489
1584566993883 300 490
1584566996123 300 491
1584566998279 300 492
1584567000483 300 493
1584567002753 300 494
1584567004938 300 495
1584567007115 300 496
1584567009276 300 497
1584567011484 300 498
1584567013682 300 499
1584567016000 300 500
1584567018241 300 501
1584567020387 300 502
1584567022781 300 503
1584567024975 300 504
1584567027154 300 505
1584567029347 300 506
1584567031551 300 507
1584567033725 300 508
1584567035941 300 509
1584567038169 300 510
1584567040356 300 511
1584567042539 300 512
1584567044742 300 513
1584567046929 300 514
1584567049149 300 515
1584567051354 300 516
1584567053590 300 517
1584567055766 300 518
1584567057953 300 519
1584567060141 300 520
1584567062338 300 521
1584567064500 300 522
1584567066685 300 523
1584567068908 300 524
1584567071082 300 525
1584567073265 300 526
1584567075425 300 527
1584567077645 300 528
1584567079927 300 529
1584567082147 300 530
1584567084391 300 531
1584567086588 300 532
1584567088847 300 533
1584567091088 300 534
1584567093271 300 535
1584567095455 300 536
1584567097636 300 537
1584567099876 300 538
1584567102073 300 539
1584567104276 300 540
1584567106497 300 541
1584567108720 300 542
1584567110926 300 543
1584567113176 300 544
1584567115336 300 545
1584567117611 300 546
1584567119958 300 547
1584567122169 300 548
1584567124357 300 549
1584567126552 300 550
1584567128768 300 551
1584567130989 300 552
1584567133178 300 553
1584567135388 300 554
1584567137581 300 555
1584567139784 300 556
1584567141965 300 557
1584567144149 300 558
1584567146345 300 559
1584567148587 300 560
1584567150872 300 561
1584567153067 300 562
1584567155267 300 563
1584567157484 300 564
1584567159695 300 565
1584567161920 300 566
1584567164135 300 567
1584567166326 300 568
1584567168541 300 569
1584567170744 300 570
1584567172923 300 571
1584567175121 300 572
1584567177303 300 573
1584567179524 300 574
1584567181722 300 575
1584567184120 300 576
1584567186318 300 577
1584567188523 300 578
1584567190791 300 579
1584567192983 300 580
1584567195186 300 581
1584567197383 300 582
1584567199603 300 583
1584567201813 300 584
1584567204003 300 585
1584567206206 300 586
1584567208447 300 587
1584567210707 300 588
1584567212991 300 589
1584567215254 300 590
1584567217433 300 591
1584567219625 300 592
1584567221837 300 593
1584567224025 300 594
1584567226211 300 595
1584567228381 300 596
1584567230581 300 597
1584567232768 300 598
