1584565914916 1.0 1
1584565917133 -1.0 2
1584565919371 1.0 3
1584565921520 0.0 4
1584565923674 1.0 5
1584565925820 3.0 6
1584565928060 0.0 7
1584565930252 -2.0 8
1584565932449 1.0 9
1584565934610 3.0 10
1584565936825 0.0 11
1584565939008 2.0 12
1584565941189 1.0 13
1584565943390 -3.0 14
1584565945584 0.0 15
1584565947782 1.0 16
1584565949976 -2.0 17
1584565952149 1.0 18
1584565954346 -2.0 19
1584565956537 1.0 20
1584565958945 0.0 21
1584565961078 0.0 22
1584565963226 4.0 23
1584565965373 0.0 24
1584565967488 7.0 25
1584565969655 0.0 26
1584565971797 -1.0 27
1584565973915 1.0 28
1584565976059 0.0 29
1584565978203 4.0 30
1584565980369 2.0 31
1584565982571 2.0 32
1584565984742 1.0 33
1584565986861 -1.0 34
1584565989022 1.0 35
1584565991164 4.0 36
1584565993330 3.0 37
1584565995505 2.0 38
1584565997611 1.0 39
1584565999747 2.0 40
1584566001911 0.0 41
1584566004044 6.0 42
1584566006208 3.0 43
1584566008371 2.0 44
1584566010518 2.0 45
1584566012666 3.0 46
1584566014801 1.0 47
1584566016952 3.0 48
1584566019130 6.0 49
1584566021288 2.0 50
1584566023431 7.0 51
1584566025619 3.0 52
1584566027750 6.0 53
1584566029944 7.0 54
1584566032088 9.0 55
1584566034235 6.0 56
1584566036410 3.0 57
1584566038582 6.0 58
1584566040807 6.0 59
1584566043017 5.0 60
1584566045188 4.0 61
1584566047385 2.0 62
1584566049594 6.0 63
1584566051793 1.0 64
1584566053986 1.0 65
1584566056297 5.0 66
1584566058507 2.0 67
1584566060702 10.0 68
1584566062919 1.0 69
1584566065092 7.0 70
1584566067284 3.0 71
1584566069455 7.0 72
1584566071640 12.0 73
1584566073832 3.0 74
1584566076014 4.0 75
1584566078183 8.0 76
1584566080371 3.0 77
1584566082578 6.0 78
1584566084763 4.0 79
1584566086999 10.0 80
1584566089144 11.0 81
1584566091330 8.0 82
1584566093491 7.0 83
1584566095692 10.0 84
1584566097879 6.0 85
1584566100053 10.0 86
1584566102276 9.0 87
1584566104487 1.0 88
1584566106685 9.0 89
1584566108910 4.0 90
1584566111102 0.0 91
1584566113279 -1.0 92
1584566115436 9.0 93
1584566117672 3.0 94
1584566119835 2.0 95
1584566122038 4.0 96
1584566124220 -1.0 97
1584566126444 6.0 98
1584566128662 10.0 99
1584566130902 11.0 100
1584566133131 5.0 101
1584566135450 0.0 102
1584566137758 11.0 103
1584566139962 12.0 104
1584566142150 6.0 105
1584566144380 15.0 106
1584566146602 7.0 107
1584566148821 2.0 108
1584566151066 3.0 109
1584566153613 5.0 110
1584566155816 8.0 111
1584566158025 9.0 112
1584566160222 4.0 113
1584566162394 5.0 114
1584566164623 6.0 115
1584566166780 1.0 116
1584566168998 5.0 117
1584566171201 1.0 118
1584566173382 2.0 119
1584566175546 9.0 120
1584566177753 7.0 121
1584566179946 15.0 122
1584566182150 13.0 123
1584566184424 10.0 124
1584566186655 9.0 125
1584566188830 5.0 126
1584566191059 6.0 127
1584566193255 5.0 128
1584566195454 7.0 129
1584566197649 5.0 130
1584566199893 8.0 131
1584566202075 12.0 132
1584566204289 11.0 133
1584566206481 20.0 134
1584566208670 17.0 135
1584566210871 8.0 136
1584566213067 12.0 137
1584566215249 4.0 138
1584566217446 9.0 139
1584566219687 4.0 140
1584566221904 5.0 141
1584566224109 2.0 142
1584566226304 11.0 143
1584566228508 1.0 144
1584566230729 5.0 145
1584566232917 14.0 146
1584566235095 3.0 147
1584566237256 13.0 148
1584566239489 1.0 149
1584566241680 14.0 150
1584566243918 7.0 151
1584566246106 -1.0 152
1584566248329 10.0 153
1584566250627 6.0 154
1584566252829 14.0 155
1584566255016 11.0 156
1584566257175 15.0 157
1584566259363 8.0 158
1584566261549 1.0 159
1584566263734 2.0 160
1584566265948 8.0 161
1584566268127 15.0 162
1584566270294 6.0 163
1584566272478 8.0 164
1584566274707 9.0 165
1584566276885 14.0 166
1584566279059 2.0 167
1584566281259 13.0 168
1584566283451 9.0 169
1584566285663 8.0 170
1584566287860 14.0 171
1584566290046 3.0 172
1584566292235 15.0 173
1584566294474 12.0 174
1584566296672 17.0 175
1584566298862 20.0 176
1584566301074 3.0 177
1584566303241 11.0 178
1584566305477 4.0 179
1584566307670 11.0 180
1584566309869 12.0 181
1584566312047 8.0 182
1584566314206 13.0 183
1584566316392 12.0 184
1584566318583 16.0 185
1584566320776 11.0 186
1584566322950 4.0 187
1584566325133 19.0 188
1584566327303 7.0 189
1584566329495 18.0 190
1584566331674 8.0 191
1584566334130 10.0 192
1584566336312 18.0 193
1584566338492 4.0 194
1584566340755 2.0 195
1584566342955 12.0 196
1584566345134 21.0 197
1584566347391 2.0 198
1584566349588 12.0 199
1584566351818 5.0 200
1584566354047 11.0 201
1584566356234 8.0 202
1584566358445 12.0 203
1584566360669 13.0 204
1584566362874 5.0 205
1584566365084 13.0 206
1584566367277 7.0 207
1584566369473 19.0 208
1584566371684 0.0 209
1584566373884 7.0 210
1584566376122 15.0 211
1584566378304 13.0 212
1584566380508 8.0 213
1584566382731 17.0 214
1584566384971 19.0 215
1584566387137 16.0 216
1584566389360 8.0 217
1584566391555 5.0 218
1584566393774 14.0 219
1584566395955 12.0 220
1584566398131 10.0 221
1584566400310 16.0 222
1584566402552 16.0 223
1584566404766 18.0 224
1584566406998 11.0 225
1584566409165 4.0 226
1584566411363 8.0 227
1584566413551 13.0 228
1584566415738 18.0 229
1584566417934 16.0 230
1584566420100 5.0 231
1584566422286 12.0 232
1584566424487 20.0 233
1584566426693 12.0 234
1584566428888 6.0 235
1584566431069 5.0 236
1584566433251 17.0 237
1584566435491 9.0 238
1584566437760 15.0 239
1584566439941 25.0 240
1584566442145 13.0 241
1584566444394 15.0 242
1584566446582 14.0 243
1584566448796 13.0 244
1584566450994 16.0 245
1584566453188 9.0 246
1584566455479 11.0 247
1584566457661 13.0 248
1584566459873 14.0 249
1584566462105 10.0 250
1584566464373 13.0 251
1584566466592 19.0 252
1584566468783 14.0 253
1584566470971 16.0 254
1584566473181 15.0 255
1584566475373 19.0 256
1584566477568 15.0 257
1584566479820 17.0 258
1584566482021 21.0 259
1584566484220 12.0 260
1584566486381 10.0 261
1584566488716 13.0 262
1584566491178 9.0 263
1584566493415 8.0 264
1584566495671 11.0 265
1584566497859 3.0 266
1584566500075 11.0 267
1584566502313 5.0 268
1584566504562 4.0 269
1584566506766 18.0 270
1584566508946 12.0 271
1584566511270 11.0 272
1584566513475 13.0 273
1584566515677 14.0 274
1584566517921 13.0 275
1584566520107 13.0 276
1584566522296 22.0 277
1584566524499 14.0 278
1584566526683 16.0 279
1584566528897 16.0 280
1584566531076 9.0 281
1584566533261 1.0 282
1584566535467 14.0 283
1584566537643 10.0 284
1584566539998 7.0 285
1584566542202 16.0 286
1584566544409 14.0 287
1584566546653 4.0 288
1584566548861 12.0 289
1584566551121 14.0 290
1584566553311 10.0 291
1584566555504 18.0 292
1584566557705 17.0 293
1584566559888 16.0 294
1584566562090 11.0 295
1584566564269 18.0 296
1584566566461 11.0 297
1584566568626 14.0 298
1584566570860 15.0 299
1584566573026 18.0 300
1584566575286 13.0 301
1584566577490 15.0 302
1584566579686 21.0 303
1584566581867 16.0 304
1584566584087 12.0 305
1584566586307 16.0 306
1584566588514 8.0 307
1584566590703 10.0 308
1584566592890 9.0 309
1584566595085 18.0 310
1584566597272 16.0 311
1584566599490 19.0 312
1584566601930 21.0 313
1584566604214 19.0 314
1584566606449 20.0 315
1584566608641 15.0 316
1584566610860 13.0 317
1584566613016 15.0 318
1584566615184 20.0 319
1584566617368 18.0 320
1584566619610 19.0 321
1584566621814 16.0 322
1584566624016 14.0 323
1584566626205 10.0 324
1584566628440 14.0 325
1584566630689 13.0 326
1584566632869 11.0 327
1584566635056 20.0 328
1584566637317 18.0 329
1584566639560 5.0 330
1584566641744 17.0 331
1584566643957 13.0 332
1584566646140 14.0 333
1584566648325 12.0 334
1584566650535 18.0 335
1584566652740 11.0 336
1584566654957 14.0 337
1584566657180 17.0 338
1584566659400 4.0 339
1584566661590 18.0 340
1584566663795 12.0 341
1584566666009 15.0 342
1584566668216 17.0 343
1584566670430 15.0 344
1584566672623 14.0 345
1584566674799 17.0 346
1584566677003 18.0 347
1584566679221 18.0 348
1584566681452 15.0 349
1584566683615 19.0 350
1584566685805 20.0 351
1584566688102 20.0 352
1584566690312 20.0 353
1584566692515 16.0 354
1584566694767 24.0 355
1584566697069 16.0 356
1584566699282 23.0 357
1584566701508 15.0 358
1584566703692 17.0 359
1584566705864 10.0 360
1584566708061 14.0 361
1584566710252 4.0 362
1584566712473 13.0 363
1584566714673 16.0 364
1584566716887 14.0 365
1584566719100 6.0 366
1584566721308 14.0 367
1584566723510 17.0 368
1584566725744 13.0 369
1584566728055 15.0 370
1584566730229 15.0 371
1584566732563 19.0 372
1584566734831 12.0 373
1584566737054 7.0 374
1584566739262 10.0 375
1584566741464 10.0 376
1584566743685 17.0 377
1584566745890 22.0 378
1584566748097 18.0 379
1584566750293 17.0 380
1584566752507 9.0 381
1584566754733 13.0 382
1584566756920 20.0 383
1584566759127 16.0 384
1584566761336 17.0 385
1584566763600 19.0 386
1584566765780 8.0 387
1584566767967 11.0 388
1584566770171 6.0 389
1584566772371 17.0 390
1584566774585 6.0 391
1584566776774 17.0 392
1584566778988 12.0 393
1584566781164 12.0 394
1584566783351 18.0 395
1584566785561 5.0 396
1584566787760 18.0 397
1584566789974 15.0 398
1584566792186 16.0 399
1584566794451 16.0 400
1584566796708 15.0 401
1584566798933 17.0 402
1584566801122 15.0 403
1584566803330 14.0 404
1584566805537 15.0 405
1584566807731 10.0 406
1584566809942 18.0 407
1584566812138 15.0 408
1584566814342 15.0 409
1584566816549 18.0 410
1584566818771 15.0 411
1584566820982 10.0 412
1584566823219 7.0 413
1584566825422 16.0 414
1584566827638 16.0 415
1584566830014 15.0 416
1584566832180 17.0 417
1584566834376 15.0 418
1584566836587 11.0 419
1584566838814 17.0 420
1584566841004 3.0 421
1584566843218 18.0 422
1584566845434 17.0 423
1584566847621 11.0 424
1584566849886 12.0 425
1584566852065 15.0 426
1584566854286 14.0 427
1584566856468 7.0 428
1584566858669 15.0 429
1584566860931 17.0 430
1584566863185 22.0 431
1584566865411 18.0 432
1584566867633 21.0 433
1584566869817 18.0 434
1584566872004 14.0 435
1584566874237 14.0 436
1584566876433 16.0 437
1584566878639 15.0 438
1584566880874 12.0 439
1584566883064 17.0 440
1584566885288 14.0 441
1584566887510 12.0 442
1584566889792 17.0 443
1584566892003 19.0 444
1584566894202 12.0 445
1584566896381 27.0 446
1584566898615 14.0 447
1584566900818 17.0 448
1584566903015 18.0 449
1584566905242 16.0 450
1584566907458 14.0 451
1584566909659 20.0 452
1584566911862 18.0 453
1584566914056 14.0 454
1584566916286 11.0 455
1584566918514 16.0 456
1584566920786 17.0 457
1584566922990 15.0 458
1584566925233 10.0 459
1584566927449 22.0 460
1584566929700 20.0 461
1584566931920 16.0 462
1584566934111 7.0 463
1584566936288 20.0 464
1584566938479 7.0 465
1584566940711 13.0 466
1584566942937 9.0 467
1584566945116 19.0 468
1584566947334 12.0 469
1584566949520 18.0 470
1584566951736 20.0 471
1584566953929 11.0 472
1584566956147 22.0 473
1584566958336 8.0 474
1584566960551 14.0 475
1584566962767 17.0 476
1584566965008 15.0 477
1584566967235 23.0 478
1584566969474 14.0 479
1584566971711 14.0 480
1584566973968 17.0 481
1584566976152 28.0 482
1584566978395 12.0 483
1584566980648 20.0 484
1584566982862 15.0 485
1584566985035 14.0 486
1584566987252 10.0 487
1584566989475 18.0 488
1584566991683 15.0 489
1584566993883 17.0 490
1584566996123 23.0 491
1584566998279 15.0 492
1584567000483 15.0 493
1584567002753 10.0 494
1584567004938 16.0 495
1584567007115 21.0 496
1584567009276 19.0 497
1584567011484 16.0 498
1584567013682 19.0 499
1584567016000 21.0 500
1584567018241 19.0 501
1584567020387 15.0 502
1584567022781 20.0 503
1584567024975 17.0 504
1584567027154 3.0 505
1584567029347 19.0 506
1584567031551 7.0 507
1584567033725 16.0 508
1584567035941 20.0 509
1584567038169 12.0 510
1584567040356 23.0 511
1584567042539 12.0 512
1584567044742 20.0 513
1584567046929 13.0 514
1584567049149 18.0 515
1584567051354 14.0 516
1584567053590 19.0 517
1584567055766 13.0 518
1584567057953 18.0 519
1584567060141 16.0 520
1584567062338 15.0 521
1584567064500 19.0 522
1584567066685 9.0 523
1584567068908 20.0 524
1584567071082 9.0 525
1584567073265 12.0 526
1584567075425 17.0 527
1584567077645 14.0 528
1584567079927 15.0 529
1584567082147 16.0 530
1584567084391 21.0 531
1584567086588 20.0 532
1584567088847 16.0 533
1584567091088 15.0 534
1584567093271 20.0 535
1584567095455 5.0 536
1584567097636 22.0 537
1584567099876 13.0 538
1584567102073 15.0 539
1584567104276 12.0 540
1584567106497 9.0 541
1584567108720 14.0 542
1584567110926 9.0 543
1584567113176 9.0 544
1584567115336 13.0 545
1584567117611 8.0 546
1584567119958 13.0 547
1584567122169 19.0 548
1584567124357 18.0 549
1584567126552 24.0 550
1584567128768 22.0 551
1584567130989 13.0 552
1584567133178 12.0 553
1584567135388 16.0 554
1584567137581 15.0 555
1584567139784 14.0 556
1584567141965 18.0 557
1584567144149 15.0 558
1584567146345 18.0 559
1584567148587 17.0 560
1584567150872 16.0 561
1584567153067 24.0 562
1584567155267 13.0 563
1584567157484 22.0 564
1584567159695 19.0 565
1584567161920 7.0 566
1584567164135 17.0 567
1584567166326 10.0 568
1584567168541 20.0 569
1584567170744 21.0 570
1584567172923 14.0 571
1584567175121 19.0 572
1584567177303 10.0 573
1584567179524 12.0 574
1584567181722 13.0 575
1584567184120 14.0 576
1584567186318 17.0 577
1584567188523 17.0 578
1584567190791 21.0 579
1584567192983 15.0 580
1584567195186 19.0 581
1584567197383 9.0 582
1584567199603 9.0 583
1584567201813 21.0 584
1584567204003 11.0 585
1584567206206 16.0 586
1584567208447 22.0 587
1584567210707 21.0 588
1584567212991 17.0 589
1584567215254 22.0 590
1584567217433 15.0 591
1584567219625 13.0 592
1584567221837 6.0 593
1584567224025 15.0 594
1584567226211 11.0 595
1584567228381 11.0 596
1584567230581 12.0 597
1584567232768 9.0 598
