1584599381428 1 1
1584599383694 1 2
1584599386015 1 3
1584599388237 1 4
1584599390486 1 5
1584599392717 1 6
1584599395009 1 7
1584599397312 1 8
1584599399552 1 9
1584599401851 1 10
1584599404093 1 11
1584599406291 1 12
1584599408463 1 13
1584599410678 1 14
1584599412877 1 15
1584599415051 1 16
1584599417330 1 17
1584599419519 1 18
1584599421697 1 19
1584599423910 1 20
1584599426067 1 21
1584599428207 1 22
1584599430386 1 23
1584599432578 1 24
1584599434804 1 25
1584599436962 1 26
1584599439120 1 27
1584599441315 1 28
1584599443512 1 29
1584599445698 1 30
1584599447867 1 31
1584599450029 1 32
1584599452198 1 33
1584599454380 1 34
1584599456546 1 35
1584599458714 1 36
1584599460902 1 37
1584599463091 1 38
1584599465276 1 39
1584599467456 1 40
1584599469619 1 41
1584599471807 1 42
1584599474022 1 43
1584599476220 1 44
1584599478398 1 45
1584599480603 1 46
1584599482785 1 47
1584599484989 1 48
1584599487163 1 49
1584599489354 1 50
1584599491650 1 51
1584599493844 1 52
1584599496102 1 53
1584599498278 1 54
1584599500537 1 55
1584599502797 1 56
1584599505004 1 57
1584599507166 1 58
1584599509331 1 59
1584599511498 1 60
1584599513704 1 61
1584599515895 1 62
1584599518084 1 63
1584599520263 1 64
1584599522441 1 65
1584599524638 1 66
1584599526812 1 67
1584599528968 1 68
1584599531147 1 69
1584599533314 1 70
1584599535500 1 71
1584599537670 1 72
1584599539852 1 73
1584599542023 1 74
1584599544270 1 75
1584599546426 1 76
1584599548621 1 77
1584599550806 1 78
1584599552988 1 79
1584599555158 1 80
1584599557322 1 81
1584599559520 1 82
1584599561751 1 83
1584599563941 1 84
1584599566095 1 85
1584599568302 1 86
1584599570509 1 87
1584599572702 1 88
1584599574927 1 89
1584599577129 1 90
1584599579335 1 91
1584599581518 1 92
1584599583737 1 93
1584599585918 1 94
1584599588075 1 95
1584599590233 1 96
1584599592463 1 97
1584599594710 1 98
1584599597132 1 99
1584599599385 1 100
1584599601637 1 101
1584599603798 1 102
1584599605996 1 103
1584599608209 1 104
1584599610383 1 105
1584599612561 1 106
1584599614753 1 107
1584599616942 1 108
1584599619105 1 109
1584599621277 1 110
1584599623496 1 111
1584599625689 1 112
1584599627915 1 113
1584599630133 1 114
1584599632282 1 115
1584599634439 1 116
1584599636604 1 117
1584599638794 1 118
1584599640975 1 119
1584599643128 1 120
1584599645311 1 121
1584599647479 1 122
1584599649647 1 123
1584599651792 1 124
1584599653963 1 125
1584599656402 1 126
1584599658582 1 127
1584599660745 1 128
1584599662916 1 129
1584599665098 1 130
1584599667255 1 131
1584599669482 1 132
1584599671697 1 133
1584599673857 1 134
1584599676025 1 135
1584599678175 1 136
1584599680366 1 137
1584599682534 1 138
1584599684688 1 139
1584599686819 1 140
1584599689028 1 141
1584599691176 1 142
1584599693349 1 143
1584599695688 1 144
1584599697854 1 145
1584599700038 1 146
1584599702193 1 147
1584599704362 1 148
1584599706555 1 149
1584599708733 1 150
1584599710916 1 151
1584599713051 1 152
1584599715219 1 153
1584599717476 1 154
1584599719650 1 155
1584599721843 1 156
1584599724003 1 157
1584599726428 1 158
1584599728773 1 159
1584599730957 1 160
1584599733109 1 161
1584599735295 1 162
1584599737481 1 163
1584599739674 1 164
1584599741867 1 165
1584599744025 1 166
1584599746215 1 167
1584599748426 1 168
1584599750638 1 169
1584599752832 1 170
1584599755010 1 171
1584599757182 1 172
1584599759353 1 173
1584599761527 1 174
1584599763715 1 175
1584599765881 1 176
1584599768074 1 177
1584599770241 1 178
1584599772407 1 179
1584599774637 1 180
1584599776879 1 181
1584599779070 1 182
1584599781301 1 183
1584599783485 1 184
1584599785763 1 185
1584599787972 1 186
1584599790156 1 187
1584599792467 1 188
1584599794630 1 189
1584599796807 1 190
1584599798996 1 191
1584599801191 1 192
1584599803388 1 193
1584599805626 1 194
1584599807820 1 195
1584599810039 1 196
1584599812231 1 197
1584599814414 1 198
1584599816630 1 199
1584599818820 1 200
1584599821101 1 201
1584599823341 1 202
1584599825559 1 203
1584599827751 1 204
1584599829936 1 205
1584599832109 1 206
1584599834325 1 207
1584599836526 1 208
1584599838714 1 209
1584599840934 1 210
1584599843151 1 211
1584599845347 1 212
1584599847561 1 213
1584599849723 1 214
1584599851938 1 215
1584599854154 1 216
1584599856365 1 217
1584599858565 1 218
1584599860778 1 219
1584599863027 1 220
1584599865239 1 221
1584599867443 1 222
1584599869633 1 223
1584599871813 1 224
1584599874004 1 225
1584599876185 1 226
1584599878356 1 227
1584599880553 1 228
1584599882799 1 229
1584599885016 1 230
1584599887323 1 231
1584599889751 1 232
1584599891997 1 233
1584599894178 1 234
1584599896391 1 235
1584599898616 1 236
1584599900831 1 237
1584599903014 1 238
1584599905206 1 239
1584599907413 1 240
1584599909618 1 241
1584599911807 1 242
1584599913988 1 243
1584599916161 1 244
1584599918342 1 245
1584599920561 1 246
1584599922761 1 247
1584599924941 1 248
1584599927143 1 249
1584599929384 1 250
1584599931593 1 251
1584599933790 1 252
1584599936003 1 253
1584599938196 1 254
1584599940381 1 255
1584599942571 1 256
1584599944799 1 257
1584599946997 1 258
1584599949219 1 259
1584599951409 1 260
1584599953611 1 261
1584599955836 1 262
1584599958070 1 263
1584599960247 1 264
1584599962455 1 265
1584599964640 1 266
1584599966834 1 267
1584599969043 1 268
1584599971239 1 269
1584599973479 1 270
1584599975682 1 271
1584599977898 1 272
1584599980081 1 273
1584599982262 1 274
1584599984541 1 275
1584599986770 1 276
1584599988964 1 277
1584599991168 1 278
1584599993368 1 279
1584599995591 1 280
1584599997805 1 281
1584599999991 1 282
1584600002174 1 283
1584600004390 1 284
1584600006605 1 285
1584600008877 1 286
1584600011105 1 287
1584600013305 1 288
1584600015503 1 289
1584600017719 1 290
1584600019933 1 291
1584600022139 1 292
1584600024331 1 293
1584600026539 1 294
1584600028741 1 295
1584600030959 1 296
1584600033153 1 297
1584600035354 1 298
1584600037544 1 299
1584600039732 1 300
1584600041994 1 301
1584600044172 1 302
1584600046422 1 303
1584600048616 1 304
1584600050854 1 305
1584600053067 1 306
1584600055283 1 307
1584600057500 1 308
1584600059702 1 309
1584600061948 1 310
1584600064168 1 311
1584600066360 1 312
1584600068556 1 313
1584600070758 1 314
1584600072950 1 315
1584600075148 1 316
1584600077373 1 317
1584600079582 1 318
1584600081925 1 319
1584600084124 1 320
1584600086309 1 321
1584600088512 1 322
1584600090895 1 323
1584600093339 1 324
1584600095561 1 325
1584600097779 1 326
1584600099957 1 327
1584600102166 1 328
1584600104372 1 329
1584600106567 1 330
1584600108766 1 331
1584600110964 1 332
1584600113239 1 333
1584600115456 1 334
1584600117759 1 335
1584600119982 1 336
1584600122167 1 337
1584600124397 1 338
1584600126591 1 339
1584600128804 1 340
1584600130987 1 341
1584600133171 1 342
1584600135390 1 343
1584600137631 1 344
1584600139822 1 345
1584600142046 1 346
1584600144249 1 347
1584600146448 1 348
1584600148692 1 349
1584600150938 1 350
1584600153131 1 351
1584600155305 1 352
1584600157539 1 353
1584600159727 1 354
1584600161904 1 355
1584600164079 1 356
1584600166269 1 357
1584600168482 1 358
1584600170712 1 359
1584600172941 1 360
1584600175136 1 361
1584600177368 1 362
1584600179604 1 363
1584600181808 1 364
1584600184006 1 365
1584600186220 1 366
1584600188427 1 367
1584600190655 1 368
1584600192859 1 369
1584600195061 1 370
1584600197241 1 371
1584600199446 1 372
1584600201679 1 373
1584600203873 1 374
1584600206077 1 375
1584600208304 1 376
1584600210523 1 377
1584600212765 1 378
1584600214955 1 379
1584600217173 1 380
1584600219345 1 381
1584600221569 1 382
1584600223760 1 383
1584600225990 1 384
1584600228187 1 385
1584600230390 1 386
1584600232583 1 387
1584600234784 1 388
1584600236990 1 389
1584600239245 1 390
1584600241434 1 391
1584600243674 1 392
1584600245880 1 393
1584600248048 1 394
1584600250213 1 395
1584600252381 1 396
1584600254554 1 397
1584600256829 1 398
1584600259037 1 399
1584600261253 1 400
1584600263546 1 401
1584600265754 1 402
1584600267956 1 403
1584600270162 1 404
1584600272358 1 405
1584600274679 1 406
1584600276881 1 407
1584600279115 1 408
1584600281341 1 409
1584600283538 1 410
1584600285760 1 411
1584600287950 1 412
1584600290171 1 413
1584600292383 1 414
1584600294581 1 415
1584600296831 1 416
1584600299040 1 417
1584600301281 1 418
1584600303470 1 419
1584600305689 1 420
1584600307882 1 421
1584600310092 1 422
1584600312288 1 423
1584600314523 1 424
1584600316712 1 425
1584600318906 1 426
1584600321176 1 427
1584600323386 1 428
1584600325601 1 429
1584600327814 1 430
1584600330002 1 431
1584600332190 1 432
1584600334375 1 433
1584600336616 1 434
1584600338826 1 435
1584600341025 1 436
1584600343229 1 437
1584600345444 1 438
1584600347652 1 439
1584600349849 1 440
1584600352079 1 441
1584600354271 1 442
1584600356487 1 443
1584600358687 1 444
1584600360907 1 445
1584600363137 1 446
1584600365376 1 447
1584600367608 1 448
1584600369842 1 449
1584600372118 1 450
1584600374360 1 451
1584600376571 1 452
1584600378765 1 453
1584600380952 1 454
1584600383166 1 455
1584600385400 1 456
1584600387702 1 457
1584600389929 1 458
1584600392144 1 459
1584600394384 1 460
1584600396631 1 461
1584600398831 1 462
1584600401026 1 463
1584600403236 1 464
1584600405438 1 465
1584600407667 1 466
1584600409890 1 467
1584600412083 1 468
1584600414284 1 469
1584600416510 1 470
1584600418742 1 471
1584600420948 1 472
1584600423155 1 473
1584600425337 1 474
1584600427539 1 475
1584600429730 1 476
1584600431932 1 477
1584600434116 1 478
1584600436295 1 479
1584600438486 1 480
1584600440704 1 481
1584600442936 1 482
1584600445147 1 483
1584600447361 1 484
1584600449586 1 485
1584600451795 1 486
1584600453989 1 487
1584600456180 1 488
1584600458379 1 489
1584600460592 1 490
1584600462825 1 491
1584600465040 1 492
1584600467308 1 493
1584600469532 1 494
1584600471747 1 495
1584600473951 1 496
1584600476157 1 497
1584600478355 1 498
1584600480544 1 499
1584600482760 1 500
1584600485029 1 501
1584600487241 1 502
1584600489478 1 503
1584600491686 1 504
1584600493878 1 505
1584600496162 1 506
1584600498380 1 507
1584600500567 1 508
1584600502759 1 509
1584600504957 1 510
1584600507145 1 511
1584600509329 1 512
1584600511553 1 513
1584600513738 1 514
1584600515959 1 515
1584600518177 1 516
1584600520377 1 517
1584600522600 1 518
1584600524919 1 519
1584600527127 1 520
1584600529383 1 521
1584600531630 1 522
1584600533976 1 523
1584600536302 1 524
1584600538532 1 525
1584600540737 1 526
1584600542975 1 527
1584600545186 1 528
1584600547383 1 529
1584600549622 1 530
1584600551822 1 531
1584600554008 1 532
1584600556223 1 533
1584600558407 1 534
1584600560657 1 535
1584600562838 1 536
1584600565198 1 537
1584600567413 1 538
1584600569633 1 539
1584600571850 1 540
1584600574055 1 541
1584600576253 1 542
1584600578447 1 543
1584600580678 1 544
1584600582876 1 545
1584600585080 1 546
1584600587294 1 547
1584600589480 1 548
1584600591703 1 549
1584600593914 1 550
1584600596140 1 551
1584600598326 1 552
1584600600543 1 553
1584600602778 1 554
1584600605017 1 555
1584600607207 1 556
1584600609411 1 557
1584600611600 1 558
1584600613829 1 559
1584600616042 1 560
1584600618242 1 561
1584600620466 1 562
1584600622663 1 563
1584600624879 1 564
1584600627069 1 565
1584600629265 1 566
1584600631495 1 567
1584600633683 1 568
1584600635885 1 569
1584600638099 1 570
1584600640333 1 571
1584600642557 1 572
1584600644756 1 573
1584600646984 1 574
1584600649170 1 575
1584600651384 1 576
1584600653597 1 577
1584600655798 1 578
1584600657953 1 579
1584600660191 1 580
1584600662467 1 581
1584600664699 1 582
1584600666915 1 583
1584600669108 1 584
1584600671313 1 585
1584600673519 1 586
1584600675785 1 587
1584600678023 1 588
1584600680223 1 589
1584600682491 1 590
1584600684916 1 591
1584600687206 1 592
1584600689431 1 593
1584600691662 1 594
1584600693848 1 595
1584600696054 1 596
1584600698277 1 597
1584600700493 1 598
1584600702695 1 599
1584600704881 1 600
1584600707180 1 601
1584600709360 1 602
1584600711586 1 603
1584600713832 1 604
1584600716038 1 605
1584600718244 1 606
1584600720438 1 607
1584600722692 1 608
1584600724866 1 609
1584600727091 1 610
1584600729274 1 611
1584600731479 1 612
1584600733686 1 613
1584600735899 1 614
1584600738097 1 615
1584600740284 1 616
