1584599381428 1 1
1584599383694 0.1 2
1584599386015 0.010000000000000002 3
1584599388237 0.01 4
1584599390486 0.01 5
1584599392717 0.01 6
1584599395009 0.01 7
1584599397312 0.01 8
1584599399552 0.01 9
1584599401851 0.01 10
1584599404093 0.01 11
1584599406291 0.01 12
1584599408463 0.01 13
1584599410678 0.01 14
1584599412877 0.01 15
1584599415051 0.01 16
1584599417330 0.01 17
1584599419519 0.01 18
1584599421697 0.01 19
1584599423910 0.01 20
1584599426067 0.01 21
1584599428207 0.01 22
1584599430386 0.01 23
1584599432578 0.01 24
1584599434804 0.01 25
1584599436962 0.01 26
1584599439120 0.01 27
1584599441315 0.01 28
1584599443512 0.01 29
1584599445698 0.01 30
1584599447867 0.01 31
1584599450029 0.01 32
1584599452198 0.01 33
1584599454380 0.01 34
1584599456546 0.01 35
1584599458714 0.01 36
1584599460902 0.01 37
1584599463091 0.01 38
1584599465276 0.01 39
1584599467456 0.01 40
1584599469619 0.01 41
1584599471807 0.01 42
1584599474022 0.01 43
1584599476220 0.01 44
1584599478398 0.01 45
1584599480603 0.01 46
1584599482785 0.01 47
1584599484989 0.01 48
1584599487163 0.01 49
1584599489354 0.01 50
1584599491650 0.01 51
1584599493844 0.01 52
1584599496102 0.01 53
1584599498278 0.01 54
1584599500537 0.01 55
1584599502797 0.01 56
1584599505004 0.01 57
1584599507166 0.01 58
1584599509331 0.01 59
1584599511498 0.01 60
1584599513704 0.01 61
1584599515895 0.01 62
1584599518084 0.01 63
1584599520263 0.01 64
1584599522441 0.01 65
1584599524638 0.01 66
1584599526812 0.01 67
1584599528968 0.01 68
1584599531147 0.01 69
1584599533314 0.01 70
1584599535500 0.01 71
1584599537670 0.01 72
1584599539852 0.01 73
1584599542023 0.01 74
1584599544270 0.01 75
1584599546426 0.01 76
1584599548621 0.01 77
1584599550806 0.01 78
1584599552988 0.01 79
1584599555158 0.01 80
1584599557322 0.01 81
1584599559520 0.01 82
1584599561751 0.01 83
1584599563941 0.01 84
1584599566095 0.01 85
1584599568302 0.01 86
1584599570509 0.01 87
1584599572702 0.01 88
1584599574927 0.01 89
1584599577129 0.01 90
1584599579335 0.01 91
1584599581518 0.01 92
1584599583737 0.01 93
1584599585918 0.01 94
1584599588075 0.01 95
1584599590233 0.01 96
1584599592463 0.01 97
1584599594710 0.01 98
1584599597132 0.01 99
1584599599385 0.01 100
1584599601637 0.01 101
1584599603798 0.01 102
1584599605996 0.01 103
1584599608209 0.01 104
1584599610383 0.01 105
1584599612561 0.01 106
1584599614753 0.01 107
1584599616942 0.01 108
1584599619105 0.01 109
1584599621277 0.01 110
1584599623496 0.01 111
1584599625689 0.01 112
1584599627915 0.01 113
1584599630133 0.01 114
1584599632282 0.01 115
1584599634439 0.01 116
1584599636604 0.01 117
1584599638794 0.01 118
1584599640975 0.01 119
1584599643128 0.01 120
1584599645311 0.01 121
1584599647479 0.01 122
1584599649647 0.01 123
1584599651792 0.01 124
1584599653963 0.01 125
1584599656402 0.01 126
1584599658582 0.01 127
1584599660745 0.01 128
1584599662916 0.01 129
1584599665098 0.01 130
1584599667255 0.01 131
1584599669482 0.01 132
1584599671697 0.01 133
1584599673857 0.01 134
1584599676025 0.01 135
1584599678175 0.01 136
1584599680366 0.01 137
1584599682534 0.01 138
1584599684688 0.01 139
1584599686819 0.01 140
1584599689028 0.01 141
1584599691176 0.01 142
1584599693349 0.01 143
1584599695688 0.01 144
1584599697854 0.01 145
1584599700038 0.01 146
1584599702193 0.01 147
1584599704362 0.01 148
1584599706555 0.01 149
1584599708733 0.01 150
1584599710916 0.01 151
1584599713051 0.01 152
1584599715219 0.01 153
1584599717476 0.01 154
1584599719650 0.01 155
1584599721843 0.01 156
1584599724003 0.01 157
1584599726428 0.01 158
1584599728773 0.01 159
1584599730957 0.01 160
1584599733109 0.01 161
1584599735295 0.01 162
1584599737481 0.01 163
1584599739674 0.01 164
1584599741867 0.01 165
1584599744025 0.01 166
1584599746215 0.01 167
1584599748426 0.01 168
1584599750638 0.01 169
1584599752832 0.01 170
1584599755010 0.01 171
1584599757182 0.01 172
1584599759353 0.01 173
1584599761527 0.01 174
1584599763715 0.01 175
1584599765881 0.01 176
1584599768074 0.01 177
1584599770241 0.01 178
1584599772407 0.01 179
1584599774637 0.01 180
1584599776879 0.01 181
1584599779070 0.01 182
1584599781301 0.01 183
1584599783485 0.01 184
1584599785763 0.01 185
1584599787972 0.01 186
1584599790156 0.01 187
1584599792467 0.01 188
1584599794630 0.01 189
1584599796807 0.01 190
1584599798996 0.01 191
1584599801191 0.01 192
1584599803388 0.01 193
1584599805626 0.01 194
1584599807820 0.01 195
1584599810039 0.01 196
1584599812231 0.01 197
1584599814414 0.01 198
1584599816630 0.01 199
1584599818820 0.01 200
1584599821101 0.01 201
1584599823341 0.01 202
1584599825559 0.01 203
1584599827751 0.01 204
1584599829936 0.01 205
1584599832109 0.01 206
1584599834325 0.01 207
1584599836526 0.01 208
1584599838714 0.01 209
1584599840934 0.01 210
1584599843151 0.01 211
1584599845347 0.01 212
1584599847561 0.01 213
1584599849723 0.01 214
1584599851938 0.01 215
1584599854154 0.01 216
1584599856365 0.01 217
1584599858565 0.01 218
1584599860778 0.01 219
1584599863027 0.01 220
1584599865239 0.01 221
1584599867443 0.01 222
1584599869633 0.01 223
1584599871813 0.01 224
1584599874004 0.01 225
1584599876185 0.01 226
1584599878356 0.01 227
1584599880553 0.01 228
1584599882799 0.01 229
1584599885016 0.01 230
1584599887323 0.01 231
1584599889751 0.01 232
1584599891997 0.01 233
1584599894178 0.01 234
1584599896391 0.01 235
1584599898616 0.01 236
1584599900831 0.01 237
1584599903014 0.01 238
1584599905206 0.01 239
1584599907413 0.01 240
1584599909618 0.01 241
1584599911807 0.01 242
1584599913988 0.01 243
1584599916161 0.01 244
1584599918342 0.01 245
1584599920561 0.01 246
1584599922761 0.01 247
1584599924941 0.01 248
1584599927143 0.01 249
1584599929384 0.01 250
1584599931593 0.01 251
1584599933790 0.01 252
1584599936003 0.01 253
1584599938196 0.01 254
1584599940381 0.01 255
1584599942571 0.01 256
1584599944799 0.01 257
1584599946997 0.01 258
1584599949219 0.01 259
1584599951409 0.01 260
1584599953611 0.01 261
1584599955836 0.01 262
1584599958070 0.01 263
1584599960247 0.01 264
1584599962455 0.01 265
1584599964640 0.01 266
1584599966834 0.01 267
1584599969043 0.01 268
1584599971239 0.01 269
1584599973479 0.01 270
1584599975682 0.01 271
1584599977898 0.01 272
1584599980081 0.01 273
1584599982262 0.01 274
1584599984541 0.01 275
1584599986770 0.01 276
1584599988964 0.01 277
1584599991168 0.01 278
1584599993368 0.01 279
1584599995591 0.01 280
1584599997805 0.01 281
1584599999991 0.01 282
1584600002174 0.01 283
1584600004390 0.01 284
1584600006605 0.01 285
1584600008877 0.01 286
1584600011105 0.01 287
1584600013305 0.01 288
1584600015503 0.01 289
1584600017719 0.01 290
1584600019933 0.01 291
1584600022139 0.01 292
1584600024331 0.01 293
1584600026539 0.01 294
1584600028741 0.01 295
1584600030959 0.01 296
1584600033153 0.01 297
1584600035354 0.01 298
1584600037544 0.01 299
1584600039732 0.01 300
1584600041994 0.01 301
1584600044172 0.01 302
1584600046422 0.01 303
1584600048616 0.01 304
1584600050854 0.01 305
1584600053067 0.01 306
1584600055283 0.01 307
1584600057500 0.01 308
1584600059702 0.01 309
1584600061948 0.01 310
1584600064168 0.01 311
1584600066360 0.01 312
1584600068556 0.01 313
1584600070758 0.01 314
1584600072950 0.01 315
1584600075148 0.01 316
1584600077373 0.01 317
1584600079582 0.01 318
1584600081925 0.01 319
1584600084124 0.01 320
1584600086309 0.01 321
1584600088512 0.01 322
1584600090895 0.01 323
1584600093339 0.01 324
1584600095561 0.01 325
1584600097779 0.01 326
1584600099957 0.01 327
1584600102166 0.01 328
1584600104372 0.01 329
1584600106567 0.01 330
1584600108766 0.01 331
1584600110964 0.01 332
1584600113239 0.01 333
1584600115456 0.01 334
1584600117759 0.01 335
1584600119982 0.01 336
1584600122167 0.01 337
1584600124397 0.01 338
1584600126591 0.01 339
1584600128804 0.01 340
1584600130987 0.01 341
1584600133171 0.01 342
1584600135390 0.01 343
1584600137631 0.01 344
1584600139822 0.01 345
1584600142046 0.01 346
1584600144249 0.01 347
1584600146448 0.01 348
1584600148692 0.01 349
1584600150938 0.01 350
1584600153131 0.01 351
1584600155305 0.01 352
1584600157539 0.01 353
1584600159727 0.01 354
1584600161904 0.01 355
1584600164079 0.01 356
1584600166269 0.01 357
1584600168482 0.01 358
1584600170712 0.01 359
1584600172941 0.01 360
1584600175136 0.01 361
1584600177368 0.01 362
1584600179604 0.01 363
1584600181808 0.01 364
1584600184006 0.01 365
1584600186220 0.01 366
1584600188427 0.01 367
1584600190655 0.01 368
1584600192859 0.01 369
1584600195061 0.01 370
1584600197241 0.01 371
1584600199446 0.01 372
1584600201679 0.01 373
1584600203873 0.01 374
1584600206077 0.01 375
1584600208304 0.01 376
1584600210523 0.01 377
1584600212765 0.01 378
1584600214955 0.01 379
1584600217173 0.01 380
1584600219345 0.01 381
1584600221569 0.01 382
1584600223760 0.01 383
1584600225990 0.01 384
1584600228187 0.01 385
1584600230390 0.01 386
1584600232583 0.01 387
1584600234784 0.01 388
1584600236990 0.01 389
1584600239245 0.01 390
1584600241434 0.01 391
1584600243674 0.01 392
1584600245880 0.01 393
1584600248048 0.01 394
1584600250213 0.01 395
1584600252381 0.01 396
1584600254554 0.01 397
1584600256829 0.01 398
1584600259037 0.01 399
1584600261253 0.01 400
1584600263546 0.01 401
1584600265754 0.01 402
1584600267956 0.01 403
1584600270162 0.01 404
1584600272358 0.01 405
1584600274679 0.01 406
1584600276881 0.01 407
1584600279115 0.01 408
1584600281341 0.01 409
1584600283538 0.01 410
1584600285760 0.01 411
1584600287950 0.01 412
1584600290171 0.01 413
1584600292383 0.01 414
1584600294581 0.01 415
1584600296831 0.01 416
1584600299040 0.01 417
1584600301281 0.01 418
1584600303470 0.01 419
1584600305689 0.01 420
1584600307882 0.01 421
1584600310092 0.01 422
1584600312288 0.01 423
1584600314523 0.01 424
1584600316712 0.01 425
1584600318906 0.01 426
1584600321176 0.01 427
1584600323386 0.01 428
1584600325601 0.01 429
1584600327814 0.01 430
1584600330002 0.01 431
1584600332190 0.01 432
1584600334375 0.01 433
1584600336616 0.01 434
1584600338826 0.01 435
1584600341025 0.01 436
1584600343229 0.01 437
1584600345444 0.01 438
1584600347652 0.01 439
1584600349849 0.01 440
1584600352079 0.01 441
1584600354271 0.01 442
1584600356487 0.01 443
1584600358687 0.01 444
1584600360907 0.01 445
1584600363137 0.01 446
1584600365376 0.01 447
1584600367608 0.01 448
1584600369842 0.01 449
1584600372118 0.01 450
1584600374360 0.01 451
1584600376571 0.01 452
1584600378765 0.01 453
1584600380952 0.01 454
1584600383166 0.01 455
1584600385400 0.01 456
1584600387702 0.01 457
1584600389929 0.01 458
1584600392144 0.01 459
1584600394384 0.01 460
1584600396631 0.01 461
1584600398831 0.01 462
1584600401026 0.01 463
1584600403236 0.01 464
1584600405438 0.01 465
1584600407667 0.01 466
1584600409890 0.01 467
1584600412083 0.01 468
1584600414284 0.01 469
1584600416510 0.01 470
1584600418742 0.01 471
1584600420948 0.01 472
1584600423155 0.01 473
1584600425337 0.01 474
1584600427539 0.01 475
1584600429730 0.01 476
1584600431932 0.01 477
1584600434116 0.01 478
1584600436295 0.01 479
1584600438486 0.01 480
1584600440704 0.01 481
1584600442936 0.01 482
1584600445147 0.01 483
1584600447361 0.01 484
1584600449586 0.01 485
1584600451795 0.01 486
1584600453989 0.01 487
1584600456180 0.01 488
1584600458379 0.01 489
1584600460592 0.01 490
1584600462825 0.01 491
1584600465040 0.01 492
1584600467308 0.01 493
1584600469532 0.01 494
1584600471747 0.01 495
1584600473951 0.01 496
1584600476157 0.01 497
1584600478355 0.01 498
1584600480544 0.01 499
1584600482760 0.01 500
1584600485029 0.01 501
1584600487241 0.01 502
1584600489478 0.01 503
1584600491686 0.01 504
1584600493878 0.01 505
1584600496162 0.01 506
1584600498380 0.01 507
1584600500567 0.01 508
1584600502759 0.01 509
1584600504957 0.01 510
1584600507145 0.01 511
1584600509329 0.01 512
1584600511553 0.01 513
1584600513738 0.01 514
1584600515959 0.01 515
1584600518177 0.01 516
1584600520377 0.01 517
1584600522600 0.01 518
1584600524919 0.01 519
1584600527127 0.01 520
1584600529383 0.01 521
1584600531630 0.01 522
1584600533976 0.01 523
1584600536302 0.01 524
1584600538532 0.01 525
1584600540737 0.01 526
1584600542975 0.01 527
1584600545186 0.01 528
1584600547383 0.01 529
1584600549622 0.01 530
1584600551822 0.01 531
1584600554008 0.01 532
1584600556223 0.01 533
1584600558407 0.01 534
1584600560657 0.01 535
1584600562838 0.01 536
1584600565198 0.01 537
1584600567413 0.01 538
1584600569633 0.01 539
1584600571850 0.01 540
1584600574055 0.01 541
1584600576253 0.01 542
1584600578447 0.01 543
1584600580678 0.01 544
1584600582876 0.01 545
1584600585080 0.01 546
1584600587294 0.01 547
1584600589480 0.01 548
1584600591703 0.01 549
1584600593914 0.01 550
1584600596140 0.01 551
1584600598326 0.01 552
1584600600543 0.01 553
1584600602778 0.01 554
1584600605017 0.01 555
1584600607207 0.01 556
1584600609411 0.01 557
1584600611600 0.01 558
1584600613829 0.01 559
1584600616042 0.01 560
1584600618242 0.01 561
1584600620466 0.01 562
1584600622663 0.01 563
1584600624879 0.01 564
1584600627069 0.01 565
1584600629265 0.01 566
1584600631495 0.01 567
1584600633683 0.01 568
1584600635885 0.01 569
1584600638099 0.01 570
1584600640333 0.01 571
1584600642557 0.01 572
1584600644756 0.01 573
1584600646984 0.01 574
1584600649170 0.01 575
1584600651384 0.01 576
1584600653597 0.01 577
1584600655798 0.01 578
1584600657953 0.01 579
1584600660191 0.01 580
1584600662467 0.01 581
1584600664699 0.01 582
1584600666915 0.01 583
1584600669108 0.01 584
1584600671313 0.01 585
1584600673519 0.01 586
1584600675785 0.01 587
1584600678023 0.01 588
1584600680223 0.01 589
1584600682491 0.01 590
1584600684916 0.01 591
1584600687206 0.01 592
1584600689431 0.01 593
1584600691662 0.01 594
1584600693848 0.01 595
1584600696054 0.01 596
1584600698277 0.01 597
1584600700493 0.01 598
1584600702695 0.01 599
1584600704881 0.01 600
1584600707180 0.01 601
1584600709360 0.01 602
1584600711586 0.01 603
1584600713832 0.01 604
1584600716038 0.01 605
1584600718244 0.01 606
1584600720438 0.01 607
1584600722692 0.01 608
1584600724866 0.01 609
1584600727091 0.01 610
1584600729274 0.01 611
1584600731479 0.01 612
1584600733686 0.01 613
1584600735899 0.01 614
1584600738097 0.01 615
1584600740284 0.01 616
