1584599381428 300 1
1584599383694 300 2
1584599386015 300 3
1584599388237 300 4
1584599390486 300 5
1584599392717 300 6
1584599395009 300 7
1584599397312 300 8
1584599399552 300 9
1584599401851 300 10
1584599404093 300 11
1584599406291 300 12
1584599408463 300 13
1584599410678 300 14
1584599412877 300 15
1584599415051 300 16
1584599417330 300 17
1584599419519 300 18
1584599421697 300 19
1584599423910 300 20
1584599426067 300 21
1584599428207 300 22
1584599430386 300 23
1584599432578 300 24
1584599434804 300 25
1584599436962 300 26
1584599439120 300 27
1584599441315 300 28
1584599443512 300 29
1584599445698 300 30
1584599447867 300 31
1584599450029 300 32
1584599452198 300 33
1584599454380 300 34
1584599456546 300 35
1584599458714 300 36
1584599460902 300 37
1584599463091 300 38
1584599465276 300 39
1584599467456 300 40
1584599469619 300 41
1584599471807 300 42
1584599474022 300 43
1584599476220 300 44
1584599478398 300 45
1584599480603 300 46
1584599482785 300 47
1584599484989 300 48
1584599487163 300 49
1584599489354 300 50
1584599491650 300 51
1584599493844 300 52
1584599496102 300 53
1584599498278 300 54
1584599500537 300 55
1584599502797 300 56
1584599505004 300 57
1584599507166 300 58
1584599509331 300 59
1584599511498 300 60
1584599513704 300 61
1584599515895 300 62
1584599518084 300 63
1584599520263 300 64
1584599522441 300 65
1584599524638 300 66
1584599526812 300 67
1584599528968 300 68
1584599531147 300 69
1584599533314 300 70
1584599535500 300 71
1584599537670 300 72
1584599539852 300 73
1584599542023 300 74
1584599544270 300 75
1584599546426 300 76
1584599548621 300 77
1584599550806 300 78
1584599552988 300 79
1584599555158 300 80
1584599557322 300 81
1584599559520 300 82
1584599561751 300 83
1584599563941 300 84
1584599566095 300 85
1584599568302 300 86
1584599570509 300 87
1584599572702 300 88
1584599574927 300 89
1584599577129 300 90
1584599579335 300 91
1584599581518 300 92
1584599583737 300 93
1584599585918 300 94
1584599588075 300 95
1584599590233 300 96
1584599592463 300 97
1584599594710 300 98
1584599597132 300 99
1584599599385 300 100
1584599601637 300 101
1584599603798 300 102
1584599605996 300 103
1584599608209 300 104
1584599610383 300 105
1584599612561 300 106
1584599614753 300 107
1584599616942 300 108
1584599619105 300 109
1584599621277 300 110
1584599623496 300 111
1584599625689 300 112
1584599627915 300 113
1584599630133 300 114
1584599632282 300 115
1584599634439 300 116
1584599636604 300 117
1584599638794 300 118
1584599640975 300 119
1584599643128 300 120
1584599645311 300 121
1584599647479 300 122
1584599649647 300 123
1584599651792 300 124
1584599653963 300 125
1584599656402 300 126
1584599658582 300 127
1584599660745 300 128
1584599662916 300 129
1584599665098 300 130
1584599667255 300 131
1584599669482 300 132
1584599671697 300 133
1584599673857 300 134
1584599676025 300 135
1584599678175 300 136
1584599680366 300 137
1584599682534 300 138
1584599684688 300 139
1584599686819 300 140
1584599689028 300 141
1584599691176 300 142
1584599693349 300 143
1584599695688 300 144
1584599697854 300 145
1584599700038 300 146
1584599702193 300 147
1584599704362 300 148
1584599706555 300 149
1584599708733 300 150
1584599710916 300 151
1584599713051 300 152
1584599715219 300 153
1584599717476 300 154
1584599719650 300 155
1584599721843 300 156
1584599724003 300 157
1584599726428 300 158
1584599728773 300 159
1584599730957 300 160
1584599733109 300 161
1584599735295 300 162
1584599737481 300 163
1584599739674 300 164
1584599741867 300 165
1584599744025 300 166
1584599746215 300 167
1584599748426 300 168
1584599750638 300 169
1584599752832 300 170
1584599755010 300 171
1584599757182 300 172
1584599759353 300 173
1584599761527 300 174
1584599763715 300 175
1584599765881 300 176
1584599768074 300 177
1584599770241 300 178
1584599772407 300 179
1584599774637 300 180
1584599776879 300 181
1584599779070 300 182
1584599781301 300 183
1584599783485 300 184
1584599785763 300 185
1584599787972 300 186
1584599790156 300 187
1584599792467 300 188
1584599794630 300 189
1584599796807 300 190
1584599798996 300 191
1584599801191 300 192
1584599803388 300 193
1584599805626 300 194
1584599807820 300 195
1584599810039 300 196
1584599812231 300 197
1584599814414 300 198
1584599816630 300 199
1584599818820 300 200
1584599821101 300 201
1584599823341 300 202
1584599825559 300 203
1584599827751 300 204
1584599829936 300 205
1584599832109 300 206
1584599834325 300 207
1584599836526 300 208
1584599838714 300 209
1584599840934 300 210
1584599843151 300 211
1584599845347 300 212
1584599847561 300 213
1584599849723 300 214
1584599851938 300 215
1584599854154 300 216
1584599856365 300 217
1584599858565 300 218
1584599860778 300 219
1584599863027 300 220
1584599865239 300 221
1584599867443 300 222
1584599869633 300 223
1584599871813 300 224
1584599874004 300 225
1584599876185 300 226
1584599878356 300 227
1584599880553 300 228
1584599882799 300 229
1584599885016 300 230
1584599887323 300 231
1584599889751 300 232
1584599891997 300 233
1584599894178 300 234
1584599896391 300 235
1584599898616 300 236
1584599900831 300 237
1584599903014 300 238
1584599905206 300 239
1584599907413 300 240
1584599909618 300 241
1584599911807 300 242
1584599913988 300 243
1584599916161 300 244
1584599918342 300 245
1584599920561 300 246
1584599922761 300 247
1584599924941 300 248
1584599927143 300 249
1584599929384 300 250
1584599931593 300 251
1584599933790 300 252
1584599936003 300 253
1584599938196 300 254
1584599940381 300 255
1584599942571 300 256
1584599944799 300 257
1584599946997 300 258
1584599949219 300 259
1584599951409 300 260
1584599953611 300 261
1584599955836 300 262
1584599958070 300 263
1584599960247 300 264
1584599962455 300 265
1584599964640 300 266
1584599966834 300 267
1584599969043 300 268
1584599971239 300 269
1584599973479 300 270
1584599975682 300 271
1584599977898 300 272
1584599980081 300 273
1584599982262 300 274
1584599984541 300 275
1584599986770 300 276
1584599988964 300 277
1584599991168 300 278
1584599993368 300 279
1584599995591 300 280
1584599997805 300 281
1584599999991 300 282
1584600002174 300 283
1584600004390 300 284
1584600006605 300 285
1584600008877 300 286
1584600011105 300 287
1584600013305 300 288
1584600015503 300 289
1584600017719 300 290
1584600019933 300 291
1584600022139 300 292
1584600024331 300 293
1584600026539 300 294
1584600028741 300 295
1584600030959 300 296
1584600033153 300 297
1584600035354 300 298
1584600037544 300 299
1584600039732 300 300
1584600041994 300 301
1584600044172 300 302
1584600046422 300 303
1584600048616 300 304
1584600050854 300 305
1584600053067 300 306
1584600055283 300 307
1584600057500 300 308
1584600059702 300 309
1584600061948 300 310
1584600064168 300 311
1584600066360 300 312
1584600068556 300 313
1584600070758 300 314
1584600072950 300 315
1584600075148 300 316
1584600077373 300 317
1584600079582 300 318
1584600081925 300 319
1584600084124 300 320
1584600086309 300 321
1584600088512 300 322
1584600090895 300 323
1584600093339 300 324
1584600095561 300 325
1584600097779 300 326
1584600099957 300 327
1584600102166 300 328
1584600104372 300 329
1584600106567 300 330
1584600108766 300 331
1584600110964 300 332
1584600113239 300 333
1584600115456 300 334
1584600117759 300 335
1584600119982 300 336
1584600122167 300 337
1584600124397 300 338
1584600126591 300 339
1584600128804 300 340
1584600130987 300 341
1584600133171 300 342
1584600135390 300 343
1584600137631 300 344
1584600139822 300 345
1584600142046 300 346
1584600144249 300 347
1584600146448 300 348
1584600148692 300 349
1584600150938 300 350
1584600153131 300 351
1584600155305 300 352
1584600157539 300 353
1584600159727 300 354
1584600161904 300 355
1584600164079 300 356
1584600166269 300 357
1584600168482 300 358
1584600170712 300 359
1584600172941 300 360
1584600175136 300 361
1584600177368 300 362
1584600179604 300 363
1584600181808 300 364
1584600184006 300 365
1584600186220 300 366
1584600188427 300 367
1584600190655 300 368
1584600192859 300 369
1584600195061 300 370
1584600197241 300 371
1584600199446 300 372
1584600201679 300 373
1584600203873 300 374
1584600206077 300 375
1584600208304 300 376
1584600210523 300 377
1584600212765 300 378
1584600214955 300 379
1584600217173 300 380
1584600219345 300 381
1584600221569 300 382
1584600223760 300 383
1584600225990 300 384
1584600228187 300 385
1584600230390 300 386
1584600232583 300 387
1584600234784 300 388
1584600236990 300 389
1584600239245 300 390
1584600241434 300 391
1584600243674 300 392
1584600245880 300 393
1584600248048 300 394
1584600250213 300 395
1584600252381 300 396
1584600254554 300 397
1584600256829 300 398
1584600259037 300 399
1584600261253 300 400
1584600263546 300 401
1584600265754 300 402
1584600267956 300 403
1584600270162 300 404
1584600272358 300 405
1584600274679 300 406
1584600276881 300 407
1584600279115 300 408
1584600281341 300 409
1584600283538 300 410
1584600285760 300 411
1584600287950 300 412
1584600290171 300 413
1584600292383 300 414
1584600294581 300 415
1584600296831 300 416
1584600299040 300 417
1584600301281 300 418
1584600303470 300 419
1584600305689 300 420
1584600307882 300 421
1584600310092 300 422
1584600312288 300 423
1584600314523 300 424
1584600316712 300 425
1584600318906 300 426
1584600321176 300 427
1584600323386 300 428
1584600325601 300 429
1584600327814 300 430
1584600330002 300 431
1584600332190 300 432
1584600334375 300 433
1584600336616 300 434
1584600338826 300 435
1584600341025 300 436
1584600343229 300 437
1584600345444 300 438
1584600347652 300 439
1584600349849 300 440
1584600352079 300 441
1584600354271 300 442
1584600356487 300 443
1584600358687 300 444
1584600360907 300 445
1584600363137 300 446
1584600365376 300 447
1584600367608 300 448
1584600369842 300 449
1584600372118 300 450
1584600374360 300 451
1584600376571 300 452
1584600378765 300 453
1584600380952 300 454
1584600383166 300 455
1584600385400 300 456
1584600387702 300 457
1584600389929 300 458
1584600392144 300 459
1584600394384 300 460
1584600396631 300 461
1584600398831 300 462
1584600401026 300 463
1584600403236 300 464
1584600405438 300 465
1584600407667 300 466
1584600409890 300 467
1584600412083 300 468
1584600414284 300 469
1584600416510 300 470
1584600418742 300 471
1584600420948 300 472
1584600423155 300 473
1584600425337 300 474
1584600427539 300 475
1584600429730 300 476
1584600431932 300 477
1584600434116 300 478
1584600436295 300 479
1584600438486 300 480
1584600440704 300 481
1584600442936 300 482
1584600445147 300 483
1584600447361 300 484
1584600449586 300 485
1584600451795 300 486
1584600453989 300 487
1584600456180 300 488
1584600458379 300 489
1584600460592 300 490
1584600462825 300 491
1584600465040 300 492
1584600467308 300 493
1584600469532 300 494
1584600471747 300 495
1584600473951 300 496
1584600476157 300 497
1584600478355 300 498
1584600480544 300 499
1584600482760 300 500
1584600485029 300 501
1584600487241 300 502
1584600489478 300 503
1584600491686 300 504
1584600493878 300 505
1584600496162 300 506
1584600498380 300 507
1584600500567 300 508
1584600502759 300 509
1584600504957 300 510
1584600507145 300 511
1584600509329 300 512
1584600511553 300 513
1584600513738 300 514
1584600515959 300 515
1584600518177 300 516
1584600520377 300 517
1584600522600 300 518
1584600524919 300 519
1584600527127 300 520
1584600529383 300 521
1584600531630 300 522
1584600533976 300 523
1584600536302 300 524
1584600538532 300 525
1584600540737 300 526
1584600542975 300 527
1584600545186 300 528
1584600547383 300 529
1584600549622 300 530
1584600551822 300 531
1584600554008 300 532
1584600556223 300 533
1584600558407 300 534
1584600560657 300 535
1584600562838 300 536
1584600565198 300 537
1584600567413 300 538
1584600569633 300 539
1584600571850 300 540
1584600574055 300 541
1584600576253 300 542
1584600578447 300 543
1584600580678 300 544
1584600582876 300 545
1584600585080 300 546
1584600587294 300 547
1584600589480 300 548
1584600591703 300 549
1584600593914 300 550
1584600596140 300 551
1584600598326 300 552
1584600600543 300 553
1584600602778 300 554
1584600605017 300 555
1584600607207 300 556
1584600609411 300 557
1584600611600 300 558
1584600613829 300 559
1584600616042 300 560
1584600618242 300 561
1584600620466 300 562
1584600622663 300 563
1584600624879 300 564
1584600627069 300 565
1584600629265 300 566
1584600631495 300 567
1584600633683 300 568
1584600635885 300 569
1584600638099 300 570
1584600640333 300 571
1584600642557 300 572
1584600644756 300 573
1584600646984 300 574
1584600649170 300 575
1584600651384 300 576
1584600653597 300 577
1584600655798 300 578
1584600657953 300 579
1584600660191 300 580
1584600662467 300 581
1584600664699 300 582
1584600666915 300 583
1584600669108 300 584
1584600671313 300 585
1584600673519 300 586
1584600675785 300 587
1584600678023 300 588
1584600680223 300 589
1584600682491 300 590
1584600684916 300 591
1584600687206 300 592
1584600689431 300 593
1584600691662 300 594
1584600693848 300 595
1584600696054 300 596
1584600698277 300 597
1584600700493 300 598
1584600702695 300 599
1584600704881 300 600
1584600707180 300 601
1584600709360 300 602
1584600711586 300 603
1584600713832 300 604
1584600716038 300 605
1584600718244 300 606
1584600720438 300 607
1584600722692 300 608
1584600724866 300 609
1584600727091 300 610
1584600729274 300 611
1584600731479 300 612
1584600733686 300 613
1584600735899 300 614
1584600738097 300 615
1584600740284 300 616
