1584599381428 1.0 1
1584599383694 1.0 2
1584599386015 -3.0 3
1584599388237 9.0 4
1584599390486 1.0 5
1584599392717 2.0 6
1584599395009 5.0 7
1584599397312 -1.0 8
1584599399552 -1.0 9
1584599401851 0.0 10
1584599404093 1.0 11
1584599406291 -1.0 12
1584599408463 4.0 13
1584599410678 3.0 14
1584599412877 4.0 15
1584599415051 1.0 16
1584599417330 0.0 17
1584599419519 3.0 18
1584599421697 0.0 19
1584599423910 1.0 20
1584599426067 6.0 21
1584599428207 3.0 22
1584599430386 2.0 23
1584599432578 -1.0 24
1584599434804 4.0 25
1584599436962 1.0 26
1584599439120 1.0 27
1584599441315 0.0 28
1584599443512 0.0 29
1584599445698 5.0 30
1584599447867 0.0 31
1584599450029 0.0 32
1584599452198 0.0 33
1584599454380 1.0 34
1584599456546 0.0 35
1584599458714 -1.0 36
1584599460902 1.0 37
1584599463091 0.0 38
1584599465276 2.0 39
1584599467456 2.0 40
1584599469619 -2.0 41
1584599471807 1.0 42
1584599474022 5.0 43
1584599476220 2.0 44
1584599478398 5.0 45
1584599480603 -1.0 46
1584599482785 6.0 47
1584599484989 2.0 48
1584599487163 7.0 49
1584599489354 0.0 50
1584599491650 1.0 51
1584599493844 7.0 52
1584599496102 12.0 53
1584599498278 1.0 54
1584599500537 1.0 55
1584599502797 -1.0 56
1584599505004 1.0 57
1584599507166 1.0 58
1584599509331 1.0 59
1584599511498 5.0 60
1584599513704 2.0 61
1584599515895 3.0 62
1584599518084 7.0 63
1584599520263 2.0 64
1584599522441 6.0 65
1584599524638 1.0 66
1584599526812 0.0 67
1584599528968 8.0 68
1584599531147 1.0 69
1584599533314 2.0 70
1584599535500 0.0 71
1584599537670 3.0 72
1584599539852 3.0 73
1584599542023 4.0 74
1584599544270 0.0 75
1584599546426 7.0 76
1584599548621 3.0 77
1584599550806 2.0 78
1584599552988 7.0 79
1584599555158 3.0 80
1584599557322 7.0 81
1584599559520 4.0 82
1584599561751 2.0 83
1584599563941 0.0 84
1584599566095 7.0 85
1584599568302 7.0 86
1584599570509 7.0 87
1584599572702 5.0 88
1584599574927 2.0 89
1584599577129 7.0 90
1584599579335 10.0 91
1584599581518 5.0 92
1584599583737 7.0 93
1584599585918 7.0 94
1584599588075 5.0 95
1584599590233 5.0 96
1584599592463 6.0 97
1584599594710 4.0 98
1584599597132 9.0 99
1584599599385 6.0 100
1584599601637 4.0 101
1584599603798 -1.0 102
1584599605996 6.0 103
1584599608209 2.0 104
1584599610383 7.0 105
1584599612561 0.0 106
1584599614753 5.0 107
1584599616942 5.0 108
1584599619105 6.0 109
1584599621277 4.0 110
1584599623496 10.0 111
1584599625689 7.0 112
1584599627915 4.0 113
1584599630133 8.0 114
1584599632282 6.0 115
1584599634439 6.0 116
1584599636604 7.0 117
1584599638794 6.0 118
1584599640975 8.0 119
1584599643128 5.0 120
1584599645311 6.0 121
1584599647479 5.0 122
1584599649647 2.0 123
1584599651792 13.0 124
1584599653963 4.0 125
1584599656402 0.0 126
1584599658582 0.0 127
1584599660745 3.0 128
1584599662916 2.0 129
1584599665098 5.0 130
1584599667255 7.0 131
1584599669482 7.0 132
1584599671697 2.0 133
1584599673857 15.0 134
1584599676025 3.0 135
1584599678175 2.0 136
1584599680366 4.0 137
1584599682534 11.0 138
1584599684688 5.0 139
1584599686819 5.0 140
1584599689028 5.0 141
1584599691176 12.0 142
1584599693349 9.0 143
1584599695688 11.0 144
1584599697854 10.0 145
1584599700038 7.0 146
1584599702193 6.0 147
1584599704362 4.0 148
1584599706555 4.0 149
1584599708733 10.0 150
1584599710916 10.0 151
1584599713051 8.0 152
1584599715219 10.0 153
1584599717476 10.0 154
1584599719650 6.0 155
1584599721843 11.0 156
1584599724003 2.0 157
1584599726428 11.0 158
1584599728773 13.0 159
1584599730957 2.0 160
1584599733109 5.0 161
1584599735295 9.0 162
1584599737481 15.0 163
1584599739674 13.0 164
1584599741867 5.0 165
1584599744025 4.0 166
1584599746215 10.0 167
1584599748426 11.0 168
1584599750638 8.0 169
1584599752832 13.0 170
1584599755010 3.0 171
1584599757182 13.0 172
1584599759353 8.0 173
1584599761527 4.0 174
1584599763715 2.0 175
1584599765881 4.0 176
1584599768074 4.0 177
1584599770241 1.0 178
1584599772407 11.0 179
1584599774637 7.0 180
1584599776879 12.0 181
1584599779070 7.0 182
1584599781301 14.0 183
1584599783485 6.0 184
1584599785763 9.0 185
1584599787972 8.0 186
1584599790156 8.0 187
1584599792467 11.0 188
1584599794630 11.0 189
1584599796807 8.0 190
1584599798996 -2.0 191
1584599801191 14.0 192
1584599803388 19.0 193
1584599805626 11.0 194
1584599807820 5.0 195
1584599810039 9.0 196
1584599812231 12.0 197
1584599814414 12.0 198
1584599816630 7.0 199
1584599818820 10.0 200
1584599821101 11.0 201
1584599823341 6.0 202
1584599825559 2.0 203
1584599827751 4.0 204
1584599829936 7.0 205
1584599832109 5.0 206
1584599834325 5.0 207
1584599836526 15.0 208
1584599838714 1.0 209
1584599840934 12.0 210
1584599843151 6.0 211
1584599845347 0.0 212
1584599847561 2.0 213
1584599849723 7.0 214
1584599851938 11.0 215
1584599854154 3.0 216
1584599856365 6.0 217
1584599858565 12.0 218
1584599860778 6.0 219
1584599863027 0.0 220
1584599865239 -1.0 221
1584599867443 14.0 222
1584599869633 13.0 223
1584599871813 0.0 224
1584599874004 0.0 225
1584599876185 -1.0 226
1584599878356 1.0 227
1584599880553 9.0 228
1584599882799 7.0 229
1584599885016 2.0 230
1584599887323 17.0 231
1584599889751 4.0 232
1584599891997 1.0 233
1584599894178 13.0 234
1584599896391 2.0 235
1584599898616 11.0 236
1584599900831 6.0 237
1584599903014 6.0 238
1584599905206 3.0 239
1584599907413 6.0 240
1584599909618 5.0 241
1584599911807 5.0 242
1584599913988 3.0 243
1584599916161 8.0 244
1584599918342 10.0 245
1584599920561 13.0 246
1584599922761 9.0 247
1584599924941 14.0 248
1584599927143 6.0 249
1584599929384 17.0 250
1584599931593 14.0 251
1584599933790 4.0 252
1584599936003 -1.0 253
1584599938196 2.0 254
1584599940381 6.0 255
1584599942571 8.0 256
1584599944799 9.0 257
1584599946997 12.0 258
1584599949219 3.0 259
1584599951409 3.0 260
1584599953611 7.0 261
1584599955836 9.0 262
1584599958070 3.0 263
1584599960247 9.0 264
1584599962455 13.0 265
1584599964640 13.0 266
1584599966834 17.0 267
1584599969043 17.0 268
1584599971239 -1.0 269
1584599973479 2.0 270
1584599975682 5.0 271
1584599977898 0.0 272
1584599980081 11.0 273
1584599982262 12.0 274
1584599984541 11.0 275
1584599986770 8.0 276
1584599988964 0.0 277
1584599991168 12.0 278
1584599993368 8.0 279
1584599995591 3.0 280
1584599997805 3.0 281
1584599999991 7.0 282
1584600002174 16.0 283
1584600004390 8.0 284
1584600006605 0.0 285
1584600008877 2.0 286
1584600011105 8.0 287
1584600013305 11.0 288
1584600015503 11.0 289
1584600017719 12.0 290
1584600019933 5.0 291
1584600022139 9.0 292
1584600024331 5.0 293
1584600026539 7.0 294
1584600028741 8.0 295
1584600030959 9.0 296
1584600033153 8.0 297
1584600035354 7.0 298
1584600037544 7.0 299
1584600039732 10.0 300
1584600041994 1.0 301
1584600044172 6.0 302
1584600046422 7.0 303
1584600048616 8.0 304
1584600050854 5.0 305
1584600053067 9.0 306
1584600055283 14.0 307
1584600057500 10.0 308
1584600059702 7.0 309
1584600061948 12.0 310
1584600064168 17.0 311
1584600066360 6.0 312
1584600068556 8.0 313
1584600070758 15.0 314
1584600072950 9.0 315
1584600075148 8.0 316
1584600077373 11.0 317
1584600079582 1.0 318
1584600081925 12.0 319
1584600084124 10.0 320
1584600086309 3.0 321
1584600088512 4.0 322
1584600090895 17.0 323
1584600093339 9.0 324
1584600095561 9.0 325
1584600097779 15.0 326
1584600099957 12.0 327
1584600102166 7.0 328
1584600104372 6.0 329
1584600106567 5.0 330
1584600108766 13.0 331
1584600110964 17.0 332
1584600113239 7.0 333
1584600115456 12.0 334
1584600117759 3.0 335
1584600119982 13.0 336
1584600122167 10.0 337
1584600124397 8.0 338
1584600126591 11.0 339
1584600128804 19.0 340
1584600130987 9.0 341
1584600133171 11.0 342
1584600135390 9.0 343
1584600137631 2.0 344
1584600139822 12.0 345
1584600142046 1.0 346
1584600144249 10.0 347
1584600146448 17.0 348
1584600148692 17.0 349
1584600150938 18.0 350
1584600153131 6.0 351
1584600155305 11.0 352
1584600157539 7.0 353
1584600159727 5.0 354
1584600161904 2.0 355
1584600164079 16.0 356
1584600166269 13.0 357
1584600168482 14.0 358
1584600170712 15.0 359
1584600172941 11.0 360
1584600175136 13.0 361
1584600177368 15.0 362
1584600179604 11.0 363
1584600181808 7.0 364
1584600184006 12.0 365
1584600186220 18.0 366
1584600188427 12.0 367
1584600190655 12.0 368
1584600192859 10.0 369
1584600195061 5.0 370
1584600197241 15.0 371
1584600199446 9.0 372
1584600201679 11.0 373
1584600203873 16.0 374
1584600206077 12.0 375
1584600208304 17.0 376
1584600210523 14.0 377
1584600212765 12.0 378
1584600214955 13.0 379
1584600217173 4.0 380
1584600219345 11.0 381
1584600221569 19.0 382
1584600223760 6.0 383
1584600225990 10.0 384
1584600228187 14.0 385
1584600230390 4.0 386
1584600232583 16.0 387
1584600234784 12.0 388
1584600236990 22.0 389
1584600239245 15.0 390
1584600241434 11.0 391
1584600243674 19.0 392
1584600245880 16.0 393
1584600248048 7.0 394
1584600250213 11.0 395
1584600252381 9.0 396
1584600254554 12.0 397
1584600256829 12.0 398
1584600259037 13.0 399
1584600261253 15.0 400
1584600263546 11.0 401
1584600265754 15.0 402
1584600267956 19.0 403
1584600270162 18.0 404
1584600272358 13.0 405
1584600274679 17.0 406
1584600276881 17.0 407
1584600279115 11.0 408
1584600281341 6.0 409
1584600283538 17.0 410
1584600285760 16.0 411
1584600287950 16.0 412
1584600290171 19.0 413
1584600292383 14.0 414
1584600294581 14.0 415
1584600296831 11.0 416
1584600299040 16.0 417
1584600301281 21.0 418
1584600303470 20.0 419
1584600305689 14.0 420
1584600307882 17.0 421
1584600310092 20.0 422
1584600312288 15.0 423
1584600314523 18.0 424
1584600316712 17.0 425
1584600318906 10.0 426
1584600321176 16.0 427
1584600323386 16.0 428
1584600325601 16.0 429
1584600327814 18.0 430
1584600330002 16.0 431
1584600332190 7.0 432
1584600334375 22.0 433
1584600336616 12.0 434
1584600338826 16.0 435
1584600341025 17.0 436
1584600343229 17.0 437
1584600345444 19.0 438
1584600347652 14.0 439
1584600349849 15.0 440
1584600352079 21.0 441
1584600354271 17.0 442
1584600356487 18.0 443
1584600358687 13.0 444
1584600360907 16.0 445
1584600363137 16.0 446
1584600365376 16.0 447
1584600367608 9.0 448
1584600369842 17.0 449
1584600372118 13.0 450
1584600374360 10.0 451
1584600376571 15.0 452
1584600378765 16.0 453
1584600380952 20.0 454
1584600383166 9.0 455
1584600385400 14.0 456
1584600387702 12.0 457
1584600389929 22.0 458
1584600392144 20.0 459
1584600394384 16.0 460
1584600396631 16.0 461
1584600398831 18.0 462
1584600401026 14.0 463
1584600403236 22.0 464
1584600405438 4.0 465
1584600407667 16.0 466
1584600409890 16.0 467
1584600412083 9.0 468
1584600414284 16.0 469
1584600416510 7.0 470
1584600418742 6.0 471
1584600420948 15.0 472
1584600423155 14.0 473
1584600425337 16.0 474
1584600427539 13.0 475
1584600429730 17.0 476
1584600431932 20.0 477
1584600434116 15.0 478
1584600436295 13.0 479
1584600438486 15.0 480
1584600440704 14.0 481
1584600442936 16.0 482
1584600445147 22.0 483
1584600447361 17.0 484
1584600449586 9.0 485
1584600451795 23.0 486
1584600453989 11.0 487
1584600456180 13.0 488
1584600458379 11.0 489
1584600460592 16.0 490
1584600462825 12.0 491
1584600465040 13.0 492
1584600467308 17.0 493
1584600469532 16.0 494
1584600471747 14.0 495
1584600473951 15.0 496
1584600476157 21.0 497
1584600478355 11.0 498
1584600480544 20.0 499
1584600482760 22.0 500
1584600485029 16.0 501
1584600487241 15.0 502
1584600489478 20.0 503
1584600491686 12.0 504
1584600493878 4.0 505
1584600496162 21.0 506
1584600498380 18.0 507
1584600500567 16.0 508
1584600502759 12.0 509
1584600504957 21.0 510
1584600507145 12.0 511
1584600509329 13.0 512
1584600511553 16.0 513
1584600513738 17.0 514
1584600515959 16.0 515
1584600518177 19.0 516
1584600520377 11.0 517
1584600522600 20.0 518
1584600524919 11.0 519
1584600527127 17.0 520
1584600529383 13.0 521
1584600531630 22.0 522
1584600533976 22.0 523
1584600536302 13.0 524
1584600538532 16.0 525
1584600540737 14.0 526
1584600542975 15.0 527
1584600545186 18.0 528
1584600547383 19.0 529
1584600549622 20.0 530
1584600551822 12.0 531
1584600554008 13.0 532
1584600556223 10.0 533
1584600558407 17.0 534
1584600560657 18.0 535
1584600562838 22.0 536
1584600565198 12.0 537
1584600567413 17.0 538
1584600569633 7.0 539
1584600571850 1.0 540
1584600574055 17.0 541
1584600576253 9.0 542
1584600578447 22.0 543
1584600580678 12.0 544
1584600582876 20.0 545
1584600585080 15.0 546
1584600587294 15.0 547
1584600589480 17.0 548
1584600591703 3.0 549
1584600593914 20.0 550
1584600596140 16.0 551
1584600598326 16.0 552
1584600600543 19.0 553
1584600602778 13.0 554
1584600605017 7.0 555
1584600607207 19.0 556
1584600609411 12.0 557
1584600611600 16.0 558
1584600613829 21.0 559
1584600616042 16.0 560
1584600618242 11.0 561
1584600620466 20.0 562
1584600622663 17.0 563
1584600624879 15.0 564
1584600627069 6.0 565
1584600629265 14.0 566
1584600631495 17.0 567
1584600633683 16.0 568
1584600635885 16.0 569
1584600638099 15.0 570
1584600640333 20.0 571
1584600642557 16.0 572
1584600644756 12.0 573
1584600646984 13.0 574
1584600649170 13.0 575
1584600651384 22.0 576
1584600653597 3.0 577
1584600655798 16.0 578
1584600657953 23.0 579
1584600660191 21.0 580
1584600662467 14.0 581
1584600664699 11.0 582
1584600666915 17.0 583
1584600669108 19.0 584
1584600671313 15.0 585
1584600673519 21.0 586
1584600675785 16.0 587
1584600678023 21.0 588
1584600680223 13.0 589
1584600682491 25.0 590
1584600684916 15.0 591
1584600687206 18.0 592
1584600689431 15.0 593
1584600691662 11.0 594
1584600693848 13.0 595
1584600696054 17.0 596
1584600698277 19.0 597
1584600700493 16.0 598
1584600702695 16.0 599
1584600704881 18.0 600
1584600707180 11.0 601
1584600709360 14.0 602
1584600711586 19.0 603
1584600713832 22.0 604
1584600716038 16.0 605
1584600718244 19.0 606
1584600720438 14.0 607
1584600722692 19.0 608
1584600724866 9.0 609
1584600727091 19.0 610
1584600729274 15.0 611
1584600731479 8.0 612
1584600733686 18.0 613
1584600735899 14.0 614
1584600738097 13.0 615
1584600740284 4.0 616
