1583065939918 1.0 1
1583065942130 0.995 2
1583065944371 0.990025 3
1583065947498 0.985074875 4
1583065949679 0.9801495006250001 5
1583065951831 0.9752487531218751 6
1583065954304 0.9703725093562657 7
1583065956805 0.9655206468094844 8
1583065958932 0.960693043575437 9
1583065961176 0.9558895783575597 10
1583065963302 0.9511101304657719 11
1583065965394 0.946354579813443 12
1583065967538 0.9416228069143757 13
1583065969637 0.9369146928798039 14
1583065971734 0.9322301194154049 15
1583065973843 0.9275689688183278 16
1583065975970 0.9229311239742362 17
1583065978069 0.918316468354365 18
1583065980180 0.9137248860125932 19
1583065982293 0.9091562615825302 20
