1584236864139 1 1
1584236866374 1 2
1584236868641 1 3
1584236870828 1 4
1584236873620 1 5
1584236877286 1 6
1584236880680 1 7
1584236885005 1 8
1584236888562 1 9
1584236890822 1 10
1584236893217 1 11
1584236895971 1 12
1584236898367 1 13
1584236900595 1 14
1584236903278 1 15
1584236905600 1 16
1584236908027 1 17
1584236910160 1 18
1584236912858 1 19
1584236915355 1 20
1584236917543 1 21
1584236920196 1 22
1584236922525 1 23
1584236924797 1 24
1584236927072 1 25
1584236929221 1 26
1584236931392 1 27
1584236933521 1 28
1584236935638 1 29
1584236937757 1 30
1584236939871 1 31
1584236942027 1 32
1584236944260 1 33
1584236947716 1 34
1584236949851 1 35
1584236951969 1 36
1584236954105 1 37
1584236956244 1 38
1584236958405 1 39
1584236960822 1 40
1584236963021 1 41
1584236965138 1 42
1584236967249 1 43
1584236969391 1 44
1584236971514 1 45
1584236974294 1 46
1584236976612 1 47
1584236979418 1 48
1584236981773 1 49
1584236983893 1 50
1584236986065 1 51
1584236988200 1 52
1584236990290 1 53
1584236992409 1 54
1584236994517 1 55
1584236996656 1 56
1584236999019 1 57
1584237001614 1 58
1584237003720 1 59
1584237006717 1 60
1584237008831 1 61
1584237011233 1 62
1584237014439 1 63
1584237017087 1 64
1584237019362 1 65
1584237021806 1 66
1584237024787 1 67
1584237027155 1 68
1584237029495 1 69
1584237031673 1 70
1584237033970 1 71
1584237036494 1 72
1584237038987 1 73
1584237041247 1 74
1584237043524 1 75
1584237045682 1 76
1584237048311 1 77
1584237050741 1 78
1584237053194 1 79
1584237055478 1 80
1584237057667 1 81
1584237059779 1 82
1584237061928 1 83
1584237064088 1 84
1584237066710 1 85
1584237069130 1 86
1584237072479 1 87
1584237074781 1 88
1584237077112 1 89
1584237079404 1 90
1584237081761 1 91
1584237084023 1 92
1584237086751 1 93
1584237089014 1 94
1584237091402 1 95
1584237093736 1 96
1584237096696 1 97
1584237098960 1 98
1584237101237 1 99
1584237103724 1 100
1584237105931 1 101
1584237108566 1 102
1584237110756 1 103
1584237113624 1 104
1584237115880 1 105
1584237118137 1 106
1584237120586 1 107
1584237123066 1 108
1584237125450 1 109
1584237128030 1 110
1584237130444 1 111
1584237132641 1 112
1584237134778 1 113
1584237136900 1 114
1584237139055 1 115
1584237141254 1 116
1584237143367 1 117
1584237145501 1 118
1584237147630 1 119
1584237149748 1 120
1584237151876 1 121
1584237154023 1 122
1584237156173 1 123
1584237158305 1 124
1584237160426 1 125
1584237162547 1 126
1584237164682 1 127
1584237166805 1 128
1584237168935 1 129
1584237171052 1 130
1584237173176 1 131
1584237175286 1 132
1584237177435 1 133
1584237179578 1 134
1584237182169 1 135
1584237185157 1 136
1584237187417 1 137
1584237189904 1 138
1584237192293 1 139
1584237194491 1 140
1584237196614 1 141
1584237198722 1 142
1584237200974 1 143
1584237203098 1 144
1584237205425 1 145
1584237207577 1 146
1584237209739 1 147
1584237211839 1 148
1584237214015 1 149
1584237216147 1 150
1584237218283 1 151
1584237220413 1 152
1584237222537 1 153
1584237224661 1 154
1584237227116 1 155
1584237229298 1 156
1584237232103 1 157
1584237236145 1 158
1584237238438 1 159
1584237240646 1 160
1584237243010 1 161
1584237245299 1 162
1584237247501 1 163
1584237249726 1 164
1584237252026 1 165
1584237255361 1 166
1584237257683 1 167
1584237260516 1 168
1584237262703 1 169
1584237264969 1 170
1584237267160 1 171
1584237269391 1 172
1584237271540 1 173
1584237273674 1 174
1584237276099 1 175
1584237278474 1 176
1584237280757 1 177
1584237283451 1 178
1584237285727 1 179
1584237288371 1 180
1584237290589 1 181
1584237293122 1 182
1584237295250 1 183
1584237297425 1 184
1584237299538 1 185
1584237302324 1 186
1584237304806 1 187
1584237307176 1 188
1584237309392 1 189
1584237311961 1 190
1584237314259 1 191
1584237316432 1 192
1584237318997 1 193
1584237321616 1 194
1584237324284 1 195
1584237326559 1 196
1584237328960 1 197
1584237331900 1 198
1584237334553 1 199
1584237337211 1 200
1584237339551 1 201
1584237341710 1 202
1584237344023 1 203
1584237346227 1 204
1584237348406 1 205
1584237350648 1 206
1584237353182 1 207
1584237355673 1 208
1584237357847 1 209
1584237359994 1 210
1584237362535 1 211
1584237365054 1 212
1584237367765 1 213
1584237370464 1 214
1584237372827 1 215
1584237375185 1 216
1584237377857 1 217
1584237380609 1 218
1584237383058 1 219
1584237385319 1 220
1584237387466 1 221
1584237389607 1 222
1584237391734 1 223
1584237393912 1 224
1584237396048 1 225
1584237398199 1 226
1584237400407 1 227
1584237402561 1 228
1584237404706 1 229
1584237406835 1 230
1584237408962 1 231
1584237412164 1 232
1584237414317 1 233
1584237416676 1 234
1584237418843 1 235
1584237420980 1 236
1584237423157 1 237
1584237425331 1 238
1584237427567 1 239
1584237429733 1 240
1584237431884 1 241
1584237434046 1 242
1584237436189 1 243
1584237438310 1 244
1584237440571 1 245
1584237442692 1 246
1584237444827 1 247
1584237446945 1 248
1584237449092 1 249
1584237451244 1 250
1584237453386 1 251
1584237455520 1 252
1584237457652 1 253
1584237459801 1 254
1584237461918 1 255
1584237464047 1 256
1584237466167 1 257
1584237468286 1 258
1584237470440 1 259
1584237473729 1 260
1584237475845 1 261
1584237477978 1 262
1584237480111 1 263
1584237482272 1 264
1584237484689 1 265
1584237486986 1 266
1584237490499 1 267
1584237493107 1 268
1584237497218 1 269
1584237499754 1 270
1584237501978 1 271
1584237504168 1 272
1584237506292 1 273
1584237508426 1 274
1584237510579 1 275
1584237512755 1 276
1584237514873 1 277
1584237517032 1 278
1584237519162 1 279
1584237521318 1 280
1584237523439 1 281
1584237525603 1 282
1584237527786 1 283
1584237529930 1 284
1584237532265 1 285
1584237534445 1 286
1584237536580 1 287
1584237538714 1 288
1584237540837 1 289
1584237542978 1 290
1584237545132 1 291
1584237547290 1 292
1584237549423 1 293
1584237551587 1 294
1584237553756 1 295
1584237557604 1 296
1584237560158 1 297
