1584236864139 1 1
1584236866374 0.995 2
1584236868641 0.990025 3
1584236870828 0.985074875 4
1584236873620 0.9801495006250001 5
1584236877286 0.9752487531218751 6
1584236880680 0.9703725093562657 7
1584236885005 0.9655206468094844 8
1584236888562 0.960693043575437 9
1584236890822 0.9558895783575597 10
1584236893217 0.9511101304657719 11
1584236895971 0.946354579813443 12
1584236898367 0.9416228069143757 13
1584236900595 0.9369146928798039 14
1584236903278 0.9322301194154049 15
1584236905600 0.9275689688183278 16
1584236908027 0.9229311239742362 17
1584236910160 0.918316468354365 18
1584236912858 0.9137248860125932 19
1584236915355 0.9091562615825302 20
1584236917543 0.9046104802746175 21
1584236920196 0.9000874278732445 22
1584236922525 0.8955869907338783 23
1584236924797 0.8911090557802088 24
1584236927072 0.8866535105013078 25
1584236929221 0.8822202429488013 26
1584236931392 0.8778091417340573 27
1584236933521 0.8734200960253871 28
1584236935638 0.8690529955452602 29
1584236937757 0.8647077305675338 30
1584236939871 0.8603841919146962 31
1584236942027 0.8560822709551227 32
1584236944260 0.851801859600347 33
1584236947716 0.8475428503023453 34
1584236949851 0.8433051360508336 35
1584236951969 0.8390886103705794 36
1584236954105 0.8348931673187264 37
1584236956244 0.8307187014821328 38
1584236958405 0.8265651079747222 39
1584236960822 0.8224322824348486 40
1584236963021 0.8183201210226743 41
1584236965138 0.8142285204175609 42
1584236967249 0.810157377815473 43
1584236969391 0.8061065909263957 44
1584236971514 0.8020760579717637 45
1584236974294 0.798065677681905 46
1584236976612 0.7940753492934954 47
1584236979418 0.7901049725470279 48
1584236981773 0.7861544476842928 49
1584236983893 0.7822236754458713 50
1584236986065 0.778312557068642 51
1584236988200 0.7744209942832988 52
1584236990290 0.7705488893118823 53
1584236992409 0.7666961448653229 54
1584236994517 0.7628626641409962 55
1584236996656 0.7590483508202912 56
1584236999019 0.7552531090661897 57
1584237001614 0.7514768435208588 58
1584237003720 0.7477194593032545 59
1584237006717 0.7439808620067382 60
1584237008831 0.7402609576967045 61
1584237011233 0.736559652908221 62
1584237014439 0.7328768546436799 63
1584237017087 0.7292124703704616 64
1584237019362 0.7255664080186093 65
1584237021806 0.7219385759785162 66
1584237024787 0.7183288830986236 67
1584237027155 0.7147372386831305 68
1584237029495 0.7111635524897149 69
1584237031673 0.7076077347272662 70
1584237033970 0.7040696960536299 71
1584237036494 0.7005493475733617 72
1584237038987 0.697046600835495 73
1584237041247 0.6935613678313175 74
1584237043524 0.6900935609921609 75
1584237045682 0.6866430931872001 76
1584237048311 0.6832098777212641 77
1584237050741 0.6797938283326578 78
1584237053194 0.6763948591909945 79
1584237055478 0.6730128848950395 80
1584237057667 0.6696478204705644 81
1584237059779 0.6662995813682115 82
1584237061928 0.6629680834613705 83
1584237064088 0.6596532430440636 84
1584237066710 0.6563549768288433 85
1584237069130 0.653073201944699 86
1584237072479 0.6498078359349755 87
1584237074781 0.6465587967553006 88
1584237077112 0.6433260027715241 89
1584237079404 0.6401093727576664 90
1584237081761 0.6369088258938781 91
1584237084023 0.6337242817644086 92
1584237086751 0.6305556603555866 93
1584237089014 0.6274028820538087 94
1584237091402 0.6242658676435396 95
1584237093736 0.6211445383053219 96
1584237096696 0.6180388156137953 97
1584237098960 0.6149486215357263 98
1584237101237 0.6118738784280476 99
1584237103724 0.6088145090359074 100
1584237105931 0.6057704364907278 101
1584237108566 0.6027415843082742 102
1584237110756 0.5997278763867329 103
1584237113624 0.5967292370047992 104
1584237115880 0.5937455908197752 105
1584237118137 0.5907768628656763 106
1584237120586 0.5878229785513479 107
1584237123066 0.5848838636585911 108
1584237125450 0.5819594443402982 109
1584237128030 0.5790496471185967 110
1584237130444 0.5761543988830038 111
1584237132641 0.5732736268885887 112
1584237134778 0.5704072587541458 113
1584237136900 0.567555222460375 114
1584237139055 0.5647174463480732 115
1584237141254 0.5618938591163328 116
1584237143367 0.5590843898207511 117
1584237145501 0.5562889678716474 118
1584237147630 0.5535075230322891 119
1584237149748 0.5507399854171277 120
1584237151876 0.547986285490042 121
1584237154023 0.5452463540625918 122
1584237156173 0.5425201222922789 123
1584237158305 0.5398075216808175 124
1584237160426 0.5371084840724134 125
1584237162547 0.5344229416520513 126
1584237164682 0.531750826943791 127
1584237166805 0.5290920728090721 128
1584237168935 0.5264466124450268 129
1584237171052 0.5238143793828016 130
1584237173176 0.5211953074858876 131
1584237175286 0.5185893309484582 132
1584237177435 0.5159963842937159 133
1584237179578 0.5134164023722473 134
1584237182169 0.510849320360386 135
1584237185157 0.5082950737585841 136
1584237187417 0.5057535983897912 137
1584237189904 0.5032248303978422 138
1584237192293 0.500708706245853 139
1584237194491 0.4982051627146237 140
1584237196614 0.49571413690105054 141
1584237198722 0.4932355662165453 142
1584237200974 0.4907693883854626 143
1584237203098 0.4883155414435353 144
1584237205425 0.4858739637363176 145
1584237207577 0.483444593917636 146
1584237209739 0.4810273709480478 147
1584237211839 0.47862223409330756 148
1584237214015 0.47622912292284103 149
1584237216147 0.4738479773082268 150
1584237218283 0.47147873742168567 151
1584237220413 0.46912134373457726 152
1584237222537 0.46677573701590436 153
1584237224661 0.46444185833082485 154
1584237227116 0.46211964903917074 155
1584237229298 0.4598090507939749 156
1584237232103 0.457510005540005 157
1584237236145 0.45522245551230495 158
1584237238438 0.4529463432347434 159
1584237240646 0.4506816115185697 160
1584237243010 0.4484282034609769 161
1584237245299 0.446186062443672 162
1584237247501 0.4439551321314536 163
1584237249726 0.4417353564707963 164
1584237252026 0.43952667968844233 165
1584237255361 0.43732904629000013 166
1584237257683 0.4351424010585501 167
1584237260516 0.43296668905325736 168
1584237262703 0.43080185560799106 169
1584237264969 0.4286478463299511 170
1584237267160 0.42650460709830135 171
1584237269391 0.42437208406280985 172
1584237271540 0.4222502236424958 173
1584237273674 0.42013897252428334 174
1584237276099 0.4180382776616619 175
1584237278474 0.4159480862733536 176
1584237280757 0.41386834584198684 177
1584237283451 0.4117990041127769 178
1584237285727 0.40974000909221303 179
1584237288371 0.40769130904675194 180
1584237290589 0.40565285250151817 181
1584237293122 0.4036245882390106 182
1584237295250 0.4016064652978155 183
1584237297425 0.3995984329713264 184
1584237299538 0.3976004408064698 185
1584237302324 0.39561243860243744 186
1584237304806 0.3936343764094253 187
1584237307176 0.39166620452737816 188
1584237309392 0.3897078735047413 189
1584237311961 0.3877593341372176 190
1584237314259 0.3858205374665315 191
1584237316432 0.38389143477919885 192
1584237318997 0.3819719776053028 193
1584237321616 0.3800621177172763 194
1584237324284 0.37816180712868996 195
1584237326559 0.37627099809304654 196
1584237328960 0.3743896431025813 197
1584237331900 0.37251769488706843 198
1584237334553 0.3706551064126331 199
1584237337211 0.36880183088056995 200
1584237339551 0.3669578217261671 201
1584237341710 0.36512303261753626 202
1584237344023 0.3632974174544486 203
1584237346227 0.3614809303671764 204
1584237348406 0.3596735257153405 205
1584237350648 0.3578751580867638 206
1584237353182 0.35608578229633 207
1584237355673 0.3543053533848483 208
1584237357847 0.35253382661792404 209
1584237359994 0.3507711574848344 210
1584237362535 0.34901730169741024 211
1584237365054 0.3472722151889232 212
1584237367765 0.3455358541129786 213
1584237370464 0.3438081748424137 214
1584237372827 0.3420891339682016 215
1584237375185 0.3403786882983606 216
1584237377857 0.3386767948568688 217
1584237380609 0.33698341088258443 218
1584237383058 0.3352984938281715 219
1584237385319 0.33362200135903064 220
1584237387466 0.33195389135223546 221
1584237389607 0.3302941218954743 222
1584237391734 0.32864265128599696 223
1584237393912 0.326999438029567 224
1584237396048 0.3253644408394192 225
1584237398199 0.3237376186352221 226
1584237400407 0.322118930542046 227
1584237402561 0.32050833588933575 228
1584237404706 0.31890579420988907 229
1584237406835 0.3173112652388396 230
1584237408962 0.3157247089126454 231
1584237412164 0.3141460853680822 232
1584237414317 0.3125753549412418 233
1584237416676 0.31101247816653554 234
1584237418843 0.30945741577570285 235
1584237420980 0.3079101286968243 236
1584237423157 0.3063705780533402 237
1584237425331 0.30483872516307353 238
1584237427567 0.3033145315372582 239
1584237429733 0.3017979588795719 240
1584237431884 0.30028896908517405 241
1584237434046 0.2987875242397482 242
1584237436189 0.29729358661854943 243
1584237438310 0.29580711868545667 244
1584237440571 0.2943280830920294 245
1584237442692 0.29285644267656924 246
1584237444827 0.2913921604631864 247
1584237446945 0.28993519966087045 248
1584237449092 0.2884855236625661 249
1584237451244 0.28704309604425327 250
1584237453386 0.285607880564032 251
1584237455520 0.28417984116121187 252
1584237457652 0.2827589419554058 253
1584237459801 0.28134514724562876 254
1584237461918 0.2799384215094006 255
1584237464047 0.27853872940185365 256
1584237466167 0.27714603575484437 257
1584237468286 0.2757603055760701 258
1584237470440 0.2743815040481898 259
1584237473729 0.2730095965279488 260
1584237475845 0.27164454854530906 261
1584237477978 0.2702863258025825 262
1584237480111 0.2689348941735696 263
1584237482272 0.26759021970270175 264
1584237484689 0.2662522686041882 265
1584237486986 0.2649210072611673 266
1584237490499 0.26359640222486147 267
1584237493107 0.26227842021373715 268
1584237497218 0.2609670281126685 269
1584237499754 0.25966219297210513 270
1584237501978 0.2583638820072446 271
1584237504168 0.2570720625972084 272
1584237506292 0.25578670228422234 273
1584237508426 0.25450776877280124 274
1584237510579 0.2532352299289372 275
1584237512755 0.2519690537792925 276
1584237514873 0.2507092085103961 277
1584237517032 0.2494556624678441 278
1584237519162 0.24820838415550486 279
1584237521318 0.24696734223472733 280
1584237523439 0.2457325055235537 281
1584237525603 0.24450384299593592 282
1584237527786 0.24328132378095624 283
1584237529930 0.24206491716205145 284
1584237532265 0.2408545925762412 285
1584237534445 0.23965031961336 286
1584237536580 0.2384520680152932 287
1584237538714 0.23725980767521673 288
1584237540837 0.23607350863684065 289
1584237542978 0.23489314109365644 290
1584237545132 0.23371867538818816 291
1584237547290 0.23255008201124722 292
1584237549423 0.231387331601191 293
1584237551587 0.23023039494318503 294
1584237553756 0.2290792429684691 295
1584237557604 0.22793384675362674 296
1584237560158 0.22679417751985861 297
