1584236864139 300 1
1584236866374 300 2
1584236868641 300 3
1584236870828 300 4
1584236873620 300 5
1584236877286 300 6
1584236880680 300 7
1584236885005 300 8
1584236888562 300 9
1584236890822 300 10
1584236893217 300 11
1584236895971 300 12
1584236898367 300 13
1584236900595 300 14
1584236903278 300 15
1584236905600 300 16
1584236908027 300 17
1584236910160 300 18
1584236912858 300 19
1584236915355 300 20
1584236917543 300 21
1584236920196 300 22
1584236922525 300 23
1584236924797 300 24
1584236927072 300 25
1584236929221 300 26
1584236931392 300 27
1584236933521 300 28
1584236935638 300 29
1584236937757 300 30
1584236939871 300 31
1584236942027 300 32
1584236944260 300 33
1584236947716 300 34
1584236949851 300 35
1584236951969 300 36
1584236954105 300 37
1584236956244 300 38
1584236958405 300 39
1584236960822 300 40
1584236963021 300 41
1584236965138 300 42
1584236967249 300 43
1584236969391 300 44
1584236971514 300 45
1584236974294 300 46
1584236976612 300 47
1584236979418 300 48
1584236981773 300 49
1584236983893 300 50
1584236986065 300 51
1584236988200 300 52
1584236990290 300 53
1584236992409 300 54
1584236994517 300 55
1584236996656 300 56
1584236999019 300 57
1584237001614 300 58
1584237003720 300 59
1584237006717 300 60
1584237008831 300 61
1584237011233 300 62
1584237014439 300 63
1584237017087 300 64
1584237019362 300 65
1584237021806 300 66
1584237024787 300 67
1584237027155 300 68
1584237029495 300 69
1584237031673 300 70
1584237033970 300 71
1584237036494 300 72
1584237038987 300 73
1584237041247 300 74
1584237043524 300 75
1584237045682 300 76
1584237048311 300 77
1584237050741 300 78
1584237053194 300 79
1584237055478 300 80
1584237057667 300 81
1584237059779 300 82
1584237061928 300 83
1584237064088 300 84
1584237066710 300 85
1584237069130 300 86
1584237072479 300 87
1584237074781 300 88
1584237077112 300 89
1584237079404 300 90
1584237081761 300 91
1584237084023 300 92
1584237086751 300 93
1584237089014 300 94
1584237091402 300 95
1584237093736 300 96
1584237096696 300 97
1584237098960 300 98
1584237101237 300 99
1584237103724 300 100
1584237105931 300 101
1584237108566 300 102
1584237110756 300 103
1584237113624 300 104
1584237115880 300 105
1584237118137 300 106
1584237120586 300 107
1584237123066 300 108
1584237125450 300 109
1584237128030 300 110
1584237130444 300 111
1584237132641 300 112
1584237134778 300 113
1584237136900 300 114
1584237139055 300 115
1584237141254 300 116
1584237143367 300 117
1584237145501 300 118
1584237147630 300 119
1584237149748 300 120
1584237151876 300 121
1584237154023 300 122
1584237156173 300 123
1584237158305 300 124
1584237160426 300 125
1584237162547 300 126
1584237164682 300 127
1584237166805 300 128
1584237168935 300 129
1584237171052 300 130
1584237173176 300 131
1584237175286 300 132
1584237177435 300 133
1584237179578 300 134
1584237182169 300 135
1584237185157 300 136
1584237187417 300 137
1584237189904 300 138
1584237192293 300 139
1584237194491 300 140
1584237196614 300 141
1584237198722 300 142
1584237200974 300 143
1584237203098 300 144
1584237205425 300 145
1584237207577 300 146
1584237209739 300 147
1584237211839 300 148
1584237214015 300 149
1584237216147 300 150
1584237218283 300 151
1584237220413 300 152
1584237222537 300 153
1584237224661 300 154
1584237227116 300 155
1584237229298 300 156
1584237232103 300 157
1584237236145 300 158
1584237238438 300 159
1584237240646 300 160
1584237243010 300 161
1584237245299 300 162
1584237247501 300 163
1584237249726 300 164
1584237252026 300 165
1584237255361 300 166
1584237257683 300 167
1584237260516 300 168
1584237262703 300 169
1584237264969 300 170
1584237267160 300 171
1584237269391 300 172
1584237271540 300 173
1584237273674 300 174
1584237276099 300 175
1584237278474 300 176
1584237280757 300 177
1584237283451 300 178
1584237285727 300 179
1584237288371 300 180
1584237290589 300 181
1584237293122 300 182
1584237295250 300 183
1584237297425 300 184
1584237299538 300 185
1584237302324 300 186
1584237304806 300 187
1584237307176 300 188
1584237309392 300 189
1584237311961 300 190
1584237314259 300 191
1584237316432 300 192
1584237318997 300 193
1584237321616 300 194
1584237324284 300 195
1584237326559 300 196
1584237328960 300 197
1584237331900 300 198
1584237334553 300 199
1584237337211 300 200
1584237339551 300 201
1584237341710 300 202
1584237344023 300 203
1584237346227 300 204
1584237348406 300 205
1584237350648 300 206
1584237353182 300 207
1584237355673 300 208
1584237357847 300 209
1584237359994 300 210
1584237362535 300 211
1584237365054 300 212
1584237367765 300 213
1584237370464 300 214
1584237372827 300 215
1584237375185 300 216
1584237377857 300 217
1584237380609 300 218
1584237383058 300 219
1584237385319 300 220
1584237387466 300 221
1584237389607 300 222
1584237391734 300 223
1584237393912 300 224
1584237396048 300 225
1584237398199 300 226
1584237400407 300 227
1584237402561 300 228
1584237404706 300 229
1584237406835 300 230
1584237408962 300 231
1584237412164 300 232
1584237414317 300 233
1584237416676 300 234
1584237418843 300 235
1584237420980 300 236
1584237423157 300 237
1584237425331 300 238
1584237427567 300 239
1584237429733 300 240
1584237431884 300 241
1584237434046 300 242
1584237436189 300 243
1584237438310 300 244
1584237440571 300 245
1584237442692 300 246
1584237444827 300 247
1584237446945 300 248
1584237449092 300 249
1584237451244 300 250
1584237453386 300 251
1584237455520 300 252
1584237457652 300 253
1584237459801 300 254
1584237461918 300 255
1584237464047 300 256
1584237466167 300 257
1584237468286 300 258
1584237470440 300 259
1584237473729 300 260
1584237475845 300 261
1584237477978 300 262
1584237480111 300 263
1584237482272 300 264
1584237484689 300 265
1584237486986 300 266
1584237490499 300 267
1584237493107 300 268
1584237497218 300 269
1584237499754 300 270
1584237501978 300 271
1584237504168 300 272
1584237506292 300 273
1584237508426 300 274
1584237510579 300 275
1584237512755 300 276
1584237514873 300 277
1584237517032 300 278
1584237519162 300 279
1584237521318 300 280
1584237523439 300 281
1584237525603 300 282
1584237527786 300 283
1584237529930 300 284
1584237532265 300 285
1584237534445 300 286
1584237536580 300 287
1584237538714 300 288
1584237540837 300 289
1584237542978 300 290
1584237545132 300 291
1584237547290 300 292
1584237549423 300 293
1584237551587 300 294
1584237553756 300 295
1584237557604 300 296
1584237560158 300 297
