1584484775092 1 1
1584484777510 1 2
1584484779829 1 3
1584484782005 1 4
1584484784288 1 5
1584484786509 1 6
1584484790281 1 7
1584484792870 1 8
1584484795719 1 9
1584484798206 1 10
1584484801578 1 11
1584484804096 1 12
1584484806491 1 13
1584484808795 1 14
1584484811139 1 15
1584484813559 1 16
1584484815987 1 17
1584484818469 1 18
1584484820981 1 19
1584484823305 1 20
1584484825594 1 21
1584484827978 1 22
1584484830305 1 23
1584484832627 1 24
1584484834951 1 25
1584484837242 1 26
1584484839573 1 27
1584484842050 1 28
1584484844373 1 29
1584484847035 1 30
1584484849625 1 31
1584484851916 1 32
1584484854203 1 33
1584484856491 1 34
1584484858837 1 35
1584484861241 1 36
1584484863526 1 37
1584484865915 1 38
1584484868223 1 39
1584484870527 1 40
1584484872807 1 41
1584484875103 1 42
1584484877404 1 43
1584484879872 1 44
1584484882213 1 45
1584484884477 1 46
1584484886815 1 47
1584484889241 1 48
1584484891674 1 49
1584484893972 1 50
1584484896273 1 51
1584484898441 1 52
1584484900770 1 53
1584484904318 1 54
1584484907671 1 55
1584484911290 1 56
1584484913819 1 57
1584484916798 1 58
1584484919360 1 59
1584484921743 1 60
1584484924165 1 61
1584484927445 1 62
1584484930863 1 63
1584484934105 1 64
1584484937573 1 65
1584484940359 1 66
1584484942411 1 67
1584484945542 1 68
1584484948063 1 69
1584484951004 1 70
1584484953753 1 71
1584484956899 1 72
1584484960427 1 73
1584484963915 1 74
1584484967552 1 75
1584484971093 1 76
1584484974790 1 77
1584484978640 1 78
1584484981840 1 79
1584484984608 1 80
1584484987556 1 81
1584484990231 1 82
1584484993197 1 83
1584484995458 1 84
1584484997745 1 85
1584484999975 1 86
1584485002265 1 87
1584485004527 1 88
1584485006840 1 89
1584485009174 1 90
1584485011346 1 91
1584485014021 1 92
1584485016303 1 93
1584485018587 1 94
1584485020849 1 95
1584485023148 1 96
1584485025469 1 97
1584485027730 1 98
1584485030042 1 99
1584485032266 1 100
