1584484775092 1 1
1584484777510 0.8 2
1584484779829 0.6400000000000001 3
1584484782005 0.5120000000000001 4
1584484784288 0.40960000000000013 5
1584484786509 0.32768000000000014 6
1584484790281 0.2621440000000001 7
1584484792870 0.2097152000000001 8
1584484795719 0.1677721600000001 9
1584484798206 0.13421772800000006 10
1584484801578 0.10737418240000006 11
1584484804096 0.08589934592000005 12
1584484806491 0.06871947673600004 13
1584484808795 0.054975581388800036 14
1584484811139 0.043980465111040035 15
1584484813559 0.03518437208883203 16
1584484815987 0.028147497671065627 17
1584484818469 0.022517998136852502 18
1584484820981 0.018014398509482003 19
1584484823305 0.014411518807585602 20
1584484825594 0.011529215046068483 21
1584484827978 0.01 22
1584484830305 0.01 23
1584484832627 0.01 24
1584484834951 0.01 25
1584484837242 0.01 26
1584484839573 0.01 27
1584484842050 0.01 28
1584484844373 0.01 29
1584484847035 0.01 30
1584484849625 0.01 31
1584484851916 0.01 32
1584484854203 0.01 33
1584484856491 0.01 34
1584484858837 0.01 35
1584484861241 0.01 36
1584484863526 0.01 37
1584484865915 0.01 38
1584484868223 0.01 39
1584484870527 0.01 40
1584484872807 0.01 41
1584484875103 0.01 42
1584484877404 0.01 43
1584484879872 0.01 44
1584484882213 0.01 45
1584484884477 0.01 46
1584484886815 0.01 47
1584484889241 0.01 48
1584484891674 0.01 49
1584484893972 0.01 50
1584484896273 0.01 51
1584484898441 0.01 52
1584484900770 0.01 53
1584484904318 0.01 54
1584484907671 0.01 55
1584484911290 0.01 56
1584484913819 0.01 57
1584484916798 0.01 58
1584484919360 0.01 59
1584484921743 0.01 60
1584484924165 0.01 61
1584484927445 0.01 62
1584484930863 0.01 63
1584484934105 0.01 64
1584484937573 0.01 65
1584484940359 0.01 66
1584484942411 0.01 67
1584484945542 0.01 68
1584484948063 0.01 69
1584484951004 0.01 70
1584484953753 0.01 71
1584484956899 0.01 72
1584484960427 0.01 73
1584484963915 0.01 74
1584484967552 0.01 75
1584484971093 0.01 76
1584484974790 0.01 77
1584484978640 0.01 78
1584484981840 0.01 79
1584484984608 0.01 80
1584484987556 0.01 81
1584484990231 0.01 82
1584484993197 0.01 83
1584484995458 0.01 84
1584484997745 0.01 85
1584484999975 0.01 86
1584485002265 0.01 87
1584485004527 0.01 88
1584485006840 0.01 89
1584485009174 0.01 90
1584485011346 0.01 91
1584485014021 0.01 92
1584485016303 0.01 93
1584485018587 0.01 94
1584485020849 0.01 95
1584485023148 0.01 96
1584485025469 0.01 97
1584485027730 0.01 98
1584485030042 0.01 99
1584485032266 0.01 100
