1584269857461 1 1
1584269859701 0.995 2
1584269862002 0.990025 3
1584269864214 0.985074875 4
1584269866418 0.9801495006250001 5
1584269868615 0.9752487531218751 6
1584269870798 0.9703725093562657 7
1584269872983 0.9655206468094844 8
1584269875228 0.960693043575437 9
1584269877389 0.9558895783575597 10
1584269879610 0.9511101304657719 11
1584269881818 0.946354579813443 12
1584269884033 0.9416228069143757 13
1584269886300 0.9369146928798039 14
1584269888499 0.9322301194154049 15
1584269890695 0.9275689688183278 16
1584269892912 0.9229311239742362 17
1584269895134 0.918316468354365 18
1584269897429 0.9137248860125932 19
1584269899628 0.9091562615825302 20
1584269901831 0.9046104802746175 21
1584269904070 0.9000874278732445 22
1584269906334 0.8955869907338783 23
1584269908571 0.8911090557802088 24
1584269910771 0.8866535105013078 25
1584269913147 0.8822202429488013 26
