1584269857461 300 1
1584269859701 300 2
1584269862002 300 3
1584269864214 300 4
1584269866418 300 5
1584269868615 300 6
1584269870798 300 7
1584269872983 300 8
1584269875228 300 9
1584269877389 300 10
1584269879610 300 11
1584269881818 300 12
1584269884033 300 13
1584269886300 300 14
1584269888499 300 15
1584269890695 300 16
1584269892912 300 17
1584269895134 300 18
1584269897429 300 19
1584269899628 300 20
1584269901831 300 21
1584269904070 300 22
1584269906334 300 23
1584269908571 300 24
1584269910771 300 25
1584269913147 300 26
