1584061144901 0.0 1
1584061147810 1.0 2
1584061150470 1.0 3
1584061152714 1.0 4
1584061155616 0.0 5
1584061158558 -1.0 6
1584061162041 -1.0 7
1584061164295 -1.0 8
1584061166437 -1.0 9
1584061168727 1.0 10
1584061171040 0.0 11
1584061173484 -1.0 12
1584061176016 -1.0 13
1584061178613 1.0 14
1584061181127 0.0 15
1584061183825 1.0 16
1584061186668 -1.0 17
1584061188890 -1.0 18
1584061191127 1.0 19
1584061193476 1.0 20
1584061195872 0.0 21
1584061198018 1.0 22
1584061200246 0.0 23
1584061202390 0.0 24
1584061204532 0.0 25
1584061206784 0.0 26
1584061209010 0.0 27
1584061211242 0.0 28
1584061214706 -1.0 29
1584061217010 0.0 30
1584061219442 -2.0 31
1584061223767 0.0 32
1584061226218 0.0 33
1584061230394 1.0 34
1584061233288 1.0 35
1584061236369 0.0 36
1584061239240 0.0 37
1584061242128 0.0 38
1584061244505 0.0 39
1584061247122 1.0 40
1584061249779 0.0 41
1584061252379 2.0 42
1584061254948 0.0 43
1584061257542 2.0 44
1584061260123 0.0 45
1584061262840 -1.0 46
1584061265579 -1.0 47
1584061268484 1.0 48
1584061271287 0.0 49
1584061273571 1.0 50
1584061275765 -2.0 51
1584061278053 0.0 52
1584061280363 4.0 53
1584061282789 0.0 54
1584061285081 1.0 55
1584061287313 1.0 56
1584061289599 0.0 57
1584061291931 2.0 58
1584061294280 2.0 59
1584061296575 2.0 60
1584061298817 0.0 61
1584061301060 1.0 62
1584061303314 0.0 63
1584061305478 2.0 64
1584061308114 2.0 65
1584061310427 3.0 66
1584061312586 1.0 67
1584061314746 3.0 68
1584061316880 0.0 69
1584061319111 4.0 70
1584061321269 0.0 71
1584061323645 1.0 72
1584061326629 5.0 73
1584061329811 0.0 74
1584061333206 1.0 75
1584061335760 0.0 76
1584061338095 0.0 77
1584061341509 2.0 78
1584061343984 3.0 79
1584061346238 2.0 80
1584061348554 2.0 81
1584061350734 0.0 82
1584061352986 1.0 83
1584061355324 2.0 84
1584061357663 1.0 85
1584061359993 5.0 86
1584061362450 3.0 87
1584061366758 1.0 88
1584061370155 7.0 89
1584061372733 5.0 90
1584061375169 1.0 91
1584061377712 2.0 92
1584061380449 3.0 93
1584061382957 3.0 94
1584061385636 3.0 95
1584061388512 -1.0 96
1584061390960 4.0 97
1584061394042 3.0 98
1584061397131 1.0 99
1584061399362 4.0 100
1584061401653 -1.0 101
1584061403871 4.0 102
1584061406045 4.0 103
1584061408266 0.0 104
1584061410566 6.0 105
1584061412773 3.0 106
1584061415190 2.0 107
1584061417732 1.0 108
1584061420933 2.0 109
1584061423950 2.0 110
1584061428181 4.0 111
1584061430843 3.0 112
1584061433343 3.0 113
1584061438243 -1.0 114
1584061440549 8.0 115
1584061442777 5.0 116
1584061445050 9.0 117
1584061448129 7.0 118
1584061450786 2.0 119
1584061453054 4.0 120
1584061455308 5.0 121
1584061457544 4.0 122
1584061459726 5.0 123
1584061461929 5.0 124
1584061464118 2.0 125
1584061466319 3.0 126
1584061468509 6.0 127
1584061470693 4.0 128
1584061472870 5.0 129
1584061475193 2.0 130
1584061479984 4.0 131
1584061484624 6.0 132
1584061487496 2.0 133
1584061489734 4.0 134
1584061491922 -1.0 135
1584061494100 3.0 136
1584061496352 1.0 137
1584061498723 4.0 138
1584061500936 1.0 139
1584061503123 8.0 140
1584061505317 3.0 141
1584061507755 4.0 142
1584061510201 4.0 143
1584061514115 2.0 144
1584061516658 4.0 145
1584061518985 5.0 146
1584061521338 4.0 147
1584061523605 4.0 148
1584061525791 5.0 149
1584061527978 6.0 150
1584061530279 4.0 151
1584061532489 8.0 152
1584061534695 8.0 153
1584061537005 4.0 154
1584061539358 4.0 155
1584061542157 6.0 156
1584061544617 6.0 157
1584061546830 5.0 158
1584061549094 4.0 159
1584061551287 8.0 160
1584061553524 9.0 161
1584061555745 5.0 162
1584061557892 7.0 163
1584061560106 1.0 164
1584061562291 4.0 165
1584061564415 6.0 166
1584061566571 4.0 167
1584061568723 4.0 168
1584061570998 8.0 169
1584061573211 4.0 170
1584061576125 6.0 171
1584061578484 3.0 172
1584061580739 8.0 173
1584061582900 5.0 174
1584061585917 6.0 175
1584061590315 5.0 176
1584061593645 7.0 177
1584061598763 5.0 178
1584061600940 4.0 179
1584061603211 7.0 180
1584061605780 9.0 181
1584061608263 3.0 182
1584061610913 6.0 183
1584061613061 -1.0 184
1584061615243 7.0 185
1584061617522 10.0 186
1584061620007 5.0 187
1584061622310 4.0 188
1584061624639 4.0 189
1584061626970 8.0 190
1584061629184 1.0 191
1584061631369 7.0 192
1584061633555 8.0 193
1584061635742 9.0 194
1584061637950 8.0 195
1584061640179 4.0 196
1584061642733 12.0 197
1584061644985 2.0 198
1584061647246 11.0 199
1584061649435 -1.0 200
1584061652645 7.0 201
1584061655569 5.0 202
1584061657787 9.0 203
1584061660076 10.0 204
1584061662365 2.0 205
1584061665929 6.0 206
1584061668413 7.0 207
1584061671069 7.0 208
1584061673323 12.0 209
1584061675504 9.0 210
1584061677816 6.0 211
1584061681259 5.0 212
1584061683619 6.0 213
1584061685870 5.0 214
1584061688281 4.0 215
1584061690442 9.0 216
1584061692631 10.0 217
1584061694797 7.0 218
1584061697105 7.0 219
1584061699254 9.0 220
1584061701569 13.0 221
1584061704020 9.0 222
1584061706253 10.0 223
1584061708539 6.0 224
1584061710798 5.0 225
1584061713247 9.0 226
1584061715597 9.0 227
1584061717827 6.0 228
1584061719991 7.0 229
1584061722268 8.0 230
1584061724430 8.0 231
1584061726589 1.0 232
1584061728744 1.0 233
1584061730895 14.0 234
1584061733359 11.0 235
1584061735708 8.0 236
1584061737930 9.0 237
1584061740245 3.0 238
1584061742495 1.0 239
1584061744817 5.0 240
1584061747378 6.0 241
1584061749742 3.0 242
1584061751900 7.0 243
1584061754064 6.0 244
1584061756231 6.0 245
1584061758726 9.0 246
1584061760871 6.0 247
1584061763030 10.0 248
1584061765208 14.0 249
1584061767568 2.0 250
1584061769739 7.0 251
1584061772355 9.0 252
1584061774704 5.0 253
1584061777024 7.0 254
1584061779340 14.0 255
1584061781828 7.0 256
1584061784221 9.0 257
1584061786389 7.0 258
1584061788660 7.0 259
1584061790850 6.0 260
1584061793014 7.0 261
1584061795165 9.0 262
1584061797308 12.0 263
1584061799847 7.0 264
1584061802075 0.0 265
1584061804863 11.0 266
1584061807345 6.0 267
1584061809635 11.0 268
1584061812001 10.0 269
1584061814248 11.0 270
1584061816654 8.0 271
1584061818971 11.0 272
1584061821507 10.0 273
1584061824056 7.0 274
1584061826856 13.0 275
1584061829035 11.0 276
1584061831225 11.0 277
1584061833498 5.0 278
1584061836006 1.0 279
1584061838465 9.0 280
1584061840841 10.0 281
1584061843009 9.0 282
1584061845372 3.0 283
1584061847743 5.0 284
1584061849912 7.0 285
1584061852482 16.0 286
1584061854943 9.0 287
1584061857152 5.0 288
1584061859397 16.0 289
1584061861626 10.0 290
1584061863987 5.0 291
1584061866432 8.0 292
1584061868711 4.0 293
1584061871041 10.0 294
1584061873508 7.0 295
1584061875808 4.0 296
1584061878168 9.0 297
1584061880580 11.0 298
1584061882898 13.0 299
1584061885091 10.0 300
1584061887432 11.0 301
1584061889592 12.0 302
1584061891793 11.0 303
1584061893994 12.0 304
1584061896493 6.0 305
1584061898915 14.0 306
1584061901532 6.0 307
1584061904221 8.0 308
1584061906521 11.0 309
1584061908910 14.0 310
1584061911620 9.0 311
1584061913813 5.0 312
1584061915976 4.0 313
1584061918154 0.0 314
1584061920672 7.0 315
1584061923369 5.0 316
1584061925892 8.0 317
1584061928509 13.0 318
1584061930791 9.0 319
1584061933424 6.0 320
1584061936000 12.0 321
1584061938460 4.0 322
1584061941382 6.0 323
1584061943829 10.0 324
1584061946551 12.0 325
1584061948876 13.0 326
1584061951065 6.0 327
1584061953373 9.0 328
1584061955723 11.0 329
1584061958454 11.0 330
1584061960886 6.0 331
1584061963597 17.0 332
1584061966610 8.0 333
1584061969200 7.0 334
1584061971738 1.0 335
1584061974306 13.0 336
1584061977378 5.0 337
1584061979846 11.0 338
1584061982318 4.0 339
1584061985090 11.0 340
1584061987559 7.0 341
1584061990259 10.0 342
