1584236509888 1 1
1584236509899 1 2
1584236509908 1 3
1584236509916 1 4
1584236509925 1 5
1584236509934 1 6
1584236509943 1 7
1584236509953 1 8
1584236509962 1 9
1584236509974 1 10
1584236509987 1 11
1584236509998 1 12
1584236510018 1 13
1584236510028 1 14
1584236510038 1 15
1584236510049 1 16
1584236510058 1 17
1584236510067 1 18
1584236510106 1 19
1584236510118 1 20
1584236510128 1 21
1584236510137 1 22
1584236510145 1 23
1584236510152 1 24
1584236510162 1 25
1584236510170 1 26
1584236510183 1 27
1584236510191 1 28
1584236510205 1 29
1584236510217 1 30
1584236510225 1 31
1584236510235 1 32
1584236510245 1 33
1584236510256 1 34
1584236510269 1 35
1584236510282 1 36
1584236510290 1 37
1584236510306 1 38
1584236510315 1 39
1584236510321 1 40
1584236510328 1 41
1584236510339 1 42
1584236510347 1 43
1584236510356 1 44
1584236510365 1 45
1584236510381 1 46
1584236510392 1 47
1584236510405 1 48
1584236510414 1 49
1584236510422 1 50
1584236510439 1 51
1584236510448 1 52
1584236510460 1 53
1584236510468 1 54
1584236510483 1 55
1584236510500 1 56
1584236510521 1 57
1584236510531 1 58
1584236510539 1 59
1584236510551 1 60
1584236510566 1 61
1584236510584 1 62
1584236510597 1 63
1584236510606 1 64
1584236510616 1 65
1584236510624 1 66
1584236510633 1 67
1584236510642 1 68
1584236510652 1 69
1584236510660 1 70
1584236510669 1 71
1584236510677 1 72
1584236510691 1 73
1584236510704 1 74
1584236510713 1 75
1584236510721 1 76
1584236510730 1 77
1584236510738 1 78
1584236510747 1 79
1584236510756 1 80
1584236510769 1 81
1584236510786 1 82
1584236510798 1 83
1584236510807 1 84
1584236510815 1 85
1584236510823 1 86
1584236510832 1 87
1584236510842 1 88
1584236510853 1 89
1584236510862 1 90
1584236510877 1 91
1584236510892 1 92
1584236510904 1 93
1584236510915 1 94
1584236510923 1 95
1584236510932 1 96
1584236510941 1 97
1584236510950 1 98
1584236510959 1 99
1584236510968 1 100
1584236510977 1 101
1584236510989 1 102
1584236511004 1 103
1584236511015 1 104
1584236511025 1 105
1584236511034 1 106
1584236511042 1 107
1584236511052 1 108
1584236511063 1 109
1584236511073 1 110
1584236511081 1 111
1584236511118 1 112
1584236511127 1 113
1584236511136 1 114
1584236511144 1 115
1584236511153 1 116
1584236511164 1 117
1584236511173 1 118
1584236511179 1 119
1584236511190 1 120
1584236511205 1 121
1584236511221 1 122
1584236511232 1 123
1584236511243 1 124
1584236511253 1 125
1584236511269 1 126
1584236511285 1 127
1584236511305 1 128
1584236511315 1 129
1584236511324 1 130
1584236511333 1 131
1584236511341 1 132
1584236511348 1 133
1584236511361 1 134
1584236511370 1 135
1584236511378 1 136
1584236511392 1 137
1584236511408 1 138
1584236511419 1 139
1584236511427 1 140
1584236511433 1 141
1584236511443 1 142
1584236511451 1 143
1584236511462 1 144
1584236511471 1 145
1584236511480 1 146
1584236511499 1 147
1584236511510 1 148
1584236511522 1 149
1584236511532 1 150
1584236511541 1 151
1584236511549 1 152
1584236511556 1 153
1584236511564 1 154
1584236511572 1 155
1584236511581 1 156
1584236511617 1 157
1584236511625 1 158
1584236511634 1 159
1584236511643 1 160
1584236511651 1 161
1584236511659 1 162
1584236511673 1 163
1584236511683 1 164
1584236511703 1 165
1584236511712 1 166
1584236511720 1 167
1584236511731 1 168
1584236511739 1 169
1584236511748 1 170
1584236511758 1 171
1584236511774 1 172
1584236511787 1 173
1584236511799 1 174
1584236511807 1 175
1584236511823 1 176
1584236511831 1 177
1584236511839 1 178
1584236511848 1 179
1584236511858 1 180
1584236511867 1 181
1584236511877 1 182
1584236511886 1 183
1584236511902 1 184
1584236511914 1 185
1584236511922 1 186
1584236511931 1 187
1584236511939 1 188
1584236511948 1 189
1584236511960 1 190
1584236511968 1 191
1584236511977 1 192
1584236511985 1 193
1584236511998 1 194
1584236512008 1 195
1584236512019 1 196
1584236512030 1 197
1584236512038 1 198
1584236512046 1 199
1584236512056 1 200
1584236512064 1 201
1584236512074 1 202
1584236512107 1 203
1584236512121 1 204
1584236512129 1 205
1584236512137 1 206
1584236512146 1 207
1584236512154 1 208
1584236512164 1 209
1584236512173 1 210
1584236512185 1 211
1584236512195 1 212
1584236512208 1 213
1584236512221 1 214
1584236512228 1 215
1584236512238 1 216
1584236512247 1 217
1584236512257 1 218
1584236512270 1 219
1584236512283 1 220
1584236512292 1 221
1584236512306 1 222
1584236512317 1 223
1584236512324 1 224
1584236512333 1 225
1584236512342 1 226
1584236512351 1 227
1584236512359 1 228
1584236512368 1 229
1584236512377 1 230
1584236512385 1 231
1584236512393 1 232
1584236512405 1 233
1584236512417 1 234
1584236512428 1 235
1584236512436 1 236
1584236512441 1 237
1584236512453 1 238
1584236512462 1 239
1584236512474 1 240
1584236512487 1 241
1584236512498 1 242
1584236512520 1 243
1584236512532 1 244
1584236512543 1 245
1584236512556 1 246
1584236512569 1 247
1584236512578 1 248
1584236512590 1 249
1584236512598 1 250
1584236512616 1 251
1584236512625 1 252
1584236512633 1 253
1584236512642 1 254
1584236512651 1 255
1584236512661 1 256
1584236512671 1 257
1584236512682 1 258
1584236512690 1 259
1584236512701 1 260
1584236512717 1 261
1584236512725 1 262
1584236512733 1 263
1584236512741 1 264
1584236512751 1 265
1584236512758 1 266
1584236512773 1 267
1584236512784 1 268
1584236512792 1 269
1584236512800 1 270
1584236512813 1 271
1584236512822 1 272
1584236512832 1 273
1584236512840 1 274
1584236512849 1 275
1584236512857 1 276
1584236512870 1 277
1584236512878 1 278
1584236512887 1 279
1584236512895 1 280
1584236512905 1 281
1584236512917 1 282
1584236512922 1 283
1584236512933 1 284
1584236512941 1 285
1584236512949 1 286
1584236512957 1 287
1584236512966 1 288
1584236512974 1 289
1584236512982 1 290
1584236512992 1 291
1584236512999 1 292
1584236513009 1 293
1584236513023 1 294
1584236513039 1 295
1584236513049 1 296
1584236513058 1 297
1584236513067 1 298
1584236513076 1 299
1584236513084 1 300
1584236513094 1 301
1584236513103 1 302
1584236513113 1 303
1584236513125 1 304
1584236513135 1 305
1584236513144 1 306
1584236513153 1 307
1584236513162 1 308
1584236513171 1 309
1584236513179 1 310
1584236513189 1 311
1584236513198 1 312
1584236513207 1 313
1584236513220 1 314
1584236513232 1 315
1584236513241 1 316
1584236513254 1 317
1584236513266 1 318
1584236513284 1 319
1584236513295 1 320
1584236513308 1 321
1584236513319 1 322
1584236513325 1 323
1584236513333 1 324
1584236513339 1 325
1584236513344 1 326
1584236513350 1 327
1584236513357 1 328
1584236513362 1 329
1584236513368 1 330
1584236513374 1 331
1584236513380 1 332
1584236513385 1 333
1584236513391 1 334
1584236513397 1 335
1584236513403 1 336
1584236513409 1 337
1584236513417 1 338
1584236513426 1 339
1584236513434 1 340
1584236513440 1 341
1584236513446 1 342
1584236513452 1 343
1584236513458 1 344
1584236513463 1 345
1584236513469 1 346
1584236513475 1 347
1584236513480 1 348
1584236513486 1 349
1584236513492 1 350
1584236513498 1 351
1584236513503 1 352
1584236513509 1 353
1584236513515 1 354
1584236513525 1 355
1584236513533 1 356
1584236513543 1 357
1584236513584 1 358
1584236513594 1 359
1584236513603 1 360
1584236513612 1 361
1584236513628 1 362
1584236513640 1 363
1584236513649 1 364
1584236513658 1 365
1584236513666 1 366
1584236513674 1 367
1584236513682 1 368
1584236513690 1 369
1584236513699 1 370
1584236513708 1 371
1584236513715 1 372
1584236513729 1 373
1584236513739 1 374
1584236513747 1 375
1584236513756 1 376
1584236513764 1 377
1584236513779 1 378
1584236513789 1 379
1584236513798 1 380
1584236513807 1 381
1584236513816 1 382
1584236513831 1 383
1584236513840 1 384
1584236513850 1 385
1584236513859 1 386
1584236513867 1 387
1584236513875 1 388
1584236513884 1 389
1584236513893 1 390
1584236513904 1 391
1584236513913 1 392
1584236513925 1 393
1584236513935 1 394
1584236513943 1 395
1584236513951 1 396
1584236513960 1 397
1584236513967 1 398
1584236513977 1 399
1584236513985 1 400
1584236513993 1 401
1584236514002 1 402
1584236514009 1 403
1584236514017 1 404
1584236514034 1 405
1584236514048 1 406
1584236514057 1 407
1584236514067 1 408
1584236514074 1 409
1584236514083 1 410
1584236514093 1 411
1584236514102 1 412
1584236514112 1 413
1584236514119 1 414
1584236514133 1 415
1584236514140 1 416
1584236514150 1 417
1584236514158 1 418
1584236514166 1 419
1584236514176 1 420
1584236514186 1 421
1584236514195 1 422
1584236514205 1 423
1584236514213 1 424
1584236514223 1 425
1584236514234 1 426
1584236514242 1 427
1584236514254 1 428
1584236514262 1 429
1584236514275 1 430
1584236514289 1 431
1584236514298 1 432
1584236514307 1 433
1584236514317 1 434
1584236514351 1 435
1584236514360 1 436
1584236514369 1 437
1584236514378 1 438
1584236514386 1 439
1584236514395 1 440
1584236514405 1 441
1584236514413 1 442
1584236514422 1 443
1584236514435 1 444
1584236514444 1 445
1584236514456 1 446
1584236514465 1 447
1584236514473 1 448
1584236514481 1 449
1584236514492 1 450
1584236514502 1 451
1584236514512 1 452
1584236514521 1 453
1584236514530 1 454
1584236514552 1 455
1584236514561 1 456
1584236514570 1 457
1584236514578 1 458
1584236514588 1 459
1584236514598 1 460
1584236514606 1 461
1584236514614 1 462
1584236514623 1 463
1584236514632 1 464
1584236514643 1 465
1584236514653 1 466
1584236514661 1 467
1584236514668 1 468
1584236514675 1 469
1584236514686 1 470
1584236514696 1 471
1584236514705 1 472
1584236514713 1 473
1584236514724 1 474
1584236514738 1 475
1584236514749 1 476
1584236514757 1 477
1584236514764 1 478
1584236514775 1 479
1584236514788 1 480
1584236514797 1 481
1584236514807 1 482
1584236514817 1 483
1584236514825 1 484
1584236514838 1 485
1584236514851 1 486
1584236514858 1 487
1584236514868 1 488
1584236514877 1 489
1584236514888 1 490
1584236514898 1 491
1584236514907 1 492
1584236514918 1 493
1584236514926 1 494
1584236514938 1 495
1584236514951 1 496
1584236514959 1 497
1584236514971 1 498
1584236514981 1 499
1584236514991 1 500
1584236515003 1 501
1584236515013 1 502
1584236515023 1 503
1584236515031 1 504
1584236515055 1 505
1584236515065 1 506
1584236515074 1 507
1584236515102 1 508
1584236515111 1 509
1584236515120 1 510
1584236515130 1 511
1584236515142 1 512
1584236515155 1 513
1584236515162 1 514
1584236515170 1 515
1584236515178 1 516
1584236515188 1 517
1584236515197 1 518
1584236515205 1 519
1584236515214 1 520
1584236515223 1 521
1584236515231 1 522
1584236515244 1 523
1584236515255 1 524
1584236515264 1 525
1584236515277 1 526
1584236515289 1 527
1584236515298 1 528
1584236515307 1 529
1584236515316 1 530
1584236515324 1 531
1584236515332 1 532
1584236515346 1 533
1584236515357 1 534
1584236515368 1 535
1584236515379 1 536
1584236515389 1 537
1584236515400 1 538
1584236515409 1 539
1584236515418 1 540
1584236515427 1 541
1584236515435 1 542
1584236515449 1 543
1584236515458 1 544
1584236515468 1 545
1584236515476 1 546
1584236515486 1 547
1584236515494 1 548
1584236515503 1 549
1584236515512 1 550
1584236515521 1 551
1584236515530 1 552
1584236515538 1 553
1584236515558 1 554
1584236515569 1 555
1584236515578 1 556
1584236515586 1 557
1584236515593 1 558
1584236515600 1 559
1584236515609 1 560
1584236515615 1 561
1584236515627 1 562
1584236515660 1 563
1584236515691 1 564
1584236515712 1 565
1584236515736 1 566
1584236515764 1 567
1584236515780 1 568
1584236515794 1 569
1584236515805 1 570
1584236515815 1 571
1584236515826 1 572
1584236515835 1 573
1584236515846 1 574
1584236515861 1 575
1584236515872 1 576
1584236515882 1 577
1584236515893 1 578
1584236515902 1 579
1584236515911 1 580
1584236515921 1 581
1584236515929 1 582
1584236515938 1 583
1584236515951 1 584
1584236515961 1 585
1584236515972 1 586
1584236515982 1 587
1584236515993 1 588
1584236516000 1 589
1584236516006 1 590
1584236516012 1 591
1584236516021 1 592
1584236516030 1 593
1584236516038 1 594
1584236516049 1 595
1584236516068 1 596
1584236516077 1 597
1584236516106 1 598
1584236516116 1 599
1584236516126 1 600
1584236516133 1 601
1584236516142 1 602
1584236516155 1 603
1584236516164 1 604
1584236516177 1 605
1584236516188 1 606
1584236516196 1 607
1584236516207 1 608
1584236516215 1 609
1584236516224 1 610
1584236516234 1 611
1584236516246 1 612
1584236516259 1 613
1584236516272 1 614
1584236516288 1 615
1584236516298 1 616
1584236516308 1 617
1584236516318 1 618
1584236516327 1 619
1584236516334 1 620
1584236516342 1 621
1584236516352 1 622
1584236516370 1 623
1584236516379 1 624
1584236516390 1 625
1584236516399 1 626
1584236516410 1 627
1584236516423 1 628
1584236516432 1 629
1584236516439 1 630
1584236516447 1 631
1584236516463 1 632
1584236516475 1 633
1584236516481 1 634
1584236516491 1 635
1584236516501 1 636
1584236516510 1 637
1584236516519 1 638
1584236516527 1 639
1584236516535 1 640
1584236516542 1 641
1584236516552 1 642
1584236516574 1 643
1584236516585 1 644
1584236516595 1 645
1584236516602 1 646
1584236516619 1 647
1584236516630 1 648
1584236516643 1 649
1584236516653 1 650
1584236516669 1 651
1584236516680 1 652
1584236516687 1 653
1584236516698 1 654
1584236516711 1 655
1584236516720 1 656
1584236516732 1 657
1584236516741 1 658
1584236516749 1 659
1584236516763 1 660
1584236516780 1 661
1584236516794 1 662
1584236516805 1 663
1584236516815 1 664
1584236516825 1 665
1584236516834 1 666
1584236516842 1 667
1584236516853 1 668
1584236516869 1 669
1584236516880 1 670
1584236516890 1 671
1584236516901 1 672
1584236516912 1 673
1584236516921 1 674
1584236516929 1 675
1584236516935 1 676
1584236516942 1 677
1584236516951 1 678
1584236516960 1 679
1584236516975 1 680
1584236516984 1 681
1584236516993 1 682
1584236517002 1 683
1584236517011 1 684
1584236517019 1 685
1584236517026 1 686
1584236517034 1 687
1584236517042 1 688
1584236517050 1 689
1584236517058 1 690
1584236517076 1 691
1584236517085 1 692
1584236517093 1 693
1584236517104 1 694
1584236517111 1 695
1584236517118 1 696
1584236517124 1 697
1584236517133 1 698
1584236517146 1 699
1584236517155 1 700
1584236517167 1 701
1584236517179 1 702
1584236517216 1 703
1584236517228 1 704
1584236517238 1 705
1584236517248 1 706
1584236517259 1 707
1584236517276 1 708
1584236517298 1 709
1584236517308 1 710
1584236517318 1 711
1584236517328 1 712
1584236517340 1 713
1584236517350 1 714
1584236517360 1 715
1584236517375 1 716
1584236517389 1 717
1584236517399 1 718
1584236517412 1 719
1584236517423 1 720
1584236517432 1 721
1584236517440 1 722
1584236517449 1 723
1584236517458 1 724
1584236517472 1 725
1584236517481 1 726
1584236517493 1 727
1584236517501 1 728
1584236517511 1 729
1584236517519 1 730
1584236517526 1 731
1584236517533 1 732
1584236517543 1 733
1584236517557 1 734
1584236517578 1 735
1584236517593 1 736
1584236517600 1 737
1584236517609 1 738
1584236517615 1 739
1584236517656 1 740
1584236517677 1 741
1584236517689 1 742
1584236517698 1 743
1584236517708 1 744
1584236517724 1 745
1584236517733 1 746
1584236517742 1 747
1584236517753 1 748
1584236517762 1 749
1584236517776 1 750
1584236517791 1 751
1584236517800 1 752
1584236517809 1 753
1584236517817 1 754
1584236517827 1 755
1584236517837 1 756
1584236517857 1 757
1584236517891 1 758
1584236517909 1 759
1584236517936 1 760
1584236517975 1 761
1584236518007 1 762
1584236518026 1 763
1584236518046 1 764
1584236518068 1 765
1584236518113 1 766
1584236518124 1 767
1584236518139 1 768
1584236518146 1 769
1584236518155 1 770
1584236518163 1 771
1584236518172 1 772
1584236518181 1 773
1584236518191 1 774
1584236518200 1 775
1584236518214 1 776
1584236518224 1 777
1584236518234 1 778
1584236518242 1 779
1584236518254 1 780
1584236518262 1 781
1584236518270 1 782
1584236518283 1 783
1584236518293 1 784
1584236518308 1 785
1584236518320 1 786
1584236518330 1 787
1584236518338 1 788
1584236518347 1 789
1584236518355 1 790
1584236518363 1 791
1584236518370 1 792
1584236518379 1 793
1584236518385 1 794
1584236518393 1 795
1584236518409 1 796
1584236518422 1 797
1584236518430 1 798
1584236518441 1 799
1584236518452 1 800
1584236518463 1 801
1584236518473 1 802
1584236518482 1 803
1584236518494 1 804
1584236518508 1 805
1584236518520 1 806
1584236518530 1 807
1584236518540 1 808
1584236518547 1 809
1584236518558 1 810
1584236518566 1 811
1584236518578 1 812
1584236518592 1 813
1584236518602 1 814
1584236518621 1 815
1584236518628 1 816
1584236518635 1 817
1584236518643 1 818
1584236518653 1 819
1584236518664 1 820
1584236518674 1 821
1584236518682 1 822
1584236518693 1 823
1584236518702 1 824
1584236518718 1 825
1584236518729 1 826
1584236518739 1 827
1584236518748 1 828
1584236518756 1 829
1584236518771 1 830
1584236518810 1 831
1584236518841 1 832
1584236518859 1 833
1584236518878 1 834
1584236518898 1 835
1584236518936 1 836
1584236518948 1 837
1584236518971 1 838
1584236518993 1 839
1584236519028 1 840
1584236519047 1 841
1584236519070 1 842
1584236519080 1 843
1584236519093 1 844
1584236519106 1 845
1584236519124 1 846
1584236519134 1 847
1584236519144 1 848
1584236519151 1 849
1584236519161 1 850
1584236519170 1 851
1584236519181 1 852
1584236519189 1 853
1584236519199 1 854
1584236519209 1 855
1584236519223 1 856
1584236519236 1 857
1584236519245 1 858
1584236519254 1 859
1584236519262 1 860
1584236519273 1 861
1584236519286 1 862
1584236519297 1 863
1584236519310 1 864
1584236519325 1 865
1584236519338 1 866
1584236519346 1 867
1584236519355 1 868
1584236519364 1 869
1584236519374 1 870
1584236519383 1 871
1584236519393 1 872
1584236519402 1 873
1584236519412 1 874
1584236519426 1 875
1584236519438 1 876
1584236519448 1 877
1584236519457 1 878
1584236519465 1 879
1584236519474 1 880
1584236519483 1 881
1584236519494 1 882
1584236519505 1 883
1584236519515 1 884
1584236519528 1 885
1584236519540 1 886
1584236519550 1 887
1584236519559 1 888
1584236519569 1 889
1584236519634 1 890
1584236519646 1 891
1584236519655 1 892
1584236519666 1 893
1584236519676 1 894
1584236519685 1 895
1584236519696 1 896
1584236519707 1 897
1584236519717 1 898
1584236519732 1 899
1584236519745 1 900
1584236519756 1 901
1584236519765 1 902
1584236519777 1 903
1584236519791 1 904
1584236519797 1 905
1584236519809 1 906
1584236519822 1 907
1584236519839 1 908
1584236519848 1 909
1584236519858 1 910
1584236519867 1 911
1584236519880 1 912
1584236519890 1 913
1584236519901 1 914
1584236519912 1 915
1584236519923 1 916
1584236519952 1 917
1584236519992 1 918
1584236520014 1 919
1584236520045 1 920
1584236520063 1 921
1584236520082 1 922
1584236520101 1 923
1584236520114 1 924
1584236520129 1 925
1584236520162 1 926
1584236520169 1 927
1584236520179 1 928
1584236520189 1 929
1584236520199 1 930
1584236520210 1 931
1584236520219 1 932
1584236520229 1 933
1584236520244 1 934
1584236520254 1 935
1584236520266 1 936
1584236520275 1 937
1584236520293 1 938
1584236520302 1 939
1584236520332 1 940
1584236520349 1 941
1584236520359 1 942
1584236520370 1 943
1584236520381 1 944
1584236520394 1 945
1584236520405 1 946
1584236520416 1 947
1584236520426 1 948
1584236520439 1 949
1584236520452 1 950
1584236520464 1 951
1584236520474 1 952
1584236520483 1 953
1584236520494 1 954
1584236520504 1 955
1584236520513 1 956
1584236520521 1 957
1584236520530 1 958
1584236520538 1 959
1584236520551 1 960
1584236520562 1 961
1584236520570 1 962
1584236520578 1 963
1584236520586 1 964
1584236520597 1 965
1584236520605 1 966
1584236520615 1 967
1584236520627 1 968
1584236520635 1 969
1584236520650 1 970
1584236520661 1 971
1584236520670 1 972
1584236520678 1 973
1584236520687 1 974
1584236520696 1 975
1584236520705 1 976
1584236520714 1 977
1584236520723 1 978
1584236520731 1 979
1584236520742 1 980
1584236520754 1 981
1584236520765 1 982
1584236520773 1 983
1584236520798 1 984
1584236520824 1 985
1584236520845 1 986
1584236520881 1 987
1584236520896 1 988
1584236520920 1 989
1584236520934 1 990
1584236520967 1 991
1584236520987 1 992
1584236521008 1 993
1584236521021 1 994
1584236521044 1 995
1584236521067 1 996
1584236521086 1 997
1584236521096 1 998
1584236521110 1 999
1584236521122 1 1000
1584236521138 1 1001
1584236521178 1 1002
1584236521191 1 1003
1584236521208 1 1004
1584236521221 1 1005
1584236521237 1 1006
1584236521265 1 1007
1584236521277 1 1008
1584236521304 1 1009
1584236521324 1 1010
1584236521338 1 1011
1584236521355 1 1012
1584236521378 1 1013
1584236521399 1 1014
1584236521417 1 1015
1584236521428 1 1016
1584236521458 1 1017
1584236521470 1 1018
1584236521482 1 1019
1584236521490 1 1020
1584236521502 1 1021
1584236521514 1 1022
1584236521525 1 1023
1584236521535 1 1024
1584236521543 1 1025
1584236521552 1 1026
1584236521567 1 1027
1584236521581 1 1028
1584236521590 1 1029
1584236521603 1 1030
1584236521614 1 1031
1584236521640 1 1032
1584236521651 1 1033
1584236521666 1 1034
1584236521677 1 1035
1584236521687 1 1036
1584236521701 1 1037
1584236521712 1 1038
1584236521723 1 1039
1584236521733 1 1040
1584236521744 1 1041
1584236521754 1 1042
1584236521770 1 1043
1584236521783 1 1044
1584236521801 1 1045
1584236521811 1 1046
1584236521821 1 1047
1584236521834 1 1048
1584236521844 1 1049
1584236521855 1 1050
1584236521866 1 1051
1584236521879 1 1052
1584236521889 1 1053
1584236521899 1 1054
1584236521910 1 1055
1584236521921 1 1056
1584236521931 1 1057
1584236521944 1 1058
1584236521955 1 1059
1584236521964 1 1060
1584236521978 1 1061
1584236521989 1 1062
1584236522000 1 1063
1584236522011 1 1064
1584236522020 1 1065
1584236522031 1 1066
1584236522042 1 1067
1584236522052 1 1068
1584236522060 1 1069
1584236522079 1 1070
1584236522089 1 1071
1584236522100 1 1072
1584236522112 1 1073
1584236522123 1 1074
1584236522137 1 1075
1584236522147 1 1076
1584236522158 1 1077
1584236522165 1 1078
1584236522182 1 1079
1584236522192 1 1080
1584236522202 1 1081
1584236522214 1 1082
1584236522226 1 1083
1584236522239 1 1084
1584236522250 1 1085
1584236522258 1 1086
1584236522267 1 1087
1584236522291 1 1088
1584236522304 1 1089
1584236522314 1 1090
1584236522322 1 1091
1584236522329 1 1092
1584236522339 1 1093
1584236522350 1 1094
1584236522358 1 1095
1584236522367 1 1096
1584236522382 1 1097
1584236522412 1 1098
1584236522421 1 1099
1584236522431 1 1100
1584236522441 1 1101
1584236522453 1 1102
1584236522463 1 1103
1584236522478 1 1104
1584236522495 1 1105
1584236522508 1 1106
1584236522519 1 1107
1584236522533 1 1108
1584236522543 1 1109
1584236522553 1 1110
1584236522564 1 1111
1584236522579 1 1112
1584236522589 1 1113
1584236522604 1 1114
1584236522617 1 1115
1584236522628 1 1116
1584236522647 1 1117
1584236522659 1 1118
1584236522670 1 1119
1584236522684 1 1120
1584236522697 1 1121
1584236522707 1 1122
1584236522717 1 1123
1584236522729 1 1124
1584236522740 1 1125
1584236522753 1 1126
1584236522761 1 1127
1584236522770 1 1128
1584236522784 1 1129
1584236522803 1 1130
1584236522815 1 1131
1584236522825 1 1132
1584236522835 1 1133
1584236522846 1 1134
1584236522855 1 1135
1584236522864 1 1136
1584236522873 1 1137
1584236522887 1 1138
1584236522898 1 1139
1584236522908 1 1140
1584236522918 1 1141
1584236522929 1 1142
1584236522939 1 1143
1584236522950 1 1144
1584236522959 1 1145
1584236522968 1 1146
1584236522977 1 1147
1584236523001 1 1148
1584236523035 1 1149
1584236523060 1 1150
1584236523082 1 1151
1584236523102 1 1152
1584236523168 1 1153
1584236523203 1 1154
1584236523231 1 1155
1584236523256 1 1156
1584236523289 1 1157
1584236523316 1 1158
1584236523347 1 1159
1584236523378 1 1160
1584236523396 1 1161
1584236523445 1 1162
1584236523470 1 1163
1584236523488 1 1164
1584236523506 1 1165
1584236523534 1 1166
1584236523563 1 1167
1584236523588 1 1168
1584236523606 1 1169
1584236523637 1 1170
1584236523671 1 1171
1584236523700 1 1172
1584236523722 1 1173
1584236523742 1 1174
1584236523754 1 1175
1584236523769 1 1176
1584236523780 1 1177
1584236523789 1 1178
1584236523797 1 1179
1584236523805 1 1180
1584236523819 1 1181
1584236523832 1 1182
1584236523842 1 1183
1584236523852 1 1184
1584236523861 1 1185
1584236523871 1 1186
1584236523880 1 1187
1584236523888 1 1188
1584236523899 1 1189
1584236523909 1 1190
1584236523922 1 1191
1584236523935 1 1192
1584236523945 1 1193
1584236523955 1 1194
1584236523963 1 1195
1584236523971 1 1196
1584236523980 1 1197
1584236523992 1 1198
1584236524003 1 1199
1584236524016 1 1200
1584236524031 1 1201
1584236524042 1 1202
1584236524051 1 1203
1584236524062 1 1204
1584236524087 1 1205
1584236524118 1 1206
1584236524166 1 1207
1584236524201 1 1208
1584236524229 1 1209
1584236524270 1 1210
1584236524291 1 1211
1584236524314 1 1212
1584236524323 1 1213
1584236524338 1 1214
1584236524350 1 1215
1584236524360 1 1216
1584236524369 1 1217
1584236524380 1 1218
1584236524433 1 1219
1584236524461 1 1220
1584236524483 1 1221
1584236524515 1 1222
1584236524554 1 1223
1584236524585 1 1224
1584236524612 1 1225
1584236524648 1 1226
1584236524684 1 1227
1584236524708 1 1228
1584236524737 1 1229
1584236524756 1 1230
1584236524789 1 1231
1584236524806 1 1232
1584236524825 1 1233
1584236524843 1 1234
1584236524870 1 1235
1584236524896 1 1236
1584236524915 1 1237
1584236524934 1 1238
1584236524953 1 1239
1584236524971 1 1240
1584236524999 1 1241
1584236525021 1 1242
1584236525040 1 1243
1584236525058 1 1244
1584236525077 1 1245
1584236525103 1 1246
1584236525119 1 1247
1584236525138 1 1248
1584236525170 1 1249
1584236525192 1 1250
1584236525203 1 1251
1584236525212 1 1252
1584236525220 1 1253
1584236525227 1 1254
1584236525235 1 1255
1584236525245 1 1256
1584236525254 1 1257
1584236525262 1 1258
1584236525271 1 1259
1584236525279 1 1260
1584236525292 1 1261
1584236525303 1 1262
1584236525312 1 1263
1584236525320 1 1264
1584236525329 1 1265
1584236525337 1 1266
1584236525345 1 1267
1584236525355 1 1268
1584236525363 1 1269
1584236525371 1 1270
1584236525395 1 1271
1584236525428 1 1272
1584236525438 1 1273
1584236525448 1 1274
1584236525458 1 1275
1584236525465 1 1276
1584236525474 1 1277
1584236525481 1 1278
1584236525490 1 1279
1584236525504 1 1280
1584236525517 1 1281
1584236525526 1 1282
1584236525535 1 1283
1584236525544 1 1284
1584236525552 1 1285
1584236525561 1 1286
1584236525568 1 1287
1584236525576 1 1288
1584236525585 1 1289
1584236525592 1 1290
1584236525605 1 1291
1584236525617 1 1292
1584236525625 1 1293
1584236525635 1 1294
1584236525650 1 1295
1584236525660 1 1296
1584236525670 1 1297
1584236525720 1 1298
1584236525758 1 1299
1584236525799 1 1300
1584236525839 1 1301
1584236525894 1 1302
1584236525938 1 1303
1584236525968 1 1304
1584236526000 1 1305
1584236526034 1 1306
1584236526067 1 1307
1584236526114 1 1308
1584236526143 1 1309
1584236526173 1 1310
1584236526213 1 1311
1584236526242 1 1312
1584236526271 1 1313
1584236526309 1 1314
1584236526338 1 1315
1584236526349 1 1316
1584236526359 1 1317
1584236526373 1 1318
1584236526387 1 1319
1584236526395 1 1320
1584236526408 1 1321
1584236526420 1 1322
1584236526433 1 1323
1584236526441 1 1324
1584236526461 1 1325
1584236526473 1 1326
1584236526481 1 1327
1584236526490 1 1328
1584236526498 1 1329
1584236526507 1 1330
1584236526516 1 1331
1584236526523 1 1332
1584236526538 1 1333
1584236526550 1 1334
1584236526558 1 1335
1584236526567 1 1336
1584236526575 1 1337
1584236526582 1 1338
1584236526592 1 1339
1584236526602 1 1340
1584236526610 1 1341
1584236526619 1 1342
1584236526634 1 1343
1584236526667 1 1344
1584236526685 1 1345
1584236526702 1 1346
1584236526726 1 1347
1584236526759 1 1348
1584236526774 1 1349
1584236526796 1 1350
1584236526813 1 1351
1584236526827 1 1352
1584236526850 1 1353
1584236526866 1 1354
1584236526883 1 1355
1584236526899 1 1356
1584236526915 1 1357
1584236526929 1 1358
1584236527089 1 1359
1584236527115 1 1360
1584236527145 1 1361
1584236527178 1 1362
1584236527195 1 1363
1584236527213 1 1364
1584236527233 1 1365
1584236527263 1 1366
1584236527279 1 1367
1584236527294 1 1368
1584236527308 1 1369
1584236527323 1 1370
1584236527337 1 1371
1584236527361 1 1372
1584236527376 1 1373
1584236527389 1 1374
1584236527404 1 1375
1584236527420 1 1376
1584236527438 1 1377
1584236527457 1 1378
1584236527474 1 1379
1584236527488 1 1380
1584236527508 1 1381
1584236527521 1 1382
1584236527533 1 1383
1584236527571 1 1384
1584236527588 1 1385
1584236527601 1 1386
1584236527619 1 1387
1584236527633 1 1388
1584236527654 1 1389
1584236527671 1 1390
1584236527685 1 1391
1584236527702 1 1392
1584236527717 1 1393
1584236527737 1 1394
1584236527784 1 1395
1584236527823 1 1396
1584236527883 1 1397
1584236527941 1 1398
1584236528052 1 1399
1584236528088 1 1400
1584236528104 1 1401
1584236528119 1 1402
1584236528131 1 1403
1584236528141 1 1404
1584236528154 1 1405
1584236528187 1 1406
1584236528201 1 1407
1584236528215 1 1408
1584236528230 1 1409
1584236528253 1 1410
1584236528297 1 1411
1584236528331 1 1412
1584236528348 1 1413
1584236528362 1 1414
1584236528389 1 1415
1584236528403 1 1416
1584236528417 1 1417
1584236528430 1 1418
1584236528445 1 1419
1584236528462 1 1420
1584236528492 1 1421
1584236528504 1 1422
1584236528523 1 1423
1584236528536 1 1424
1584236528547 1 1425
1584236528560 1 1426
1584236528576 1 1427
1584236528590 1 1428
1584236528600 1 1429
1584236528610 1 1430
1584236528618 1 1431
1584236528628 1 1432
1584236528639 1 1433
1584236528647 1 1434
1584236528666 1 1435
1584236528685 1 1436
1584236528694 1 1437
1584236528704 1 1438
1584236528713 1 1439
1584236528726 1 1440
1584236528737 1 1441
1584236528751 1 1442
1584236528763 1 1443
1584236528778 1 1444
1584236528794 1 1445
1584236528803 1 1446
1584236528815 1 1447
1584236528824 1 1448
1584236528834 1 1449
1584236528845 1 1450
1584236528855 1 1451
1584236528864 1 1452
1584236528878 1 1453
1584236528891 1 1454
1584236528901 1 1455
1584236528911 1 1456
1584236528919 1 1457
1584236528927 1 1458
1584236528938 1 1459
1584236528947 1 1460
1584236528957 1 1461
1584236528967 1 1462
1584236528984 1 1463
1584236528994 1 1464
1584236529003 1 1465
1584236529012 1 1466
1584236529024 1 1467
1584236529034 1 1468
1584236529044 1 1469
1584236529055 1 1470
1584236529065 1 1471
1584236529077 1 1472
1584236529091 1 1473
1584236529103 1 1474
1584236529112 1 1475
1584236529122 1 1476
1584236529131 1 1477
1584236529143 1 1478
1584236529221 1 1479
1584236529233 1 1480
1584236529243 1 1481
1584236529255 1 1482
1584236529265 1 1483
1584236529278 1 1484
1584236529295 1 1485
1584236529306 1 1486
1584236529314 1 1487
1584236529322 1 1488
1584236529331 1 1489
1584236529344 1 1490
1584236529356 1 1491
1584236529370 1 1492
1584236529395 1 1493
1584236529410 1 1494
1584236529420 1 1495
1584236529427 1 1496
1584236529438 1 1497
1584236529466 1 1498
1584236529475 1 1499
1584236529510 1 1500
1584236529532 1 1501
1584236529542 1 1502
1584236529551 1 1503
1584236529561 1 1504
1584236529570 1 1505
1584236529580 1 1506
1584236529599 1 1507
1584236529607 1 1508
1584236529622 1 1509
1584236529635 1 1510
1584236529645 1 1511
1584236529655 1 1512
1584236529675 1 1513
1584236529691 1 1514
1584236529705 1 1515
1584236529714 1 1516
1584236529723 1 1517
1584236529738 1 1518
1584236529748 1 1519
1584236529759 1 1520
1584236529771 1 1521
1584236529780 1 1522
1584236529794 1 1523
1584236529805 1 1524
1584236529814 1 1525
1584236529823 1 1526
1584236529833 1 1527
1584236529845 1 1528
1584236529857 1 1529
1584236529869 1 1530
1584236529878 1 1531
1584236529893 1 1532
1584236529907 1 1533
1584236529915 1 1534
1584236529924 1 1535
1584236529934 1 1536
1584236529944 1 1537
1584236529954 1 1538
1584236529964 1 1539
1584236529973 1 1540
1584236529984 1 1541
1584236530002 1 1542
1584236530009 1 1543
1584236530024 1 1544
1584236530037 1 1545
1584236530048 1 1546
1584236530059 1 1547
1584236530069 1 1548
1584236530080 1 1549
1584236530100 1 1550
1584236530108 1 1551
1584236530114 1 1552
1584236530122 1 1553
1584236530130 1 1554
1584236530140 1 1555
1584236530150 1 1556
1584236530159 1 1557
1584236530169 1 1558
1584236530179 1 1559
1584236530191 1 1560
1584236530205 1 1561
1584236530214 1 1562
1584236530222 1 1563
1584236530235 1 1564
1584236530247 1 1565
1584236530257 1 1566
1584236530266 1 1567
1584236530275 1 1568
1584236530284 1 1569
1584236530296 1 1570
1584236530308 1 1571
1584236530316 1 1572
1584236530325 1 1573
1584236530333 1 1574
1584236530342 1 1575
1584236530359 1 1576
1584236530369 1 1577
1584236530382 1 1578
1584236530418 1 1579
1584236530426 1 1580
1584236530434 1 1581
1584236530443 1 1582
1584236530454 1 1583
1584236530465 1 1584
1584236530476 1 1585
1584236530486 1 1586
1584236530504 1 1587
1584236530513 1 1588
1584236530523 1 1589
1584236530532 1 1590
1584236530544 1 1591
1584236530557 1 1592
1584236530577 1 1593
1584236530606 1 1594
1584236530616 1 1595
1584236530629 1 1596
1584236530639 1 1597
1584236530647 1 1598
1584236530666 1 1599
1584236530684 1 1600
1584236530694 1 1601
1584236530712 1 1602
1584236530722 1 1603
1584236530731 1 1604
1584236530746 1 1605
1584236530762 1 1606
1584236530790 1 1607
1584236530812 1 1608
1584236530823 1 1609
1584236530832 1 1610
1584236530843 1 1611
1584236530854 1 1612
1584236530938 1 1613
1584236530997 1 1614
1584236531020 1 1615
1584236531047 1 1616
1584236531081 1 1617
1584236531138 1 1618
1584236531160 1 1619
1584236531172 1 1620
1584236531190 1 1621
1584236531222 1 1622
1584236531279 1 1623
1584236531313 1 1624
1584236531370 1 1625
1584236531393 1 1626
1584236531413 1 1627
1584236531445 1 1628
1584236531476 1 1629
1584236531499 1 1630
1584236531534 1 1631
1584236531575 1 1632
1584236531625 1 1633
1584236531638 1 1634
1584236531651 1 1635
1584236531678 1 1636
1584236531698 1 1637
1584236531721 1 1638
1584236531732 1 1639
1584236531742 1 1640
1584236531789 1 1641
1584236531822 1 1642
1584236531880 1 1643
1584236531964 1 1644
1584236532020 1 1645
1584236532062 1 1646
1584236532119 1 1647
1584236532165 1 1648
1584236532272 1 1649
1584236532310 1 1650
1584236532328 1 1651
1584236532358 1 1652
1584236532370 1 1653
1584236532380 1 1654
1584236532390 1 1655
1584236532419 1 1656
1584236532462 1 1657
1584236532476 1 1658
1584236532498 1 1659
1584236532539 1 1660
1584236532615 1 1661
1584236532675 1 1662
1584236532687 1 1663
1584236532703 1 1664
1584236532765 1 1665
1584236532785 1 1666
1584236532799 1 1667
1584236532832 1 1668
1584236532849 1 1669
1584236532864 1 1670
1584236532876 1 1671
1584236532885 1 1672
1584236532899 1 1673
1584236532943 1 1674
1584236532981 1 1675
1584236532991 1 1676
1584236533002 1 1677
1584236533018 1 1678
1584236533028 1 1679
1584236533036 1 1680
1584236533046 1 1681
1584236533179 1 1682
1584236533247 1 1683
1584236533310 1 1684
1584236533322 1 1685
1584236533349 1 1686
1584236533374 1 1687
1584236533398 1 1688
1584236533437 1 1689
1584236533493 1 1690
1584236533514 1 1691
1584236533526 1 1692
1584236533557 1 1693
1584236533574 1 1694
1584236533587 1 1695
1584236533596 1 1696
1584236533606 1 1697
1584236533617 1 1698
1584236533630 1 1699
1584236533640 1 1700
1584236533708 1 1701
1584236533744 1 1702
1584236533906 1 1703
1584236533989 1 1704
1584236534052 1 1705
1584236534071 1 1706
1584236534156 1 1707
1584236534201 1 1708
1584236534224 1 1709
1584236534310 1 1710
1584236534346 1 1711
1584236534382 1 1712
1584236534403 1 1713
1584236534494 1 1714
1584236534509 1 1715
1584236534524 1 1716
1584236534585 1 1717
1584236534647 1 1718
1584236534665 1 1719
1584236534697 1 1720
1584236534719 1 1721
1584236534755 1 1722
1584236534795 1 1723
1584236534825 1 1724
1584236534866 1 1725
1584236534894 1 1726
1584236534937 1 1727
1584236534953 1 1728
1584236535019 1 1729
1584236535057 1 1730
1584236535199 1 1731
1584236535285 1 1732
1584236535316 1 1733
1584236535342 1 1734
1584236535378 1 1735
1584236535395 1 1736
1584236535412 1 1737
1584236535480 1 1738
1584236535503 1 1739
1584236535553 1 1740
1584236535602 1 1741
1584236535637 1 1742
1584236535660 1 1743
1584236535695 1 1744
1584236535706 1 1745
1584236535743 1 1746
1584236535780 1 1747
1584236535815 1 1748
1584236535840 1 1749
1584236535883 1 1750
1584236535924 1 1751
1584236535947 1 1752
1584236535956 1 1753
1584236535976 1 1754
1584236535996 1 1755
1584236536004 1 1756
1584236536014 1 1757
1584236536024 1 1758
1584236536034 1 1759
1584236536043 1 1760
1584236536053 1 1761
1584236536062 1 1762
1584236536081 1 1763
1584236536093 1 1764
1584236536107 1 1765
1584236536120 1 1766
1584236536139 1 1767
1584236536149 1 1768
1584236536162 1 1769
1584236536190 1 1770
1584236536200 1 1771
1584236536208 1 1772
1584236536218 1 1773
1584236536253 1 1774
1584236536305 1 1775
1584236536382 1 1776
1584236536400 1 1777
1584236536420 1 1778
1584236536437 1 1779
1584236536449 1 1780
1584236536461 1 1781
1584236536481 1 1782
1584236536492 1 1783
1584236536507 1 1784
1584236536523 1 1785
1584236536534 1 1786
1584236536544 1 1787
1584236536573 1 1788
1584236536587 1 1789
1584236536600 1 1790
1584236536611 1 1791
1584236536622 1 1792
1584236536633 1 1793
1584236536645 1 1794
1584236536661 1 1795
1584236536672 1 1796
1584236536691 1 1797
1584236536704 1 1798
1584236536717 1 1799
1584236536730 1 1800
1584236536743 1 1801
1584236536754 1 1802
1584236536772 1 1803
1584236536791 1 1804
1584236536813 1 1805
1584236536827 1 1806
1584236536837 1 1807
1584236536846 1 1808
1584236536857 1 1809
1584236536867 1 1810
1584236536878 1 1811
1584236536917 1 1812
1584236536950 1 1813
1584236536963 1 1814
1584236537002 1 1815
1584236537025 1 1816
1584236537037 1 1817
1584236537047 1 1818
1584236537058 1 1819
1584236537070 1 1820
1584236537097 1 1821
1584236537110 1 1822
1584236537117 1 1823
1584236537126 1 1824
1584236537136 1 1825
1584236537147 1 1826
1584236537168 1 1827
1584236537180 1 1828
1584236537196 1 1829
1584236537206 1 1830
1584236537218 1 1831
1584236537229 1 1832
1584236537240 1 1833
1584236537249 1 1834
1584236537258 1 1835
1584236537269 1 1836
1584236537279 1 1837
1584236537297 1 1838
1584236537312 1 1839
1584236537322 1 1840
1584236537333 1 1841
1584236537360 1 1842
1584236537368 1 1843
1584236537378 1 1844
1584236537388 1 1845
1584236537402 1 1846
1584236537421 1 1847
1584236537431 1 1848
1584236537441 1 1849
1584236537448 1 1850
1584236537458 1 1851
1584236537468 1 1852
1584236537477 1 1853
1584236537487 1 1854
1584236537501 1 1855
1584236537514 1 1856
1584236537524 1 1857
1584236537536 1 1858
1584236537545 1 1859
1584236537553 1 1860
1584236537563 1 1861
1584236537573 1 1862
1584236537585 1 1863
1584236537611 1 1864
1584236537638 1 1865
1584236537647 1 1866
1584236537655 1 1867
1584236537663 1 1868
1584236537673 1 1869
1584236537702 1 1870
1584236537714 1 1871
1584236537722 1 1872
1584236537730 1 1873
1584236537742 1 1874
1584236537750 1 1875
1584236537759 1 1876
1584236537768 1 1877
1584236537778 1 1878
1584236537787 1 1879
1584236537820 1 1880
1584236537842 1 1881
1584236537853 1 1882
1584236537861 1 1883
1584236537871 1 1884
1584236537882 1 1885
1584236537892 1 1886
1584236537959 1 1887
1584236538111 1 1888
1584236538135 1 1889
1584236538169 1 1890
1584236538201 1 1891
1584236538249 1 1892
1584236538290 1 1893
1584236538331 1 1894
1584236538355 1 1895
1584236538378 1 1896
1584236538410 1 1897
1584236538446 1 1898
1584236538458 1 1899
1584236538483 1 1900
1584236538537 1 1901
1584236538578 1 1902
1584236538590 1 1903
1584236538601 1 1904
1584236538613 1 1905
1584236538632 1 1906
1584236538644 1 1907
1584236538676 1 1908
1584236538709 1 1909
1584236538751 1 1910
1584236538765 1 1911
1584236538809 1 1912
1584236538953 1 1913
1584236538991 1 1914
1584236539021 1 1915
1584236539036 1 1916
1584236539069 1 1917
1584236539130 1 1918
1584236539264 1 1919
1584236539296 1 1920
1584236539310 1 1921
1584236539355 1 1922
1584236539368 1 1923
1584236539382 1 1924
1584236539464 1 1925
1584236539509 1 1926
1584236539534 1 1927
1584236539575 1 1928
1584236539586 1 1929
1584236539598 1 1930
1584236539609 1 1931
1584236539677 1 1932
1584236539692 1 1933
1584236539704 1 1934
1584236539753 1 1935
1584236539792 1 1936
1584236539857 1 1937
1584236539880 1 1938
1584236539891 1 1939
1584236539902 1 1940
1584236539935 1 1941
1584236539973 1 1942
1584236539986 1 1943
1584236539999 1 1944
1584236540020 1 1945
1584236540054 1 1946
1584236540082 1 1947
1584236540095 1 1948
1584236540134 1 1949
1584236540176 1 1950
1584236540203 1 1951
1584236540226 1 1952
1584236540253 1 1953
1584236540287 1 1954
1584236540362 1 1955
1584236540372 1 1956
1584236540424 1 1957
1584236540451 1 1958
1584236540464 1 1959
1584236540489 1 1960
1584236540520 1 1961
1584236540531 1 1962
1584236540543 1 1963
1584236540591 1 1964
1584236540602 1 1965
1584236540615 1 1966
1584236540645 1 1967
1584236540666 1 1968
1584236540677 1 1969
1584236540693 1 1970
1584236540706 1 1971
1584236540726 1 1972
1584236540737 1 1973
1584236540746 1 1974
1584236540760 1 1975
1584236540773 1 1976
1584236540786 1 1977
1584236540794 1 1978
1584236540808 1 1979
1584236540822 1 1980
1584236540834 1 1981
1584236540851 1 1982
1584236540858 1 1983
1584236540865 1 1984
1584236540875 1 1985
1584236540888 1 1986
1584236540898 1 1987
1584236540914 1 1988
1584236540928 1 1989
1584236540941 1 1990
1584236540953 1 1991
1584236540963 1 1992
1584236540973 1 1993
1584236540988 1 1994
1584236540996 1 1995
1584236541008 1 1996
1584236541019 1 1997
1584236541028 1 1998
1584236541038 1 1999
1584236541048 1 2000
1584236541059 1 2001
1584236541068 1 2002
1584236541077 1 2003
1584236541090 1 2004
1584236541107 1 2005
1584236541118 1 2006
1584236541130 1 2007
1584236541141 1 2008
1584236541152 1 2009
1584236541163 1 2010
1584236541175 1 2011
1584236541188 1 2012
1584236541200 1 2013
1584236541215 1 2014
1584236541227 1 2015
1584236541238 1 2016
1584236541250 1 2017
1584236541261 1 2018
1584236541271 1 2019
1584236541281 1 2020
1584236541293 1 2021
1584236541307 1 2022
1584236541337 1 2023
1584236541353 1 2024
1584236541364 1 2025
1584236541374 1 2026
1584236541382 1 2027
1584236541397 1 2028
1584236541410 1 2029
1584236541426 1 2030
1584236541439 1 2031
1584236541450 1 2032
1584236541461 1 2033
1584236541471 1 2034
1584236541481 1 2035
1584236541497 1 2036
1584236541510 1 2037
1584236541522 1 2038
1584236541532 1 2039
1584236541544 1 2040
1584236541554 1 2041
1584236541563 1 2042
1584236541572 1 2043
1584236541582 1 2044
1584236541597 1 2045
1584236541611 1 2046
1584236541621 1 2047
1584236541632 1 2048
1584236541641 1 2049
1584236541653 1 2050
1584236541663 1 2051
1584236541673 1 2052
1584236541683 1 2053
1584236541690 1 2054
1584236541706 1 2055
1584236541718 1 2056
1584236541727 1 2057
1584236541736 1 2058
1584236541746 1 2059
1584236541758 1 2060
1584236541767 1 2061
1584236541775 1 2062
1584236541784 1 2063
1584236541793 1 2064
1584236541808 1 2065
1584236541819 1 2066
1584236541828 1 2067
1584236541838 1 2068
1584236541849 1 2069
1584236541862 1 2070
1584236541874 1 2071
1584236541882 1 2072
1584236541889 1 2073
1584236541903 1 2074
1584236541913 1 2075
1584236541930 1 2076
1584236541943 1 2077
1584236541953 1 2078
1584236541963 1 2079
1584236541970 1 2080
1584236541979 1 2081
1584236541988 1 2082
1584236542004 1 2083
1584236542019 1 2084
1584236542029 1 2085
1584236542040 1 2086
1584236542051 1 2087
1584236542061 1 2088
1584236542072 1 2089
1584236542080 1 2090
1584236542091 1 2091
1584236542107 1 2092
1584236542121 1 2093
1584236542131 1 2094
1584236542142 1 2095
1584236542153 1 2096
1584236542163 1 2097
1584236542172 1 2098
1584236542181 1 2099
1584236542190 1 2100
1584236542206 1 2101
1584236542220 1 2102
1584236542232 1 2103
1584236542242 1 2104
1584236542253 1 2105
1584236542265 1 2106
1584236542274 1 2107
1584236542284 1 2108
1584236542294 1 2109
1584236542310 1 2110
1584236542325 1 2111
1584236542336 1 2112
1584236542348 1 2113
1584236542360 1 2114
1584236542371 1 2115
1584236542380 1 2116
1584236542388 1 2117
1584236542400 1 2118
1584236542413 1 2119
1584236542429 1 2120
1584236542442 1 2121
1584236542451 1 2122
1584236542478 1 2123
1584236542487 1 2124
1584236542495 1 2125
1584236542510 1 2126
1584236542523 1 2127
1584236542533 1 2128
1584236542544 1 2129
1584236542554 1 2130
1584236542563 1 2131
1584236542572 1 2132
1584236542581 1 2133
1584236542591 1 2134
1584236542601 1 2135
1584236542618 1 2136
1584236542628 1 2137
1584236542638 1 2138
1584236542646 1 2139
1584236542654 1 2140
1584236542665 1 2141
1584236542673 1 2142
1584236542681 1 2143
1584236542690 1 2144
1584236542702 1 2145
1584236542720 1 2146
1584236542730 1 2147
1584236542739 1 2148
1584236542749 1 2149
1584236542759 1 2150
1584236542769 1 2151
1584236542779 1 2152
1584236542788 1 2153
1584236542797 1 2154
1584236542809 1 2155
1584236542828 1 2156
1584236542838 1 2157
1584236542848 1 2158
1584236542864 1 2159
1584236542875 1 2160
1584236542886 1 2161
1584236542896 1 2162
1584236542906 1 2163
1584236542923 1 2164
1584236542940 1 2165
1584236542949 1 2166
1584236542960 1 2167
1584236542968 1 2168
1584236542977 1 2169
1584236542986 1 2170
1584236542998 1 2171
1584236543009 1 2172
1584236543021 1 2173
1584236543028 1 2174
1584236543041 1 2175
1584236543052 1 2176
1584236543063 1 2177
1584236543072 1 2178
1584236543080 1 2179
1584236543087 1 2180
1584236543099 1 2181
1584236543110 1 2182
1584236543125 1 2183
1584236543137 1 2184
1584236543145 1 2185
1584236543156 1 2186
1584236543166 1 2187
1584236543175 1 2188
1584236543184 1 2189
1584236543193 1 2190
1584236543203 1 2191
1584236543213 1 2192
1584236543227 1 2193
1584236543241 1 2194
1584236543252 1 2195
1584236543264 1 2196
1584236543272 1 2197
1584236543282 1 2198
1584236543291 1 2199
1584236543303 1 2200
1584236543313 1 2201
1584236543328 1 2202
1584236543341 1 2203
1584236543352 1 2204
1584236543386 1 2205
1584236543398 1 2206
1584236543408 1 2207
1584236543427 1 2208
1584236543439 1 2209
1584236543449 1 2210
1584236543463 1 2211
1584236543484 1 2212
1584236543499 1 2213
1584236543509 1 2214
1584236543519 1 2215
1584236543538 1 2216
1584236543549 1 2217
1584236543560 1 2218
1584236543568 1 2219
1584236543591 1 2220
1584236543600 1 2221
1584236543610 1 2222
1584236543620 1 2223
1584236543637 1 2224
1584236543646 1 2225
1584236543656 1 2226
1584236543665 1 2227
1584236543676 1 2228
1584236543694 1 2229
1584236543712 1 2230
1584236543731 1 2231
1584236543747 1 2232
1584236543759 1 2233
1584236543776 1 2234
1584236543793 1 2235
1584236543806 1 2236
1584236543815 1 2237
1584236543844 1 2238
1584236543863 1 2239
1584236543888 1 2240
1584236543896 1 2241
1584236543905 1 2242
1584236543914 1 2243
1584236543928 1 2244
1584236543945 1 2245
1584236543954 1 2246
1584236543963 1 2247
1584236543972 1 2248
1584236543980 1 2249
1584236543989 1 2250
1584236543998 1 2251
1584236544007 1 2252
1584236544016 1 2253
1584236544030 1 2254
1584236544042 1 2255
1584236544051 1 2256
1584236544061 1 2257
1584236544072 1 2258
1584236544082 1 2259
1584236544092 1 2260
1584236544103 1 2261
1584236544114 1 2262
1584236544125 1 2263
1584236544147 1 2264
1584236544160 1 2265
1584236544169 1 2266
1584236544178 1 2267
1584236544187 1 2268
1584236544195 1 2269
1584236544206 1 2270
1584236544214 1 2271
1584236544225 1 2272
1584236544242 1 2273
1584236544253 1 2274
1584236544263 1 2275
1584236544272 1 2276
1584236544280 1 2277
1584236544288 1 2278
1584236544297 1 2279
1584236544306 1 2280
1584236544315 1 2281
1584236544324 1 2282
1584236544340 1 2283
1584236544351 1 2284
1584236544364 1 2285
1584236544374 1 2286
1584236544386 1 2287
1584236544395 1 2288
1584236544404 1 2289
1584236544414 1 2290
1584236544423 1 2291
1584236544463 1 2292
1584236544472 1 2293
1584236544481 1 2294
1584236544491 1 2295
1584236544500 1 2296
1584236544510 1 2297
1584236544519 1 2298
1584236544526 1 2299
1584236544532 1 2300
1584236544546 1 2301
1584236544559 1 2302
1584236544569 1 2303
1584236544578 1 2304
1584236544588 1 2305
1584236544597 1 2306
1584236544607 1 2307
1584236544618 1 2308
1584236544628 1 2309
1584236544642 1 2310
1584236544656 1 2311
1584236544665 1 2312
1584236544676 1 2313
1584236544685 1 2314
1584236544693 1 2315
1584236544703 1 2316
1584236544712 1 2317
1584236544723 1 2318
1584236544732 1 2319
1584236544747 1 2320
1584236544759 1 2321
1584236544770 1 2322
1584236544778 1 2323
1584236544787 1 2324
1584236544799 1 2325
1584236544811 1 2326
1584236544821 1 2327
1584236544832 1 2328
1584236544848 1 2329
1584236544860 1 2330
1584236544870 1 2331
1584236544880 1 2332
1584236544892 1 2333
1584236544901 1 2334
1584236544914 1 2335
1584236544925 1 2336
1584236544945 1 2337
1584236544957 1 2338
1584236544966 1 2339
1584236544974 1 2340
1584236544982 1 2341
1584236544990 1 2342
1584236545001 1 2343
1584236545010 1 2344
1584236545020 1 2345
1584236545029 1 2346
1584236545039 1 2347
1584236545054 1 2348
1584236545063 1 2349
1584236545073 1 2350
1584236545082 1 2351
1584236545090 1 2352
1584236545099 1 2353
1584236545109 1 2354
1584236545119 1 2355
1584236545128 1 2356
1584236545137 1 2357
1584236545152 1 2358
1584236545165 1 2359
1584236545174 1 2360
1584236545185 1 2361
1584236545194 1 2362
1584236545202 1 2363
1584236545213 1 2364
1584236545221 1 2365
1584236545232 1 2366
1584236545241 1 2367
1584236545260 1 2368
1584236545269 1 2369
1584236545278 1 2370
1584236545287 1 2371
1584236545295 1 2372
1584236545305 1 2373
1584236545317 1 2374
1584236545328 1 2375
1584236545339 1 2376
1584236545359 1 2377
1584236545370 1 2378
1584236545410 1 2379
1584236545425 1 2380
1584236545441 1 2381
1584236545462 1 2382
1584236545473 1 2383
1584236545482 1 2384
1584236545491 1 2385
1584236545501 1 2386
1584236545513 1 2387
1584236545523 1 2388
1584236545534 1 2389
1584236545546 1 2390
1584236545563 1 2391
1584236545572 1 2392
1584236545579 1 2393
1584236545587 1 2394
1584236545598 1 2395
1584236545608 1 2396
1584236545617 1 2397
1584236545628 1 2398
1584236545639 1 2399
1584236545655 1 2400
1584236545669 1 2401
1584236545676 1 2402
1584236545684 1 2403
1584236545691 1 2404
1584236545701 1 2405
1584236545711 1 2406
1584236545722 1 2407
1584236545732 1 2408
1584236545743 1 2409
1584236545762 1 2410
1584236545772 1 2411
1584236545781 1 2412
1584236545791 1 2413
1584236545799 1 2414
1584236545810 1 2415
1584236545820 1 2416
1584236545829 1 2417
1584236545837 1 2418
1584236545844 1 2419
1584236545861 1 2420
1584236545872 1 2421
1584236545883 1 2422
1584236545891 1 2423
1584236545904 1 2424
1584236545916 1 2425
1584236545926 1 2426
1584236545941 1 2427
1584236545951 1 2428
1584236545967 1 2429
1584236545979 1 2430
1584236545987 1 2431
1584236545995 1 2432
1584236546004 1 2433
1584236546013 1 2434
1584236546023 1 2435
1584236546034 1 2436
1584236546044 1 2437
1584236546055 1 2438
1584236546068 1 2439
1584236546080 1 2440
1584236546088 1 2441
1584236546097 1 2442
1584236546106 1 2443
1584236546116 1 2444
1584236546127 1 2445
1584236546137 1 2446
1584236546149 1 2447
1584236546159 1 2448
1584236546176 1 2449
1584236546184 1 2450
1584236546192 1 2451
1584236546202 1 2452
1584236546214 1 2453
1584236546223 1 2454
1584236546235 1 2455
1584236546246 1 2456
1584236546257 1 2457
1584236546271 1 2458
1584236546281 1 2459
1584236546288 1 2460
1584236546298 1 2461
1584236546308 1 2462
1584236546317 1 2463
1584236546328 1 2464
1584236546338 1 2465
1584236546349 1 2466
1584236546360 1 2467
1584236546379 1 2468
1584236546389 1 2469
1584236546398 1 2470
1584236546436 1 2471
1584236546447 1 2472
1584236546456 1 2473
1584236546465 1 2474
1584236546480 1 2475
1584236546488 1 2476
1584236546496 1 2477
1584236546505 1 2478
1584236546514 1 2479
1584236546521 1 2480
1584236546530 1 2481
1584236546539 1 2482
1584236546547 1 2483
1584236546557 1 2484
1584236546567 1 2485
1584236546582 1 2486
1584236546589 1 2487
1584236546599 1 2488
1584236546609 1 2489
1584236546620 1 2490
1584236546630 1 2491
1584236546642 1 2492
1584236546653 1 2493
1584236546666 1 2494
1584236546680 1 2495
1584236546687 1 2496
1584236546697 1 2497
1584236546709 1 2498
1584236546718 1 2499
1584236546727 1 2500
1584236546735 1 2501
1584236546743 1 2502
1584236546754 1 2503
1584236546765 1 2504
1584236546780 1 2505
1584236546787 1 2506
1584236546797 1 2507
1584236546806 1 2508
1584236546815 1 2509
1584236546826 1 2510
1584236546836 1 2511
1584236546849 1 2512
1584236546861 1 2513
1584236546870 1 2514
1584236546883 1 2515
1584236546896 1 2516
1584236546906 1 2517
1584236546922 1 2518
1584236546936 1 2519
1584236546951 1 2520
1584236546962 1 2521
1584236546974 1 2522
1584236546987 1 2523
1584236547000 1 2524
1584236547010 1 2525
1584236547018 1 2526
1584236547029 1 2527
1584236547039 1 2528
1584236547049 1 2529
1584236547060 1 2530
1584236547070 1 2531
1584236547083 1 2532
1584236547096 1 2533
1584236547104 1 2534
1584236547115 1 2535
1584236547125 1 2536
1584236547137 1 2537
1584236547146 1 2538
1584236547157 1 2539
1584236547169 1 2540
1584236547180 1 2541
1584236547195 1 2542
1584236547203 1 2543
1584236547212 1 2544
1584236547221 1 2545
1584236547231 1 2546
1584236547242 1 2547
1584236547253 1 2548
1584236547263 1 2549
1584236547276 1 2550
1584236547289 1 2551
1584236547300 1 2552
1584236547309 1 2553
1584236547319 1 2554
1584236547327 1 2555
1584236547337 1 2556
1584236547347 1 2557
1584236547356 1 2558
1584236547367 1 2559
1584236547377 1 2560
1584236547389 1 2561
1584236547400 1 2562
1584236547430 1 2563
1584236547446 1 2564
1584236547457 1 2565
1584236547469 1 2566
1584236547478 1 2567
1584236547496 1 2568
1584236547506 1 2569
1584236547517 1 2570
1584236547529 1 2571
1584236547541 1 2572
1584236547552 1 2573
1584236547563 1 2574
1584236547576 1 2575
1584236547588 1 2576
1584236547601 1 2577
1584236547610 1 2578
1584236547619 1 2579
1584236547630 1 2580
1584236547641 1 2581
1584236547649 1 2582
1584236547660 1 2583
1584236547670 1 2584
1584236547681 1 2585
1584236547691 1 2586
1584236547701 1 2587
1584236547714 1 2588
1584236547722 1 2589
1584236547733 1 2590
1584236547743 1 2591
1584236547751 1 2592
1584236547762 1 2593
1584236547772 1 2594
1584236547783 1 2595
1584236547796 1 2596
1584236547807 1 2597
1584236547821 1 2598
1584236547830 1 2599
1584236547841 1 2600
1584236547852 1 2601
1584236547863 1 2602
1584236547874 1 2603
1584236547884 1 2604
1584236547896 1 2605
1584236547904 1 2606
1584236547916 1 2607
1584236547929 1 2608
1584236547948 1 2609
1584236547959 1 2610
1584236547970 1 2611
1584236547980 1 2612
1584236547988 1 2613
1584236548001 1 2614
1584236548014 1 2615
1584236548026 1 2616
1584236548036 1 2617
1584236548046 1 2618
1584236548055 1 2619
1584236548065 1 2620
1584236548078 1 2621
1584236548086 1 2622
1584236548100 1 2623
1584236548113 1 2624
1584236548123 1 2625
1584236548134 1 2626
1584236548144 1 2627
1584236548154 1 2628
1584236548165 1 2629
1584236548178 1 2630
1584236548186 1 2631
1584236548194 1 2632
1584236548207 1 2633
1584236548220 1 2634
1584236548229 1 2635
1584236548240 1 2636
1584236548251 1 2637
1584236548263 1 2638
1584236548275 1 2639
1584236548285 1 2640
1584236548293 1 2641
1584236548306 1 2642
1584236548320 1 2643
1584236548331 1 2644
1584236548341 1 2645
1584236548354 1 2646
1584236548366 1 2647
1584236548376 1 2648
1584236548385 1 2649
1584236548393 1 2650
1584236548401 1 2651
1584236548445 1 2652
1584236548455 1 2653
1584236548464 1 2654
1584236548474 1 2655
1584236548484 1 2656
1584236548493 1 2657
1584236548504 1 2658
1584236548521 1 2659
1584236548531 1 2660
1584236548542 1 2661
1584236548554 1 2662
1584236548564 1 2663
1584236548575 1 2664
1584236548584 1 2665
1584236548611 1 2666
1584236548620 1 2667
1584236548633 1 2668
1584236548643 1 2669
1584236548653 1 2670
1584236548663 1 2671
1584236548673 1 2672
1584236548684 1 2673
1584236548692 1 2674
1584236548701 1 2675
1584236548716 1 2676
1584236548729 1 2677
1584236548737 1 2678
1584236548750 1 2679
1584236548760 1 2680
1584236548771 1 2681
1584236548782 1 2682
1584236548791 1 2683
1584236548799 1 2684
1584236548811 1 2685
1584236548828 1 2686
1584236548837 1 2687
1584236548845 1 2688
1584236548855 1 2689
1584236548866 1 2690
1584236548878 1 2691
1584236548888 1 2692
1584236548897 1 2693
1584236548907 1 2694
1584236548923 1 2695
1584236548933 1 2696
1584236548953 1 2697
1584236548964 1 2698
1584236548973 1 2699
1584236548984 1 2700
1584236548993 1 2701
1584236549003 1 2702
1584236549012 1 2703
1584236549029 1 2704
1584236549041 1 2705
1584236549053 1 2706
1584236549063 1 2707
1584236549072 1 2708
1584236549082 1 2709
1584236549092 1 2710
1584236549100 1 2711
1584236549108 1 2712
1584236549121 1 2713
1584236549135 1 2714
1584236549143 1 2715
1584236549153 1 2716
1584236549166 1 2717
1584236549177 1 2718
1584236549186 1 2719
1584236549195 1 2720
1584236549203 1 2721
1584236549213 1 2722
1584236549231 1 2723
1584236549241 1 2724
1584236549251 1 2725
1584236549262 1 2726
1584236549273 1 2727
1584236549284 1 2728
1584236549292 1 2729
1584236549301 1 2730
1584236549310 1 2731
1584236549327 1 2732
1584236549337 1 2733
1584236549350 1 2734
1584236549360 1 2735
1584236549370 1 2736
1584236549382 1 2737
1584236549391 1 2738
1584236549401 1 2739
1584236549435 1 2740
1584236549459 1 2741
1584236549471 1 2742
1584236549482 1 2743
1584236549492 1 2744
1584236549502 1 2745
1584236549509 1 2746
1584236549519 1 2747
1584236549534 1 2748
1584236549548 1 2749
1584236549558 1 2750
1584236549569 1 2751
1584236549581 1 2752
1584236549591 1 2753
1584236549601 1 2754
1584236549609 1 2755
1584236549618 1 2756
1584236549634 1 2757
1584236549648 1 2758
1584236549660 1 2759
1584236549670 1 2760
1584236549683 1 2761
1584236549691 1 2762
1584236549703 1 2763
1584236549711 1 2764
1584236549724 1 2765
1584236549738 1 2766
1584236549751 1 2767
1584236549761 1 2768
1584236549771 1 2769
1584236549782 1 2770
1584236549793 1 2771
1584236549802 1 2772
1584236549810 1 2773
1584236549821 1 2774
1584236549835 1 2775
1584236549846 1 2776
1584236549859 1 2777
1584236549868 1 2778
1584236549882 1 2779
1584236549892 1 2780
1584236549902 1 2781
1584236549912 1 2782
1584236549924 1 2783
1584236549940 1 2784
1584236549961 1 2785
1584236549973 1 2786
1584236549985 1 2787
1584236549994 1 2788
1584236550003 1 2789
1584236550011 1 2790
1584236550022 1 2791
1584236550035 1 2792
1584236550049 1 2793
1584236550060 1 2794
1584236550071 1 2795
1584236550082 1 2796
1584236550091 1 2797
1584236550098 1 2798
1584236550106 1 2799
1584236550117 1 2800
1584236550126 1 2801
1584236550140 1 2802
1584236550152 1 2803
1584236550164 1 2804
1584236550174 1 2805
1584236550184 1 2806
1584236550192 1 2807
1584236550202 1 2808
1584236550211 1 2809
1584236550220 1 2810
1584236550234 1 2811
1584236550246 1 2812
1584236550257 1 2813
1584236550269 1 2814
1584236550280 1 2815
1584236550290 1 2816
1584236550300 1 2817
1584236550308 1 2818
1584236550318 1 2819
1584236550327 1 2820
1584236550342 1 2821
1584236550355 1 2822
1584236550367 1 2823
1584236550378 1 2824
1584236550391 1 2825
1584236550401 1 2826
1584236550429 1 2827
1584236550451 1 2828
1584236550470 1 2829
1584236550479 1 2830
1584236550490 1 2831
1584236550500 1 2832
1584236550509 1 2833
1584236550520 1 2834
1584236550535 1 2835
1584236550549 1 2836
1584236550560 1 2837
1584236550572 1 2838
1584236550583 1 2839
1584236550593 1 2840
1584236550601 1 2841
1584236550610 1 2842
1584236550620 1 2843
1584236550635 1 2844
1584236550649 1 2845
1584236550660 1 2846
1584236550672 1 2847
1584236550684 1 2848
1584236550692 1 2849
1584236550700 1 2850
1584236550708 1 2851
1584236550719 1 2852
1584236550730 1 2853
1584236550747 1 2854
1584236550756 1 2855
1584236550766 1 2856
1584236550775 1 2857
1584236550788 1 2858
1584236550798 1 2859
1584236550806 1 2860
1584236550814 1 2861
1584236550824 1 2862
1584236550840 1 2863
1584236550851 1 2864
1584236550863 1 2865
1584236550874 1 2866
1584236550886 1 2867
1584236550895 1 2868
1584236550902 1 2869
1584236550911 1 2870
1584236550921 1 2871
1584236550930 1 2872
1584236550951 1 2873
1584236550964 1 2874
1584236550979 1 2875
1584236550991 1 2876
1584236551000 1 2877
1584236551007 1 2878
1584236551018 1 2879
1584236551029 1 2880
1584236551038 1 2881
1584236551054 1 2882
1584236551066 1 2883
1584236551077 1 2884
1584236551089 1 2885
1584236551097 1 2886
1584236551106 1 2887
1584236551115 1 2888
1584236551125 1 2889
1584236551135 1 2890
1584236551148 1 2891
1584236551162 1 2892
1584236551174 1 2893
1584236551187 1 2894
1584236551196 1 2895
1584236551205 1 2896
1584236551213 1 2897
1584236551223 1 2898
1584236551233 1 2899
1584236551247 1 2900
1584236551257 1 2901
1584236551270 1 2902
1584236551281 1 2903
1584236551293 1 2904
1584236551302 1 2905
1584236551309 1 2906
1584236551319 1 2907
1584236551328 1 2908
1584236551338 1 2909
1584236551350 1 2910
1584236551357 1 2911
1584236551370 1 2912
1584236551379 1 2913
1584236551392 1 2914
1584236551401 1 2915
1584236551435 1 2916
1584236551454 1 2917
1584236551468 1 2918
1584236551479 1 2919
1584236551491 1 2920
1584236551498 1 2921
1584236551508 1 2922
1584236551519 1 2923
1584236551531 1 2924
1584236551541 1 2925
1584236551555 1 2926
1584236551566 1 2927
1584236551577 1 2928
1584236551588 1 2929
1584236551598 1 2930
1584236551607 1 2931
1584236551618 1 2932
1584236551628 1 2933
1584236551637 1 2934
1584236551652 1 2935
1584236551666 1 2936
1584236551675 1 2937
1584236551687 1 2938
1584236551697 1 2939
1584236551706 1 2940
1584236551715 1 2941
1584236551724 1 2942
1584236551734 1 2943
1584236551746 1 2944
1584236551757 1 2945
1584236551769 1 2946
1584236551782 1 2947
1584236551792 1 2948
1584236551802 1 2949
1584236551809 1 2950
1584236551819 1 2951
1584236551829 1 2952
1584236551838 1 2953
1584236551854 1 2954
1584236551869 1 2955
1584236551879 1 2956
1584236551891 1 2957
1584236551900 1 2958
1584236551909 1 2959
1584236551918 1 2960
1584236551928 1 2961
1584236551937 1 2962
1584236551956 1 2963
1584236551970 1 2964
1584236551985 1 2965
1584236551995 1 2966
1584236552004 1 2967
1584236552012 1 2968
1584236552020 1 2969
1584236552032 1 2970
1584236552042 1 2971
1584236552057 1 2972
1584236552070 1 2973
1584236552082 1 2974
1584236552092 1 2975
1584236552099 1 2976
1584236552108 1 2977
1584236552117 1 2978
1584236552126 1 2979
1584236552136 1 2980
1584236552145 1 2981
1584236552163 1 2982
1584236552174 1 2983
1584236552185 1 2984
1584236552194 1 2985
1584236552203 1 2986
1584236552212 1 2987
1584236552223 1 2988
1584236552232 1 2989
1584236552242 1 2990
1584236552253 1 2991
1584236552269 1 2992
1584236552279 1 2993
1584236552290 1 2994
1584236552298 1 2995
1584236552308 1 2996
1584236552318 1 2997
1584236552327 1 2998
1584236552337 1 2999
1584236552348 1 3000
1584236552366 1 3001
1584236552375 1 3002
1584236552387 1 3003
1584236552398 1 3004
1584236552427 1 3005
1584236552438 1 3006
1584236552451 1 3007
1584236552473 1 3008
1584236552494 1 3009
1584236552507 1 3010
1584236552525 1 3011
1584236552538 1 3012
1584236552552 1 3013
1584236552574 1 3014
1584236552586 1 3015
1584236552595 1 3016
1584236552606 1 3017
1584236552616 1 3018
1584236552629 1 3019
1584236552645 1 3020
1584236552669 1 3021
1584236552680 1 3022
1584236552692 1 3023
1584236552702 1 3024
1584236552712 1 3025
1584236552723 1 3026
1584236552733 1 3027
1584236552742 1 3028
1584236552753 1 3029
1584236552766 1 3030
1584236552780 1 3031
1584236552792 1 3032
1584236552802 1 3033
1584236552810 1 3034
1584236552819 1 3035
1584236552831 1 3036
1584236552840 1 3037
1584236552850 1 3038
1584236552858 1 3039
1584236552871 1 3040
1584236552885 1 3041
1584236552897 1 3042
1584236552907 1 3043
1584236552916 1 3044
1584236552925 1 3045
1584236552935 1 3046
1584236552951 1 3047
1584236552969 1 3048
1584236552983 1 3049
1584236552994 1 3050
1584236553003 1 3051
1584236553012 1 3052
1584236553020 1 3053
1584236553030 1 3054
1584236553041 1 3055
1584236553050 1 3056
1584236553061 1 3057
1584236553074 1 3058
1584236553086 1 3059
1584236553096 1 3060
1584236553104 1 3061
1584236553112 1 3062
1584236553121 1 3063
1584236553130 1 3064
1584236553140 1 3065
1584236553149 1 3066
1584236553158 1 3067
1584236553168 1 3068
1584236553185 1 3069
1584236553196 1 3070
1584236553203 1 3071
1584236553212 1 3072
1584236553223 1 3073
1584236553233 1 3074
1584236553245 1 3075
1584236553256 1 3076
1584236553268 1 3077
1584236553284 1 3078
1584236553295 1 3079
1584236553305 1 3080
1584236553313 1 3081
1584236553322 1 3082
1584236553332 1 3083
1584236553343 1 3084
1584236553353 1 3085
1584236553364 1 3086
1584236553381 1 3087
1584236553391 1 3088
1584236553401 1 3089
1584236553409 1 3090
1584236553436 1 3091
1584236553445 1 3092
1584236553458 1 3093
1584236553470 1 3094
1584236553488 1 3095
1584236553501 1 3096
1584236553509 1 3097
1584236553519 1 3098
1584236553528 1 3099
1584236553541 1 3100
1584236553551 1 3101
1584236553563 1 3102
1584236553571 1 3103
1584236553583 1 3104
1584236553590 1 3105
1584236553601 1 3106
1584236553621 1 3107
1584236553630 1 3108
1584236553638 1 3109
1584236553646 1 3110
1584236553655 1 3111
1584236553663 1 3112
1584236553672 1 3113
1584236553685 1 3114
1584236553696 1 3115
1584236553705 1 3116
1584236553714 1 3117
1584236553721 1 3118
1584236553730 1 3119
1584236553739 1 3120
1584236553747 1 3121
1584236553757 1 3122
1584236553764 1 3123
1584236553772 1 3124
1584236553783 1 3125
1584236553793 1 3126
1584236553804 1 3127
1584236553812 1 3128
1584236553821 1 3129
1584236553831 1 3130
1584236553840 1 3131
1584236553848 1 3132
1584236553856 1 3133
1584236553864 1 3134
1584236553873 1 3135
1584236553880 1 3136
1584236553897 1 3137
1584236553908 1 3138
1584236553918 1 3139
1584236553928 1 3140
1584236553937 1 3141
1584236553952 1 3142
1584236553966 1 3143
1584236553979 1 3144
1584236553999 1 3145
1584236554008 1 3146
1584236554015 1 3147
1584236554026 1 3148
1584236554036 1 3149
1584236554048 1 3150
1584236554060 1 3151
1584236554072 1 3152
1584236554084 1 3153
1584236554099 1 3154
1584236554108 1 3155
1584236554118 1 3156
1584236554127 1 3157
1584236554137 1 3158
1584236554147 1 3159
1584236554159 1 3160
1584236554170 1 3161
1584236554178 1 3162
1584236554197 1 3163
1584236554205 1 3164
1584236554213 1 3165
1584236554223 1 3166
1584236554234 1 3167
1584236554241 1 3168
1584236554250 1 3169
1584236554260 1 3170
1584236554271 1 3171
1584236554282 1 3172
1584236554300 1 3173
1584236554309 1 3174
1584236554319 1 3175
1584236554327 1 3176
1584236554338 1 3177
1584236554350 1 3178
1584236554360 1 3179
1584236554371 1 3180
1584236554381 1 3181
1584236554399 1 3182
1584236554427 1 3183
1584236554436 1 3184
1584236554444 1 3185
1584236554458 1 3186
1584236554471 1 3187
1584236554481 1 3188
1584236554499 1 3189
1584236554515 1 3190
1584236554522 1 3191
1584236554532 1 3192
1584236554542 1 3193
1584236554553 1 3194
1584236554561 1 3195
1584236554573 1 3196
1584236554585 1 3197
1584236554600 1 3198
1584236554611 1 3199
1584236554620 1 3200
1584236554629 1 3201
1584236554640 1 3202
1584236554650 1 3203
1584236554660 1 3204
1584236554672 1 3205
1584236554685 1 3206
1584236554701 1 3207
1584236554715 1 3208
1584236554725 1 3209
1584236554735 1 3210
1584236554744 1 3211
1584236554754 1 3212
1584236554763 1 3213
1584236554774 1 3214
1584236554785 1 3215
1584236554801 1 3216
1584236554812 1 3217
1584236554822 1 3218
1584236554831 1 3219
1584236554842 1 3220
1584236554852 1 3221
1584236554861 1 3222
1584236554872 1 3223
1584236554882 1 3224
1584236554895 1 3225
1584236554912 1 3226
1584236554922 1 3227
1584236554932 1 3228
1584236554941 1 3229
1584236554951 1 3230
1584236554965 1 3231
1584236554973 1 3232
1584236554980 1 3233
1584236554987 1 3234
1584236555002 1 3235
1584236555020 1 3236
1584236555028 1 3237
1584236555037 1 3238
1584236555046 1 3239
1584236555057 1 3240
1584236555067 1 3241
1584236555077 1 3242
1584236555087 1 3243
1584236555096 1 3244
1584236555109 1 3245
1584236555120 1 3246
1584236555129 1 3247
1584236555138 1 3248
1584236555149 1 3249
1584236555158 1 3250
1584236555168 1 3251
1584236555177 1 3252
1584236555187 1 3253
1584236555199 1 3254
1584236555217 1 3255
1584236555227 1 3256
1584236555237 1 3257
1584236555248 1 3258
1584236555259 1 3259
1584236555272 1 3260
1584236555285 1 3261
1584236555298 1 3262
1584236555312 1 3263
1584236555322 1 3264
1584236555329 1 3265
1584236555338 1 3266
1584236555346 1 3267
1584236555354 1 3268
1584236555364 1 3269
1584236555372 1 3270
1584236555380 1 3271
1584236555390 1 3272
1584236555398 1 3273
1584236555418 1 3274
1584236555434 1 3275
1584236555460 1 3276
1584236555472 1 3277
1584236555483 1 3278
1584236555495 1 3279
1584236555511 1 3280
1584236555527 1 3281
1584236555538 1 3282
1584236555548 1 3283
1584236555558 1 3284
1584236555569 1 3285
1584236555580 1 3286
1584236555591 1 3287
1584236555601 1 3288
1584236555616 1 3289
1584236555625 1 3290
1584236555633 1 3291
1584236555642 1 3292
1584236555651 1 3293
1584236555661 1 3294
1584236555671 1 3295
1584236555681 1 3296
1584236555688 1 3297
1584236555698 1 3298
1584236555708 1 3299
1584236555724 1 3300
1584236555731 1 3301
1584236555741 1 3302
1584236555751 1 3303
1584236555760 1 3304
1584236555768 1 3305
1584236555778 1 3306
1584236555787 1 3307
1584236555796 1 3308
1584236555807 1 3309
1584236555818 1 3310
1584236555827 1 3311
1584236555838 1 3312
1584236555848 1 3313
1584236555857 1 3314
1584236555867 1 3315
1584236555877 1 3316
1584236555886 1 3317
1584236555897 1 3318
1584236555906 1 3319
1584236555919 1 3320
1584236555932 1 3321
1584236555942 1 3322
1584236555952 1 3323
1584236555969 1 3324
1584236555979 1 3325
1584236555989 1 3326
1584236556000 1 3327
1584236556009 1 3328
1584236556028 1 3329
1584236556040 1 3330
1584236556050 1 3331
1584236556060 1 3332
1584236556071 1 3333
1584236556084 1 3334
1584236556095 1 3335
1584236556105 1 3336
1584236556112 1 3337
1584236556124 1 3338
1584236556138 1 3339
1584236556148 1 3340
1584236556159 1 3341
1584236556169 1 3342
1584236556179 1 3343
1584236556191 1 3344
1584236556203 1 3345
1584236556212 1 3346
1584236556224 1 3347
1584236556236 1 3348
1584236556246 1 3349
1584236556256 1 3350
1584236556266 1 3351
1584236556275 1 3352
1584236556286 1 3353
1584236556299 1 3354
1584236556312 1 3355
1584236556324 1 3356
1584236556336 1 3357
1584236556346 1 3358
1584236556355 1 3359
1584236556364 1 3360
1584236556373 1 3361
1584236556401 1 3362
1584236556409 1 3363
1584236556424 1 3364
1584236556436 1 3365
1584236556445 1 3366
1584236556455 1 3367
1584236556471 1 3368
1584236556481 1 3369
1584236556491 1 3370
1584236556501 1 3371
1584236556513 1 3372
1584236556536 1 3373
1584236556545 1 3374
1584236556554 1 3375
1584236556564 1 3376
1584236556575 1 3377
1584236556584 1 3378
1584236556593 1 3379
1584236556602 1 3380
1584236556611 1 3381
1584236556623 1 3382
1584236556636 1 3383
1584236556646 1 3384
1584236556662 1 3385
1584236556674 1 3386
1584236556683 1 3387
1584236556693 1 3388
1584236556704 1 3389
1584236556715 1 3390
1584236556728 1 3391
1584236556756 1 3392
1584236556771 1 3393
1584236556781 1 3394
1584236556792 1 3395
1584236556807 1 3396
1584236556819 1 3397
1584236556830 1 3398
1584236556840 1 3399
1584236556850 1 3400
1584236556861 1 3401
