1584595733187 1 1
1584595735559 1 2
1584595737848 1 3
1584595740258 1 4
1584595742593 1 5
1584595744906 1 6
1584595747167 1 7
1584595749422 1 8
1584595751711 1 9
1584595754009 1 10
1584595756182 1 11
1584595758370 1 12
1584595760625 1 13
1584595762889 1 14
1584595765066 1 15
1584595767248 1 16
1584595769455 1 17
1584595771737 1 18
1584595773940 1 19
1584595776163 1 20
1584595778392 1 21
1584595780627 1 22
1584595782853 1 23
1584595785050 1 24
1584595787270 1 25
1584595789521 1 26
1584595791774 1 27
1584595794011 1 28
1584595796223 1 29
1584595798449 1 30
1584595800692 1 31
1584595803007 1 32
1584595805235 1 33
1584595807517 1 34
1584595809713 1 35
1584595811906 1 36
1584595814097 1 37
1584595816485 1 38
1584595818714 1 39
1584595820952 1 40
1584595823142 1 41
1584595825335 1 42
1584595827554 1 43
1584595829922 1 44
1584595832140 1 45
1584595834366 1 46
1584595836611 1 47
1584595838819 1 48
1584595841024 1 49
1584595843282 1 50
1584595845555 1 51
1584595847807 1 52
1584595849993 1 53
1584595852176 1 54
1584595854431 1 55
1584595856682 1 56
1584595858924 1 57
1584595861207 1 58
1584595863459 1 59
1584595865670 1 60
1584595867841 1 61
1584595870082 1 62
1584595872326 1 63
1584595874570 1 64
1584595876814 1 65
1584595879023 1 66
1584595881222 1 67
1584595883463 1 68
1584595885689 1 69
1584595887962 1 70
1584595890212 1 71
1584595892476 1 72
1584595894682 1 73
1584595896860 1 74
1584595899070 1 75
1584595901312 1 76
1584595903570 1 77
1584595905779 1 78
1584595907984 1 79
1584595910212 1 80
1584595912445 1 81
1584595914688 1 82
1584595916920 1 83
1584595919156 1 84
1584595921385 1 85
1584595923625 1 86
1584595925908 1 87
1584595928146 1 88
1584595930416 1 89
1584595932656 1 90
1584595934849 1 91
1584595937029 1 92
1584595939258 1 93
1584595941505 1 94
1584595943743 1 95
1584595945961 1 96
1584595948179 1 97
1584595950396 1 98
1584595952627 1 99
1584595954897 1 100
1584595957240 1 101
1584595959547 1 102
1584595961761 1 103
1584595963952 1 104
1584595966183 1 105
1584595968507 1 106
1584595970942 1 107
1584595973255 1 108
1584595975518 1 109
1584595977706 1 110
1584595979870 1 111
1584595982043 1 112
1584595984303 1 113
1584595986633 1 114
1584595988818 1 115
1584595991006 1 116
1584595993201 1 117
1584595995511 1 118
1584595997808 1 119
1584596000116 1 120
1584596002348 1 121
1584596004591 1 122
1584596006789 1 123
1584596008968 1 124
1584596011208 1 125
1584596013749 1 126
1584596015994 1 127
1584596018192 1 128
1584596020398 1 129
1584596022770 1 130
1584596024986 1 131
1584596027227 1 132
1584596029467 1 133
1584596031711 1 134
1584596033865 1 135
1584596036024 1 136
1584596038195 1 137
1584596040456 1 138
1584596042666 1 139
1584596044857 1 140
1584596046999 1 141
1584596049153 1 142
1584596051370 1 143
1584596053675 1 144
1584596055872 1 145
1584596058117 1 146
1584596060368 1 147
1584596062561 1 148
1584596064795 1 149
1584596067041 1 150
1584596069296 1 151
1584596071539 1 152
1584596073696 1 153
1584596075888 1 154
1584596078123 1 155
1584596080353 1 156
1584596082609 1 157
1584596084846 1 158
1584596087099 1 159
1584596089301 1 160
1584596091619 1 161
1584596093864 1 162
1584596096112 1 163
1584596098372 1 164
1584596100586 1 165
1584596102768 1 166
1584596104983 1 167
1584596107230 1 168
1584596109480 1 169
1584596111711 1 170
1584596113986 1 171
1584596116221 1 172
1584596118464 1 173
1584596120692 1 174
1584596122962 1 175
1584596125236 1 176
1584596127476 1 177
1584596129674 1 178
1584596131844 1 179
1584596134061 1 180
1584596136299 1 181
1584596138588 1 182
1584596140845 1 183
1584596143105 1 184
1584596145276 1 185
1584596147484 1 186
1584596149740 1 187
1584596151963 1 188
1584596154229 1 189
1584596156431 1 190
1584596158628 1 191
1584596160806 1 192
1584596163061 1 193
1584596165310 1 194
1584596167541 1 195
1584596169886 1 196
1584596172175 1 197
1584596174388 1 198
1584596176596 1 199
1584596178888 1 200
1584596181303 1 201
1584596183599 1 202
1584596185794 1 203
1584596187960 1 204
1584596190191 1 205
1584596192429 1 206
1584596194677 1 207
1584596196913 1 208
1584596199144 1 209
1584596201341 1 210
1584596203544 1 211
1584596205732 1 212
1584596207964 1 213
1584596210231 1 214
1584596212423 1 215
1584596214648 1 216
1584596216866 1 217
1584596219091 1 218
1584596221368 1 219
1584596223584 1 220
1584596225864 1 221
1584596228106 1 222
1584596230293 1 223
1584596232500 1 224
1584596234892 1 225
1584596237157 1 226
1584596239473 1 227
1584596241671 1 228
1584596243837 1 229
1584596246103 1 230
1584596248350 1 231
1584596250605 1 232
1584596252859 1 233
1584596255084 1 234
1584596257290 1 235
1584596259484 1 236
1584596261664 1 237
1584596263904 1 238
1584596266152 1 239
1584596268365 1 240
1584596270585 1 241
1584596272785 1 242
1584596275033 1 243
1584596277305 1 244
1584596279590 1 245
1584596281894 1 246
1584596284138 1 247
1584596286323 1 248
1584596288526 1 249
1584596290790 1 250
1584596293051 1 251
1584596295315 1 252
1584596297506 1 253
1584596299703 1 254
1584596301987 1 255
1584596304236 1 256
1584596306495 1 257
1584596308734 1 258
1584596311001 1 259
1584596313372 1 260
1584596315559 1 261
1584596317750 1 262
1584596320008 1 263
1584596322261 1 264
1584596324471 1 265
1584596326662 1 266
1584596328835 1 267
1584596331103 1 268
1584596333312 1 269
1584596335595 1 270
1584596337870 1 271
1584596340118 1 272
1584596342301 1 273
1584596344536 1 274
1584596346768 1 275
1584596349038 1 276
1584596351296 1 277
1584596353499 1 278
1584596355689 1 279
1584596357978 1 280
1584596360280 1 281
1584596362537 1 282
1584596364816 1 283
1584596367042 1 284
1584596369218 1 285
1584596371408 1 286
1584596373623 1 287
1584596375871 1 288
1584596378133 1 289
1584596380354 1 290
1584596382586 1 291
1584596384776 1 292
1584596387029 1 293
1584596389295 1 294
1584596391541 1 295
1584596393828 1 296
1584596396119 1 297
1584596398322 1 298
1584596400504 1 299
1584596402792 1 300
1584596405106 1 301
1584596407372 1 302
1584596409712 1 303
1584596411873 1 304
1584596414127 1 305
1584596416388 1 306
1584596418665 1 307
1584596420905 1 308
1584596423136 1 309
1584596425339 1 310
1584596427538 1 311
1584596429725 1 312
1584596431983 1 313
1584596434259 1 314
1584596436440 1 315
1584596438604 1 316
1584596440881 1 317
1584596443144 1 318
1584596445451 1 319
1584596447715 1 320
1584596450025 1 321
1584596452296 1 322
1584596454520 1 323
1584596456709 1 324
1584596458970 1 325
1584596461275 1 326
1584596463575 1 327
1584596465752 1 328
1584596467944 1 329
1584596470303 1 330
1584596472606 1 331
1584596474866 1 332
1584596477142 1 333
1584596479434 1 334
1584596481673 1 335
1584596483845 1 336
1584596486055 1 337
1584596488316 1 338
1584596490617 1 339
1584596492891 1 340
1584596495089 1 341
1584596497288 1 342
1584596499599 1 343
1584596501981 1 344
1584596504479 1 345
1584596507018 1 346
1584596509310 1 347
1584596511523 1 348
1584596513731 1 349
1584596515992 1 350
1584596518252 1 351
1584596520539 1 352
1584596522724 1 353
1584596524950 1 354
1584596527211 1 355
1584596529499 1 356
1584596531817 1 357
1584596534073 1 358
1584596536351 1 359
1584596538542 1 360
1584596540776 1 361
1584596543002 1 362
1584596545275 1 363
1584596547584 1 364
1584596549776 1 365
1584596551972 1 366
1584596554145 1 367
1584596556429 1 368
1584596558689 1 369
1584596560984 1 370
1584596563270 1 371
1584596565555 1 372
1584596567792 1 373
1584596569973 1 374
1584596572248 1 375
1584596574534 1 376
1584596576826 1 377
1584596579004 1 378
1584596581245 1 379
1584596583529 1 380
1584596585824 1 381
1584596588090 1 382
1584596590366 1 383
1584596592659 1 384
1584596594858 1 385
1584596597105 1 386
1584596599291 1 387
1584596601565 1 388
1584596603952 1 389
1584596606128 1 390
1584596608387 1 391
1584596610622 1 392
1584596612902 1 393
1584596615157 1 394
1584596617388 1 395
1584596619667 1 396
1584596621931 1 397
1584596624136 1 398
1584596626353 1 399
1584596628611 1 400
1584596630930 1 401
1584596633280 1 402
1584596635499 1 403
1584596637728 1 404
1584596640006 1 405
1584596642279 1 406
1584596644574 1 407
1584596646857 1 408
1584596649122 1 409
1584596651316 1 410
1584596653539 1 411
1584596655773 1 412
1584596658030 1 413
1584596660297 1 414
1584596662515 1 415
1584596664748 1 416
1584596666962 1 417
1584596669205 1 418
1584596671463 1 419
1584596673684 1 420
1584596675958 1 421
1584596678216 1 422
1584596680439 1 423
1584596682686 1 424
1584596684976 1 425
1584596687236 1 426
1584596689559 1 427
1584596691753 1 428
1584596693963 1 429
1584596696234 1 430
1584596698570 1 431
1584596700915 1 432
1584596703186 1 433
1584596705504 1 434
1584596707697 1 435
1584596709908 1 436
1584596712099 1 437
1584596714376 1 438
1584596716636 1 439
1584596718851 1 440
1584596721089 1 441
1584596723300 1 442
1584596725555 1 443
1584596727890 1 444
1584596730172 1 445
1584596732480 1 446
1584596734770 1 447
1584596736970 1 448
1584596739185 1 449
1584596741464 1 450
1584596743764 1 451
1584596746040 1 452
1584596748242 1 453
1584596750465 1 454
1584596752743 1 455
1584596755007 1 456
1584596757253 1 457
1584596759551 1 458
1584596761838 1 459
1584596764058 1 460
1584596766320 1 461
1584596768526 1 462
1584596770868 1 463
1584596773118 1 464
1584596775312 1 465
1584596777527 1 466
1584596779762 1 467
1584596781992 1 468
1584596784210 1 469
1584596786472 1 470
1584596788741 1 471
1584596791070 1 472
1584596793289 1 473
1584596795515 1 474
1584596797817 1 475
1584596800066 1 476
1584596802361 1 477
1584596804533 1 478
1584596806788 1 479
1584596809041 1 480
1584596811288 1 481
1584596813540 1 482
1584596815833 1 483
1584596818075 1 484
1584596820276 1 485
1584596822520 1 486
1584596824736 1 487
1584596827070 1 488
1584596829312 1 489
1584596831514 1 490
1584596833743 1 491
1584596835940 1 492
1584596838200 1 493
1584596840463 1 494
1584596842756 1 495
1584596845050 1 496
1584596847324 1 497
1584596849537 1 498
1584596851755 1 499
1584596854022 1 500
1584596856370 1 501
1584596858628 1 502
1584596860887 1 503
1584596863093 1 504
1584596865338 1 505
1584596867623 1 506
1584596869899 1 507
1584596872193 1 508
1584596874473 1 509
1584596876670 1 510
1584596878900 1 511
1584596881085 1 512
1584596883361 1 513
1584596885627 1 514
1584596887890 1 515
1584596890102 1 516
1584596892382 1 517
1584596894719 1 518
1584596896983 1 519
1584596899258 1 520
1584596901522 1 521
1584596903821 1 522
1584596906015 1 523
1584596908243 1 524
1584596910493 1 525
1584596912817 1 526
1584596915074 1 527
1584596917290 1 528
1584596919512 1 529
1584596921784 1 530
1584596924138 1 531
1584596926422 1 532
1584596928683 1 533
1584596930979 1 534
1584596933192 1 535
1584596935386 1 536
1584596937582 1 537
1584596939895 1 538
1584596942156 1 539
1584596944349 1 540
1584596946533 1 541
1584596948756 1 542
1584596951026 1 543
1584596953326 1 544
1584596955591 1 545
1584596957861 1 546
1584596960137 1 547
1584596962354 1 548
1584596964631 1 549
1584596966890 1 550
1584596969147 1 551
1584596971421 1 552
1584596973641 1 553
1584596975869 1 554
1584596978131 1 555
1584596980424 1 556
1584596982730 1 557
1584596985003 1 558
1584596987260 1 559
1584596989671 1 560
1584596991977 1 561
1584596994187 1 562
1584596996475 1 563
1584596998775 1 564
1584597001130 1 565
1584597003441 1 566
1584597005648 1 567
1584597007892 1 568
1584597010179 1 569
1584597012482 1 570
1584597014781 1 571
1584597017077 1 572
1584597019321 1 573
1584597021524 1 574
1584597023844 1 575
1584597026323 1 576
1584597028691 1 577
1584597030959 1 578
1584597033171 1 579
1584597035443 1 580
1584597037752 1 581
1584597040048 1 582
1584597042325 1 583
1584597044671 1 584
1584597046892 1 585
1584597049103 1 586
1584597051294 1 587
1584597053574 1 588
1584597055855 1 589
1584597058059 1 590
1584597060282 1 591
1584597062463 1 592
1584597064726 1 593
1584597067028 1 594
1584597069322 1 595
1584597071670 1 596
1584597073979 1 597
1584597076219 1 598
1584597078483 1 599
1584597080983 1 600
1584597083495 1 601
1584597085991 1 602
1584597088193 1 603
1584597090407 1 604
1584597092718 1 605
1584597095005 1 606
1584597097324 1 607
1584597099618 1 608
1584597101932 1 609
1584597104137 1 610
1584597106395 1 611
1584597108629 1 612
1584597110937 1 613
1584597113232 1 614
1584597115475 1 615
1584597117701 1 616
1584597119918 1 617
1584597122239 1 618
1584597124642 1 619
1584597126996 1 620
1584597129293 1 621
1584597131616 1 622
1584597133815 1 623
1584597136006 1 624
1584597138307 1 625
1584597140598 1 626
1584597142931 1 627
1584597145150 1 628
1584597147413 1 629
1584597149701 1 630
1584597152009 1 631
1584597154308 1 632
1584597156611 1 633
1584597158902 1 634
1584597161116 1 635
1584597163312 1 636
1584597165551 1 637
1584597167851 1 638
1584597170152 1 639
1584597172384 1 640
1584597174584 1 641
1584597176842 1 642
1584597179131 1 643
1584597181574 1 644
1584597183921 1 645
1584597186217 1 646
1584597188549 1 647
1584597190817 1 648
1584597193037 1 649
1584597195341 1 650
1584597197682 1 651
1584597200006 1 652
1584597202246 1 653
1584597204477 1 654
1584597206792 1 655
1584597209126 1 656
1584597211448 1 657
1584597213825 1 658
1584597216138 1 659
1584597218368 1 660
1584597220560 1 661
1584597222783 1 662
1584597225097 1 663
1584597227415 1 664
1584597229616 1 665
1584597231824 1 666
1584597234023 1 667
1584597236324 1 668
1584597238636 1 669
1584597240972 1 670
1584597243351 1 671
1584597245848 1 672
1584597248088 1 673
1584597250337 1 674
1584597252639 1 675
1584597254901 1 676
1584597257172 1 677
1584597259367 1 678
1584597261550 1 679
1584597263868 1 680
1584597266164 1 681
1584597268476 1 682
1584597270786 1 683
1584597273121 1 684
1584597275314 1 685
1584597277598 1 686
1584597279996 1 687
1584597282290 1 688
1584597284602 1 689
1584597286793 1 690
1584597288980 1 691
1584597291206 1 692
1584597293494 1 693
1584597295806 1 694
1584597298099 1 695
1584597300406 1 696
1584597302743 1 697
1584597304929 1 698
1584597307115 1 699
1584597309457 1 700
1584597311865 1 701
1584597314203 1 702
1584597316385 1 703
1584597318611 1 704
1584597320963 1 705
1584597323255 1 706
1584597325560 1 707
1584597327838 1 708
1584597330134 1 709
1584597332333 1 710
1584597334577 1 711
1584597336805 1 712
1584597339092 1 713
1584597341370 1 714
1584597343605 1 715
1584597345874 1 716
1584597348073 1 717
1584597350338 1 718
1584597352619 1 719
1584597354940 1 720
1584597357199 1 721
1584597359473 1 722
1584597361742 1 723
1584597363963 1 724
1584597366254 1 725
1584597368508 1 726
1584597370896 1 727
1584597373138 1 728
1584597375637 1 729
1584597377977 1 730
1584597380268 1 731
1584597382549 1 732
1584597384841 1 733
1584597387098 1 734
1584597389319 1 735
1584597391545 1 736
1584597393772 1 737
1584597396042 1 738
1584597398324 1 739
1584597400549 1 740
1584597402775 1 741
1584597404998 1 742
1584597407327 1 743
1584597409634 1 744
1584597411897 1 745
1584597414183 1 746
1584597416459 1 747
1584597418668 1 748
1584597420919 1 749
1584597423230 1 750
1584597425499 1 751
1584597427797 1 752
1584597430055 1 753
1584597432291 1 754
1584597434547 1 755
1584597436874 1 756
1584597439150 1 757
1584597441431 1 758
1584597443684 1 759
1584597445898 1 760
1584597448127 1 761
1584597450341 1 762
1584597452633 1 763
1584597454931 1 764
1584597457155 1 765
1584597459346 1 766
