1584595733187 1 1
1584595735559 0.995 2
1584595737848 0.990025 3
1584595740258 0.985074875 4
1584595742593 0.9801495006250001 5
1584595744906 0.9752487531218751 6
1584595747167 0.9703725093562657 7
1584595749422 0.9655206468094844 8
1584595751711 0.960693043575437 9
1584595754009 0.9558895783575597 10
1584595756182 0.9511101304657719 11
1584595758370 0.946354579813443 12
1584595760625 0.9416228069143757 13
1584595762889 0.9369146928798039 14
1584595765066 0.9322301194154049 15
1584595767248 0.9275689688183278 16
1584595769455 0.9229311239742362 17
1584595771737 0.918316468354365 18
1584595773940 0.9137248860125932 19
1584595776163 0.9091562615825302 20
1584595778392 0.9046104802746175 21
1584595780627 0.9000874278732445 22
1584595782853 0.8955869907338783 23
1584595785050 0.8911090557802088 24
1584595787270 0.8866535105013078 25
1584595789521 0.8822202429488013 26
1584595791774 0.8778091417340573 27
1584595794011 0.8734200960253871 28
1584595796223 0.8690529955452602 29
1584595798449 0.8647077305675338 30
1584595800692 0.8603841919146962 31
1584595803007 0.8560822709551227 32
1584595805235 0.851801859600347 33
1584595807517 0.8475428503023453 34
1584595809713 0.8433051360508336 35
1584595811906 0.8390886103705794 36
1584595814097 0.8348931673187264 37
1584595816485 0.8307187014821328 38
1584595818714 0.8265651079747222 39
1584595820952 0.8224322824348486 40
1584595823142 0.8183201210226743 41
1584595825335 0.8142285204175609 42
1584595827554 0.810157377815473 43
1584595829922 0.8061065909263957 44
1584595832140 0.8020760579717637 45
1584595834366 0.798065677681905 46
1584595836611 0.7940753492934954 47
1584595838819 0.7901049725470279 48
1584595841024 0.7861544476842928 49
1584595843282 0.7822236754458713 50
1584595845555 0.778312557068642 51
1584595847807 0.7744209942832988 52
1584595849993 0.7705488893118823 53
1584595852176 0.7666961448653229 54
1584595854431 0.7628626641409962 55
1584595856682 0.7590483508202912 56
1584595858924 0.7552531090661897 57
1584595861207 0.7514768435208588 58
1584595863459 0.7477194593032545 59
1584595865670 0.7439808620067382 60
1584595867841 0.7402609576967045 61
1584595870082 0.736559652908221 62
1584595872326 0.7328768546436799 63
1584595874570 0.7292124703704616 64
1584595876814 0.7255664080186093 65
1584595879023 0.7219385759785162 66
1584595881222 0.7183288830986236 67
1584595883463 0.7147372386831305 68
1584595885689 0.7111635524897149 69
1584595887962 0.7076077347272662 70
1584595890212 0.7040696960536299 71
1584595892476 0.7005493475733617 72
1584595894682 0.697046600835495 73
1584595896860 0.6935613678313175 74
1584595899070 0.6900935609921609 75
1584595901312 0.6866430931872001 76
1584595903570 0.6832098777212641 77
1584595905779 0.6797938283326578 78
1584595907984 0.6763948591909945 79
1584595910212 0.6730128848950395 80
1584595912445 0.6696478204705644 81
1584595914688 0.6662995813682115 82
1584595916920 0.6629680834613705 83
1584595919156 0.6596532430440636 84
1584595921385 0.6563549768288433 85
1584595923625 0.653073201944699 86
1584595925908 0.6498078359349755 87
1584595928146 0.6465587967553006 88
1584595930416 0.6433260027715241 89
1584595932656 0.6401093727576664 90
1584595934849 0.6369088258938781 91
1584595937029 0.6337242817644086 92
1584595939258 0.6305556603555866 93
1584595941505 0.6274028820538087 94
1584595943743 0.6242658676435396 95
1584595945961 0.6211445383053219 96
1584595948179 0.6180388156137953 97
1584595950396 0.6149486215357263 98
1584595952627 0.6118738784280476 99
1584595954897 0.6088145090359074 100
1584595957240 0.6057704364907278 101
1584595959547 0.6027415843082742 102
1584595961761 0.5997278763867329 103
1584595963952 0.5967292370047992 104
1584595966183 0.5937455908197752 105
1584595968507 0.5907768628656763 106
1584595970942 0.5878229785513479 107
1584595973255 0.5848838636585911 108
1584595975518 0.5819594443402982 109
1584595977706 0.5790496471185967 110
1584595979870 0.5761543988830038 111
1584595982043 0.5732736268885887 112
1584595984303 0.5704072587541458 113
1584595986633 0.567555222460375 114
1584595988818 0.5647174463480732 115
1584595991006 0.5618938591163328 116
1584595993201 0.5590843898207511 117
1584595995511 0.5562889678716474 118
1584595997808 0.5535075230322891 119
1584596000116 0.5507399854171277 120
1584596002348 0.547986285490042 121
1584596004591 0.5452463540625918 122
1584596006789 0.5425201222922789 123
1584596008968 0.5398075216808175 124
1584596011208 0.5371084840724134 125
1584596013749 0.5344229416520513 126
1584596015994 0.531750826943791 127
1584596018192 0.5290920728090721 128
1584596020398 0.5264466124450268 129
1584596022770 0.5238143793828016 130
1584596024986 0.5211953074858876 131
1584596027227 0.5185893309484582 132
1584596029467 0.5159963842937159 133
1584596031711 0.5134164023722473 134
1584596033865 0.510849320360386 135
1584596036024 0.5082950737585841 136
1584596038195 0.5057535983897912 137
1584596040456 0.5032248303978422 138
1584596042666 0.500708706245853 139
1584596044857 0.4982051627146237 140
1584596046999 0.49571413690105054 141
1584596049153 0.4932355662165453 142
1584596051370 0.4907693883854626 143
1584596053675 0.4883155414435353 144
1584596055872 0.4858739637363176 145
1584596058117 0.483444593917636 146
1584596060368 0.4810273709480478 147
1584596062561 0.47862223409330756 148
1584596064795 0.47622912292284103 149
1584596067041 0.4738479773082268 150
1584596069296 0.47147873742168567 151
1584596071539 0.46912134373457726 152
1584596073696 0.46677573701590436 153
1584596075888 0.46444185833082485 154
1584596078123 0.46211964903917074 155
1584596080353 0.4598090507939749 156
1584596082609 0.457510005540005 157
1584596084846 0.45522245551230495 158
1584596087099 0.4529463432347434 159
1584596089301 0.4506816115185697 160
1584596091619 0.4484282034609769 161
1584596093864 0.446186062443672 162
1584596096112 0.4439551321314536 163
1584596098372 0.4417353564707963 164
1584596100586 0.43952667968844233 165
1584596102768 0.43732904629000013 166
1584596104983 0.4351424010585501 167
1584596107230 0.43296668905325736 168
1584596109480 0.43080185560799106 169
1584596111711 0.4286478463299511 170
1584596113986 0.42650460709830135 171
1584596116221 0.42437208406280985 172
1584596118464 0.4222502236424958 173
1584596120692 0.42013897252428334 174
1584596122962 0.4180382776616619 175
1584596125236 0.4159480862733536 176
1584596127476 0.41386834584198684 177
1584596129674 0.4117990041127769 178
1584596131844 0.40974000909221303 179
1584596134061 0.40769130904675194 180
1584596136299 0.40565285250151817 181
1584596138588 0.4036245882390106 182
1584596140845 0.4016064652978155 183
1584596143105 0.3995984329713264 184
1584596145276 0.3976004408064698 185
1584596147484 0.39561243860243744 186
1584596149740 0.3936343764094253 187
1584596151963 0.39166620452737816 188
1584596154229 0.3897078735047413 189
1584596156431 0.3877593341372176 190
1584596158628 0.3858205374665315 191
1584596160806 0.38389143477919885 192
1584596163061 0.3819719776053028 193
1584596165310 0.3800621177172763 194
1584596167541 0.37816180712868996 195
1584596169886 0.37627099809304654 196
1584596172175 0.3743896431025813 197
1584596174388 0.37251769488706843 198
1584596176596 0.3706551064126331 199
1584596178888 0.36880183088056995 200
1584596181303 0.3669578217261671 201
1584596183599 0.36512303261753626 202
1584596185794 0.3632974174544486 203
1584596187960 0.3614809303671764 204
1584596190191 0.3596735257153405 205
1584596192429 0.3578751580867638 206
1584596194677 0.35608578229633 207
1584596196913 0.3543053533848483 208
1584596199144 0.35253382661792404 209
1584596201341 0.3507711574848344 210
1584596203544 0.34901730169741024 211
1584596205732 0.3472722151889232 212
1584596207964 0.3455358541129786 213
1584596210231 0.3438081748424137 214
1584596212423 0.3420891339682016 215
1584596214648 0.3403786882983606 216
1584596216866 0.3386767948568688 217
1584596219091 0.33698341088258443 218
1584596221368 0.3352984938281715 219
1584596223584 0.33362200135903064 220
1584596225864 0.33195389135223546 221
1584596228106 0.3302941218954743 222
1584596230293 0.32864265128599696 223
1584596232500 0.326999438029567 224
1584596234892 0.3253644408394192 225
1584596237157 0.3237376186352221 226
1584596239473 0.322118930542046 227
1584596241671 0.32050833588933575 228
1584596243837 0.31890579420988907 229
1584596246103 0.3173112652388396 230
1584596248350 0.3157247089126454 231
1584596250605 0.3141460853680822 232
1584596252859 0.3125753549412418 233
1584596255084 0.31101247816653554 234
1584596257290 0.30945741577570285 235
1584596259484 0.3079101286968243 236
1584596261664 0.3063705780533402 237
1584596263904 0.30483872516307353 238
1584596266152 0.3033145315372582 239
1584596268365 0.3017979588795719 240
1584596270585 0.30028896908517405 241
1584596272785 0.2987875242397482 242
1584596275033 0.29729358661854943 243
1584596277305 0.29580711868545667 244
1584596279590 0.2943280830920294 245
1584596281894 0.29285644267656924 246
1584596284138 0.2913921604631864 247
1584596286323 0.28993519966087045 248
1584596288526 0.2884855236625661 249
1584596290790 0.28704309604425327 250
1584596293051 0.285607880564032 251
1584596295315 0.28417984116121187 252
1584596297506 0.2827589419554058 253
1584596299703 0.28134514724562876 254
1584596301987 0.2799384215094006 255
1584596304236 0.27853872940185365 256
1584596306495 0.27714603575484437 257
1584596308734 0.2757603055760701 258
1584596311001 0.2743815040481898 259
1584596313372 0.2730095965279488 260
1584596315559 0.27164454854530906 261
1584596317750 0.2702863258025825 262
1584596320008 0.2689348941735696 263
1584596322261 0.26759021970270175 264
1584596324471 0.2662522686041882 265
1584596326662 0.2649210072611673 266
1584596328835 0.26359640222486147 267
1584596331103 0.26227842021373715 268
1584596333312 0.2609670281126685 269
1584596335595 0.25966219297210513 270
1584596337870 0.2583638820072446 271
1584596340118 0.2570720625972084 272
1584596342301 0.25578670228422234 273
1584596344536 0.25450776877280124 274
1584596346768 0.2532352299289372 275
1584596349038 0.2519690537792925 276
1584596351296 0.2507092085103961 277
1584596353499 0.2494556624678441 278
1584596355689 0.24820838415550486 279
1584596357978 0.24696734223472733 280
1584596360280 0.2457325055235537 281
1584596362537 0.24450384299593592 282
1584596364816 0.24328132378095624 283
1584596367042 0.24206491716205145 284
1584596369218 0.2408545925762412 285
1584596371408 0.23965031961336 286
1584596373623 0.2384520680152932 287
1584596375871 0.23725980767521673 288
1584596378133 0.23607350863684065 289
1584596380354 0.23489314109365644 290
1584596382586 0.23371867538818816 291
1584596384776 0.23255008201124722 292
1584596387029 0.231387331601191 293
1584596389295 0.23023039494318503 294
1584596391541 0.2290792429684691 295
1584596393828 0.22793384675362674 296
1584596396119 0.22679417751985861 297
1584596398322 0.22566020663225933 298
1584596400504 0.22453190559909803 299
1584596402792 0.22340924607110255 300
1584596405106 0.22229219984074702 301
1584596407372 0.2211807388415433 302
1584596409712 0.22007483514733558 303
1584596411873 0.2189744609715989 304
1584596414127 0.2178795886667409 305
1584596416388 0.2167901907234072 306
1584596418665 0.21570623976979014 307
1584596420905 0.21462770857094118 308
1584596423136 0.21355457002808648 309
1584596425339 0.21248679717794605 310
1584596427538 0.21142436319205632 311
1584596429725 0.21036724137609603 312
1584596431983 0.20931540516921554 313
1584596434259 0.20826882814336947 314
1584596436440 0.20722748400265262 315
1584596438604 0.20619134658263935 316
1584596440881 0.20516038984972615 317
1584596443144 0.2041345879004775 318
1584596445451 0.2031139149609751 319
1584596447715 0.20209834538617025 320
1584596450025 0.2010878536592394 321
1584596452296 0.2000824143909432 322
1584596454520 0.19908200231898848 323
1584596456709 0.19808659230739353 324
1584596458970 0.19709615934585656 325
1584596461275 0.19611067854912728 326
1584596463575 0.19513012515638165 327
1584596465752 0.19415447453059972 328
1584596467944 0.19318370215794672 329
1584596470303 0.192217783647157 330
1584596472606 0.1912566947289212 331
1584596474866 0.1903004112552766 332
1584596477142 0.18934890919900021 333
1584596479434 0.18840216465300522 334
1584596481673 0.18746015382974018 335
1584596483845 0.1865228530605915 336
1584596486055 0.18559023879528855 337
1584596488316 0.1846622876013121 338
1584596490617 0.18373897616330553 339
1584596492891 0.182820281282489 340
1584596495089 0.18190617987607657 341
1584596497288 0.18099664897669618 342
1584596499599 0.1800916657318127 343
1584596501981 0.17919120740315364 344
1584596504479 0.17829525136613786 345
1584596507018 0.17740377510930716 346
1584596509310 0.17651675623376062 347
1584596511523 0.1756341724525918 348
1584596513731 0.17475600159032884 349
1584596515992 0.17388222158237718 350
1584596518252 0.1730128104744653 351
1584596520539 0.17214774642209296 352
1584596522724 0.1712870076899825 353
1584596524950 0.17043057265153258 354
1584596527211 0.16957841978827493 355
1584596529499 0.16873052768933355 356
1584596531817 0.1678868750508869 357
1584596534073 0.16704744067563246 358
1584596536351 0.1662122034722543 359
1584596538542 0.16538114245489302 360
1584596540776 0.16455423674261854 361
1584596543002 0.16373146555890544 362
1584596545275 0.16291280823111093 363
1584596547584 0.16209824418995536 364
1584596549776 0.16128775296900558 365
1584596551972 0.16048131420416054 366
1584596554145 0.15967890763313974 367
1584596556429 0.15888051309497406 368
1584596558689 0.1580861105294992 369
1584596560984 0.1572956799768517 370
1584596563270 0.15650920157696743 371
1584596565555 0.1557266555690826 372
1584596567792 0.1549480222912372 373
1584596569973 0.15417328217978102 374
1584596572248 0.1534024157688821 375
1584596574534 0.1526354036900377 376
1584596576826 0.1518722266715875 377
1584596579004 0.15111286553822956 378
1584596581245 0.15035730121053842 379
1584596583529 0.14960551470448571 380
1584596585824 0.14885748713096328 381
1584596588090 0.14811319969530845 382
1584596590366 0.1473726336968319 383
1584596592659 0.14663577052834775 384
1584596594858 0.14590259167570602 385
1584596597105 0.1451730787173275 386
1584596599291 0.14444721332374086 387
1584596601565 0.14372497725712216 388
1584596603952 0.14300635237083656 389
1584596606128 0.14229132060898236 390
1584596608387 0.14157986400593744 391
1584596610622 0.14087196468590776 392
1584596612902 0.14016760486247823 393
1584596615157 0.13946676683816583 394
1584596617388 0.138769433003975 395
1584596619667 0.13807558583895513 396
1584596621931 0.13738520790976036 397
1584596624136 0.13669828187021155 398
1584596626353 0.13601479046086049 399
1584596628611 0.1353347165085562 400
1584596630930 0.1346580429260134 401
1584596633280 0.13398475271138335 402
1584596635499 0.13331482894782642 403
1584596637728 0.13264825480308728 404
1584596640006 0.13198501352907185 405
1584596642279 0.1313250884614265 406
1584596644574 0.13066846301911936 407
1584596646857 0.13001512070402377 408
1584596649122 0.12936504510050365 409
1584596651316 0.12871821987500112 410
1584596653539 0.12807462877562611 411
1584596655773 0.12743425563174798 412
1584596658030 0.12679708435358925 413
1584596660297 0.1261630989318213 414
1584596662515 0.1255322834371622 415
1584596664748 0.12490462201997637 416
1584596666962 0.1242800989098765 417
1584596669205 0.12365869841532712 418
1584596671463 0.12304040492325048 419
1584596673684 0.12242520289863423 420
1584596675958 0.12181307688414106 421
1584596678216 0.12120401149972035 422
1584596680439 0.12059799144222175 423
1584596682686 0.11999500148501063 424
1584596684976 0.11939502647758558 425
1584596687236 0.11879805134519765 426
1584596689559 0.11820406108847166 427
1584596691753 0.1176130407830293 428
1584596693963 0.11702497557911415 429
1584596696234 0.11643985070121858 430
1584596698570 0.11585765144771248 431
1584596700915 0.11527836319047392 432
1584596703186 0.11470197137452155 433
1584596705504 0.11412846151764894 434
1584596707697 0.1135578192100607 435
1584596709908 0.11299003011401039 436
1584596712099 0.11242507996344034 437
1584596714376 0.11186295456362313 438
1584596716636 0.11130363979080501 439
1584596718851 0.11074712159185099 440
1584596721089 0.11019338598389174 441
1584596723300 0.10964241905397228 442
1584596725555 0.10909420695870241 443
1584596727890 0.1085487359239089 444
1584596730172 0.10800599224428936 445
1584596732480 0.10746596228306791 446
1584596734770 0.10692863247165257 447
1584596736970 0.1063939893092943 448
1584596739185 0.10586201936274783 449
1584596741464 0.10533270926593409 450
1584596743764 0.10480604571960442 451
1584596746040 0.1042820154910064 452
1584596748242 0.10376060541355137 453
1584596750465 0.1032418023864836 454
1584596752743 0.10272559337455119 455
1584596755007 0.10221196540767843 456
1584596757253 0.10170090558064004 457
1584596759551 0.10119240105273684 458
1584596761838 0.10068643904747315 459
1584596764058 0.10018300685223579 460
1584596766320 0.0996820918179746 461
1584596768526 0.09918368135888474 462
1584596770868 0.09868776295209031 463
1584596773118 0.09819432413732986 464
1584596775312 0.09770335251664321 465
1584596777527 0.09721483575406 466
1584596779762 0.09672876157528969 467
1584596781992 0.09624511776741324 468
1584596784210 0.09576389217857617 469
1584596786472 0.09528507271768329 470
1584596788741 0.09480864735409487 471
1584596791070 0.0943346041173244 472
1584596793289 0.09386293109673778 473
1584596795515 0.09339361644125409 474
1584596797817 0.09292664835904782 475
1584596800066 0.09246201511725258 476
1584596802361 0.09199970504166631 477
1584596804533 0.09153970651645797 478
1584596806788 0.09108200798387568 479
1584596809041 0.0906265979439563 480
1584596811288 0.09017346495423652 481
1584596813540 0.08972259762946533 482
1584596815833 0.089273984641318 483
1584596818075 0.0888276147181114 484
1584596820276 0.08838347664452084 485
1584596822520 0.08794155926129824 486
1584596824736 0.08750185146499175 487
1584596827070 0.08706434220766679 488
1584596829312 0.08662902049662846 489
1584596831514 0.08619587539414532 490
1584596833743 0.08576489601717459 491
1584596835940 0.08533607153708872 492
1584596838200 0.08490939117940327 493
1584596840463 0.08448484422350626 494
1584596842756 0.08406242000238873 495
1584596845050 0.08364210790237678 496
1584596847324 0.0832238973628649 497
1584596849537 0.08280777787605056 498
1584596851755 0.08239373898667031 499
1584596854022 0.08198177029173696 500
1584596856370 0.08157186144027828 501
1584596858628 0.0811640021330769 502
1584596860887 0.08075818212241151 503
1584596863093 0.08035439121179945 504
1584596865338 0.07995261925574046 505
1584596867623 0.07955285615946175 506
1584596869899 0.07915509187866444 507
1584596872193 0.07875931641927113 508
1584596874473 0.07836551983717477 509
1584596876670 0.07797369223798889 510
1584596878900 0.07758382377679894 511
1584596881085 0.07719590465791494 512
1584596883361 0.07680992513462537 513
1584596885627 0.07642587550895225 514
1584596887890 0.07604374613140748 515
1584596890102 0.07566352740075044 516
1584596892382 0.07528520976374668 517
1584596894719 0.07490878371492794 518
1584596896983 0.0745342397963533 519
1584596899258 0.07416156859737154 520
1584596901522 0.07379076075438468 521
1584596903821 0.07342180695061275 522
1584596906015 0.07305469791585968 523
1584596908243 0.07268942442628039 524
1584596910493 0.07232597730414898 525
1584596912817 0.07196434741762824 526
1584596915074 0.0716045256805401 527
1584596917290 0.0712465030521374 528
1584596919512 0.0708902705368767 529
1584596921784 0.07053581918419231 530
1584596924138 0.07018314008827135 531
1584596926422 0.06983222438783 532
1584596928683 0.06948306326589085 533
1584596930979 0.0691356479495614 534
1584596933192 0.06878996970981359 535
1584596935386 0.06844601986126451 536
1584596937582 0.06810378976195819 537
1584596939895 0.0677632708131484 538
1584596942156 0.06742445445908266 539
1584596944349 0.06708733218678724 540
1584596946533 0.0667518955258533 541
1584596948756 0.06641813604822402 542
1584596951026 0.0660860453679829 543
1584596953326 0.06575561514114299 544
1584596955591 0.06542683706543727 545
1584596957861 0.06509970288011008 546
1584596960137 0.06477420436570952 547
1584596962354 0.06445033334388098 548
1584596964631 0.06412808167716157 549
1584596966890 0.06380744126877576 550
1584596969147 0.06348840406243188 551
1584596971421 0.06317096204211972 552
1584596973641 0.06285510723190912 553
1584596975869 0.06254083169574957 554
1584596978131 0.062228127537270826 555
1584596980424 0.06191698689958447 556
1584596982730 0.061607401965086545 557
1584596985003 0.06129936495526111 558
1584596987260 0.0609928681304848 559
1584596989671 0.060687903789832374 560
1584596991977 0.06038446427088321 561
1584596994187 0.06008254194952879 562
1584596996475 0.05978212923978115 563
1584596998775 0.05948321859358224 564
1584597001130 0.05918580250061433 565
1584597003441 0.058889873488111255 566
1584597005648 0.058595424120670696 567
1584597007892 0.05830244700006734 568
1584597010179 0.058010934765067 569
1584597012482 0.05772088009124167 570
1584597014781 0.05743227569078546 571
1584597017077 0.05714511431233153 572
1584597019321 0.05685938874076987 573
1584597021524 0.056575091797066025 574
1584597023844 0.056292216338080694 575
1584597026323 0.05601075525639029 576
1584597028691 0.05573070148010834 577
1584597030959 0.0554520479727078 578
1584597033171 0.05517478773284426 579
1584597035443 0.05489891379418004 580
1584597037752 0.05462441922520914 581
1584597040048 0.0543512971290831 582
1584597042325 0.05407954064343768 583
1584597044671 0.05380914294022049 584
1584597046892 0.05354009722551939 585
1584597049103 0.05327239673939179 586
1584597051294 0.053006034755694834 587
1584597053574 0.052741004581916356 588
1584597055855 0.052477299559006776 589
1584597058059 0.052214913061211746 590
1584597060282 0.05195383849590569 591
1584597062463 0.05169406930342616 592
1584597064726 0.05143559895690903 593
1584597067028 0.051178420962124486 594
1584597069322 0.05092252885731386 595
1584597071670 0.05066791621302729 596
1584597073979 0.05041457663196215 597
1584597076219 0.050162503748802344 598
1584597078483 0.049911691230058335 599
1584597080983 0.04966213277390804 600
1584597083495 0.0494138221100385 601
1584597085991 0.04916675299948831 602
1584597088193 0.04892091923449087 603
1584597090407 0.04867631463831842 604
1584597092718 0.048432933065126825 605
1584597095005 0.048190768399801194 606
1584597097324 0.04794981455780219 607
1584597099618 0.04771006548501318 608
1584597101932 0.047471515157588115 609
1584597104137 0.047234157581800176 610
1584597106395 0.046997986793891174 611
1584597108629 0.04676299685992172 612
1584597110937 0.04652918187562211 613
1584597113232 0.046296535966244 614
1584597115475 0.046065053286412784 615
1584597117701 0.04583472801998072 616
1584597119918 0.045605554379880814 617
1584597122239 0.04537752660798141 618
1584597124642 0.0451506389749415 619
1584597126996 0.044924885780066794 620
1584597129293 0.04470026135116646 621
1584597131616 0.04447676004441063 622
1584597133815 0.04425437624418858 623
1584597136006 0.04403310436296763 624
1584597138307 0.043812938841152796 625
1584597140598 0.04359387414694703 626
1584597142931 0.043375904776212296 627
1584597145150 0.043159025252331236 628
1584597147413 0.04294323012606958 629
1584597149701 0.04272851397543923 630
1584597152009 0.04251487140556204 631
1584597154308 0.04230229704853423 632
1584597156611 0.04209078556329156 633
1584597158902 0.0418803316354751 634
1584597161116 0.041670929977297724 635
1584597163312 0.04146257532741124 636
1584597165551 0.04125526245077418 637
1584597167851 0.04104898613852031 638
1584597170152 0.04084374120782771 639
1584597172384 0.04063952250178857 640
1584597174584 0.04043632488927963 641
1584597176842 0.04023414326483323 642
1584597179131 0.040032972548509065 643
1584597181574 0.03983280768576652 644
1584597183921 0.03963364364733769 645
1584597186217 0.039435475429100995 646
1584597188549 0.03923829805195549 647
1584597190817 0.03904210656169572 648
1584597193037 0.03884689602888724 649
1584597195341 0.0386526615487428 650
1584597197682 0.03845939824099909 651
1584597200006 0.03826710124979409 652
1584597202246 0.038075765743545126 653
1584597204477 0.0378853869148274 654
1584597206792 0.03769595998025326 655
1584597209126 0.03750748018035199 656
1584597211448 0.037319942779450235 657
1584597213825 0.037133343065552986 658
1584597216138 0.03694767635022522 659
1584597218368 0.036762937968474095 660
1584597220560 0.03657912327863173 661
1584597222783 0.036396227662238566 662
1584597225097 0.03621424652392737 663
1584597227415 0.036033175291307735 664
1584597229616 0.03585300941485119 665
1584597231824 0.035673744367776934 666
1584597234023 0.03549537564593805 667
1584597236324 0.035317898767708356 668
1584597238636 0.03514130927386981 669
1584597240972 0.03496560272750046 670
1584597243351 0.03479077471386296 671
1584597245848 0.03461682084029365 672
1584597248088 0.034443736736092176 673
1584597250337 0.034271518052411715 674
1584597252639 0.034100160462149656 675
1584597254901 0.03392965965983891 676
1584597257172 0.033760011361539714 677
1584597259367 0.03359121130473201 678
1584597261550 0.033423255248208356 679
1584597263868 0.03325613897196732 680
1584597266164 0.03308985827710748 681
1584597268476 0.032924408985721944 682
1584597270786 0.03275978694079333 683
1584597273121 0.032595988006089364 684
1584597275314 0.032433008066058915 685
1584597277598 0.03227084302572862 686
1584597279996 0.032109488810599975 687
1584597282290 0.031948941366546975 688
1584597284602 0.03178919665971424 689
1584597286793 0.03163025067641567 690
1584597288980 0.03147209942303359 691
1584597291206 0.03131473892591842 692
1584597293494 0.031158165231288826 693
1584597295806 0.03100237440513238 694
1584597298099 0.030847362533106718 695
1584597300406 0.030693125720441184 696
1584597302743 0.030539660091838977 697
1584597304929 0.03038696179137978 698
1584597307115 0.030235026982422884 699
1584597309457 0.030083851847510768 700
1584597311865 0.029933432588273214 701
1584597314203 0.029783765425331846 702
1584597316385 0.029634846598205186 703
1584597318611 0.02948667236521416 704
1584597320963 0.029339239003388088 705
1584597323255 0.029192542808371146 706
1584597325560 0.02904658009432929 707
1584597327838 0.028901347193857643 708
1584597330134 0.028756840457888354 709
1584597332333 0.02861305625559891 710
1584597334577 0.028469990974320916 711
1584597336805 0.02832764101944931 712
1584597339092 0.028186002814352063 713
1584597341370 0.0280450728002803 714
1584597343605 0.0279048474362789 715
1584597345874 0.027765323199097504 716
1584597348073 0.027626496583102015 717
1584597350338 0.027488364100186506 718
1584597352619 0.027350922279685573 719
1584597354940 0.027214167668287145 720
1584597357199 0.02707809682994571 721
1584597359473 0.02694270634579598 722
1584597361742 0.026807992814067 723
1584597363963 0.026673952849996664 724
1584597366254 0.02654058308574668 725
1584597368508 0.026407880170317945 726
1584597370896 0.026275840769466357 727
1584597373138 0.026144461565619025 728
1584597375637 0.02601373925779093 729
1584597377977 0.025883670561501974 730
1584597380268 0.025754252208694463 731
1584597382549 0.02562548094765099 732
1584597384841 0.025497353542912736 733
1584597387098 0.02536986677519817 734
1584597389319 0.02524301744132218 735
1584597391545 0.025116802354115567 736
1584597393772 0.024991218342344988 737
1584597396042 0.024866262250633264 738
1584597398324 0.024741930939380097 739
1584597400549 0.024618221284683196 740
1584597402775 0.02449513017825978 741
1584597404998 0.02437265452736848 742
1584597407327 0.024250791254731636 743
1584597409634 0.024129537298457977 744
1584597411897 0.024008889611965685 745
1584597414183 0.023888845163905856 746
1584597416459 0.023769400938086327 747
1584597418668 0.023650553933395897 748
1584597420919 0.023532301163728918 749
1584597423230 0.023414639657910272 750
1584597425499 0.023297566459620722 751
1584597427797 0.023181078627322618 752
1584597430055 0.023065173234186005 753
1584597432291 0.022949847368015076 754
1584597434547 0.022835098131175 755
1584597436874 0.022720922640519125 756
1584597439150 0.02260731802731653 757
1584597441431 0.022494281437179946 758
1584597443684 0.022381810029994047 759
1584597445898 0.022269900979844076 760
1584597448127 0.022158551474944856 761
1584597450341 0.022047758717570132 762
1584597452633 0.021937519923982282 763
1584597454931 0.021827832324362372 764
1584597457155 0.02171869316274056 765
1584597459346 0.021610099696926857 766
