1584268814507 1 1
1584268816996 1 2
1584268819260 1 3
1584268821520 1 4
1584268823740 1 5
1584268825959 1 6
1584268828186 1 7
1584268830418 1 8
1584268832666 1 9
1584268834896 1 10
1584268837111 1 11
1584268839331 1 12
1584268841589 1 13
1584268843802 1 14
1584268845992 1 15
1584268848294 1 16
1584268850510 1 17
1584268852732 1 18
1584268855538 1 19
1584268858921 1 20
1584268861342 1 21
1584268863767 1 22
1584268866067 1 23
1584268868790 1 24
1584268870959 1 25
1584268873274 1 26
1584268875574 1 27
1584268877771 1 28
1584268880355 1 29
1584268883202 1 30
1584268885406 1 31
1584268887696 1 32
1584268889842 1 33
1584268892009 1 34
1584268894185 1 35
1584268896410 1 36
1584268899942 1 37
1584268902933 1 38
