0 1.0 1
0 1.0 2
0 1.0 3
0 0.75 4
0 0.6 5
0 0.5 6
0 0.5714285714285714 7
0 0.5 8
0 0.5555555555555556 9
0 0.6 10
0 0.6363636363636364 11
0 0.5833333333333334 12
0 0.46153846153846156 13
0 0.35714285714285715 14
0 0.3333333333333333 15
0 0.3125 16
0 0.11764705882352941 17
0 0.1111111111111111 18
0 0.10526315789473684 19
0 0.1 20
0 0.19047619047619047 21
0 0.13636363636363635 22
0 0.08695652173913043 23
0 0.125 24
0 0.12 25
0 0.11538461538461539 26
0 0.2222222222222222 27
0 0.17857142857142858 28
0 0.1724137931034483 29
0 0.2 30
0 0.1935483870967742 31
0 0.21875 32
0 0.2727272727272727 33
0 0.29411764705882354 34
0 0.3142857142857143 35
0 0.3333333333333333 36
0 0.32432432432432434 37
0 0.2631578947368421 38
0 0.3333333333333333 39
0 0.4 40
0 0.43902439024390244 41
0 0.40476190476190477 42
0 0.3488372093023256 43
0 0.38636363636363635 44
0 0.4 45
0 0.4782608695652174 46
0 0.5319148936170213 47
0 0.5 48
0 0.5102040816326531 49
0 0.5 50
0 0.47058823529411764 51
0 0.4807692307692308 52
0 0.49056603773584906 53
0 0.5185185185185185 54
0 0.5454545454545454 55
0 0.6071428571428571 56
0 0.5964912280701754 57
0 0.5862068965517241 58
0 0.576271186440678 59
0 0.6166666666666667 60
0 0.6065573770491803 61
0 0.6451612903225806 62
0 0.6507936507936508 63
0 0.671875 64
0 0.676923076923077 65
0 0.7272727272727273 66
0 0.746268656716418 67
0 0.8235294117647058 68
0 0.7971014492753623 69
0 0.7857142857142857 70
0 0.7746478873239436 71
0 0.7777777777777778 72
0 0.7671232876712328 73
0 0.7837837837837838 74
0 0.8 75
0 0.8026315789473685 76
0 0.7792207792207793 77
0 0.7948717948717948 78
0 0.810126582278481 79
0 0.8375 80
0 0.8271604938271605 81
0 0.8414634146341463 82
0 0.8795180722891566 83
0 0.8928571428571429 84
0 0.8941176470588236 85
0 0.9069767441860465 86
0 0.9655172413793104 87
0 1.0 88
0 1.0224719101123596 89
0 1.0222222222222221 90
0 1.032967032967033 91
0 1.0434782608695652 92
0 1.075268817204301 93
0 1.1170212765957446 94
0 1.1263157894736842 95
0 1.1354166666666667 96
0 1.1546391752577319 97
0 1.153061224489796 98
0 1.1717171717171717 99
0 1.17 100
0 1.2 101
0 1.22 102
0 1.23 103
0 1.28 104
0 1.34 105
0 1.38 106
0 1.37 107
0 1.4 108
0 1.42 109
0 1.48 110
0 1.46 111
0 1.46 112
0 1.49 113
0 1.56 114
0 1.58 115
0 1.62 116
0 1.66 117
0 1.7 118
0 1.69 119
0 1.72 120
0 1.78 121
0 1.81 122
0 1.84 123
0 1.85 124
0 1.88 125
0 1.87 126
0 1.87 127
0 1.87 128
0 1.91 129
0 1.97 130
0 1.98 131
0 2.0 132
0 1.98 133
0 2.05 134
0 2.08 135
0 2.15 136
0 2.19 137
0 2.28 138
0 2.3 139
0 2.33 140
0 2.31 141
0 2.37 142
0 2.5 143
0 2.55 144
0 2.57 145
0 2.54 146
0 2.55 147
0 2.61 148
0 2.66 149
0 2.72 150
0 2.74 151
0 2.8 152
0 2.86 153
0 2.95 154
0 2.97 155
0 2.97 156
0 3.03 157
0 3.1 158
0 3.15 159
0 3.13 160
0 3.17 161
0 3.19 162
0 3.26 163
0 3.34 164
0 3.4 165
0 3.38 166
0 3.38 167
0 3.37 168
0 3.47 169
0 3.5 170
0 3.55 171
0 3.56 172
0 3.64 173
0 3.68 174
0 3.7 175
0 3.76 176
0 3.83 177
0 3.85 178
0 3.92 179
0 3.97 180
0 4.05 181
0 4.09 182
0 4.14 183
0 4.18 184
0 4.2 185
0 4.23 186
0 4.21 187
0 4.25 188
0 4.23 189
0 4.26 190
0 4.29 191
0 4.34 192
0 4.41 193
0 4.43 194
0 4.46 195
0 4.53 196
0 4.59 197
0 4.66 198
0 4.71 199
0 4.77 200
0 4.74 201
0 4.77 202
0 4.8 203
0 4.85 204
0 4.86 205
0 4.87 206
0 4.93 207
0 5.0 208
0 5.08 209
0 5.11 210
0 5.19 211
0 5.24 212
0 5.29 213
0 5.31 214
0 5.38 215
0 5.42 216
0 5.5 217
0 5.54 218
0 5.61 219
0 5.62 220
0 5.63 221
0 5.68 222
0 5.71 223
0 5.73 224
0 5.8 225
0 5.93 226
0 5.96 227
0 6.02 228
0 6.08 229
0 6.05 230
0 6.14 231
0 6.19 232
0 6.23 233
0 6.19 234
0 6.23 235
0 6.2 236
0 6.27 237
0 6.33 238
0 6.39 239
0 6.4 240
0 6.45 241
0 6.47 242
0 6.49 243
0 6.5 244
0 6.58 245
0 6.69 246
0 6.75 247
0 6.82 248
0 6.88 249
0 6.88 250
0 6.99 251
0 7.03 252
0 7.07 253
0 7.04 254
0 7.05 255
0 7.09 256
0 7.12 257
0 7.15 258
0 7.18 259
0 7.26 260
0 7.29 261
0 7.29 262
0 7.26 263
0 7.27 264
0 7.32 265
0 7.41 266
0 7.48 267
0 7.46 268
0 7.53 269
0 7.56 270
0 7.58 271
0 7.67 272
0 7.65 273
0 7.7 274
0 7.74 275
0 7.76 276
0 7.78 277
0 7.85 278
0 7.89 279
0 7.89 280
0 7.86 281
0 7.88 282
0 7.83 283
0 7.9 284
0 7.92 285
0 7.95 286
0 8.03 287
0 8.09 288
0 8.18 289
0 8.22 290
0 8.25 291
0 8.33 292
0 8.32 293
0 8.33 294
0 8.31 295
0 8.33 296
0 8.28 297
0 8.3 298
0 8.3 299
0 8.31 300
0 8.4 301
