0 1.0 1
0 1.0 2
0 1.0 3
0 0.0 4
0 0.0 5
0 0.0 6
0 1.0 7
0 0.0 8
0 1.0 9
0 1.0 10
0 1.0 11
0 0.0 12
0 -1.0 13
0 -1.0 14
0 0.0 15
0 0.0 16
0 -3.0 17
0 0.0 18
0 0.0 19
0 0.0 20
0 2.0 21
0 -1.0 22
0 -1.0 23
0 1.0 24
0 0.0 25
0 0.0 26
0 3.0 27
0 -1.0 28
0 0.0 29
0 1.0 30
0 0.0 31
0 1.0 32
0 2.0 33
0 1.0 34
0 1.0 35
0 1.0 36
0 0.0 37
0 -2.0 38
0 3.0 39
0 3.0 40
0 2.0 41
0 -1.0 42
0 -2.0 43
0 2.0 44
0 1.0 45
0 4.0 46
0 3.0 47
0 -1.0 48
0 1.0 49
0 0.0 50
0 -1.0 51
0 1.0 52
0 1.0 53
0 2.0 54
0 2.0 55
0 4.0 56
0 0.0 57
0 0.0 58
0 0.0 59
0 3.0 60
0 0.0 61
0 3.0 62
0 1.0 63
0 2.0 64
0 1.0 65
0 4.0 66
0 2.0 67
0 6.0 68
0 -1.0 69
0 0.0 70
0 0.0 71
0 1.0 72
0 0.0 73
0 2.0 74
0 2.0 75
0 1.0 76
0 -1.0 77
0 2.0 78
0 2.0 79
0 3.0 80
0 0.0 81
0 2.0 82
0 4.0 83
0 2.0 84
0 1.0 85
0 2.0 86
0 6.0 87
0 4.0 88
0 3.0 89
0 1.0 90
0 2.0 91
0 2.0 92
0 4.0 93
0 5.0 94
0 2.0 95
0 2.0 96
0 3.0 97
0 1.0 98
0 3.0 99
0 1.0 100
0 4.0 101
0 3.0 102
0 2.0 103
0 5.0 104
0 6.0 105
0 4.0 106
0 0.0 107
0 3.0 108
0 3.0 109
0 7.0 110
0 -1.0 111
0 0.0 112
0 2.0 113
0 6.0 114
0 2.0 115
0 4.0 116
0 1.0 117
0 4.0 118
0 -1.0 119
0 3.0 120
0 8.0 121
0 2.0 122
0 2.0 123
0 2.0 124
0 3.0 125
0 -1.0 126
0 3.0 127
0 -1.0 128
0 4.0 129
0 7.0 130
0 1.0 131
0 3.0 132
0 0.0 133
0 8.0 134
0 4.0 135
0 8.0 136
0 4.0 137
0 7.0 138
0 5.0 139
0 6.0 140
0 0.0 141
0 5.0 142
0 11.0 143
0 7.0 144
0 3.0 145
0 1.0 146
0 4.0 147
0 5.0 148
0 6.0 149
0 6.0 150
0 1.0 151
0 7.0 152
0 7.0 153
0 11.0 154
0 4.0 155
0 4.0 156
0 6.0 157
0 7.0 158
0 5.0 159
0 1.0 160
0 4.0 161
0 5.0 162
0 8.0 163
0 10.0 164
0 7.0 165
0 2.0 166
0 2.0 167
0 5.0 168
0 9.0 169
0 3.0 170
0 5.0 171
0 2.0 172
0 8.0 173
0 6.0 174
0 4.0 175
0 7.0 176
0 6.0 177
0 4.0 178
0 9.0 179
0 8.0 180
0 8.0 181
0 6.0 182
0 9.0 183
0 6.0 184
0 3.0 185
0 5.0 186
0 4.0 187
0 8.0 188
0 1.0 189
0 4.0 190
0 5.0 191
0 7.0 192
0 11.0 193
0 7.0 194
0 5.0 195
0 9.0 196
0 9.0 197
0 8.0 198
0 8.0 199
0 7.0 200
0 1.0 201
0 6.0 202
0 5.0 203
0 10.0 204
0 7.0 205
0 5.0 206
0 6.0 207
0 10.0 208
0 11.0 209
0 10.0 210
0 7.0 211
0 5.0 212
0 7.0 213
0 8.0 214
0 9.0 215
0 8.0 216
0 9.0 217
0 8.0 218
0 6.0 219
0 4.0 220
0 9.0 221
0 7.0 222
0 5.0 223
0 4.0 224
0 10.0 225
0 12.0 226
0 6.0 227
0 5.0 228
0 10.0 229
0 4.0 230
0 10.0 231
0 8.0 232
0 4.0 233
0 4.0 234
0 8.0 235
0 5.0 236
0 11.0 237
0 13.0 238
0 11.0 239
0 7.0 240
0 5.0 241
0 7.0 242
0 13.0 243
0 8.0 244
0 11.0 245
0 12.0 246
0 10.0 247
0 12.0 248
0 12.0 249
0 6.0 250
0 12.0 251
0 11.0 252
0 11.0 253
0 8.0 254
0 5.0 255
0 8.0 256
0 9.0 257
0 10.0 258
0 8.0 259
0 9.0 260
0 7.0 261
0 5.0 262
0 5.0 263
0 11.0 264
0 12.0 265
0 11.0 266
0 9.0 267
0 3.0 268
0 16.0 269
0 6.0 270
0 7.0 271
0 11.0 272
0 6.0 273
0 11.0 274
0 8.0 275
0 9.0 276
0 8.0 277
0 11.0 278
0 13.0 279
0 8.0 280
0 5.0 281
0 8.0 282
0 4.0 283
0 13.0 284
0 5.0 285
0 8.0 286
0 12.0 287
0 14.0 288
0 10.0 289
0 8.0 290
0 8.0 291
0 15.0 292
0 10.0 293
0 8.0 294
0 3.0 295
0 11.0 296
0 4.0 297
0 10.0 298
0 8.0 299
0 8.0 300
0 10.0 301
