1583060482855 1.0 1
1583060485216 0.995 2
1583060487380 0.990025 3
1583060489521 0.985074875 4
1583060491633 0.9801495006250001 5
1583060493716 0.9752487531218751 6
1583060495872 0.9703725093562657 7
1583060497985 0.9655206468094844 8
1583060500088 0.960693043575437 9
1583060502188 0.9558895783575597 10
1583060504304 0.9511101304657719 11
1583060506398 0.946354579813443 12
1583060508512 0.9416228069143757 13
1583060510657 0.9369146928798039 14
1583060512770 0.9322301194154049 15
1583060514883 0.9275689688183278 16
1583060517020 0.9229311239742362 17
1583060519139 0.918316468354365 18
1583060521276 0.9137248860125932 19
1583060523382 0.9091562615825302 20
