1584289018685 1 1
1584289020995 0.995 2
1584289023253 0.990025 3
1584289025450 0.985074875 4
1584289027714 0.9801495006250001 5
1584289029965 0.9752487531218751 6
1584289032132 0.9703725093562657 7
1584289034365 0.9655206468094844 8
1584289036693 0.960693043575437 9
1584289039781 0.9558895783575597 10
1584289043886 0.9511101304657719 11
1584289046580 0.946354579813443 12
1584289048944 0.9416228069143757 13
1584289051325 0.9369146928798039 14
1584289053962 0.9322301194154049 15
1584289057540 0.9275689688183278 16
1584289060000 0.9229311239742362 17
1584289062220 0.918316468354365 18
1584289064608 0.9137248860125932 19
1584289067659 0.9091562615825302 20
1584289070333 0.9046104802746175 21
1584289075601 0.9000874278732445 22
1584289078502 0.8955869907338783 23
1584289080835 0.8911090557802088 24
1584289084299 0.8866535105013078 25
1584289086568 0.8822202429488013 26
1584289088755 0.8778091417340573 27
1584289091526 0.8734200960253871 28
1584289094104 0.8690529955452602 29
1584289096578 0.8647077305675338 30
1584289099039 0.8603841919146962 31
1584289101435 0.8560822709551227 32
1584289104011 0.851801859600347 33
1584289106502 0.8475428503023453 34
1584289108995 0.8433051360508336 35
1584289111592 0.8390886103705794 36
