1584289018685 300 1
1584289020995 300 2
1584289023253 300 3
1584289025450 300 4
1584289027714 300 5
1584289029965 300 6
1584289032132 300 7
1584289034365 300 8
1584289036693 300 9
1584289039781 300 10
1584289043886 300 11
1584289046580 300 12
1584289048944 300 13
1584289051325 300 14
1584289053962 300 15
1584289057540 300 16
1584289060000 300 17
1584289062220 300 18
1584289064608 300 19
1584289067659 300 20
1584289070333 300 21
1584289075601 300 22
1584289078502 300 23
1584289080835 300 24
1584289084299 300 25
1584289086568 300 26
1584289088755 300 27
1584289091526 300 28
1584289094104 300 29
1584289096578 300 30
1584289099039 300 31
1584289101435 300 32
1584289104011 300 33
1584289106502 300 34
1584289108995 300 35
1584289111592 300 36
