1584588757328 1 1
1584588759576 1 2
1584588761876 1 3
1584588764319 1 4
1584588766560 1 5
1584588768765 1 6
1584588770995 1 7
1584588773228 1 8
1584588775450 1 9
1584588777661 1 10
1584588779999 1 11
1584588782214 1 12
1584588784419 1 13
1584588786611 1 14
1584588788794 1 15
1584588790953 1 16
1584588793116 1 17
1584588795288 1 18
1584588797516 1 19
1584588799725 1 20
1584588801894 1 21
1584588804070 1 22
1584588806291 1 23
1584588808458 1 24
1584588810662 1 25
1584588812814 1 26
1584588815007 1 27
1584588817206 1 28
1584588819429 1 29
1584588821625 1 30
1584588823858 1 31
1584588826151 1 32
1584588828435 1 33
1584588830627 1 34
1584588832814 1 35
1584588834972 1 36
1584588837255 1 37
1584588839434 1 38
1584588841630 1 39
1584588843801 1 40
1584588845988 1 41
1584588848180 1 42
1584588850387 1 43
1584588852617 1 44
1584588854813 1 45
1584588857019 1 46
1584588859193 1 47
1584588861393 1 48
1584588863561 1 49
1584588865718 1 50
1584588867937 1 51
1584588870176 1 52
1584588872384 1 53
1584588874600 1 54
1584588876779 1 55
1584588878978 1 56
1584588881210 1 57
1584588883435 1 58
1584588885633 1 59
1584588887804 1 60
1584588889986 1 61
1584588892197 1 62
1584588894402 1 63
1584588896634 1 64
1584588898828 1 65
1584588901031 1 66
1584588903249 1 67
1584588905475 1 68
1584588907656 1 69
1584588909887 1 70
1584588912075 1 71
1584588914248 1 72
1584588916446 1 73
1584588918647 1 74
1584588920837 1 75
1584588923047 1 76
1584588925269 1 77
1584588927516 1 78
1584588929725 1 79
1584588931898 1 80
1584588934105 1 81
1584588936287 1 82
1584588938517 1 83
1584588940718 1 84
1584588942897 1 85
1584588945067 1 86
1584588947311 1 87
1584588949538 1 88
1584588951711 1 89
1584588953900 1 90
1584588956185 1 91
1584588958474 1 92
1584588960703 1 93
1584588962996 1 94
1584588965183 1 95
1584588967412 1 96
1584588969957 1 97
1584588972199 1 98
1584588974383 1 99
1584588976548 1 100
1584588978768 1 101
1584588980955 1 102
1584588983169 1 103
1584588985352 1 104
1584588987532 1 105
1584588989759 1 106
1584588991933 1 107
1584588994127 1 108
1584588996343 1 109
1584588998911 1 110
1584589001134 1 111
1584589003320 1 112
1584589005507 1 113
1584589007746 1 114
1584589009959 1 115
1584589012139 1 116
1584589014349 1 117
1584589016550 1 118
1584589018738 1 119
1584589020961 1 120
1584589023160 1 121
1584589025417 1 122
1584589027600 1 123
1584589029781 1 124
1584589031996 1 125
1584589034201 1 126
1584589036432 1 127
1584589038628 1 128
1584589040885 1 129
1584589043101 1 130
1584589045377 1 131
1584589047548 1 132
1584589049734 1 133
1584589051953 1 134
1584589054160 1 135
1584589056366 1 136
1584589058558 1 137
1584589060801 1 138
1584589062990 1 139
1584589065183 1 140
1584589067487 1 141
1584589069695 1 142
1584589071902 1 143
1584589074149 1 144
1584589076340 1 145
1584589078567 1 146
1584589080751 1 147
1584589082957 1 148
1584589085158 1 149
1584589087333 1 150
1584589089562 1 151
1584589091777 1 152
1584589093949 1 153
1584589096141 1 154
1584589098417 1 155
1584589100623 1 156
1584589102835 1 157
1584589105036 1 158
1584589107243 1 159
1584589109445 1 160
1584589111651 1 161
1584589113849 1 162
1584589116071 1 163
1584589118355 1 164
1584589120581 1 165
1584589122771 1 166
1584589124956 1 167
1584589127173 1 168
1584589129379 1 169
1584589131600 1 170
1584589133792 1 171
1584589135969 1 172
1584589138187 1 173
1584589140379 1 174
1584589142572 1 175
1584589144785 1 176
1584589146972 1 177
1584589149168 1 178
1584589151409 1 179
1584589153615 1 180
1584589155827 1 181
1584589158045 1 182
1584589160266 1 183
1584589162532 1 184
1584589164758 1 185
1584589166961 1 186
1584589169173 1 187
1584589171405 1 188
1584589173596 1 189
1584589175767 1 190
1584589178006 1 191
1584589180226 1 192
1584589182454 1 193
1584589184651 1 194
1584589186871 1 195
1584589189071 1 196
1584589191230 1 197
1584589193450 1 198
1584589195638 1 199
1584589197855 1 200
1584589200143 1 201
1584589202377 1 202
1584589204558 1 203
1584589206767 1 204
1584589208984 1 205
1584589211182 1 206
1584589213370 1 207
1584589215556 1 208
1584589217759 1 209
1584589219974 1 210
1584589222143 1 211
1584589224390 1 212
1584589226614 1 213
1584589228868 1 214
1584589231087 1 215
1584589233359 1 216
1584589235555 1 217
1584589237745 1 218
1584589239990 1 219
1584589242186 1 220
1584589244358 1 221
1584589246573 1 222
1584589248781 1 223
1584589250987 1 224
1584589253205 1 225
1584589255400 1 226
1584589257656 1 227
1584589260059 1 228
1584589262324 1 229
1584589264590 1 230
1584589266792 1 231
1584589269025 1 232
1584589271253 1 233
1584589273441 1 234
1584589275625 1 235
1584589277834 1 236
1584589280049 1 237
1584589282229 1 238
1584589284462 1 239
1584589286667 1 240
1584589288954 1 241
1584589291475 1 242
1584589293734 1 243
1584589295921 1 244
1584589298136 1 245
1584589300373 1 246
1584589302577 1 247
1584589304763 1 248
1584589306975 1 249
1584589309157 1 250
1584589311373 1 251
1584589313573 1 252
1584589315783 1 253
1584589317969 1 254
1584589320277 1 255
1584589322503 1 256
1584589324687 1 257
1584589326883 1 258
1584589329055 1 259
1584589331272 1 260
1584589333474 1 261
1584589335682 1 262
1584589337851 1 263
1584589340035 1 264
1584589342225 1 265
1584589344425 1 266
1584589346658 1 267
1584589348931 1 268
1584589351152 1 269
1584589353357 1 270
1584589355562 1 271
1584589357831 1 272
1584589360013 1 273
1584589362216 1 274
1584589364389 1 275
1584589366614 1 276
1584589368869 1 277
1584589371303 1 278
1584589373537 1 279
1584589375738 1 280
1584589377961 1 281
1584589380176 1 282
1584589382374 1 283
1584589384606 1 284
1584589386823 1 285
1584589389019 1 286
1584589391212 1 287
1584589393429 1 288
1584589395683 1 289
1584589397911 1 290
1584589400128 1 291
1584589402354 1 292
1584589404542 1 293
1584589406750 1 294
1584589408991 1 295
1584589411219 1 296
1584589413414 1 297
1584589415605 1 298
1584589417807 1 299
1584589420032 1 300
1584589422279 1 301
1584589424496 1 302
1584589426661 1 303
1584589428838 1 304
1584589431024 1 305
1584589433277 1 306
1584589435439 1 307
1584589437634 1 308
1584589439832 1 309
1584589442014 1 310
1584589444228 1 311
1584589446363 1 312
1584589448686 1 313
1584589450890 1 314
1584589453138 1 315
1584589455339 1 316
1584589457540 1 317
1584589459725 1 318
1584589461912 1 319
1584589464097 1 320
1584589466287 1 321
1584589468513 1 322
1584589470704 1 323
1584589472929 1 324
1584589475137 1 325
1584589477321 1 326
1584589479524 1 327
1584589481732 1 328
1584589483930 1 329
1584589486127 1 330
1584589488733 1 331
1584589490919 1 332
1584589493132 1 333
1584589495334 1 334
1584589497512 1 335
1584589499705 1 336
1584589501902 1 337
1584589504113 1 338
1584589506307 1 339
1584589508478 1 340
1584589510629 1 341
1584589512834 1 342
1584589515064 1 343
1584589517256 1 344
1584589519492 1 345
1584589521663 1 346
1584589523845 1 347
1584589526026 1 348
1584589528263 1 349
1584589530459 1 350
1584589532639 1 351
1584589534861 1 352
1584589537069 1 353
1584589539280 1 354
1584589541493 1 355
1584589543682 1 356
1584589545863 1 357
1584589548043 1 358
1584589550406 1 359
1584589552568 1 360
1584589554801 1 361
1584589557001 1 362
1584589559181 1 363
1584589561461 1 364
1584589563673 1 365
1584589565891 1 366
1584589568088 1 367
1584589570390 1 368
1584589572620 1 369
1584589574824 1 370
1584589577040 1 371
1584589579252 1 372
1584589581485 1 373
1584589583701 1 374
1584589585894 1 375
1584589588094 1 376
1584589590319 1 377
1584589592502 1 378
1584589594691 1 379
1584589596900 1 380
1584589599121 1 381
1584589601308 1 382
1584589603501 1 383
1584589605698 1 384
1584589607895 1 385
1584589610114 1 386
1584589612320 1 387
1584589614508 1 388
1584589616684 1 389
1584589618896 1 390
1584589621105 1 391
1584589623328 1 392
1584589625586 1 393
1584589627761 1 394
1584589629958 1 395
1584589632171 1 396
1584589634366 1 397
1584589636572 1 398
1584589638745 1 399
1584589640966 1 400
1584589643217 1 401
1584589645453 1 402
1584589647724 1 403
1584589649920 1 404
1584589652141 1 405
1584589654332 1 406
1584589656516 1 407
1584589658706 1 408
1584589661025 1 409
1584589663288 1 410
1584589665536 1 411
1584589667711 1 412
1584589669923 1 413
1584589672140 1 414
1584589674327 1 415
1584589676498 1 416
1584589678674 1 417
1584589680895 1 418
1584589683123 1 419
1584589685324 1 420
1584589687499 1 421
1584589689675 1 422
1584589691912 1 423
1584589694111 1 424
1584589696320 1 425
1584589698521 1 426
1584589700728 1 427
1584589702933 1 428
1584589705148 1 429
1584589707420 1 430
1584589709630 1 431
1584589711841 1 432
1584589714023 1 433
1584589716219 1 434
1584589718420 1 435
1584589720619 1 436
1584589722830 1 437
1584589724996 1 438
1584589727218 1 439
1584589729418 1 440
1584589731634 1 441
1584589733824 1 442
1584589736065 1 443
1584589738295 1 444
1584589740502 1 445
1584589742774 1 446
1584589744964 1 447
1584589747176 1 448
1584589749410 1 449
1584589751598 1 450
1584589753810 1 451
1584589756005 1 452
1584589758213 1 453
1584589760420 1 454
1584589762629 1 455
1584589764834 1 456
1584589767021 1 457
1584589769201 1 458
1584589771412 1 459
1584589773629 1 460
1584589775820 1 461
1584589777976 1 462
1584589780250 1 463
1584589782446 1 464
1584589784660 1 465
1584589786838 1 466
1584589789118 1 467
1584589791355 1 468
1584589793563 1 469
1584589795742 1 470
1584589798001 1 471
1584589800394 1 472
1584589802622 1 473
1584589804885 1 474
1584589807066 1 475
1584589809283 1 476
1584589811500 1 477
1584589813687 1 478
1584589815853 1 479
1584589818049 1 480
1584589820279 1 481
1584589822460 1 482
1584589824664 1 483
1584589826859 1 484
1584589829042 1 485
1584589831263 1 486
1584589833451 1 487
1584589835614 1 488
1584589837806 1 489
1584589840160 1 490
1584589842358 1 491
1584589844557 1 492
1584589846825 1 493
1584589849037 1 494
1584589851267 1 495
1584589853461 1 496
1584589855703 1 497
1584589857890 1 498
1584589860109 1 499
1584589862402 1 500
1584589864736 1 501
1584589866946 1 502
1584589869144 1 503
1584589871499 1 504
1584589873714 1 505
1584589875908 1 506
1584589878099 1 507
1584589880464 1 508
1584589882714 1 509
1584589884915 1 510
1584589887118 1 511
1584589889335 1 512
1584589891571 1 513
1584589893773 1 514
1584589895982 1 515
1584589898194 1 516
1584589900393 1 517
1584589902562 1 518
1584589904786 1 519
1584589907010 1 520
1584589909254 1 521
1584589911450 1 522
1584589913692 1 523
1584589915910 1 524
1584589918106 1 525
1584589920310 1 526
1584589922525 1 527
1584589924722 1 528
1584589926932 1 529
1584589929151 1 530
1584589931407 1 531
1584589933594 1 532
1584589935796 1 533
1584589938041 1 534
1584589940243 1 535
1584589942430 1 536
1584589944631 1 537
1584589946830 1 538
1584589949026 1 539
1584589951245 1 540
1584589953444 1 541
1584589955648 1 542
1584589957857 1 543
1584589960069 1 544
1584589962308 1 545
1584589964511 1 546
1584589966700 1 547
1584589968888 1 548
1584589971089 1 549
1584589973312 1 550
1584589975562 1 551
1584589977785 1 552
1584589979978 1 553
1584589982185 1 554
1584589984402 1 555
1584589986636 1 556
1584589988847 1 557
1584589991032 1 558
1584589993429 1 559
1584589995630 1 560
1584589997846 1 561
1584590000051 1 562
1584590002266 1 563
1584590004462 1 564
1584590006666 1 565
1584590008857 1 566
1584590011070 1 567
1584590013282 1 568
1584590015528 1 569
1584590017728 1 570
1584590019915 1 571
1584590022121 1 572
1584590024349 1 573
1584590026540 1 574
1584590028737 1 575
1584590030925 1 576
1584590033178 1 577
1584590035404 1 578
1584590037544 1 579
1584590039733 1 580
1584590041911 1 581
1584590044124 1 582
1584590046311 1 583
1584590048527 1 584
1584590050722 1 585
1584590052905 1 586
1584590055108 1 587
1584590057297 1 588
1584590059504 1 589
1584590061697 1 590
1584590063927 1 591
1584590066145 1 592
1584590068375 1 593
1584590070600 1 594
1584590072827 1 595
1584590075052 1 596
1584590077270 1 597
1584590079459 1 598
1584590081687 1 599
1584590083877 1 600
1584590086140 1 601
1584590088332 1 602
1584590090550 1 603
1584590092820 1 604
1584590095170 1 605
1584590097359 1 606
1584590099589 1 607
1584590101806 1 608
1584590104007 1 609
1584590106224 1 610
1584590108408 1 611
1584590110608 1 612
1584590112819 1 613
1584590115065 1 614
1584590117281 1 615
1584590119498 1 616
1584590121712 1 617
1584590123986 1 618
1584590126222 1 619
1584590128455 1 620
1584590130824 1 621
1584590133035 1 622
1584590135243 1 623
1584590137480 1 624
1584590139689 1 625
1584590141861 1 626
1584590144053 1 627
1584590146290 1 628
1584590148507 1 629
1584590150716 1 630
1584590152892 1 631
1584590155114 1 632
1584590157314 1 633
1584590159526 1 634
1584590161812 1 635
1584590164041 1 636
1584590166272 1 637
1584590168467 1 638
1584590170679 1 639
1584590172921 1 640
1584590175122 1 641
1584590177317 1 642
1584590179534 1 643
1584590181719 1 644
1584590183905 1 645
1584590186094 1 646
1584590188304 1 647
1584590190511 1 648
1584590192709 1 649
1584590194909 1 650
1584590197123 1 651
1584590199308 1 652
1584590201558 1 653
1584590203736 1 654
1584590205945 1 655
1584590208159 1 656
1584590210412 1 657
1584590212649 1 658
1584590214823 1 659
1584590217006 1 660
1584590219234 1 661
1584590221465 1 662
1584590223668 1 663
1584590225898 1 664
1584590228325 1 665
1584590230536 1 666
1584590232772 1 667
1584590234963 1 668
1584590237157 1 669
1584590239352 1 670
1584590241534 1 671
1584590243788 1 672
1584590245992 1 673
1584590248188 1 674
1584590250383 1 675
1584590252648 1 676
1584590254858 1 677
1584590257073 1 678
1584590259277 1 679
1584590261515 1 680
1584590263694 1 681
1584590265893 1 682
1584590268073 1 683
1584590270272 1 684
1584590272494 1 685
1584590274709 1 686
1584590276890 1 687
1584590279121 1 688
1584590281368 1 689
1584590283607 1 690
1584590285807 1 691
1584590288042 1 692
1584590290242 1 693
1584590292447 1 694
1584590294634 1 695
1584590296827 1 696
1584590299022 1 697
1584590301247 1 698
1584590303439 1 699
1584590305661 1 700
1584590307953 1 701
1584590310178 1 702
1584590312432 1 703
1584590314635 1 704
1584590316870 1 705
1584590319044 1 706
1584590321282 1 707
1584590323520 1 708
1584590325777 1 709
1584590327984 1 710
1584590330194 1 711
1584590332413 1 712
1584590334642 1 713
1584590336858 1 714
1584590339031 1 715
1584590341220 1 716
1584590343442 1 717
1584590345650 1 718
1584590347832 1 719
1584590350119 1 720
1584590352322 1 721
1584590354548 1 722
1584590356745 1 723
1584590359040 1 724
1584590361502 1 725
1584590363680 1 726
1584590365846 1 727
1584590368037 1 728
1584590370246 1 729
1584590372440 1 730
1584590374617 1 731
1584590376825 1 732
1584590379050 1 733
1584590381281 1 734
1584590383510 1 735
1584590385700 1 736
1584590387899 1 737
1584590390109 1 738
1584590392281 1 739
1584590394463 1 740
1584590396645 1 741
1584590398826 1 742
1584590401092 1 743
1584590403484 1 744
1584590405678 1 745
1584590407834 1 746
1584590410059 1 747
1584590412249 1 748
1584590414498 1 749
1584590416672 1 750
1584590418876 1 751
1584590421128 1 752
1584590423311 1 753
1584590425545 1 754
1584590427706 1 755
1584590429906 1 756
1584590432101 1 757
1584590434282 1 758
1584590436591 1 759
1584590438763 1 760
1584590440993 1 761
1584590443171 1 762
1584590445403 1 763
1584590447594 1 764
1584590449816 1 765
1584590451997 1 766
1584590454199 1 767
1584590456400 1 768
1584590458581 1 769
1584590460801 1 770
1584590463030 1 771
1584590465265 1 772
1584590467468 1 773
1584590469686 1 774
1584590471877 1 775
1584590474082 1 776
1584590476286 1 777
1584590478478 1 778
1584590480670 1 779
1584590482828 1 780
1584590485012 1 781
1584590487226 1 782
1584590489453 1 783
1584590491677 1 784
1584590493853 1 785
1584590496028 1 786
1584590498218 1 787
1584590500434 1 788
1584590502621 1 789
1584590504838 1 790
1584590507030 1 791
1584590509226 1 792
1584590511449 1 793
1584590513652 1 794
1584590515903 1 795
1584590518089 1 796
1584590520283 1 797
1584590522500 1 798
1584590524693 1 799
1584590526896 1 800
1584590529383 1 801
1584590531542 1 802
1584590533716 1 803
1584590535906 1 804
1584590538100 1 805
1584590540302 1 806
1584590542535 1 807
1584590544847 1 808
1584590547593 1 809
1584590550044 1 810
1584590552241 1 811
1584590554441 1 812
1584590556623 1 813
1584590558801 1 814
1584590561021 1 815
1584590563243 1 816
1584590565462 1 817
1584590567670 1 818
1584590569889 1 819
1584590572084 1 820
1584590574301 1 821
1584590576516 1 822
1584590578720 1 823
1584590580948 1 824
1584590583187 1 825
1584590585410 1 826
1584590587662 1 827
1584590589867 1 828
1584590592084 1 829
1584590594302 1 830
1584590596492 1 831
1584590598688 1 832
1584590600922 1 833
1584590603145 1 834
1584590605391 1 835
1584590607659 1 836
1584590609878 1 837
1584590612126 1 838
1584590614416 1 839
1584590616658 1 840
1584590618858 1 841
1584590621057 1 842
1584590623244 1 843
1584590625443 1 844
1584590627698 1 845
1584590629898 1 846
1584590632116 1 847
1584590634300 1 848
1584590636475 1 849
1584590638646 1 850
1584590640845 1 851
1584590643079 1 852
1584590645292 1 853
1584590647524 1 854
1584590649748 1 855
1584590651924 1 856
1584590654113 1 857
1584590656288 1 858
