1584588757328 1 1
1584588759576 0.995 2
1584588761876 0.990025 3
1584588764319 0.985074875 4
1584588766560 0.9801495006250001 5
1584588768765 0.9752487531218751 6
1584588770995 0.9703725093562657 7
1584588773228 0.9655206468094844 8
1584588775450 0.960693043575437 9
1584588777661 0.9558895783575597 10
1584588779999 0.9511101304657719 11
1584588782214 0.946354579813443 12
1584588784419 0.9416228069143757 13
1584588786611 0.9369146928798039 14
1584588788794 0.9322301194154049 15
1584588790953 0.9275689688183278 16
1584588793116 0.9229311239742362 17
1584588795288 0.918316468354365 18
1584588797516 0.9137248860125932 19
1584588799725 0.9091562615825302 20
1584588801894 0.9046104802746175 21
1584588804070 0.9000874278732445 22
1584588806291 0.8955869907338783 23
1584588808458 0.8911090557802088 24
1584588810662 0.8866535105013078 25
1584588812814 0.8822202429488013 26
1584588815007 0.8778091417340573 27
1584588817206 0.8734200960253871 28
1584588819429 0.8690529955452602 29
1584588821625 0.8647077305675338 30
1584588823858 0.8603841919146962 31
1584588826151 0.8560822709551227 32
1584588828435 0.851801859600347 33
1584588830627 0.8475428503023453 34
1584588832814 0.8433051360508336 35
1584588834972 0.8390886103705794 36
1584588837255 0.8348931673187264 37
1584588839434 0.8307187014821328 38
1584588841630 0.8265651079747222 39
1584588843801 0.8224322824348486 40
1584588845988 0.8183201210226743 41
1584588848180 0.8142285204175609 42
1584588850387 0.810157377815473 43
1584588852617 0.8061065909263957 44
1584588854813 0.8020760579717637 45
1584588857019 0.798065677681905 46
1584588859193 0.7940753492934954 47
1584588861393 0.7901049725470279 48
1584588863561 0.7861544476842928 49
1584588865718 0.7822236754458713 50
1584588867937 0.778312557068642 51
1584588870176 0.7744209942832988 52
1584588872384 0.7705488893118823 53
1584588874600 0.7666961448653229 54
1584588876779 0.7628626641409962 55
1584588878978 0.7590483508202912 56
1584588881210 0.7552531090661897 57
1584588883435 0.7514768435208588 58
1584588885633 0.7477194593032545 59
1584588887804 0.7439808620067382 60
1584588889986 0.7402609576967045 61
1584588892197 0.736559652908221 62
1584588894402 0.7328768546436799 63
1584588896634 0.7292124703704616 64
1584588898828 0.7255664080186093 65
1584588901031 0.7219385759785162 66
1584588903249 0.7183288830986236 67
1584588905475 0.7147372386831305 68
1584588907656 0.7111635524897149 69
1584588909887 0.7076077347272662 70
1584588912075 0.7040696960536299 71
1584588914248 0.7005493475733617 72
1584588916446 0.697046600835495 73
1584588918647 0.6935613678313175 74
1584588920837 0.6900935609921609 75
1584588923047 0.6866430931872001 76
1584588925269 0.6832098777212641 77
1584588927516 0.6797938283326578 78
1584588929725 0.6763948591909945 79
1584588931898 0.6730128848950395 80
1584588934105 0.6696478204705644 81
1584588936287 0.6662995813682115 82
1584588938517 0.6629680834613705 83
1584588940718 0.6596532430440636 84
1584588942897 0.6563549768288433 85
1584588945067 0.653073201944699 86
1584588947311 0.6498078359349755 87
1584588949538 0.6465587967553006 88
1584588951711 0.6433260027715241 89
1584588953900 0.6401093727576664 90
1584588956185 0.6369088258938781 91
1584588958474 0.6337242817644086 92
1584588960703 0.6305556603555866 93
1584588962996 0.6274028820538087 94
1584588965183 0.6242658676435396 95
1584588967412 0.6211445383053219 96
1584588969957 0.6180388156137953 97
1584588972199 0.6149486215357263 98
1584588974383 0.6118738784280476 99
1584588976548 0.6088145090359074 100
1584588978768 0.6057704364907278 101
1584588980955 0.6027415843082742 102
1584588983169 0.5997278763867329 103
1584588985352 0.5967292370047992 104
1584588987532 0.5937455908197752 105
1584588989759 0.5907768628656763 106
1584588991933 0.5878229785513479 107
1584588994127 0.5848838636585911 108
1584588996343 0.5819594443402982 109
1584588998911 0.5790496471185967 110
1584589001134 0.5761543988830038 111
1584589003320 0.5732736268885887 112
1584589005507 0.5704072587541458 113
1584589007746 0.567555222460375 114
1584589009959 0.5647174463480732 115
1584589012139 0.5618938591163328 116
1584589014349 0.5590843898207511 117
1584589016550 0.5562889678716474 118
1584589018738 0.5535075230322891 119
1584589020961 0.5507399854171277 120
1584589023160 0.547986285490042 121
1584589025417 0.5452463540625918 122
1584589027600 0.5425201222922789 123
1584589029781 0.5398075216808175 124
1584589031996 0.5371084840724134 125
1584589034201 0.5344229416520513 126
1584589036432 0.531750826943791 127
1584589038628 0.5290920728090721 128
1584589040885 0.5264466124450268 129
1584589043101 0.5238143793828016 130
1584589045377 0.5211953074858876 131
1584589047548 0.5185893309484582 132
1584589049734 0.5159963842937159 133
1584589051953 0.5134164023722473 134
1584589054160 0.510849320360386 135
1584589056366 0.5082950737585841 136
1584589058558 0.5057535983897912 137
1584589060801 0.5032248303978422 138
1584589062990 0.500708706245853 139
1584589065183 0.4982051627146237 140
1584589067487 0.49571413690105054 141
1584589069695 0.4932355662165453 142
1584589071902 0.4907693883854626 143
1584589074149 0.4883155414435353 144
1584589076340 0.4858739637363176 145
1584589078567 0.483444593917636 146
1584589080751 0.4810273709480478 147
1584589082957 0.47862223409330756 148
1584589085158 0.47622912292284103 149
1584589087333 0.4738479773082268 150
1584589089562 0.47147873742168567 151
1584589091777 0.46912134373457726 152
1584589093949 0.46677573701590436 153
1584589096141 0.46444185833082485 154
1584589098417 0.46211964903917074 155
1584589100623 0.4598090507939749 156
1584589102835 0.457510005540005 157
1584589105036 0.45522245551230495 158
1584589107243 0.4529463432347434 159
1584589109445 0.4506816115185697 160
1584589111651 0.4484282034609769 161
1584589113849 0.446186062443672 162
1584589116071 0.4439551321314536 163
1584589118355 0.4417353564707963 164
1584589120581 0.43952667968844233 165
1584589122771 0.43732904629000013 166
1584589124956 0.4351424010585501 167
1584589127173 0.43296668905325736 168
1584589129379 0.43080185560799106 169
1584589131600 0.4286478463299511 170
1584589133792 0.42650460709830135 171
1584589135969 0.42437208406280985 172
1584589138187 0.4222502236424958 173
1584589140379 0.42013897252428334 174
1584589142572 0.4180382776616619 175
1584589144785 0.4159480862733536 176
1584589146972 0.41386834584198684 177
1584589149168 0.4117990041127769 178
1584589151409 0.40974000909221303 179
1584589153615 0.40769130904675194 180
1584589155827 0.40565285250151817 181
1584589158045 0.4036245882390106 182
1584589160266 0.4016064652978155 183
1584589162532 0.3995984329713264 184
1584589164758 0.3976004408064698 185
1584589166961 0.39561243860243744 186
1584589169173 0.3936343764094253 187
1584589171405 0.39166620452737816 188
1584589173596 0.3897078735047413 189
1584589175767 0.3877593341372176 190
1584589178006 0.3858205374665315 191
1584589180226 0.38389143477919885 192
1584589182454 0.3819719776053028 193
1584589184651 0.3800621177172763 194
1584589186871 0.37816180712868996 195
1584589189071 0.37627099809304654 196
1584589191230 0.3743896431025813 197
1584589193450 0.37251769488706843 198
1584589195638 0.3706551064126331 199
1584589197855 0.36880183088056995 200
1584589200143 0.3669578217261671 201
1584589202377 0.36512303261753626 202
1584589204558 0.3632974174544486 203
1584589206767 0.3614809303671764 204
1584589208984 0.3596735257153405 205
1584589211182 0.3578751580867638 206
1584589213370 0.35608578229633 207
1584589215556 0.3543053533848483 208
1584589217759 0.35253382661792404 209
1584589219974 0.3507711574848344 210
1584589222143 0.34901730169741024 211
1584589224390 0.3472722151889232 212
1584589226614 0.3455358541129786 213
1584589228868 0.3438081748424137 214
1584589231087 0.3420891339682016 215
1584589233359 0.3403786882983606 216
1584589235555 0.3386767948568688 217
1584589237745 0.33698341088258443 218
1584589239990 0.3352984938281715 219
1584589242186 0.33362200135903064 220
1584589244358 0.33195389135223546 221
1584589246573 0.3302941218954743 222
1584589248781 0.32864265128599696 223
1584589250987 0.326999438029567 224
1584589253205 0.3253644408394192 225
1584589255400 0.3237376186352221 226
1584589257656 0.322118930542046 227
1584589260059 0.32050833588933575 228
1584589262324 0.31890579420988907 229
1584589264590 0.3173112652388396 230
1584589266792 0.3157247089126454 231
1584589269025 0.3141460853680822 232
1584589271253 0.3125753549412418 233
1584589273441 0.31101247816653554 234
1584589275625 0.30945741577570285 235
1584589277834 0.3079101286968243 236
1584589280049 0.3063705780533402 237
1584589282229 0.30483872516307353 238
1584589284462 0.3033145315372582 239
1584589286667 0.3017979588795719 240
1584589288954 0.30028896908517405 241
1584589291475 0.2987875242397482 242
1584589293734 0.29729358661854943 243
1584589295921 0.29580711868545667 244
1584589298136 0.2943280830920294 245
1584589300373 0.29285644267656924 246
1584589302577 0.2913921604631864 247
1584589304763 0.28993519966087045 248
1584589306975 0.2884855236625661 249
1584589309157 0.28704309604425327 250
1584589311373 0.285607880564032 251
1584589313573 0.28417984116121187 252
1584589315783 0.2827589419554058 253
1584589317969 0.28134514724562876 254
1584589320277 0.2799384215094006 255
1584589322503 0.27853872940185365 256
1584589324687 0.27714603575484437 257
1584589326883 0.2757603055760701 258
1584589329055 0.2743815040481898 259
1584589331272 0.2730095965279488 260
1584589333474 0.27164454854530906 261
1584589335682 0.2702863258025825 262
1584589337851 0.2689348941735696 263
1584589340035 0.26759021970270175 264
1584589342225 0.2662522686041882 265
1584589344425 0.2649210072611673 266
1584589346658 0.26359640222486147 267
1584589348931 0.26227842021373715 268
1584589351152 0.2609670281126685 269
1584589353357 0.25966219297210513 270
1584589355562 0.2583638820072446 271
1584589357831 0.2570720625972084 272
1584589360013 0.25578670228422234 273
1584589362216 0.25450776877280124 274
1584589364389 0.2532352299289372 275
1584589366614 0.2519690537792925 276
1584589368869 0.2507092085103961 277
1584589371303 0.2494556624678441 278
1584589373537 0.24820838415550486 279
1584589375738 0.24696734223472733 280
1584589377961 0.2457325055235537 281
1584589380176 0.24450384299593592 282
1584589382374 0.24328132378095624 283
1584589384606 0.24206491716205145 284
1584589386823 0.2408545925762412 285
1584589389019 0.23965031961336 286
1584589391212 0.2384520680152932 287
1584589393429 0.23725980767521673 288
1584589395683 0.23607350863684065 289
1584589397911 0.23489314109365644 290
1584589400128 0.23371867538818816 291
1584589402354 0.23255008201124722 292
1584589404542 0.231387331601191 293
1584589406750 0.23023039494318503 294
1584589408991 0.2290792429684691 295
1584589411219 0.22793384675362674 296
1584589413414 0.22679417751985861 297
1584589415605 0.22566020663225933 298
1584589417807 0.22453190559909803 299
1584589420032 0.22340924607110255 300
1584589422279 0.22229219984074702 301
1584589424496 0.2211807388415433 302
1584589426661 0.22007483514733558 303
1584589428838 0.2189744609715989 304
1584589431024 0.2178795886667409 305
1584589433277 0.2167901907234072 306
1584589435439 0.21570623976979014 307
1584589437634 0.21462770857094118 308
1584589439832 0.21355457002808648 309
1584589442014 0.21248679717794605 310
1584589444228 0.21142436319205632 311
1584589446363 0.21036724137609603 312
1584589448686 0.20931540516921554 313
1584589450890 0.20826882814336947 314
1584589453138 0.20722748400265262 315
1584589455339 0.20619134658263935 316
1584589457540 0.20516038984972615 317
1584589459725 0.2041345879004775 318
1584589461912 0.2031139149609751 319
1584589464097 0.20209834538617025 320
1584589466287 0.2010878536592394 321
1584589468513 0.2000824143909432 322
1584589470704 0.19908200231898848 323
1584589472929 0.19808659230739353 324
1584589475137 0.19709615934585656 325
1584589477321 0.19611067854912728 326
1584589479524 0.19513012515638165 327
1584589481732 0.19415447453059972 328
1584589483930 0.19318370215794672 329
1584589486127 0.192217783647157 330
1584589488733 0.1912566947289212 331
1584589490919 0.1903004112552766 332
1584589493132 0.18934890919900021 333
1584589495334 0.18840216465300522 334
1584589497512 0.18746015382974018 335
1584589499705 0.1865228530605915 336
1584589501902 0.18559023879528855 337
1584589504113 0.1846622876013121 338
1584589506307 0.18373897616330553 339
1584589508478 0.182820281282489 340
1584589510629 0.18190617987607657 341
1584589512834 0.18099664897669618 342
1584589515064 0.1800916657318127 343
1584589517256 0.17919120740315364 344
1584589519492 0.17829525136613786 345
1584589521663 0.17740377510930716 346
1584589523845 0.17651675623376062 347
1584589526026 0.1756341724525918 348
1584589528263 0.17475600159032884 349
1584589530459 0.17388222158237718 350
1584589532639 0.1730128104744653 351
1584589534861 0.17214774642209296 352
1584589537069 0.1712870076899825 353
1584589539280 0.17043057265153258 354
1584589541493 0.16957841978827493 355
1584589543682 0.16873052768933355 356
1584589545863 0.1678868750508869 357
1584589548043 0.16704744067563246 358
1584589550406 0.1662122034722543 359
1584589552568 0.16538114245489302 360
1584589554801 0.16455423674261854 361
1584589557001 0.16373146555890544 362
1584589559181 0.16291280823111093 363
1584589561461 0.16209824418995536 364
1584589563673 0.16128775296900558 365
1584589565891 0.16048131420416054 366
1584589568088 0.15967890763313974 367
1584589570390 0.15888051309497406 368
1584589572620 0.1580861105294992 369
1584589574824 0.1572956799768517 370
1584589577040 0.15650920157696743 371
1584589579252 0.1557266555690826 372
1584589581485 0.1549480222912372 373
1584589583701 0.15417328217978102 374
1584589585894 0.1534024157688821 375
1584589588094 0.1526354036900377 376
1584589590319 0.1518722266715875 377
1584589592502 0.15111286553822956 378
1584589594691 0.15035730121053842 379
1584589596900 0.14960551470448571 380
1584589599121 0.14885748713096328 381
1584589601308 0.14811319969530845 382
1584589603501 0.1473726336968319 383
1584589605698 0.14663577052834775 384
1584589607895 0.14590259167570602 385
1584589610114 0.1451730787173275 386
1584589612320 0.14444721332374086 387
1584589614508 0.14372497725712216 388
1584589616684 0.14300635237083656 389
1584589618896 0.14229132060898236 390
1584589621105 0.14157986400593744 391
1584589623328 0.14087196468590776 392
1584589625586 0.14016760486247823 393
1584589627761 0.13946676683816583 394
1584589629958 0.138769433003975 395
1584589632171 0.13807558583895513 396
1584589634366 0.13738520790976036 397
1584589636572 0.13669828187021155 398
1584589638745 0.13601479046086049 399
1584589640966 0.1353347165085562 400
1584589643217 0.1346580429260134 401
1584589645453 0.13398475271138335 402
1584589647724 0.13331482894782642 403
1584589649920 0.13264825480308728 404
1584589652141 0.13198501352907185 405
1584589654332 0.1313250884614265 406
1584589656516 0.13066846301911936 407
1584589658706 0.13001512070402377 408
1584589661025 0.12936504510050365 409
1584589663288 0.12871821987500112 410
1584589665536 0.12807462877562611 411
1584589667711 0.12743425563174798 412
1584589669923 0.12679708435358925 413
1584589672140 0.1261630989318213 414
1584589674327 0.1255322834371622 415
1584589676498 0.12490462201997637 416
1584589678674 0.1242800989098765 417
1584589680895 0.12365869841532712 418
1584589683123 0.12304040492325048 419
1584589685324 0.12242520289863423 420
1584589687499 0.12181307688414106 421
1584589689675 0.12120401149972035 422
1584589691912 0.12059799144222175 423
1584589694111 0.11999500148501063 424
1584589696320 0.11939502647758558 425
1584589698521 0.11879805134519765 426
1584589700728 0.11820406108847166 427
1584589702933 0.1176130407830293 428
1584589705148 0.11702497557911415 429
1584589707420 0.11643985070121858 430
1584589709630 0.11585765144771248 431
1584589711841 0.11527836319047392 432
1584589714023 0.11470197137452155 433
1584589716219 0.11412846151764894 434
1584589718420 0.1135578192100607 435
1584589720619 0.11299003011401039 436
1584589722830 0.11242507996344034 437
1584589724996 0.11186295456362313 438
1584589727218 0.11130363979080501 439
1584589729418 0.11074712159185099 440
1584589731634 0.11019338598389174 441
1584589733824 0.10964241905397228 442
1584589736065 0.10909420695870241 443
1584589738295 0.1085487359239089 444
1584589740502 0.10800599224428936 445
1584589742774 0.10746596228306791 446
1584589744964 0.10692863247165257 447
1584589747176 0.1063939893092943 448
1584589749410 0.10586201936274783 449
1584589751598 0.10533270926593409 450
1584589753810 0.10480604571960442 451
1584589756005 0.1042820154910064 452
1584589758213 0.10376060541355137 453
1584589760420 0.1032418023864836 454
1584589762629 0.10272559337455119 455
1584589764834 0.10221196540767843 456
1584589767021 0.10170090558064004 457
1584589769201 0.10119240105273684 458
1584589771412 0.10068643904747315 459
1584589773629 0.10018300685223579 460
1584589775820 0.0996820918179746 461
1584589777976 0.09918368135888474 462
1584589780250 0.09868776295209031 463
1584589782446 0.09819432413732986 464
1584589784660 0.09770335251664321 465
1584589786838 0.09721483575406 466
1584589789118 0.09672876157528969 467
1584589791355 0.09624511776741324 468
1584589793563 0.09576389217857617 469
1584589795742 0.09528507271768329 470
1584589798001 0.09480864735409487 471
1584589800394 0.0943346041173244 472
1584589802622 0.09386293109673778 473
1584589804885 0.09339361644125409 474
1584589807066 0.09292664835904782 475
1584589809283 0.09246201511725258 476
1584589811500 0.09199970504166631 477
1584589813687 0.09153970651645797 478
1584589815853 0.09108200798387568 479
1584589818049 0.0906265979439563 480
1584589820279 0.09017346495423652 481
1584589822460 0.08972259762946533 482
1584589824664 0.089273984641318 483
1584589826859 0.0888276147181114 484
1584589829042 0.08838347664452084 485
1584589831263 0.08794155926129824 486
1584589833451 0.08750185146499175 487
1584589835614 0.08706434220766679 488
1584589837806 0.08662902049662846 489
1584589840160 0.08619587539414532 490
1584589842358 0.08576489601717459 491
1584589844557 0.08533607153708872 492
1584589846825 0.08490939117940327 493
1584589849037 0.08448484422350626 494
1584589851267 0.08406242000238873 495
1584589853461 0.08364210790237678 496
1584589855703 0.0832238973628649 497
1584589857890 0.08280777787605056 498
1584589860109 0.08239373898667031 499
1584589862402 0.08198177029173696 500
1584589864736 0.08157186144027828 501
1584589866946 0.0811640021330769 502
1584589869144 0.08075818212241151 503
1584589871499 0.08035439121179945 504
1584589873714 0.07995261925574046 505
1584589875908 0.07955285615946175 506
1584589878099 0.07915509187866444 507
1584589880464 0.07875931641927113 508
1584589882714 0.07836551983717477 509
1584589884915 0.07797369223798889 510
1584589887118 0.07758382377679894 511
1584589889335 0.07719590465791494 512
1584589891571 0.07680992513462537 513
1584589893773 0.07642587550895225 514
1584589895982 0.07604374613140748 515
1584589898194 0.07566352740075044 516
1584589900393 0.07528520976374668 517
1584589902562 0.07490878371492794 518
1584589904786 0.0745342397963533 519
1584589907010 0.07416156859737154 520
1584589909254 0.07379076075438468 521
1584589911450 0.07342180695061275 522
1584589913692 0.07305469791585968 523
1584589915910 0.07268942442628039 524
1584589918106 0.07232597730414898 525
1584589920310 0.07196434741762824 526
1584589922525 0.0716045256805401 527
1584589924722 0.0712465030521374 528
1584589926932 0.0708902705368767 529
1584589929151 0.07053581918419231 530
1584589931407 0.07018314008827135 531
1584589933594 0.06983222438783 532
1584589935796 0.06948306326589085 533
1584589938041 0.0691356479495614 534
1584589940243 0.06878996970981359 535
1584589942430 0.06844601986126451 536
1584589944631 0.06810378976195819 537
1584589946830 0.0677632708131484 538
1584589949026 0.06742445445908266 539
1584589951245 0.06708733218678724 540
1584589953444 0.0667518955258533 541
1584589955648 0.06641813604822402 542
1584589957857 0.0660860453679829 543
1584589960069 0.06575561514114299 544
1584589962308 0.06542683706543727 545
1584589964511 0.06509970288011008 546
1584589966700 0.06477420436570952 547
1584589968888 0.06445033334388098 548
1584589971089 0.06412808167716157 549
1584589973312 0.06380744126877576 550
1584589975562 0.06348840406243188 551
1584589977785 0.06317096204211972 552
1584589979978 0.06285510723190912 553
1584589982185 0.06254083169574957 554
1584589984402 0.062228127537270826 555
1584589986636 0.06191698689958447 556
1584589988847 0.061607401965086545 557
1584589991032 0.06129936495526111 558
1584589993429 0.0609928681304848 559
1584589995630 0.060687903789832374 560
1584589997846 0.06038446427088321 561
1584590000051 0.06008254194952879 562
1584590002266 0.05978212923978115 563
1584590004462 0.05948321859358224 564
1584590006666 0.05918580250061433 565
1584590008857 0.058889873488111255 566
1584590011070 0.058595424120670696 567
1584590013282 0.05830244700006734 568
1584590015528 0.058010934765067 569
1584590017728 0.05772088009124167 570
1584590019915 0.05743227569078546 571
1584590022121 0.05714511431233153 572
1584590024349 0.05685938874076987 573
1584590026540 0.056575091797066025 574
1584590028737 0.056292216338080694 575
1584590030925 0.05601075525639029 576
1584590033178 0.05573070148010834 577
1584590035404 0.0554520479727078 578
1584590037544 0.05517478773284426 579
1584590039733 0.05489891379418004 580
1584590041911 0.05462441922520914 581
1584590044124 0.0543512971290831 582
1584590046311 0.05407954064343768 583
1584590048527 0.05380914294022049 584
1584590050722 0.05354009722551939 585
1584590052905 0.05327239673939179 586
1584590055108 0.053006034755694834 587
1584590057297 0.052741004581916356 588
1584590059504 0.052477299559006776 589
1584590061697 0.052214913061211746 590
1584590063927 0.05195383849590569 591
1584590066145 0.05169406930342616 592
1584590068375 0.05143559895690903 593
1584590070600 0.051178420962124486 594
1584590072827 0.05092252885731386 595
1584590075052 0.05066791621302729 596
1584590077270 0.05041457663196215 597
1584590079459 0.050162503748802344 598
1584590081687 0.049911691230058335 599
1584590083877 0.04966213277390804 600
1584590086140 0.0494138221100385 601
1584590088332 0.04916675299948831 602
1584590090550 0.04892091923449087 603
1584590092820 0.04867631463831842 604
1584590095170 0.048432933065126825 605
1584590097359 0.048190768399801194 606
1584590099589 0.04794981455780219 607
1584590101806 0.04771006548501318 608
1584590104007 0.047471515157588115 609
1584590106224 0.047234157581800176 610
1584590108408 0.046997986793891174 611
1584590110608 0.04676299685992172 612
1584590112819 0.04652918187562211 613
1584590115065 0.046296535966244 614
1584590117281 0.046065053286412784 615
1584590119498 0.04583472801998072 616
1584590121712 0.045605554379880814 617
1584590123986 0.04537752660798141 618
1584590126222 0.0451506389749415 619
1584590128455 0.044924885780066794 620
1584590130824 0.04470026135116646 621
1584590133035 0.04447676004441063 622
1584590135243 0.04425437624418858 623
1584590137480 0.04403310436296763 624
1584590139689 0.043812938841152796 625
1584590141861 0.04359387414694703 626
1584590144053 0.043375904776212296 627
1584590146290 0.043159025252331236 628
1584590148507 0.04294323012606958 629
1584590150716 0.04272851397543923 630
1584590152892 0.04251487140556204 631
1584590155114 0.04230229704853423 632
1584590157314 0.04209078556329156 633
1584590159526 0.0418803316354751 634
1584590161812 0.041670929977297724 635
1584590164041 0.04146257532741124 636
1584590166272 0.04125526245077418 637
1584590168467 0.04104898613852031 638
1584590170679 0.04084374120782771 639
1584590172921 0.04063952250178857 640
1584590175122 0.04043632488927963 641
1584590177317 0.04023414326483323 642
1584590179534 0.040032972548509065 643
1584590181719 0.03983280768576652 644
1584590183905 0.03963364364733769 645
1584590186094 0.039435475429100995 646
1584590188304 0.03923829805195549 647
1584590190511 0.03904210656169572 648
1584590192709 0.03884689602888724 649
1584590194909 0.0386526615487428 650
1584590197123 0.03845939824099909 651
1584590199308 0.03826710124979409 652
1584590201558 0.038075765743545126 653
1584590203736 0.0378853869148274 654
1584590205945 0.03769595998025326 655
1584590208159 0.03750748018035199 656
1584590210412 0.037319942779450235 657
1584590212649 0.037133343065552986 658
1584590214823 0.03694767635022522 659
1584590217006 0.036762937968474095 660
1584590219234 0.03657912327863173 661
1584590221465 0.036396227662238566 662
1584590223668 0.03621424652392737 663
1584590225898 0.036033175291307735 664
1584590228325 0.03585300941485119 665
1584590230536 0.035673744367776934 666
1584590232772 0.03549537564593805 667
1584590234963 0.035317898767708356 668
1584590237157 0.03514130927386981 669
1584590239352 0.03496560272750046 670
1584590241534 0.03479077471386296 671
1584590243788 0.03461682084029365 672
1584590245992 0.034443736736092176 673
1584590248188 0.034271518052411715 674
1584590250383 0.034100160462149656 675
1584590252648 0.03392965965983891 676
1584590254858 0.033760011361539714 677
1584590257073 0.03359121130473201 678
1584590259277 0.033423255248208356 679
1584590261515 0.03325613897196732 680
1584590263694 0.03308985827710748 681
1584590265893 0.032924408985721944 682
1584590268073 0.03275978694079333 683
1584590270272 0.032595988006089364 684
1584590272494 0.032433008066058915 685
1584590274709 0.03227084302572862 686
1584590276890 0.032109488810599975 687
1584590279121 0.031948941366546975 688
1584590281368 0.03178919665971424 689
1584590283607 0.03163025067641567 690
1584590285807 0.03147209942303359 691
1584590288042 0.03131473892591842 692
1584590290242 0.031158165231288826 693
1584590292447 0.03100237440513238 694
1584590294634 0.030847362533106718 695
1584590296827 0.030693125720441184 696
1584590299022 0.030539660091838977 697
1584590301247 0.03038696179137978 698
1584590303439 0.030235026982422884 699
1584590305661 0.030083851847510768 700
1584590307953 0.029933432588273214 701
1584590310178 0.029783765425331846 702
1584590312432 0.029634846598205186 703
1584590314635 0.02948667236521416 704
1584590316870 0.029339239003388088 705
1584590319044 0.029192542808371146 706
1584590321282 0.02904658009432929 707
1584590323520 0.028901347193857643 708
1584590325777 0.028756840457888354 709
1584590327984 0.02861305625559891 710
1584590330194 0.028469990974320916 711
1584590332413 0.02832764101944931 712
1584590334642 0.028186002814352063 713
1584590336858 0.0280450728002803 714
1584590339031 0.0279048474362789 715
1584590341220 0.027765323199097504 716
1584590343442 0.027626496583102015 717
1584590345650 0.027488364100186506 718
1584590347832 0.027350922279685573 719
1584590350119 0.027214167668287145 720
1584590352322 0.02707809682994571 721
1584590354548 0.02694270634579598 722
1584590356745 0.026807992814067 723
1584590359040 0.026673952849996664 724
1584590361502 0.02654058308574668 725
1584590363680 0.026407880170317945 726
1584590365846 0.026275840769466357 727
1584590368037 0.026144461565619025 728
1584590370246 0.02601373925779093 729
1584590372440 0.025883670561501974 730
1584590374617 0.025754252208694463 731
1584590376825 0.02562548094765099 732
1584590379050 0.025497353542912736 733
1584590381281 0.02536986677519817 734
1584590383510 0.02524301744132218 735
1584590385700 0.025116802354115567 736
1584590387899 0.024991218342344988 737
1584590390109 0.024866262250633264 738
1584590392281 0.024741930939380097 739
1584590394463 0.024618221284683196 740
1584590396645 0.02449513017825978 741
1584590398826 0.02437265452736848 742
1584590401092 0.024250791254731636 743
1584590403484 0.024129537298457977 744
1584590405678 0.024008889611965685 745
1584590407834 0.023888845163905856 746
1584590410059 0.023769400938086327 747
1584590412249 0.023650553933395897 748
1584590414498 0.023532301163728918 749
1584590416672 0.023414639657910272 750
1584590418876 0.023297566459620722 751
1584590421128 0.023181078627322618 752
1584590423311 0.023065173234186005 753
1584590425545 0.022949847368015076 754
1584590427706 0.022835098131175 755
1584590429906 0.022720922640519125 756
1584590432101 0.02260731802731653 757
1584590434282 0.022494281437179946 758
1584590436591 0.022381810029994047 759
1584590438763 0.022269900979844076 760
1584590440993 0.022158551474944856 761
1584590443171 0.022047758717570132 762
1584590445403 0.021937519923982282 763
1584590447594 0.021827832324362372 764
1584590449816 0.02171869316274056 765
1584590451997 0.021610099696926857 766
1584590454199 0.021502049198442223 767
1584590456400 0.021394538952450012 768
1584590458581 0.02128756625768776 769
1584590460801 0.021181128426399323 770
1584590463030 0.021075222784267326 771
1584590465265 0.020969846670345987 772
1584590467468 0.020864997436994256 773
1584590469686 0.020760672449809284 774
1584590471877 0.020656869087560238 775
1584590474082 0.020553584742122436 776
1584590476286 0.020450816818411825 777
1584590478478 0.020348562734319765 778
1584590480670 0.020246819920648168 779
1584590482828 0.020145585821044927 780
1584590485012 0.020044857891939702 781
1584590487226 0.019944633602480003 782
1584590489453 0.019844910434467605 783
1584590491677 0.019745685882295267 784
1584590493853 0.01964695745288379 785
1584590496028 0.01954872266561937 786
1584590498218 0.019450979052291272 787
1584590500434 0.019353724157029815 788
1584590502621 0.019256955536244666 789
1584590504838 0.019160670758563442 790
1584590507030 0.019064867404770626 791
1584590509226 0.018969543067746772 792
1584590511449 0.018874695352408037 793
1584590513652 0.018780321875645996 794
1584590515903 0.018686420266267767 795
1584590518089 0.018592988164936427 796
1584590520283 0.018500023224111744 797
1584590522500 0.018407523107991184 798
1584590524693 0.01831548549245123 799
1584590526896 0.018223908064988973 800
1584590529383 0.018132788524664028 801
1584590531542 0.018042124582040707 802
1584590533716 0.017951913959130504 803
1584590535906 0.01786215438933485 804
1584590538100 0.017772843617388175 805
1584590540302 0.017683979399301233 806
1584590542535 0.017595559502304726 807
1584590544847 0.0175075817047932 808
1584590547593 0.017420043796269234 809
1584590550044 0.017332943577287888 810
1584590552241 0.01724627885940145 811
1584590554441 0.017160047465104442 812
1584590556623 0.01707424722777892 813
1584590558801 0.016988875991640028 814
1584590561021 0.016903931611681827 815
1584590563243 0.01681941195362342 816
1584590565462 0.016735314893855303 817
1584590567670 0.016651638319386028 818
1584590569889 0.0165683801277891 819
1584590572084 0.016485538227150154 820
1584590574301 0.0164031105360144 821
1584590576516 0.01632109498333433 822
1584590578720 0.016239489508417658 823
1584590580948 0.01615829206087557 824
1584590583187 0.01607750060057119 825
1584590585410 0.015997113097568336 826
1584590587662 0.015917127532080494 827
1584590589867 0.01583754189442009 828
1584590592084 0.01575835418494799 829
1584590594302 0.01567956241402325 830
1584590596492 0.015601164601953134 831
1584590598688 0.015523158778943369 832
1584590600922 0.015445542985048652 833
1584590603145 0.015368315270123408 834
1584590605391 0.01529147369377279 835
1584590607659 0.015215016325303928 836
1584590609878 0.015138941243677408 837
1584590612126 0.01506324653745902 838
1584590614416 0.014987930304771725 839
1584590616658 0.014912990653247866 840
1584590618858 0.014838425699981627 841
1584590621057 0.01476423357148172 842
1584590623244 0.014690412403624311 843
1584590625443 0.01461696034160619 844
1584590627698 0.014543875539898159 845
1584590629898 0.014471156162198668 846
1584590632116 0.014398800381387675 847
1584590634300 0.014326806379480736 848
1584590636475 0.014255172347583332 849
1584590638646 0.014183896485845416 850
1584590640845 0.014112977003416188 851
1584590643079 0.014042412118399107 852
1584590645292 0.013972200057807112 853
1584590647524 0.013902339057518077 854
1584590649748 0.013832827362230486 855
1584590651924 0.013763663225419333 856
1584590654113 0.013694844909292236 857
1584590656288 0.013626370684745774 858
