1584578661811 1 1
1584578664449 0.1 2
1584578667464 0.010000000000000002 3
1584578670051 0.01 4
1584578672499 0.01 5
1584578674967 0.01 6
1584578677458 0.01 7
1584578679881 0.01 8
1584578682301 0.01 9
1584578684606 0.01 10
1584578686920 0.01 11
1584578689319 0.01 12
1584578691605 0.01 13
1584578693933 0.01 14
1584578696271 0.01 15
1584578698526 0.01 16
1584578700883 0.01 17
1584578703199 0.01 18
1584578705511 0.01 19
1584578707800 0.01 20
1584578710104 0.01 21
1584578712410 0.01 22
1584578714720 0.01 23
1584578717018 0.01 24
1584578719430 0.01 25
1584578721716 0.01 26
1584578724303 0.01 27
1584578726620 0.01 28
1584578728950 0.01 29
1584578731291 0.01 30
1584578733590 0.01 31
1584578735903 0.01 32
1584578738225 0.01 33
1584578740540 0.01 34
1584578742834 0.01 35
1584578745193 0.01 36
1584578747480 0.01 37
1584578749831 0.01 38
1584578752143 0.01 39
1584578754510 0.01 40
1584578756820 0.01 41
1584578759183 0.01 42
1584578761520 0.01 43
1584578764135 0.01 44
1584578766443 0.01 45
1584578768759 0.01 46
1584578771050 0.01 47
1584578773394 0.01 48
1584578775711 0.01 49
1584578778029 0.01 50
1584578780327 0.01 51
1584578782608 0.01 52
1584578784950 0.01 53
1584578787283 0.01 54
1584578789637 0.01 55
1584578791940 0.01 56
1584578794240 0.01 57
1584578796557 0.01 58
1584578798866 0.01 59
1584578801183 0.01 60
1584578803484 0.01 61
1584578805806 0.01 62
1584578808096 0.01 63
1584578810438 0.01 64
1584578812744 0.01 65
1584578815099 0.01 66
1584578817422 0.01 67
1584578819884 0.01 68
1584578822216 0.01 69
1584578824780 0.01 70
1584578827066 0.01 71
1584578829377 0.01 72
1584578831704 0.01 73
1584578833992 0.01 74
1584578836300 0.01 75
1584578838568 0.01 76
1584578840859 0.01 77
1584578843184 0.01 78
1584578845497 0.01 79
1584578847836 0.01 80
1584578850203 0.01 81
1584578852492 0.01 82
1584578854968 0.01 83
1584578857365 0.01 84
1584578859646 0.01 85
1584578862002 0.01 86
1584578864276 0.01 87
1584578866581 0.01 88
1584578868866 0.01 89
1584578871161 0.01 90
1584578873508 0.01 91
1584578875804 0.01 92
1584578878106 0.01 93
1584578880491 0.01 94
1584578882793 0.01 95
1584578885102 0.01 96
1584578887396 0.01 97
1584578889694 0.01 98
1584578892047 0.01 99
1584578894344 0.01 100
1584578896723 0.01 101
1584578899036 0.01 102
1584578901350 0.01 103
1584578903670 0.01 104
1584578905956 0.01 105
1584578908241 0.01 106
1584578910581 0.01 107
1584578912890 0.01 108
1584578915354 0.01 109
1584578917874 0.01 110
1584578920235 0.01 111
1584578922568 0.01 112
1584578924883 0.01 113
1584578927217 0.01 114
1584578929554 0.01 115
1584578931893 0.01 116
1584578934247 0.01 117
1584578936542 0.01 118
1584578938842 0.01 119
1584578941193 0.01 120
1584578943533 0.01 121
1584578945860 0.01 122
1584578948260 0.01 123
1584578950593 0.01 124
1584578952906 0.01 125
1584578955249 0.01 126
1584578957575 0.01 127
1584578959942 0.01 128
1584578962298 0.01 129
1584578964596 0.01 130
1584578966898 0.01 131
1584578969242 0.01 132
1584578971567 0.01 133
1584578973890 0.01 134
1584578976299 0.01 135
1584578978705 0.01 136
1584578981060 0.01 137
1584578983399 0.01 138
1584578985727 0.01 139
1584578988063 0.01 140
1584578990411 0.01 141
1584578992782 0.01 142
1584578995425 0.01 143
1584578997933 0.01 144
1584579000288 0.01 145
1584579002609 0.01 146
1584579004919 0.01 147
1584579007301 0.01 148
1584579009616 0.01 149
1584579012006 0.01 150
1584579014788 0.01 151
1584579017120 0.01 152
1584579019489 0.01 153
1584579021822 0.01 154
1584579024613 0.01 155
1584579027589 0.01 156
1584579029991 0.01 157
1584579032387 0.01 158
1584579034777 0.01 159
1584579037094 0.01 160
1584579039418 0.01 161
1584579041731 0.01 162
1584579044139 0.01 163
1584579046529 0.01 164
1584579049066 0.01 165
1584579051446 0.01 166
1584579053887 0.01 167
1584579056284 0.01 168
1584579058723 0.01 169
1584579061068 0.01 170
1584579063454 0.01 171
1584579065759 0.01 172
1584579068103 0.01 173
1584579070423 0.01 174
1584579072732 0.01 175
1584579075170 0.01 176
1584579077494 0.01 177
1584579079832 0.01 178
1584579082184 0.01 179
1584579084510 0.01 180
1584579086778 0.01 181
1584579089113 0.01 182
1584579091485 0.01 183
1584579093796 0.01 184
1584579096098 0.01 185
1584579098413 0.01 186
1584579100745 0.01 187
1584579103040 0.01 188
1584579105551 0.01 189
1584579107835 0.01 190
1584579110452 0.01 191
1584579112777 0.01 192
1584579115129 0.01 193
1584579117444 0.01 194
1584579119746 0.01 195
1584579122026 0.01 196
1584579124489 0.01 197
1584579126796 0.01 198
1584579129093 0.01 199
1584579131479 0.01 200
1584579133837 0.01 201
1584579136156 0.01 202
1584579138509 0.01 203
1584579140885 0.01 204
1584579143166 0.01 205
1584579145480 0.01 206
1584579147786 0.01 207
1584579150088 0.01 208
1584579152401 0.01 209
1584579154717 0.01 210
1584579157060 0.01 211
1584579159392 0.01 212
1584579161707 0.01 213
1584579163990 0.01 214
1584579166348 0.01 215
1584579168654 0.01 216
1584579171047 0.01 217
1584579173366 0.01 218
1584579175682 0.01 219
1584579177994 0.01 220
1584579180340 0.01 221
1584579182658 0.01 222
1584579184985 0.01 223
1584579187316 0.01 224
1584579189650 0.01 225
1584579191977 0.01 226
1584579194269 0.01 227
1584579196572 0.01 228
1584579198871 0.01 229
1584579201334 0.01 230
1584579203653 0.01 231
1584579206102 0.01 232
1584579208437 0.01 233
1584579210744 0.01 234
1584579213066 0.01 235
1584579215419 0.01 236
1584579217715 0.01 237
1584579220102 0.01 238
1584579222424 0.01 239
1584579224718 0.01 240
1584579227074 0.01 241
1584579229423 0.01 242
1584579231770 0.01 243
1584579234110 0.01 244
1584579236501 0.01 245
1584579238810 0.01 246
1584579241139 0.01 247
1584579243612 0.01 248
1584579245948 0.01 249
1584579248313 0.01 250
1584579250635 0.01 251
1584579252997 0.01 252
1584579255301 0.01 253
1584579257635 0.01 254
1584579259928 0.01 255
1584579262248 0.01 256
1584579264569 0.01 257
1584579266911 0.01 258
1584579269220 0.01 259
1584579271575 0.01 260
1584579273901 0.01 261
1584579276231 0.01 262
1584579278555 0.01 263
1584579280855 0.01 264
1584579283178 0.01 265
1584579285466 0.01 266
1584579287781 0.01 267
1584579290110 0.01 268
1584579292438 0.01 269
1584579294751 0.01 270
1584579297158 0.01 271
1584579299475 0.01 272
1584579301877 0.01 273
1584579304329 0.01 274
1584579306627 0.01 275
1584579308943 0.01 276
1584579311282 0.01 277
1584579313592 0.01 278
1584579315929 0.01 279
1584579318222 0.01 280
1584579320567 0.01 281
1584579322876 0.01 282
1584579325196 0.01 283
1584579327541 0.01 284
1584579329880 0.01 285
1584579332182 0.01 286
1584579334575 0.01 287
1584579336910 0.01 288
1584579339295 0.01 289
1584579341576 0.01 290
1584579343911 0.01 291
1584579346250 0.01 292
1584579348635 0.01 293
1584579350998 0.01 294
1584579353440 0.01 295
1584579355757 0.01 296
1584579358129 0.01 297
1584579360482 0.01 298
1584579362854 0.01 299
1584579365155 0.01 300
1584579367543 0.01 301
1584579369899 0.01 302
1584579372294 0.01 303
1584579374623 0.01 304
1584579376935 0.01 305
1584579379272 0.01 306
1584579381599 0.01 307
1584579383881 0.01 308
1584579386201 0.01 309
1584579388543 0.01 310
1584579390866 0.01 311
1584579393219 0.01 312
1584579395561 0.01 313
1584579397953 0.01 314
1584579400566 0.01 315
1584579402860 0.01 316
1584579405195 0.01 317
1584579407555 0.01 318
1584579409896 0.01 319
1584579412201 0.01 320
1584579414553 0.01 321
1584579416873 0.01 322
1584579419174 0.01 323
1584579421532 0.01 324
1584579423835 0.01 325
1584579426157 0.01 326
1584579428494 0.01 327
1584579430903 0.01 328
1584579433209 0.01 329
1584579435574 0.01 330
1584579437897 0.01 331
1584579440247 0.01 332
1584579442592 0.01 333
1584579444920 0.01 334
1584579447258 0.01 335
1584579449617 0.01 336
1584579452001 0.01 337
1584579454281 0.01 338
1584579456619 0.01 339
1584579458933 0.01 340
1584579461380 0.01 341
1584579463714 0.01 342
1584579466072 0.01 343
1584579468419 0.01 344
1584579470780 0.01 345
1584579473250 0.01 346
1584579475764 0.01 347
1584579478151 0.01 348
1584579480439 0.01 349
1584579482747 0.01 350
1584579485119 0.01 351
1584579487421 0.01 352
1584579489818 0.01 353
1584579492153 0.01 354
1584579494449 0.01 355
1584579497091 0.01 356
1584579499398 0.01 357
1584579501721 0.01 358
1584579504049 0.01 359
1584579506362 0.01 360
1584579508676 0.01 361
1584579510982 0.01 362
1584579513336 0.01 363
1584579515669 0.01 364
1584579518011 0.01 365
1584579520336 0.01 366
1584579522684 0.01 367
1584579525042 0.01 368
1584579527474 0.01 369
1584579529806 0.01 370
1584579532141 0.01 371
1584579534486 0.01 372
1584579536836 0.01 373
1584579539136 0.01 374
1584579541483 0.01 375
1584579543797 0.01 376
1584579546072 0.01 377
1584579548411 0.01 378
1584579550710 0.01 379
1584579553043 0.01 380
1584579555370 0.01 381
1584579557767 0.01 382
1584579560152 0.01 383
1584579562596 0.01 384
1584579565016 0.01 385
1584579567370 0.01 386
1584579569699 0.01 387
1584579572245 0.01 388
1584579574638 0.01 389
1584579577033 0.01 390
1584579579376 0.01 391
1584579581783 0.01 392
1584579584155 0.01 393
1584579586675 0.01 394
1584579589059 0.01 395
1584579591517 0.01 396
1584579594006 0.01 397
1584579596347 0.01 398
1584579598680 0.01 399
1584579601057 0.01 400
1584579603549 0.01 401
1584579605920 0.01 402
1584579608183 0.01 403
1584579610484 0.01 404
1584579612855 0.01 405
1584579615183 0.01 406
1584579617519 0.01 407
1584579619862 0.01 408
1584579622217 0.01 409
1584579624577 0.01 410
1584579626899 0.01 411
1584579629238 0.01 412
1584579631579 0.01 413
1584579633942 0.01 414
1584579636280 0.01 415
1584579638652 0.01 416
1584579641016 0.01 417
1584579643338 0.01 418
1584579645685 0.01 419
1584579648046 0.01 420
1584579650503 0.01 421
1584579652925 0.01 422
1584579655251 0.01 423
1584579657603 0.01 424
1584579659999 0.01 425
1584579662332 0.01 426
1584579664671 0.01 427
1584579666986 0.01 428
1584579669271 0.01 429
1584579671601 0.01 430
1584579674061 0.01 431
1584579676365 0.01 432
1584579678680 0.01 433
1584579681051 0.01 434
1584579683426 0.01 435
1584579685753 0.01 436
1584579688223 0.01 437
1584579690712 0.01 438
1584579693027 0.01 439
1584579695346 0.01 440
1584579697678 0.01 441
1584579700028 0.01 442
1584579702374 0.01 443
1584579704667 0.01 444
1584579707024 0.01 445
1584579709379 0.01 446
1584579711725 0.01 447
1584579714043 0.01 448
1584579716377 0.01 449
1584579718690 0.01 450
1584579721115 0.01 451
1584579723428 0.01 452
1584579725747 0.01 453
1584579728061 0.01 454
1584579730401 0.01 455
1584579732717 0.01 456
1584579735051 0.01 457
1584579737363 0.01 458
1584579739670 0.01 459
1584579741969 0.01 460
1584579744307 0.01 461
1584579746625 0.01 462
1584579748946 0.01 463
1584579751372 0.01 464
1584579753682 0.01 465
1584579755997 0.01 466
1584579758378 0.01 467
1584579760743 0.01 468
1584579763097 0.01 469
1584579765466 0.01 470
1584579767798 0.01 471
1584579770235 0.01 472
1584579772555 0.01 473
1584579775035 0.01 474
1584579777410 0.01 475
1584579779871 0.01 476
1584579782239 0.01 477
1584579784728 0.01 478
1584579787210 0.01 479
1584579789621 0.01 480
1584579792067 0.01 481
1584579794511 0.01 482
1584579796961 0.01 483
1584579799313 0.01 484
1584579801691 0.01 485
1584579804065 0.01 486
1584579806448 0.01 487
1584579808797 0.01 488
1584579811183 0.01 489
1584579813539 0.01 490
1584579815997 0.01 491
1584579818564 0.01 492
1584579820995 0.01 493
1584579823367 0.01 494
1584579825749 0.01 495
1584579828127 0.01 496
1584579830497 0.01 497
1584579832929 0.01 498
1584579835330 0.01 499
1584579837716 0.01 500
1584579840239 0.01 501
1584579842642 0.01 502
1584579845032 0.01 503
1584579847448 0.01 504
1584579849788 0.01 505
1584579852227 0.01 506
1584579854578 0.01 507
1584579856941 0.01 508
1584579859285 0.01 509
1584579861654 0.01 510
1584579863988 0.01 511
1584579866343 0.01 512
1584579868709 0.01 513
1584579871108 0.01 514
1584579873472 0.01 515
1584579875841 0.01 516
1584579878369 0.01 517
1584579880770 0.01 518
1584579883455 0.01 519
1584579885864 0.01 520
1584579888195 0.01 521
1584579890558 0.01 522
1584579892927 0.01 523
1584579895305 0.01 524
1584579897657 0.01 525
1584579900038 0.01 526
1584579902418 0.01 527
1584579904753 0.01 528
1584579907108 0.01 529
1584579909498 0.01 530
1584579911868 0.01 531
1584579914318 0.01 532
1584579916656 0.01 533
1584579919034 0.01 534
1584579921426 0.01 535
1584579923793 0.01 536
1584579926137 0.01 537
1584579928619 0.01 538
1584579931225 0.01 539
1584579934123 0.01 540
1584579936504 0.01 541
1584579938864 0.01 542
1584579941214 0.01 543
1584579943648 0.01 544
1584579946025 0.01 545
1584579948542 0.01 546
1584579951045 0.01 547
1584579953482 0.01 548
1584579955960 0.01 549
1584579958348 0.01 550
1584579960796 0.01 551
1584579963138 0.01 552
1584579965478 0.01 553
1584579968011 0.01 554
1584579970421 0.01 555
1584579972963 0.01 556
1584579975374 0.01 557
1584579977856 0.01 558
1584579980447 0.01 559
1584579982783 0.01 560
1584579985210 0.01 561
1584579987619 0.01 562
1584579990045 0.01 563
1584579992470 0.01 564
1584579994882 0.01 565
1584579997452 0.01 566
1584580000027 0.01 567
1584580002473 0.01 568
1584580005239 0.01 569
1584580008414 0.01 570
1584580011159 0.01 571
1584580013647 0.01 572
1584580016066 0.01 573
1584580018513 0.01 574
1584580020947 0.01 575
1584580023387 0.01 576
1584580025913 0.01 577
1584580028297 0.01 578
1584580030795 0.01 579
1584580033219 0.01 580
1584580035643 0.01 581
1584580038063 0.01 582
1584580040587 0.01 583
1584580043006 0.01 584
1584580045463 0.01 585
1584580047907 0.01 586
1584580050365 0.01 587
1584580052776 0.01 588
1584580055365 0.01 589
1584580057759 0.01 590
1584580060229 0.01 591
1584580062643 0.01 592
1584580065111 0.01 593
