1584578661811 300 1
1584578664449 300 2
1584578667464 300 3
1584578670051 300 4
1584578672499 300 5
1584578674967 300 6
1584578677458 300 7
1584578679881 300 8
1584578682301 300 9
1584578684606 300 10
1584578686920 300 11
1584578689319 300 12
1584578691605 300 13
1584578693933 300 14
1584578696271 300 15
1584578698526 300 16
1584578700883 300 17
1584578703199 300 18
1584578705511 300 19
1584578707800 300 20
1584578710104 300 21
1584578712410 300 22
1584578714720 300 23
1584578717018 300 24
1584578719430 300 25
1584578721716 300 26
1584578724303 300 27
1584578726620 300 28
1584578728950 300 29
1584578731291 300 30
1584578733590 300 31
1584578735903 300 32
1584578738225 300 33
1584578740540 300 34
1584578742834 300 35
1584578745193 300 36
1584578747480 300 37
1584578749831 300 38
1584578752143 300 39
1584578754510 300 40
1584578756820 300 41
1584578759183 300 42
1584578761520 300 43
1584578764135 300 44
1584578766443 300 45
1584578768759 300 46
1584578771050 300 47
1584578773394 300 48
1584578775711 300 49
1584578778029 300 50
1584578780327 300 51
1584578782608 300 52
1584578784950 300 53
1584578787283 300 54
1584578789637 300 55
1584578791940 300 56
1584578794240 300 57
1584578796557 300 58
1584578798866 300 59
1584578801183 300 60
1584578803484 300 61
1584578805806 300 62
1584578808096 300 63
1584578810438 300 64
1584578812744 300 65
1584578815099 300 66
1584578817422 300 67
1584578819884 300 68
1584578822216 300 69
1584578824780 300 70
1584578827066 300 71
1584578829377 300 72
1584578831704 300 73
1584578833992 300 74
1584578836300 300 75
1584578838568 300 76
1584578840859 300 77
1584578843184 300 78
1584578845497 300 79
1584578847836 300 80
1584578850203 300 81
1584578852492 300 82
1584578854968 300 83
1584578857365 300 84
1584578859646 300 85
1584578862002 300 86
1584578864276 300 87
1584578866581 300 88
1584578868866 300 89
1584578871161 300 90
1584578873508 300 91
1584578875804 300 92
1584578878106 300 93
1584578880491 300 94
1584578882793 300 95
1584578885102 300 96
1584578887396 300 97
1584578889694 300 98
1584578892047 300 99
1584578894344 300 100
1584578896723 300 101
1584578899036 300 102
1584578901350 300 103
1584578903670 300 104
1584578905956 300 105
1584578908241 300 106
1584578910581 300 107
1584578912890 300 108
1584578915354 300 109
1584578917874 300 110
1584578920235 300 111
1584578922568 300 112
1584578924883 300 113
1584578927217 300 114
1584578929554 300 115
1584578931893 300 116
1584578934247 300 117
1584578936542 300 118
1584578938842 300 119
1584578941193 300 120
1584578943533 300 121
1584578945860 300 122
1584578948260 300 123
1584578950593 300 124
1584578952906 300 125
1584578955249 300 126
1584578957575 300 127
1584578959942 300 128
1584578962298 300 129
1584578964596 300 130
1584578966898 300 131
1584578969242 300 132
1584578971567 300 133
1584578973890 300 134
1584578976299 300 135
1584578978705 300 136
1584578981060 300 137
1584578983399 300 138
1584578985727 300 139
1584578988063 300 140
1584578990411 300 141
1584578992782 300 142
1584578995425 300 143
1584578997933 300 144
1584579000288 300 145
1584579002609 300 146
1584579004919 300 147
1584579007301 300 148
1584579009616 300 149
1584579012006 300 150
1584579014788 300 151
1584579017120 300 152
1584579019489 300 153
1584579021822 300 154
1584579024613 300 155
1584579027589 300 156
1584579029991 300 157
1584579032387 300 158
1584579034777 300 159
1584579037094 300 160
1584579039418 300 161
1584579041731 300 162
1584579044139 300 163
1584579046529 300 164
1584579049066 300 165
1584579051446 300 166
1584579053887 300 167
1584579056284 300 168
1584579058723 300 169
1584579061068 300 170
1584579063454 300 171
1584579065759 300 172
1584579068103 300 173
1584579070423 300 174
1584579072732 300 175
1584579075170 300 176
1584579077494 300 177
1584579079832 300 178
1584579082184 300 179
1584579084510 300 180
1584579086778 300 181
1584579089113 300 182
1584579091485 300 183
1584579093796 300 184
1584579096098 300 185
1584579098413 300 186
1584579100745 300 187
1584579103040 300 188
1584579105551 300 189
1584579107835 300 190
1584579110452 300 191
1584579112777 300 192
1584579115129 300 193
1584579117444 300 194
1584579119746 300 195
1584579122026 300 196
1584579124489 300 197
1584579126796 300 198
1584579129093 300 199
1584579131479 300 200
1584579133837 300 201
1584579136156 300 202
1584579138509 300 203
1584579140885 300 204
1584579143166 300 205
1584579145480 300 206
1584579147786 300 207
1584579150088 300 208
1584579152401 300 209
1584579154717 300 210
1584579157060 300 211
1584579159392 300 212
1584579161707 300 213
1584579163990 300 214
1584579166348 300 215
1584579168654 300 216
1584579171047 300 217
1584579173366 300 218
1584579175682 300 219
1584579177994 300 220
1584579180340 300 221
1584579182658 300 222
1584579184985 300 223
1584579187316 300 224
1584579189650 300 225
1584579191977 300 226
1584579194269 300 227
1584579196572 300 228
1584579198871 300 229
1584579201334 300 230
1584579203653 300 231
1584579206102 300 232
1584579208437 300 233
1584579210744 300 234
1584579213066 300 235
1584579215419 300 236
1584579217715 300 237
1584579220102 300 238
1584579222424 300 239
1584579224718 300 240
1584579227074 300 241
1584579229423 300 242
1584579231770 300 243
1584579234110 300 244
1584579236501 300 245
1584579238810 300 246
1584579241139 300 247
1584579243612 300 248
1584579245948 300 249
1584579248313 300 250
1584579250635 300 251
1584579252997 300 252
1584579255301 300 253
1584579257635 300 254
1584579259928 300 255
1584579262248 300 256
1584579264569 300 257
1584579266911 300 258
1584579269220 300 259
1584579271575 300 260
1584579273901 300 261
1584579276231 300 262
1584579278555 300 263
1584579280855 300 264
1584579283178 300 265
1584579285466 300 266
1584579287781 300 267
1584579290110 300 268
1584579292438 300 269
1584579294751 300 270
1584579297158 300 271
1584579299475 300 272
1584579301877 300 273
1584579304329 300 274
1584579306627 300 275
1584579308943 300 276
1584579311282 300 277
1584579313592 300 278
1584579315929 300 279
1584579318222 300 280
1584579320567 300 281
1584579322876 300 282
1584579325196 300 283
1584579327541 300 284
1584579329880 300 285
1584579332182 300 286
1584579334575 300 287
1584579336910 300 288
1584579339295 300 289
1584579341576 300 290
1584579343911 300 291
1584579346250 300 292
1584579348635 300 293
1584579350998 300 294
1584579353440 300 295
1584579355757 300 296
1584579358129 300 297
1584579360482 300 298
1584579362854 300 299
1584579365155 300 300
1584579367543 300 301
1584579369899 300 302
1584579372294 300 303
1584579374623 300 304
1584579376935 300 305
1584579379272 300 306
1584579381599 300 307
1584579383881 300 308
1584579386201 300 309
1584579388543 300 310
1584579390866 300 311
1584579393219 300 312
1584579395561 300 313
1584579397953 300 314
1584579400566 300 315
1584579402860 300 316
1584579405195 300 317
1584579407555 300 318
1584579409896 300 319
1584579412201 300 320
1584579414553 300 321
1584579416873 300 322
1584579419174 300 323
1584579421532 300 324
1584579423835 300 325
1584579426157 300 326
1584579428494 300 327
1584579430903 300 328
1584579433209 300 329
1584579435574 300 330
1584579437897 300 331
1584579440247 300 332
1584579442592 300 333
1584579444920 300 334
1584579447258 300 335
1584579449617 300 336
1584579452001 300 337
1584579454281 300 338
1584579456619 300 339
1584579458933 300 340
1584579461380 300 341
1584579463714 300 342
1584579466072 300 343
1584579468419 300 344
1584579470780 300 345
1584579473250 300 346
1584579475764 300 347
1584579478151 300 348
1584579480439 300 349
1584579482747 300 350
1584579485119 300 351
1584579487421 300 352
1584579489818 300 353
1584579492153 300 354
1584579494449 300 355
1584579497091 300 356
1584579499398 300 357
1584579501721 300 358
1584579504049 300 359
1584579506362 300 360
1584579508676 300 361
1584579510982 300 362
1584579513336 300 363
1584579515669 300 364
1584579518011 300 365
1584579520336 300 366
1584579522684 300 367
1584579525042 300 368
1584579527474 300 369
1584579529806 300 370
1584579532141 300 371
1584579534486 300 372
1584579536836 300 373
1584579539136 300 374
1584579541483 300 375
1584579543797 300 376
1584579546072 300 377
1584579548411 300 378
1584579550710 300 379
1584579553043 300 380
1584579555370 300 381
1584579557767 300 382
1584579560152 300 383
1584579562596 300 384
1584579565016 300 385
1584579567370 300 386
1584579569699 300 387
1584579572245 300 388
1584579574638 300 389
1584579577033 300 390
1584579579376 300 391
1584579581783 300 392
1584579584155 300 393
1584579586675 300 394
1584579589059 300 395
1584579591517 300 396
1584579594006 300 397
1584579596347 300 398
1584579598680 300 399
1584579601057 300 400
1584579603549 300 401
1584579605920 300 402
1584579608183 300 403
1584579610484 300 404
1584579612855 300 405
1584579615183 300 406
1584579617519 300 407
1584579619862 300 408
1584579622217 300 409
1584579624577 300 410
1584579626899 300 411
1584579629238 300 412
1584579631579 300 413
1584579633942 300 414
1584579636280 300 415
1584579638652 300 416
1584579641016 300 417
1584579643338 300 418
1584579645685 300 419
1584579648046 300 420
1584579650503 300 421
1584579652925 300 422
1584579655251 300 423
1584579657603 300 424
1584579659999 300 425
1584579662332 300 426
1584579664671 300 427
1584579666986 300 428
1584579669271 300 429
1584579671601 300 430
1584579674061 300 431
1584579676365 300 432
1584579678680 300 433
1584579681051 300 434
1584579683426 300 435
1584579685753 300 436
1584579688223 300 437
1584579690712 300 438
1584579693027 300 439
1584579695346 300 440
1584579697678 300 441
1584579700028 300 442
1584579702374 300 443
1584579704667 300 444
1584579707024 300 445
1584579709379 300 446
1584579711725 300 447
1584579714043 300 448
1584579716377 300 449
1584579718690 300 450
1584579721115 300 451
1584579723428 300 452
1584579725747 300 453
1584579728061 300 454
1584579730401 300 455
1584579732717 300 456
1584579735051 300 457
1584579737363 300 458
1584579739670 300 459
1584579741969 300 460
1584579744307 300 461
1584579746625 300 462
1584579748946 300 463
1584579751372 300 464
1584579753682 300 465
1584579755997 300 466
1584579758378 300 467
1584579760743 300 468
1584579763097 300 469
1584579765466 300 470
1584579767798 300 471
1584579770235 300 472
1584579772555 300 473
1584579775035 300 474
1584579777410 300 475
1584579779871 300 476
1584579782239 300 477
1584579784728 300 478
1584579787210 300 479
1584579789621 300 480
1584579792067 300 481
1584579794511 300 482
1584579796961 300 483
1584579799313 300 484
1584579801691 300 485
1584579804065 300 486
1584579806448 300 487
1584579808797 300 488
1584579811183 300 489
1584579813539 300 490
1584579815997 300 491
1584579818564 300 492
1584579820995 300 493
1584579823367 300 494
1584579825749 300 495
1584579828127 300 496
1584579830497 300 497
1584579832929 300 498
1584579835330 300 499
1584579837716 300 500
1584579840239 300 501
1584579842642 300 502
1584579845032 300 503
1584579847448 300 504
1584579849788 300 505
1584579852227 300 506
1584579854578 300 507
1584579856941 300 508
1584579859285 300 509
1584579861654 300 510
1584579863988 300 511
1584579866343 300 512
1584579868709 300 513
1584579871108 300 514
1584579873472 300 515
1584579875841 300 516
1584579878369 300 517
1584579880770 300 518
1584579883455 300 519
1584579885864 300 520
1584579888195 300 521
1584579890558 300 522
1584579892927 300 523
1584579895305 300 524
1584579897657 300 525
1584579900038 300 526
1584579902418 300 527
1584579904753 300 528
1584579907108 300 529
1584579909498 300 530
1584579911868 300 531
1584579914318 300 532
1584579916656 300 533
1584579919034 300 534
1584579921426 300 535
1584579923793 300 536
1584579926137 300 537
1584579928619 300 538
1584579931225 300 539
1584579934123 300 540
1584579936504 300 541
1584579938864 300 542
1584579941214 300 543
1584579943648 300 544
1584579946025 300 545
1584579948542 300 546
1584579951045 300 547
1584579953482 300 548
1584579955960 300 549
1584579958348 300 550
1584579960796 300 551
1584579963138 300 552
1584579965478 300 553
1584579968011 300 554
1584579970421 300 555
1584579972963 300 556
1584579975374 300 557
1584579977856 300 558
1584579980447 300 559
1584579982783 300 560
1584579985210 300 561
1584579987619 300 562
1584579990045 300 563
1584579992470 300 564
1584579994882 300 565
1584579997452 300 566
1584580000027 300 567
1584580002473 300 568
1584580005239 300 569
1584580008414 300 570
1584580011159 300 571
1584580013647 300 572
1584580016066 300 573
1584580018513 300 574
1584580020947 300 575
1584580023387 300 576
1584580025913 300 577
1584580028297 300 578
1584580030795 300 579
1584580033219 300 580
1584580035643 300 581
1584580038063 300 582
1584580040587 300 583
1584580043006 300 584
1584580045463 300 585
1584580047907 300 586
1584580050365 300 587
1584580052776 300 588
1584580055365 300 589
1584580057759 300 590
1584580060229 300 591
1584580062643 300 592
1584580065111 300 593
