1584569192690 1 1
1584569194930 0.8 2
1584569197217 0.6400000000000001 3
1584569199407 0.5120000000000001 4
1584569201621 0.40960000000000013 5
1584569203785 0.32768000000000014 6
1584569206062 0.2621440000000001 7
1584569208537 0.2097152000000001 8
1584569210922 0.1677721600000001 9
1584569213173 0.13421772800000006 10
1584569216046 0.10737418240000006 11
1584569218300 0.08589934592000005 12
1584569220576 0.06871947673600004 13
1584569222838 0.054975581388800036 14
1584569225076 0.043980465111040035 15
1584569227323 0.03518437208883203 16
1584569229666 0.028147497671065627 17
1584569231877 0.022517998136852502 18
1584569234062 0.018014398509482003 19
1584569236274 0.014411518807585602 20
1584569238462 0.011529215046068483 21
1584569240784 0.01 22
1584569243019 0.01 23
1584569245211 0.01 24
1584569247622 0.01 25
1584569249864 0.01 26
1584569252094 0.01 27
1584569254317 0.01 28
1584569256519 0.01 29
1584569258780 0.01 30
1584569260980 0.01 31
1584569263181 0.01 32
1584569265386 0.01 33
1584569267619 0.01 34
1584569269849 0.01 35
1584569272081 0.01 36
1584569274310 0.01 37
1584569276622 0.01 38
1584569278861 0.01 39
1584569281095 0.01 40
1584569283321 0.01 41
1584569285582 0.01 42
1584569287839 0.01 43
1584569290045 0.01 44
1584569292254 0.01 45
1584569294492 0.01 46
1584569296716 0.01 47
1584569298950 0.01 48
1584569301178 0.01 49
1584569303410 0.01 50
1584569305619 0.01 51
1584569307892 0.01 52
1584569310177 0.01 53
1584569312419 0.01 54
1584569314650 0.01 55
1584569316870 0.01 56
1584569319119 0.01 57
1584569321353 0.01 58
1584569323576 0.01 59
1584569325793 0.01 60
1584569328091 0.01 61
1584569330323 0.01 62
1584569332596 0.01 63
1584569334844 0.01 64
1584569337144 0.01 65
1584569339351 0.01 66
1584569341573 0.01 67
1584569344041 0.01 68
1584569346251 0.01 69
1584569348463 0.01 70
1584569350682 0.01 71
1584569352892 0.01 72
1584569355124 0.01 73
1584569357340 0.01 74
1584569359551 0.01 75
1584569361778 0.01 76
1584569364020 0.01 77
1584569366250 0.01 78
1584569368455 0.01 79
1584569370691 0.01 80
1584569372951 0.01 81
1584569375236 0.01 82
1584569377498 0.01 83
1584569379742 0.01 84
1584569381984 0.01 85
1584569384222 0.01 86
1584569386445 0.01 87
1584569388680 0.01 88
1584569390886 0.01 89
1584569393135 0.01 90
1584569395379 0.01 91
1584569397599 0.01 92
1584569399825 0.01 93
1584569402062 0.01 94
1584569404306 0.01 95
1584569406515 0.01 96
1584569408731 0.01 97
1584569410950 0.01 98
1584569413153 0.01 99
1584569415386 0.01 100
1584569417647 0.01 101
1584569419896 0.01 102
1584569422105 0.01 103
1584569424318 0.01 104
1584569426563 0.01 105
1584569428847 0.01 106
1584569431068 0.01 107
1584569433286 0.01 108
1584569435568 0.01 109
1584569437862 0.01 110
1584569440410 0.01 111
1584569442638 0.01 112
1584569444878 0.01 113
1584569447133 0.01 114
1584569449466 0.01 115
1584569451779 0.01 116
1584569453975 0.01 117
1584569456236 0.01 118
1584569458456 0.01 119
1584569460682 0.01 120
1584569462955 0.01 121
1584569465178 0.01 122
1584569467388 0.01 123
1584569469626 0.01 124
1584569471968 0.01 125
1584569474192 0.01 126
1584569476413 0.01 127
1584569478625 0.01 128
1584569480857 0.01 129
1584569483103 0.01 130
1584569485319 0.01 131
1584569487575 0.01 132
1584569489843 0.01 133
1584569492056 0.01 134
1584569494278 0.01 135
1584569496529 0.01 136
1584569498785 0.01 137
1584569501044 0.01 138
1584569503257 0.01 139
1584569505470 0.01 140
1584569507679 0.01 141
1584569509916 0.01 142
1584569512155 0.01 143
1584569514383 0.01 144
1584569516577 0.01 145
1584569518799 0.01 146
1584569521063 0.01 147
1584569523295 0.01 148
1584569525493 0.01 149
1584569527734 0.01 150
1584569529981 0.01 151
1584569532280 0.01 152
1584569534522 0.01 153
1584569536838 0.01 154
1584569539083 0.01 155
1584569541287 0.01 156
1584569543505 0.01 157
1584569545733 0.01 158
1584569547969 0.01 159
1584569550208 0.01 160
1584569552398 0.01 161
1584569554632 0.01 162
1584569556873 0.01 163
1584569559117 0.01 164
1584569561325 0.01 165
1584569563548 0.01 166
1584569565772 0.01 167
1584569568112 0.01 168
1584569570333 0.01 169
1584569572564 0.01 170
1584569574775 0.01 171
1584569577022 0.01 172
1584569579227 0.01 173
1584569581474 0.01 174
1584569583705 0.01 175
1584569585960 0.01 176
1584569588195 0.01 177
1584569590392 0.01 178
1584569592595 0.01 179
1584569594823 0.01 180
1584569597113 0.01 181
1584569599293 0.01 182
1584569601512 0.01 183
1584569603763 0.01 184
1584569605976 0.01 185
1584569608232 0.01 186
1584569610487 0.01 187
1584569612720 0.01 188
1584569614953 0.01 189
1584569617158 0.01 190
1584569619365 0.01 191
1584569621601 0.01 192
1584569623809 0.01 193
1584569626033 0.01 194
1584569628269 0.01 195
1584569630495 0.01 196
1584569632891 0.01 197
1584569635153 0.01 198
1584569637380 0.01 199
1584569639597 0.01 200
1584569641906 0.01 201
1584569644147 0.01 202
1584569646375 0.01 203
1584569648604 0.01 204
1584569650835 0.01 205
1584569653075 0.01 206
1584569655301 0.01 207
1584569657526 0.01 208
1584569659790 0.01 209
1584569661987 0.01 210
1584569664288 0.01 211
1584569666520 0.01 212
1584569668775 0.01 213
1584569671296 0.01 214
1584569673539 0.01 215
1584569675779 0.01 216
1584569678009 0.01 217
1584569680235 0.01 218
1584569682444 0.01 219
1584569684661 0.01 220
1584569686859 0.01 221
1584569689096 0.01 222
1584569691324 0.01 223
1584569693644 0.01 224
1584569695863 0.01 225
1584569698112 0.01 226
1584569700322 0.01 227
1584569702617 0.01 228
1584569704868 0.01 229
1584569707081 0.01 230
1584569709322 0.01 231
1584569711571 0.01 232
1584569713773 0.01 233
1584569716005 0.01 234
1584569718202 0.01 235
1584569720431 0.01 236
1584569722655 0.01 237
1584569724965 0.01 238
1584569727174 0.01 239
1584569729603 0.01 240
1584569731830 0.01 241
1584569734068 0.01 242
1584569736304 0.01 243
1584569738562 0.01 244
1584569740802 0.01 245
1584569743034 0.01 246
1584569745256 0.01 247
1584569747496 0.01 248
1584569749742 0.01 249
1584569751989 0.01 250
1584569754220 0.01 251
1584569756444 0.01 252
1584569758686 0.01 253
1584569760967 0.01 254
1584569763203 0.01 255
1584569765442 0.01 256
1584569767683 0.01 257
1584569769912 0.01 258
1584569772142 0.01 259
1584569774371 0.01 260
1584569776624 0.01 261
1584569778837 0.01 262
1584569781079 0.01 263
1584569783291 0.01 264
1584569785526 0.01 265
1584569787777 0.01 266
1584569790097 0.01 267
1584569792387 0.01 268
1584569794613 0.01 269
1584569796926 0.01 270
1584569799242 0.01 271
1584569801477 0.01 272
1584569803698 0.01 273
1584569805955 0.01 274
1584569808209 0.01 275
1584569810446 0.01 276
1584569812696 0.01 277
1584569814928 0.01 278
1584569817161 0.01 279
1584569819477 0.01 280
1584569821756 0.01 281
1584569823951 0.01 282
1584569826309 0.01 283
1584569828570 0.01 284
1584569830791 0.01 285
1584569833016 0.01 286
1584569835263 0.01 287
1584569837482 0.01 288
1584569839690 0.01 289
1584569841943 0.01 290
1584569844176 0.01 291
1584569846410 0.01 292
1584569848642 0.01 293
1584569850931 0.01 294
1584569853179 0.01 295
1584569855405 0.01 296
1584569857684 0.01 297
1584569860007 0.01 298
1584569862230 0.01 299
1584569864523 0.01 300
1584569866810 0.01 301
1584569869067 0.01 302
1584569871300 0.01 303
1584569873534 0.01 304
1584569875777 0.01 305
1584569878028 0.01 306
1584569880264 0.01 307
1584569882512 0.01 308
1584569884743 0.01 309
1584569887030 0.01 310
1584569889270 0.01 311
1584569891500 0.01 312
1584569893723 0.01 313
1584569895957 0.01 314
1584569898209 0.01 315
1584569900448 0.01 316
1584569902712 0.01 317
1584569904929 0.01 318
1584569907146 0.01 319
1584569909409 0.01 320
1584569911641 0.01 321
1584569913873 0.01 322
1584569916130 0.01 323
1584569918365 0.01 324
1584569920618 0.01 325
1584569922914 0.01 326
1584569925135 0.01 327
1584569927353 0.01 328
1584569929610 0.01 329
1584569931869 0.01 330
1584569934112 0.01 331
1584569936331 0.01 332
1584569938590 0.01 333
1584569940838 0.01 334
1584569943088 0.01 335
1584569945303 0.01 336
1584569947521 0.01 337
1584569949830 0.01 338
1584569952038 0.01 339
1584569954327 0.01 340
1584569956561 0.01 341
1584569958853 0.01 342
1584569961077 0.01 343
1584569963291 0.01 344
1584569965520 0.01 345
1584569967784 0.01 346
1584569970036 0.01 347
1584569972247 0.01 348
1584569974497 0.01 349
1584569976759 0.01 350
1584569979013 0.01 351
1584569981259 0.01 352
1584569983513 0.01 353
1584569985786 0.01 354
1584569987988 0.01 355
1584569990206 0.01 356
1584569992445 0.01 357
1584569994689 0.01 358
1584569996919 0.01 359
1584569999171 0.01 360
1584570001386 0.01 361
1584570003662 0.01 362
1584570005879 0.01 363
1584570008089 0.01 364
1584570010299 0.01 365
1584570012555 0.01 366
1584570014838 0.01 367
1584570017084 0.01 368
1584570019458 0.01 369
1584570021678 0.01 370
1584570023926 0.01 371
1584570026193 0.01 372
1584570028391 0.01 373
1584570030663 0.01 374
1584570032940 0.01 375
1584570035196 0.01 376
1584570037463 0.01 377
1584570039755 0.01 378
1584570042048 0.01 379
1584570044276 0.01 380
1584570046486 0.01 381
1584570048822 0.01 382
1584570051089 0.01 383
1584570053386 0.01 384
1584570055634 0.01 385
1584570057875 0.01 386
1584570060124 0.01 387
1584570062364 0.01 388
1584570064613 0.01 389
1584570066839 0.01 390
1584570069063 0.01 391
1584570071292 0.01 392
1584570073524 0.01 393
1584570075763 0.01 394
1584570077982 0.01 395
1584570080265 0.01 396
1584570082505 0.01 397
1584570084781 0.01 398
1584570087002 0.01 399
1584570089256 0.01 400
1584570091570 0.01 401
1584570093797 0.01 402
1584570096043 0.01 403
1584570098272 0.01 404
1584570100520 0.01 405
1584570102735 0.01 406
1584570104970 0.01 407
1584570107226 0.01 408
1584570109475 0.01 409
1584570111731 0.01 410
1584570113987 0.01 411
1584570116564 0.01 412
1584570119021 0.01 413
1584570121294 0.01 414
1584570123587 0.01 415
1584570125847 0.01 416
1584570128086 0.01 417
1584570130308 0.01 418
1584570132520 0.01 419
1584570134740 0.01 420
1584570136980 0.01 421
1584570139221 0.01 422
1584570141442 0.01 423
1584570143677 0.01 424
1584570145938 0.01 425
1584570148133 0.01 426
1584570150386 0.01 427
1584570152624 0.01 428
1584570154852 0.01 429
1584570157128 0.01 430
1584570159353 0.01 431
1584570161571 0.01 432
1584570163791 0.01 433
1584570166028 0.01 434
1584570168262 0.01 435
1584570170500 0.01 436
1584570172758 0.01 437
1584570174997 0.01 438
1584570177275 0.01 439
1584570179513 0.01 440
1584570181751 0.01 441
1584570183996 0.01 442
1584570186229 0.01 443
1584570188496 0.01 444
1584570190761 0.01 445
1584570192977 0.01 446
1584570195202 0.01 447
1584570197412 0.01 448
1584570199691 0.01 449
1584570201925 0.01 450
1584570204162 0.01 451
1584570206428 0.01 452
1584570208667 0.01 453
1584570210993 0.01 454
1584570213294 0.01 455
1584570215589 0.01 456
1584570217808 0.01 457
1584570220057 0.01 458
1584570222275 0.01 459
1584570224640 0.01 460
1584570226990 0.01 461
1584570229264 0.01 462
1584570231493 0.01 463
1584570233738 0.01 464
1584570235957 0.01 465
1584570238205 0.01 466
1584570240412 0.01 467
1584570242685 0.01 468
1584570244910 0.01 469
1584570247202 0.01 470
1584570249436 0.01 471
1584570251681 0.01 472
1584570253925 0.01 473
1584570256148 0.01 474
1584570258388 0.01 475
1584570260653 0.01 476
1584570262850 0.01 477
1584570265094 0.01 478
1584570267310 0.01 479
1584570269563 0.01 480
1584570271766 0.01 481
1584570274035 0.01 482
1584570276275 0.01 483
1584570278506 0.01 484
1584570280758 0.01 485
1584570283026 0.01 486
1584570285248 0.01 487
1584570287463 0.01 488
1584570289745 0.01 489
1584570291993 0.01 490
1584570294295 0.01 491
1584570296563 0.01 492
1584570298834 0.01 493
1584570301121 0.01 494
1584570303394 0.01 495
1584570305624 0.01 496
1584570307954 0.01 497
1584570310272 0.01 498
1584570312489 0.01 499
1584570314766 0.01 500
1584570317062 0.01 501
1584570319351 0.01 502
1584570321590 0.01 503
1584570323796 0.01 504
1584570326026 0.01 505
1584570328230 0.01 506
1584570330486 0.01 507
1584570332725 0.01 508
1584570334964 0.01 509
1584570337190 0.01 510
1584570339549 0.01 511
1584570341811 0.01 512
1584570344080 0.01 513
1584570346339 0.01 514
1584570348616 0.01 515
1584570350919 0.01 516
1584570353197 0.01 517
1584570355456 0.01 518
1584570357694 0.01 519
1584570359893 0.01 520
1584570362142 0.01 521
1584570364382 0.01 522
1584570366646 0.01 523
1584570368931 0.01 524
1584570371177 0.01 525
1584570373403 0.01 526
1584570375630 0.01 527
1584570377839 0.01 528
1584570380088 0.01 529
1584570382310 0.01 530
1584570384535 0.01 531
1584570386813 0.01 532
1584570389061 0.01 533
1584570391338 0.01 534
1584570393575 0.01 535
1584570395809 0.01 536
1584570398050 0.01 537
1584570400333 0.01 538
1584570402583 0.01 539
1584570404890 0.01 540
1584570407202 0.01 541
1584570409457 0.01 542
1584570411724 0.01 543
1584570413962 0.01 544
1584570416197 0.01 545
1584570418431 0.01 546
1584570420696 0.01 547
1584570422980 0.01 548
1584570425205 0.01 549
1584570427440 0.01 550
1584570429652 0.01 551
1584570431916 0.01 552
1584570434151 0.01 553
1584570436401 0.01 554
1584570438653 0.01 555
1584570440915 0.01 556
1584570443122 0.01 557
1584570445350 0.01 558
1584570447587 0.01 559
1584570449841 0.01 560
1584570452076 0.01 561
1584570454303 0.01 562
1584570456556 0.01 563
1584570458788 0.01 564
1584570461045 0.01 565
1584570463252 0.01 566
1584570465526 0.01 567
1584570467768 0.01 568
1584570470003 0.01 569
1584570472232 0.01 570
1584570474495 0.01 571
1584570476860 0.01 572
1584570479127 0.01 573
1584570481413 0.01 574
1584570483693 0.01 575
1584570485980 0.01 576
1584570488260 0.01 577
1584570490518 0.01 578
1584570492755 0.01 579
1584570494971 0.01 580
1584570497288 0.01 581
1584570499529 0.01 582
1584570501918 0.01 583
1584570504181 0.01 584
1584570506403 0.01 585
1584570508675 0.01 586
1584570511045 0.01 587
1584570513279 0.01 588
1584570515545 0.01 589
1584570517775 0.01 590
1584570519988 0.01 591
1584570522230 0.01 592
1584570524445 0.01 593
1584570526675 0.01 594
1584570528909 0.01 595
1584570531159 0.01 596
1584570533418 0.01 597
1584570535635 0.01 598
1584570537900 0.01 599
1584570540153 0.01 600
1584570542467 0.01 601
1584570544705 0.01 602
1584570546908 0.01 603
1584570549166 0.01 604
1584570551379 0.01 605
1584570553608 0.01 606
1584570555876 0.01 607
1584570558106 0.01 608
1584570560336 0.01 609
1584570562636 0.01 610
1584570564868 0.01 611
1584570567121 0.01 612
1584570569339 0.01 613
1584570571592 0.01 614
1584570573803 0.01 615
1584570576026 0.01 616
1584570578274 0.01 617
1584570580548 0.01 618
1584570582796 0.01 619
1584570585028 0.01 620
1584570587218 0.01 621
1584570589491 0.01 622
1584570591812 0.01 623
1584570594059 0.01 624
1584570596292 0.01 625
1584570599095 0.01 626
1584570601472 0.01 627
1584570603761 0.01 628
1584570606046 0.01 629
1584570608378 0.01 630
1584570610601 0.01 631
1584570612839 0.01 632
1584570615073 0.01 633
1584570617309 0.01 634
1584570619546 0.01 635
1584570621788 0.01 636
1584570624025 0.01 637
1584570626271 0.01 638
1584570628541 0.01 639
1584570630830 0.01 640
1584570633064 0.01 641
1584570635335 0.01 642
1584570637583 0.01 643
1584570639897 0.01 644
1584570642180 0.01 645
1584570644449 0.01 646
1584570646700 0.01 647
1584570649043 0.01 648
1584570651736 0.01 649
1584570654008 0.01 650
1584570656249 0.01 651
1584570658502 0.01 652
1584570660780 0.01 653
1584570662987 0.01 654
1584570665222 0.01 655
1584570667454 0.01 656
1584570669709 0.01 657
1584570671973 0.01 658
1584570674189 0.01 659
1584570676441 0.01 660
1584570678749 0.01 661
1584570683386 0.01 662
1584570687736 0.01 663
1584570690683 0.01 664
1584570693231 0.01 665
1584570696533 0.01 666
1584570698899 0.01 667
1584570701265 0.01 668
1584570703522 0.01 669
1584570705817 0.01 670
1584570708053 0.01 671
1584570710335 0.01 672
1584570712612 0.01 673
1584570714864 0.01 674
1584570717151 0.01 675
1584570719375 0.01 676
1584570721645 0.01 677
1584570723894 0.01 678
1584570726185 0.01 679
1584570728453 0.01 680
1584570730700 0.01 681
1584570732964 0.01 682
1584570735217 0.01 683
1584570737462 0.01 684
1584570739713 0.01 685
1584570741968 0.01 686
1584570744226 0.01 687
1584570746478 0.01 688
1584570748711 0.01 689
1584570751038 0.01 690
1584570753294 0.01 691
1584570755582 0.01 692
1584570757823 0.01 693
1584570760079 0.01 694
1584570762312 0.01 695
1584570764572 0.01 696
1584570766845 0.01 697
1584570769123 0.01 698
1584570771400 0.01 699
1584570773669 0.01 700
1584570776004 0.01 701
1584570778275 0.01 702
1584570780529 0.01 703
1584570782813 0.01 704
1584570785059 0.01 705
1584570787388 0.01 706
1584570789704 0.01 707
1584570792137 0.01 708
1584570794375 0.01 709
1584570796629 0.01 710
1584570798889 0.01 711
1584570801177 0.01 712
1584570803449 0.01 713
1584570805689 0.01 714
1584570807918 0.01 715
1584570810182 0.01 716
1584570812424 0.01 717
1584570814652 0.01 718
1584570816893 0.01 719
1584570819138 0.01 720
1584570821368 0.01 721
1584570823664 0.01 722
1584570825889 0.01 723
1584570828195 0.01 724
1584570830433 0.01 725
1584570832683 0.01 726
1584570834938 0.01 727
1584570837217 0.01 728
1584570839449 0.01 729
1584570841703 0.01 730
1584570843946 0.01 731
1584570846198 0.01 732
1584570848458 0.01 733
1584570850678 0.01 734
1584570852942 0.01 735
1584570855165 0.01 736
1584570857408 0.01 737
1584570859654 0.01 738
1584570861882 0.01 739
1584570864150 0.01 740
1584570866373 0.01 741
1584570868623 0.01 742
1584570870881 0.01 743
1584570873123 0.01 744
1584570875352 0.01 745
1584570877653 0.01 746
1584570879921 0.01 747
1584570882208 0.01 748
1584570884536 0.01 749
1584570886779 0.01 750
1584570889189 0.01 751
1584570891423 0.01 752
1584570893666 0.01 753
1584570895943 0.01 754
1584570898189 0.01 755
1584570900441 0.01 756
1584570902693 0.01 757
1584570904944 0.01 758
1584570907194 0.01 759
1584570909419 0.01 760
1584570911618 0.01 761
1584570913841 0.01 762
1584570916091 0.01 763
1584570918324 0.01 764
1584570920583 0.01 765
1584570922825 0.01 766
1584570925059 0.01 767
1584570927309 0.01 768
1584570929603 0.01 769
1584570931850 0.01 770
1584570934079 0.01 771
1584570936338 0.01 772
1584570938593 0.01 773
1584570940905 0.01 774
1584570943204 0.01 775
1584570945467 0.01 776
1584570947700 0.01 777
1584570950101 0.01 778
1584570952325 0.01 779
1584570954576 0.01 780
1584570956814 0.01 781
1584570959076 0.01 782
1584570961317 0.01 783
1584570963568 0.01 784
1584570965874 0.01 785
1584570968179 0.01 786
1584570970441 0.01 787
1584570972683 0.01 788
1584570974926 0.01 789
1584570977178 0.01 790
1584570979405 0.01 791
1584570981658 0.01 792
1584570983909 0.01 793
1584570986336 0.01 794
1584570988538 0.01 795
1584570990813 0.01 796
1584570993096 0.01 797
1584570995326 0.01 798
1584570997543 0.01 799
1584570999751 0.01 800
1584571002090 0.01 801
