1584584859525 1 1
1584584861726 0.995 2
1584584864119 0.990025 3
1584584866336 0.985074875 4
1584584868552 0.9801495006250001 5
1584584870801 0.9752487531218751 6
1584584873000 0.9703725093562657 7
1584584875185 0.9655206468094844 8
1584584877327 0.960693043575437 9
1584584879628 0.9558895783575597 10
1584584881800 0.9511101304657719 11
1584584883976 0.946354579813443 12
1584584886169 0.9416228069143757 13
1584584888362 0.9369146928798039 14
1584584890530 0.9322301194154049 15
1584584892687 0.9275689688183278 16
1584584894836 0.9229311239742362 17
1584584897026 0.918316468354365 18
1584584899214 0.9137248860125932 19
1584584901412 0.9091562615825302 20
1584584903584 0.9046104802746175 21
1584584905759 0.9000874278732445 22
1584584907967 0.8955869907338783 23
1584584910171 0.8911090557802088 24
1584584912384 0.8866535105013078 25
1584584914555 0.8822202429488013 26
1584584916748 0.8778091417340573 27
1584584918943 0.8734200960253871 28
1584584921120 0.8690529955452602 29
1584584923337 0.8647077305675338 30
1584584925534 0.8603841919146962 31
1584584927736 0.8560822709551227 32
1584584929934 0.851801859600347 33
1584584932143 0.8475428503023453 34
1584584934324 0.8433051360508336 35
1584584936539 0.8390886103705794 36
1584584938772 0.8348931673187264 37
1584584940960 0.8307187014821328 38
1584584943151 0.8265651079747222 39
1584584945334 0.8224322824348486 40
1584584947527 0.8183201210226743 41
1584584949711 0.8142285204175609 42
1584584951913 0.810157377815473 43
1584584954110 0.8061065909263957 44
1584584956276 0.8020760579717637 45
1584584958520 0.798065677681905 46
1584584960720 0.7940753492934954 47
1584584962900 0.7901049725470279 48
1584584965101 0.7861544476842928 49
1584584967301 0.7822236754458713 50
1584584969504 0.778312557068642 51
1584584971673 0.7744209942832988 52
1584584973864 0.7705488893118823 53
1584584976051 0.7666961448653229 54
1584584978228 0.7628626641409962 55
1584584980405 0.7590483508202912 56
1584584982628 0.7552531090661897 57
1584584984814 0.7514768435208588 58
1584584987026 0.7477194593032545 59
1584584989203 0.7439808620067382 60
1584584991403 0.7402609576967045 61
1584584993602 0.736559652908221 62
1584584995784 0.7328768546436799 63
1584584998002 0.7292124703704616 64
1584585000131 0.7255664080186093 65
1584585002355 0.7219385759785162 66
1584585004579 0.7183288830986236 67
1584585006752 0.7147372386831305 68
1584585008912 0.7111635524897149 69
1584585011096 0.7076077347272662 70
1584585013236 0.7040696960536299 71
1584585015471 0.7005493475733617 72
1584585017651 0.697046600835495 73
1584585019854 0.6935613678313175 74
1584585022046 0.6900935609921609 75
1584585024225 0.6866430931872001 76
1584585026420 0.6832098777212641 77
1584585028612 0.6797938283326578 78
1584585030802 0.6763948591909945 79
1584585033023 0.6730128848950395 80
1584585035255 0.6696478204705644 81
1584585037493 0.6662995813682115 82
1584585039738 0.6629680834613705 83
1584585041921 0.6596532430440636 84
1584585044087 0.6563549768288433 85
1584585046274 0.653073201944699 86
1584585048441 0.6498078359349755 87
1584585050648 0.6465587967553006 88
1584585052838 0.6433260027715241 89
1584585055042 0.6401093727576664 90
1584585057232 0.6369088258938781 91
1584585059451 0.6337242817644086 92
1584585061655 0.6305556603555866 93
1584585063844 0.6274028820538087 94
1584585066054 0.6242658676435396 95
1584585068227 0.6211445383053219 96
1584585070422 0.6180388156137953 97
1584585072630 0.6149486215357263 98
1584585074820 0.6118738784280476 99
1584585077000 0.6088145090359074 100
1584585079257 0.6057704364907278 101
1584585081457 0.6027415843082742 102
1584585083653 0.5997278763867329 103
1584585085869 0.5967292370047992 104
1584585088061 0.5937455908197752 105
1584585090273 0.5907768628656763 106
1584585092446 0.5878229785513479 107
1584585094674 0.5848838636585911 108
1584585096853 0.5819594443402982 109
1584585099064 0.5790496471185967 110
1584585101337 0.5761543988830038 111
1584585103540 0.5732736268885887 112
1584585105696 0.5704072587541458 113
1584585107867 0.567555222460375 114
1584585110056 0.5647174463480732 115
1584585112236 0.5618938591163328 116
1584585114449 0.5590843898207511 117
1584585116653 0.5562889678716474 118
1584585118847 0.5535075230322891 119
1584585121029 0.5507399854171277 120
1584585123207 0.547986285490042 121
1584585125396 0.5452463540625918 122
1584585127594 0.5425201222922789 123
1584585129810 0.5398075216808175 124
1584585132033 0.5371084840724134 125
1584585134462 0.5344229416520513 126
1584585136633 0.531750826943791 127
1584585138786 0.5290920728090721 128
1584585140956 0.5264466124450268 129
1584585143162 0.5238143793828016 130
1584585145348 0.5211953074858876 131
1584585147525 0.5185893309484582 132
1584585149707 0.5159963842937159 133
1584585151909 0.5134164023722473 134
1584585154083 0.510849320360386 135
1584585156263 0.5082950737585841 136
1584585158493 0.5057535983897912 137
1584585160670 0.5032248303978422 138
1584585162879 0.500708706245853 139
1584585165089 0.4982051627146237 140
1584585167294 0.49571413690105054 141
1584585169504 0.4932355662165453 142
1584585171978 0.4907693883854626 143
1584585174356 0.4883155414435353 144
1584585176544 0.4858739637363176 145
1584585178724 0.483444593917636 146
1584585180927 0.4810273709480478 147
1584585183120 0.47862223409330756 148
1584585185316 0.47622912292284103 149
1584585187525 0.4738479773082268 150
1584585189715 0.47147873742168567 151
1584585191940 0.46912134373457726 152
1584585194129 0.46677573701590436 153
1584585196284 0.46444185833082485 154
1584585198491 0.46211964903917074 155
1584585200703 0.4598090507939749 156
1584585202926 0.457510005540005 157
1584585205111 0.45522245551230495 158
1584585207315 0.4529463432347434 159
1584585209588 0.4506816115185697 160
1584585211771 0.4484282034609769 161
1584585213934 0.446186062443672 162
1584585216114 0.4439551321314536 163
1584585218311 0.4417353564707963 164
1584585220518 0.43952667968844233 165
1584585222742 0.43732904629000013 166
1584585224919 0.4351424010585501 167
1584585227117 0.43296668905325736 168
1584585229290 0.43080185560799106 169
1584585231448 0.4286478463299511 170
1584585233607 0.42650460709830135 171
1584585235770 0.42437208406280985 172
1584585237946 0.4222502236424958 173
1584585240120 0.42013897252428334 174
1584585242356 0.4180382776616619 175
1584585244548 0.4159480862733536 176
1584585246690 0.41386834584198684 177
1584585248844 0.4117990041127769 178
1584585251043 0.40974000909221303 179
1584585253228 0.40769130904675194 180
1584585255394 0.40565285250151817 181
1584585257629 0.4036245882390106 182
1584585259767 0.4016064652978155 183
1584585261915 0.3995984329713264 184
1584585264079 0.3976004408064698 185
1584585266244 0.39561243860243744 186
1584585268412 0.3936343764094253 187
1584585270618 0.39166620452737816 188
1584585272804 0.3897078735047413 189
1584585274968 0.3877593341372176 190
1584585277147 0.3858205374665315 191
1584585279338 0.38389143477919885 192
1584585281490 0.3819719776053028 193
1584585283654 0.3800621177172763 194
1584585285867 0.37816180712868996 195
1584585288088 0.37627099809304654 196
1584585290302 0.3743896431025813 197
1584585292520 0.37251769488706843 198
1584585294730 0.3706551064126331 199
1584585296941 0.36880183088056995 200
1584585299175 0.3669578217261671 201
1584585301388 0.36512303261753626 202
1584585303552 0.3632974174544486 203
1584585305726 0.3614809303671764 204
1584585307939 0.3596735257153405 205
1584585310123 0.3578751580867638 206
1584585312313 0.35608578229633 207
1584585314495 0.3543053533848483 208
1584585316643 0.35253382661792404 209
1584585318807 0.3507711574848344 210
1584585320988 0.34901730169741024 211
1584585323160 0.3472722151889232 212
1584585325321 0.3455358541129786 213
1584585327478 0.3438081748424137 214
1584585329667 0.3420891339682016 215
1584585331851 0.3403786882983606 216
1584585334023 0.3386767948568688 217
1584585336200 0.33698341088258443 218
1584585338376 0.3352984938281715 219
1584585340539 0.33362200135903064 220
1584585342701 0.33195389135223546 221
1584585344862 0.3302941218954743 222
1584585347040 0.32864265128599696 223
1584585349215 0.326999438029567 224
1584585351354 0.3253644408394192 225
1584585353553 0.3237376186352221 226
1584585355797 0.322118930542046 227
1584585358043 0.32050833588933575 228
1584585360228 0.31890579420988907 229
1584585362406 0.3173112652388396 230
1584585364627 0.3157247089126454 231
1584585366852 0.3141460853680822 232
1584585369050 0.3125753549412418 233
1584585371223 0.31101247816653554 234
1584585373396 0.30945741577570285 235
1584585375572 0.3079101286968243 236
1584585377729 0.3063705780533402 237
1584585379907 0.30483872516307353 238
1584585382083 0.3033145315372582 239
1584585384320 0.3017979588795719 240
1584585386476 0.30028896908517405 241
1584585388651 0.2987875242397482 242
1584585390888 0.29729358661854943 243
1584585393087 0.29580711868545667 244
1584585395283 0.2943280830920294 245
1584585397503 0.29285644267656924 246
1584585399688 0.2913921604631864 247
1584585401850 0.28993519966087045 248
1584585404008 0.2884855236625661 249
1584585406201 0.28704309604425327 250
1584585408352 0.285607880564032 251
1584585410578 0.28417984116121187 252
1584585412761 0.2827589419554058 253
1584585414937 0.28134514724562876 254
1584585417123 0.2799384215094006 255
1584585419331 0.27853872940185365 256
1584585421608 0.27714603575484437 257
1584585423814 0.2757603055760701 258
1584585426000 0.2743815040481898 259
1584585428218 0.2730095965279488 260
1584585430406 0.27164454854530906 261
1584585432580 0.2702863258025825 262
1584585434736 0.2689348941735696 263
1584585436899 0.26759021970270175 264
1584585439089 0.2662522686041882 265
1584585441288 0.2649210072611673 266
1584585443469 0.26359640222486147 267
1584585445680 0.26227842021373715 268
1584585447868 0.2609670281126685 269
1584585450085 0.25966219297210513 270
1584585452230 0.2583638820072446 271
1584585454416 0.2570720625972084 272
1584585456581 0.25578670228422234 273
1584585458743 0.25450776877280124 274
1584585460932 0.2532352299289372 275
1584585463113 0.2519690537792925 276
1584585465249 0.2507092085103961 277
1584585467429 0.2494556624678441 278
1584585469615 0.24820838415550486 279
1584585471811 0.24696734223472733 280
1584585474015 0.2457325055235537 281
1584585476226 0.24450384299593592 282
1584585478416 0.24328132378095624 283
1584585480620 0.24206491716205145 284
1584585482809 0.2408545925762412 285
1584585485001 0.23965031961336 286
1584585487238 0.2384520680152932 287
1584585489514 0.23725980767521673 288
1584585491698 0.23607350863684065 289
1584585493877 0.23489314109365644 290
1584585496074 0.23371867538818816 291
1584585498254 0.23255008201124722 292
1584585500452 0.231387331601191 293
1584585502681 0.23023039494318503 294
1584585504883 0.2290792429684691 295
1584585507077 0.22793384675362674 296
1584585509272 0.22679417751985861 297
1584585511474 0.22566020663225933 298
1584585513645 0.22453190559909803 299
1584585515833 0.22340924607110255 300
1584585518150 0.22229219984074702 301
1584585520344 0.2211807388415433 302
1584585522521 0.22007483514733558 303
1584585524707 0.2189744609715989 304
1584585526927 0.2178795886667409 305
1584585529167 0.2167901907234072 306
1584585531420 0.21570623976979014 307
1584585533597 0.21462770857094118 308
1584585535770 0.21355457002808648 309
1584585537977 0.21248679717794605 310
1584585540215 0.21142436319205632 311
1584585542400 0.21036724137609603 312
1584585544604 0.20931540516921554 313
1584585546780 0.20826882814336947 314
1584585548978 0.20722748400265262 315
1584585551182 0.20619134658263935 316
1584585553378 0.20516038984972615 317
1584585555607 0.2041345879004775 318
1584585557777 0.2031139149609751 319
1584585560080 0.20209834538617025 320
1584585562275 0.2010878536592394 321
1584585564499 0.2000824143909432 322
1584585566669 0.19908200231898848 323
1584585568927 0.19808659230739353 324
1584585571233 0.19709615934585656 325
1584585573417 0.19611067854912728 326
1584585575614 0.19513012515638165 327
1584585577847 0.19415447453059972 328
1584585580053 0.19318370215794672 329
1584585582279 0.192217783647157 330
1584585584516 0.1912566947289212 331
1584585586707 0.1903004112552766 332
1584585588917 0.18934890919900021 333
1584585591125 0.18840216465300522 334
1584585593326 0.18746015382974018 335
1584585595577 0.1865228530605915 336
1584585597758 0.18559023879528855 337
1584585599948 0.1846622876013121 338
1584585602157 0.18373897616330553 339
1584585604378 0.182820281282489 340
1584585606559 0.18190617987607657 341
1584585608753 0.18099664897669618 342
1584585610942 0.1800916657318127 343
1584585613150 0.17919120740315364 344
1584585615361 0.17829525136613786 345
1584585617551 0.17740377510930716 346
1584585619737 0.17651675623376062 347
1584585621919 0.1756341724525918 348
1584585624122 0.17475600159032884 349
1584585626322 0.17388222158237718 350
1584585628478 0.1730128104744653 351
1584585630678 0.17214774642209296 352
1584585632827 0.1712870076899825 353
1584585635054 0.17043057265153258 354
1584585637222 0.16957841978827493 355
1584585639438 0.16873052768933355 356
1584585641589 0.1678868750508869 357
1584585643812 0.16704744067563246 358
1584585645971 0.1662122034722543 359
1584585648149 0.16538114245489302 360
1584585650325 0.16455423674261854 361
1584585652486 0.16373146555890544 362
1584585654685 0.16291280823111093 363
1584585656942 0.16209824418995536 364
1584585659187 0.16128775296900558 365
1584585661382 0.16048131420416054 366
1584585663582 0.15967890763313974 367
1584585665760 0.15888051309497406 368
1584585667953 0.1580861105294992 369
1584585670149 0.1572956799768517 370
1584585672343 0.15650920157696743 371
1584585674570 0.1557266555690826 372
1584585676746 0.1549480222912372 373
1584585678992 0.15417328217978102 374
1584585681223 0.1534024157688821 375
1584585683483 0.1526354036900377 376
1584585685636 0.1518722266715875 377
1584585687830 0.15111286553822956 378
1584585690116 0.15035730121053842 379
1584585692862 0.14960551470448571 380
1584585695178 0.14885748713096328 381
1584585697380 0.14811319969530845 382
1584585699538 0.1473726336968319 383
1584585701690 0.14663577052834775 384
1584585703882 0.14590259167570602 385
1584585706122 0.1451730787173275 386
1584585708290 0.14444721332374086 387
1584585710524 0.14372497725712216 388
1584585712712 0.14300635237083656 389
1584585714883 0.14229132060898236 390
1584585717056 0.14157986400593744 391
1584585719239 0.14087196468590776 392
1584585721471 0.14016760486247823 393
1584585723649 0.13946676683816583 394
1584585725825 0.138769433003975 395
1584585728016 0.13807558583895513 396
1584585730206 0.13738520790976036 397
1584585732382 0.13669828187021155 398
1584585734541 0.13601479046086049 399
1584585736708 0.1353347165085562 400
1584585738928 0.1346580429260134 401
1584585741144 0.13398475271138335 402
1584585743296 0.13331482894782642 403
1584585745498 0.13264825480308728 404
1584585747679 0.13198501352907185 405
1584585749850 0.1313250884614265 406
1584585752033 0.13066846301911936 407
1584585754203 0.13001512070402377 408
1584585756423 0.12936504510050365 409
1584585758618 0.12871821987500112 410
1584585760780 0.12807462877562611 411
1584585762953 0.12743425563174798 412
1584585765179 0.12679708435358925 413
1584585767378 0.1261630989318213 414
1584585769580 0.1255322834371622 415
1584585771841 0.12490462201997637 416
1584585774026 0.1242800989098765 417
1584585776266 0.12365869841532712 418
1584585778433 0.12304040492325048 419
1584585780622 0.12242520289863423 420
1584585782819 0.12181307688414106 421
1584585784990 0.12120401149972035 422
1584585787178 0.12059799144222175 423
1584585789350 0.11999500148501063 424
1584585791507 0.11939502647758558 425
1584585793690 0.11879805134519765 426
1584585795856 0.11820406108847166 427
1584585798059 0.1176130407830293 428
1584585800244 0.11702497557911415 429
1584585802415 0.11643985070121858 430
1584585804605 0.11585765144771248 431
1584585806811 0.11527836319047392 432
1584585808989 0.11470197137452155 433
1584585811216 0.11412846151764894 434
1584585813413 0.1135578192100607 435
1584585815611 0.11299003011401039 436
1584585817793 0.11242507996344034 437
1584585819948 0.11186295456362313 438
1584585822156 0.11130363979080501 439
1584585824345 0.11074712159185099 440
1584585826547 0.11019338598389174 441
1584585828724 0.10964241905397228 442
1584585830879 0.10909420695870241 443
1584585833059 0.1085487359239089 444
1584585835208 0.10800599224428936 445
1584585837389 0.10746596228306791 446
1584585839569 0.10692863247165257 447
1584585841747 0.1063939893092943 448
1584585843930 0.10586201936274783 449
1584585846153 0.10533270926593409 450
1584585848364 0.10480604571960442 451
1584585850565 0.1042820154910064 452
1584585852791 0.10376060541355137 453
1584585854947 0.1032418023864836 454
1584585857119 0.10272559337455119 455
1584585859283 0.10221196540767843 456
1584585861435 0.10170090558064004 457
1584585863585 0.10119240105273684 458
1584585865755 0.10068643904747315 459
1584585867971 0.10018300685223579 460
1584585870161 0.0996820918179746 461
1584585872356 0.09918368135888474 462
1584585874536 0.09868776295209031 463
1584585876724 0.09819432413732986 464
1584585878920 0.09770335251664321 465
1584585881100 0.09721483575406 466
1584585883280 0.09672876157528969 467
1584585885456 0.09624511776741324 468
1584585887605 0.09576389217857617 469
1584585889758 0.09528507271768329 470
1584585892009 0.09480864735409487 471
1584585894220 0.0943346041173244 472
1584585896427 0.09386293109673778 473
1584585898608 0.09339361644125409 474
1584585900759 0.09292664835904782 475
1584585902936 0.09246201511725258 476
1584585905114 0.09199970504166631 477
1584585907302 0.09153970651645797 478
1584585909507 0.09108200798387568 479
1584585911669 0.0906265979439563 480
1584585913825 0.09017346495423652 481
1584585915988 0.08972259762946533 482
1584585918165 0.089273984641318 483
1584585920323 0.0888276147181114 484
1584585922469 0.08838347664452084 485
1584585924649 0.08794155926129824 486
1584585926795 0.08750185146499175 487
1584585928953 0.08706434220766679 488
1584585931156 0.08662902049662846 489
1584585933335 0.08619587539414532 490
1584585935499 0.08576489601717459 491
1584585937651 0.08533607153708872 492
1584585939822 0.08490939117940327 493
1584585942030 0.08448484422350626 494
1584585944170 0.08406242000238873 495
1584585946336 0.08364210790237678 496
1584585948488 0.0832238973628649 497
1584585950643 0.08280777787605056 498
1584585952807 0.08239373898667031 499
1584585954978 0.08198177029173696 500
1584585957300 0.08157186144027828 501
1584585959464 0.0811640021330769 502
1584585961627 0.08075818212241151 503
1584585963843 0.08035439121179945 504
1584585966044 0.07995261925574046 505
1584585968223 0.07955285615946175 506
1584585970455 0.07915509187866444 507
1584585972620 0.07875931641927113 508
1584585974782 0.07836551983717477 509
1584585976959 0.07797369223798889 510
1584585979139 0.07758382377679894 511
1584585981338 0.07719590465791494 512
1584585983531 0.07680992513462537 513
1584585985737 0.07642587550895225 514
1584585987903 0.07604374613140748 515
1584585990109 0.07566352740075044 516
1584585992288 0.07528520976374668 517
1584585994519 0.07490878371492794 518
1584585996660 0.0745342397963533 519
1584585998850 0.07416156859737154 520
1584586001037 0.07379076075438468 521
1584586003185 0.07342180695061275 522
1584586005378 0.07305469791585968 523
1584586007575 0.07268942442628039 524
1584586009762 0.07232597730414898 525
1584586011942 0.07196434741762824 526
1584586014172 0.0716045256805401 527
1584586016346 0.0712465030521374 528
1584586018495 0.0708902705368767 529
1584586020680 0.07053581918419231 530
1584586022842 0.07018314008827135 531
1584586025030 0.06983222438783 532
1584586027197 0.06948306326589085 533
1584586029372 0.0691356479495614 534
1584586031529 0.06878996970981359 535
1584586033707 0.06844601986126451 536
1584586035871 0.06810378976195819 537
1584586038026 0.0677632708131484 538
1584586040225 0.06742445445908266 539
1584586042388 0.06708733218678724 540
1584586044529 0.0667518955258533 541
1584586046685 0.06641813604822402 542
1584586048849 0.0660860453679829 543
1584586051044 0.06575561514114299 544
1584586053248 0.06542683706543727 545
1584586055472 0.06509970288011008 546
1584586057647 0.06477420436570952 547
1584586059868 0.06445033334388098 548
1584586062064 0.06412808167716157 549
1584586064266 0.06380744126877576 550
1584586066615 0.06348840406243188 551
1584586068824 0.06317096204211972 552
1584586071017 0.06285510723190912 553
1584586073218 0.06254083169574957 554
1584586075405 0.062228127537270826 555
1584586077604 0.06191698689958447 556
1584586079783 0.061607401965086545 557
1584586082003 0.06129936495526111 558
1584586084236 0.0609928681304848 559
1584586086460 0.060687903789832374 560
1584586088635 0.06038446427088321 561
1584586090804 0.06008254194952879 562
1584586093043 0.05978212923978115 563
1584586095237 0.05948321859358224 564
1584586097466 0.05918580250061433 565
1584586099646 0.058889873488111255 566
1584586101837 0.058595424120670696 567
1584586104028 0.05830244700006734 568
1584586106247 0.058010934765067 569
1584586108459 0.05772088009124167 570
1584586110608 0.05743227569078546 571
1584586112803 0.05714511431233153 572
1584586115024 0.05685938874076987 573
1584586117242 0.056575091797066025 574
1584586119428 0.056292216338080694 575
1584586121621 0.05601075525639029 576
1584586123800 0.05573070148010834 577
1584586126020 0.0554520479727078 578
1584586128216 0.05517478773284426 579
1584586130408 0.05489891379418004 580
1584586132614 0.05462441922520914 581
1584586134800 0.0543512971290831 582
1584586136994 0.05407954064343768 583
1584586139202 0.05380914294022049 584
1584586141433 0.05354009722551939 585
1584586143624 0.05327239673939179 586
1584586145821 0.053006034755694834 587
1584586148022 0.052741004581916356 588
1584586150210 0.052477299559006776 589
1584586152408 0.052214913061211746 590
1584586154613 0.05195383849590569 591
1584586156812 0.05169406930342616 592
1584586158992 0.05143559895690903 593
1584586161192 0.051178420962124486 594
1584586163419 0.05092252885731386 595
1584586165589 0.05066791621302729 596
1584586167763 0.05041457663196215 597
1584586170000 0.050162503748802344 598
1584586172508 0.049911691230058335 599
1584586174691 0.04966213277390804 600
1584586176947 0.0494138221100385 601
1584586179225 0.04916675299948831 602
1584586181374 0.04892091923449087 603
1584586183562 0.04867631463831842 604
1584586185740 0.048432933065126825 605
1584586187916 0.048190768399801194 606
1584586190112 0.04794981455780219 607
1584586192352 0.04771006548501318 608
1584586194535 0.047471515157588115 609
1584586196901 0.047234157581800176 610
1584586199459 0.046997986793891174 611
1584586201735 0.04676299685992172 612
1584586203921 0.04652918187562211 613
1584586206077 0.046296535966244 614
1584586208270 0.046065053286412784 615
1584586210471 0.04583472801998072 616
1584586212659 0.045605554379880814 617
1584586214838 0.04537752660798141 618
1584586216984 0.0451506389749415 619
1584586219160 0.044924885780066794 620
1584586221335 0.04470026135116646 621
1584586223625 0.04447676004441063 622
1584586225945 0.04425437624418858 623
1584586228188 0.04403310436296763 624
1584586230409 0.043812938841152796 625
1584586232676 0.04359387414694703 626
1584586234965 0.043375904776212296 627
1584586237166 0.043159025252331236 628
1584586239378 0.04294323012606958 629
1584586241578 0.04272851397543923 630
1584586243752 0.04251487140556204 631
1584586245935 0.04230229704853423 632
1584586248117 0.04209078556329156 633
1584586250385 0.0418803316354751 634
1584586252998 0.041670929977297724 635
1584586255217 0.04146257532741124 636
1584586257462 0.04125526245077418 637
1584586260227 0.04104898613852031 638
1584586262422 0.04084374120782771 639
1584586264643 0.04063952250178857 640
1584586266862 0.04043632488927963 641
1584586269059 0.04023414326483323 642
1584586271229 0.040032972548509065 643
1584586273411 0.03983280768576652 644
1584586275607 0.03963364364733769 645
1584586277804 0.039435475429100995 646
1584586280057 0.03923829805195549 647
1584586282230 0.03904210656169572 648
1584586284435 0.03884689602888724 649
1584586286659 0.0386526615487428 650
1584586288878 0.03845939824099909 651
1584586291114 0.03826710124979409 652
1584586293294 0.038075765743545126 653
1584586295487 0.0378853869148274 654
1584586297698 0.03769595998025326 655
1584586299889 0.03750748018035199 656
1584586302090 0.037319942779450235 657
1584586304284 0.037133343065552986 658
1584586306470 0.03694767635022522 659
1584586308645 0.036762937968474095 660
1584586310848 0.03657912327863173 661
1584586313013 0.036396227662238566 662
1584586315215 0.03621424652392737 663
1584586317396 0.036033175291307735 664
1584586319647 0.03585300941485119 665
1584586321860 0.035673744367776934 666
1584586324061 0.03549537564593805 667
1584586326320 0.035317898767708356 668
1584586328495 0.03514130927386981 669
1584586330692 0.03496560272750046 670
1584586332876 0.03479077471386296 671
1584586335064 0.03461682084029365 672
1584586337252 0.034443736736092176 673
1584586339456 0.034271518052411715 674
1584586341627 0.034100160462149656 675
1584586343815 0.03392965965983891 676
1584586346030 0.033760011361539714 677
1584586348237 0.03359121130473201 678
1584586350453 0.033423255248208356 679
1584586352651 0.03325613897196732 680
1584586354858 0.03308985827710748 681
1584586357125 0.032924408985721944 682
1584586359316 0.03275978694079333 683
1584586361513 0.032595988006089364 684
1584586363712 0.032433008066058915 685
1584586365904 0.03227084302572862 686
1584586368115 0.032109488810599975 687
1584586370349 0.031948941366546975 688
1584586372566 0.03178919665971424 689
1584586374741 0.03163025067641567 690
1584586376927 0.03147209942303359 691
1584586379159 0.03131473892591842 692
1584586381399 0.031158165231288826 693
1584586383620 0.03100237440513238 694
1584586385807 0.030847362533106718 695
1584586388050 0.030693125720441184 696
1584586390264 0.030539660091838977 697
1584586392496 0.03038696179137978 698
1584586394707 0.030235026982422884 699
1584586396885 0.030083851847510768 700
1584586399120 0.029933432588273214 701
1584586401326 0.029783765425331846 702
1584586403504 0.029634846598205186 703
1584586405716 0.02948667236521416 704
1584586407929 0.029339239003388088 705
1584586410135 0.029192542808371146 706
1584586412318 0.02904658009432929 707
1584586414549 0.028901347193857643 708
1584586416762 0.028756840457888354 709
1584586418969 0.02861305625559891 710
1584586421157 0.028469990974320916 711
1584586423364 0.02832764101944931 712
1584586425577 0.028186002814352063 713
1584586427771 0.0280450728002803 714
1584586429945 0.0279048474362789 715
1584586432098 0.027765323199097504 716
1584586434271 0.027626496583102015 717
1584586436449 0.027488364100186506 718
1584586438652 0.027350922279685573 719
1584586440888 0.027214167668287145 720
1584586443153 0.02707809682994571 721
1584586445358 0.02694270634579598 722
1584586447605 0.026807992814067 723
1584586449803 0.026673952849996664 724
1584586452054 0.02654058308574668 725
1584586454270 0.026407880170317945 726
1584586456447 0.026275840769466357 727
1584586458645 0.026144461565619025 728
1584586460838 0.02601373925779093 729
1584586463046 0.025883670561501974 730
1584586465239 0.025754252208694463 731
1584586467459 0.02562548094765099 732
1584586469633 0.025497353542912736 733
1584586471823 0.02536986677519817 734
1584586474039 0.02524301744132218 735
1584586476250 0.025116802354115567 736
1584586478458 0.024991218342344988 737
1584586480654 0.024866262250633264 738
1584586482826 0.024741930939380097 739
1584586485052 0.024618221284683196 740
1584586487233 0.02449513017825978 741
1584586489462 0.02437265452736848 742
1584586491665 0.024250791254731636 743
1584586493864 0.024129537298457977 744
1584586496073 0.024008889611965685 745
1584586498285 0.023888845163905856 746
1584586500520 0.023769400938086327 747
1584586502744 0.023650553933395897 748
1584586504979 0.023532301163728918 749
1584586507183 0.023414639657910272 750
1584586509371 0.023297566459620722 751
1584586511559 0.023181078627322618 752
1584586513731 0.023065173234186005 753
1584586515921 0.022949847368015076 754
1584586518109 0.022835098131175 755
1584586520320 0.022720922640519125 756
1584586522530 0.02260731802731653 757
1584586524758 0.022494281437179946 758
1584586526959 0.022381810029994047 759
1584586529139 0.022269900979844076 760
1584586531376 0.022158551474944856 761
1584586533580 0.022047758717570132 762
1584586535786 0.021937519923982282 763
1584586537993 0.021827832324362372 764
1584586540228 0.02171869316274056 765
1584586542457 0.021610099696926857 766
1584586544641 0.021502049198442223 767
1584586546833 0.021394538952450012 768
1584586549039 0.02128756625768776 769
1584586551250 0.021181128426399323 770
1584586553446 0.021075222784267326 771
1584586555657 0.020969846670345987 772
1584586557898 0.020864997436994256 773
1584586560130 0.020760672449809284 774
1584586562300 0.020656869087560238 775
1584586564509 0.020553584742122436 776
1584586566712 0.020450816818411825 777
1584586568906 0.020348562734319765 778
1584586571117 0.020246819920648168 779
1584586573329 0.020145585821044927 780
1584586575530 0.020044857891939702 781
1584586577709 0.019944633602480003 782
1584586579911 0.019844910434467605 783
1584586582137 0.019745685882295267 784
1584586584359 0.01964695745288379 785
1584586586598 0.01954872266561937 786
1584586588774 0.019450979052291272 787
1584586591038 0.019353724157029815 788
1584586593254 0.019256955536244666 789
1584586595471 0.019160670758563442 790
1584586597667 0.019064867404770626 791
1584586599894 0.018969543067746772 792
1584586602098 0.018874695352408037 793
1584586604293 0.018780321875645996 794
1584586606471 0.018686420266267767 795
1584586608717 0.018592988164936427 796
1584586610939 0.018500023224111744 797
1584586613195 0.018407523107991184 798
1584586615470 0.01831548549245123 799
1584586617694 0.018223908064988973 800
1584586619967 0.018132788524664028 801
1584586622152 0.018042124582040707 802
1584586624403 0.017951913959130504 803
1584586626644 0.01786215438933485 804
1584586628841 0.017772843617388175 805
1584586631044 0.017683979399301233 806
1584586633261 0.017595559502304726 807
1584586635462 0.0175075817047932 808
1584586637659 0.017420043796269234 809
1584586639836 0.017332943577287888 810
1584586642012 0.01724627885940145 811
1584586644234 0.017160047465104442 812
1584586646506 0.01707424722777892 813
1584586648709 0.016988875991640028 814
1584586650905 0.016903931611681827 815
1584586653112 0.01681941195362342 816
1584586655295 0.016735314893855303 817
1584586657503 0.016651638319386028 818
1584586659696 0.0165683801277891 819
1584586661889 0.016485538227150154 820
1584586664093 0.0164031105360144 821
1584586666283 0.01632109498333433 822
1584586668502 0.016239489508417658 823
1584586670702 0.01615829206087557 824
1584586672894 0.01607750060057119 825
1584586675082 0.015997113097568336 826
1584586677289 0.015917127532080494 827
1584586679481 0.01583754189442009 828
1584586681712 0.01575835418494799 829
1584586683924 0.01567956241402325 830
1584586686134 0.015601164601953134 831
1584586688331 0.015523158778943369 832
1584586690536 0.015445542985048652 833
1584586692710 0.015368315270123408 834
1584586694920 0.01529147369377279 835
1584586697119 0.015215016325303928 836
1584586699294 0.015138941243677408 837
1584586701528 0.01506324653745902 838
1584586703712 0.014987930304771725 839
1584586705926 0.014912990653247866 840
1584586708126 0.014838425699981627 841
1584586710360 0.01476423357148172 842
1584586712593 0.014690412403624311 843
1584586714819 0.01461696034160619 844
1584586717048 0.014543875539898159 845
1584586719253 0.014471156162198668 846
1584586721430 0.014398800381387675 847
