1584584859525 300 1
1584584861726 300 2
1584584864119 300 3
1584584866336 300 4
1584584868552 300 5
1584584870801 300 6
1584584873000 300 7
1584584875185 300 8
1584584877327 300 9
1584584879628 300 10
1584584881800 300 11
1584584883976 300 12
1584584886169 300 13
1584584888362 300 14
1584584890530 300 15
1584584892687 300 16
1584584894836 300 17
1584584897026 300 18
1584584899214 300 19
1584584901412 300 20
1584584903584 300 21
1584584905759 300 22
1584584907967 300 23
1584584910171 300 24
1584584912384 300 25
1584584914555 300 26
1584584916748 300 27
1584584918943 300 28
1584584921120 300 29
1584584923337 300 30
1584584925534 300 31
1584584927736 300 32
1584584929934 300 33
1584584932143 300 34
1584584934324 300 35
1584584936539 300 36
1584584938772 300 37
1584584940960 300 38
1584584943151 300 39
1584584945334 300 40
1584584947527 300 41
1584584949711 300 42
1584584951913 300 43
1584584954110 300 44
1584584956276 300 45
1584584958520 300 46
1584584960720 300 47
1584584962900 300 48
1584584965101 300 49
1584584967301 300 50
1584584969504 300 51
1584584971673 300 52
1584584973864 300 53
1584584976051 300 54
1584584978228 300 55
1584584980405 300 56
1584584982628 300 57
1584584984814 300 58
1584584987026 300 59
1584584989203 300 60
1584584991403 300 61
1584584993602 300 62
1584584995784 300 63
1584584998002 300 64
1584585000131 300 65
1584585002355 300 66
1584585004579 300 67
1584585006752 300 68
1584585008912 300 69
1584585011096 300 70
1584585013236 300 71
1584585015471 300 72
1584585017651 300 73
1584585019854 300 74
1584585022046 300 75
1584585024225 300 76
1584585026420 300 77
1584585028612 300 78
1584585030802 300 79
1584585033023 300 80
1584585035255 300 81
1584585037493 300 82
1584585039738 300 83
1584585041921 300 84
1584585044087 300 85
1584585046274 300 86
1584585048441 300 87
1584585050648 300 88
1584585052838 300 89
1584585055042 300 90
1584585057232 300 91
1584585059451 300 92
1584585061655 300 93
1584585063844 300 94
1584585066054 300 95
1584585068227 300 96
1584585070422 300 97
1584585072630 300 98
1584585074820 300 99
1584585077000 300 100
1584585079257 300 101
1584585081457 300 102
1584585083653 300 103
1584585085869 300 104
1584585088061 300 105
1584585090273 300 106
1584585092446 300 107
1584585094674 300 108
1584585096853 300 109
1584585099064 300 110
1584585101337 300 111
1584585103540 300 112
1584585105696 300 113
1584585107867 300 114
1584585110056 300 115
1584585112236 300 116
1584585114449 300 117
1584585116653 300 118
1584585118847 300 119
1584585121029 300 120
1584585123207 300 121
1584585125396 300 122
1584585127594 300 123
1584585129810 300 124
1584585132033 300 125
1584585134462 300 126
1584585136633 300 127
1584585138786 300 128
1584585140956 300 129
1584585143162 300 130
1584585145348 300 131
1584585147525 300 132
1584585149707 300 133
1584585151909 300 134
1584585154083 300 135
1584585156263 300 136
1584585158493 300 137
1584585160670 300 138
1584585162879 300 139
1584585165089 300 140
1584585167294 300 141
1584585169504 300 142
1584585171978 300 143
1584585174356 300 144
1584585176544 300 145
1584585178724 300 146
1584585180927 300 147
1584585183120 300 148
1584585185316 300 149
1584585187525 300 150
1584585189715 300 151
1584585191940 300 152
1584585194129 300 153
1584585196284 300 154
1584585198491 300 155
1584585200703 300 156
1584585202926 300 157
1584585205111 300 158
1584585207315 300 159
1584585209588 300 160
1584585211771 300 161
1584585213934 300 162
1584585216114 300 163
1584585218311 300 164
1584585220518 300 165
1584585222742 300 166
1584585224919 300 167
1584585227117 300 168
1584585229290 300 169
1584585231448 300 170
1584585233607 300 171
1584585235770 300 172
1584585237946 300 173
1584585240120 300 174
1584585242356 300 175
1584585244548 300 176
1584585246690 300 177
1584585248844 300 178
1584585251043 300 179
1584585253228 300 180
1584585255394 300 181
1584585257629 300 182
1584585259767 300 183
1584585261915 300 184
1584585264079 300 185
1584585266244 300 186
1584585268412 300 187
1584585270618 300 188
1584585272804 300 189
1584585274968 300 190
1584585277147 300 191
1584585279338 300 192
1584585281490 300 193
1584585283654 300 194
1584585285867 300 195
1584585288088 300 196
1584585290302 300 197
1584585292520 300 198
1584585294730 300 199
1584585296941 300 200
1584585299175 300 201
1584585301388 300 202
1584585303552 300 203
1584585305726 300 204
1584585307939 300 205
1584585310123 300 206
1584585312313 300 207
1584585314495 300 208
1584585316643 300 209
1584585318807 300 210
1584585320988 300 211
1584585323160 300 212
1584585325321 300 213
1584585327478 300 214
1584585329667 300 215
1584585331851 300 216
1584585334023 300 217
1584585336200 300 218
1584585338376 300 219
1584585340539 300 220
1584585342701 300 221
1584585344862 300 222
1584585347040 300 223
1584585349215 300 224
1584585351354 300 225
1584585353553 300 226
1584585355797 300 227
1584585358043 300 228
1584585360228 300 229
1584585362406 300 230
1584585364627 300 231
1584585366852 300 232
1584585369050 300 233
1584585371223 300 234
1584585373396 300 235
1584585375572 300 236
1584585377729 300 237
1584585379907 300 238
1584585382083 300 239
1584585384320 300 240
1584585386476 300 241
1584585388651 300 242
1584585390888 300 243
1584585393087 300 244
1584585395283 300 245
1584585397503 300 246
1584585399688 300 247
1584585401850 300 248
1584585404008 300 249
1584585406201 300 250
1584585408352 300 251
1584585410578 300 252
1584585412761 300 253
1584585414937 300 254
1584585417123 300 255
1584585419331 300 256
1584585421608 300 257
1584585423814 300 258
1584585426000 300 259
1584585428218 300 260
1584585430406 300 261
1584585432580 300 262
1584585434736 300 263
1584585436899 300 264
1584585439089 300 265
1584585441288 300 266
1584585443469 300 267
1584585445680 300 268
1584585447868 300 269
1584585450085 300 270
1584585452230 300 271
1584585454416 300 272
1584585456581 300 273
1584585458743 300 274
1584585460932 300 275
1584585463113 300 276
1584585465249 300 277
1584585467429 300 278
1584585469615 300 279
1584585471811 300 280
1584585474015 300 281
1584585476226 300 282
1584585478416 300 283
1584585480620 300 284
1584585482809 300 285
1584585485001 300 286
1584585487238 300 287
1584585489514 300 288
1584585491698 300 289
1584585493877 300 290
1584585496074 300 291
1584585498254 300 292
1584585500452 300 293
1584585502681 300 294
1584585504883 300 295
1584585507077 300 296
1584585509272 300 297
1584585511474 300 298
1584585513645 300 299
1584585515833 300 300
1584585518150 300 301
1584585520344 300 302
1584585522521 300 303
1584585524707 300 304
1584585526927 300 305
1584585529167 300 306
1584585531420 300 307
1584585533597 300 308
1584585535770 300 309
1584585537977 300 310
1584585540215 300 311
1584585542400 300 312
1584585544604 300 313
1584585546780 300 314
1584585548978 300 315
1584585551182 300 316
1584585553378 300 317
1584585555607 300 318
1584585557777 300 319
1584585560080 300 320
1584585562275 300 321
1584585564499 300 322
1584585566669 300 323
1584585568927 300 324
1584585571233 300 325
1584585573417 300 326
1584585575614 300 327
1584585577847 300 328
1584585580053 300 329
1584585582279 300 330
1584585584516 300 331
1584585586707 300 332
1584585588917 300 333
1584585591125 300 334
1584585593326 300 335
1584585595577 300 336
1584585597758 300 337
1584585599948 300 338
1584585602157 300 339
1584585604378 300 340
1584585606559 300 341
1584585608753 300 342
1584585610942 300 343
1584585613150 300 344
1584585615361 300 345
1584585617551 300 346
1584585619737 300 347
1584585621919 300 348
1584585624122 300 349
1584585626322 300 350
1584585628478 300 351
1584585630678 300 352
1584585632827 300 353
1584585635054 300 354
1584585637222 300 355
1584585639438 300 356
1584585641589 300 357
1584585643812 300 358
1584585645971 300 359
1584585648149 300 360
1584585650325 300 361
1584585652486 300 362
1584585654685 300 363
1584585656942 300 364
1584585659187 300 365
1584585661382 300 366
1584585663582 300 367
1584585665760 300 368
1584585667953 300 369
1584585670149 300 370
1584585672343 300 371
1584585674570 300 372
1584585676746 300 373
1584585678992 300 374
1584585681223 300 375
1584585683483 300 376
1584585685636 300 377
1584585687830 300 378
1584585690116 300 379
1584585692862 300 380
1584585695178 300 381
1584585697380 300 382
1584585699538 300 383
1584585701690 300 384
1584585703882 300 385
1584585706122 300 386
1584585708290 300 387
1584585710524 300 388
1584585712712 300 389
1584585714883 300 390
1584585717056 300 391
1584585719239 300 392
1584585721471 300 393
1584585723649 300 394
1584585725825 300 395
1584585728016 300 396
1584585730206 300 397
1584585732382 300 398
1584585734541 300 399
1584585736708 300 400
1584585738928 300 401
1584585741144 300 402
1584585743296 300 403
1584585745498 300 404
1584585747679 300 405
1584585749850 300 406
1584585752033 300 407
1584585754203 300 408
1584585756423 300 409
1584585758618 300 410
1584585760780 300 411
1584585762953 300 412
1584585765179 300 413
1584585767378 300 414
1584585769580 300 415
1584585771841 300 416
1584585774026 300 417
1584585776266 300 418
1584585778433 300 419
1584585780622 300 420
1584585782819 300 421
1584585784990 300 422
1584585787178 300 423
1584585789350 300 424
1584585791507 300 425
1584585793690 300 426
1584585795856 300 427
1584585798059 300 428
1584585800244 300 429
1584585802415 300 430
1584585804605 300 431
1584585806811 300 432
1584585808989 300 433
1584585811216 300 434
1584585813413 300 435
1584585815611 300 436
1584585817793 300 437
1584585819948 300 438
1584585822156 300 439
1584585824345 300 440
1584585826547 300 441
1584585828724 300 442
1584585830879 300 443
1584585833059 300 444
1584585835208 300 445
1584585837389 300 446
1584585839569 300 447
1584585841747 300 448
1584585843930 300 449
1584585846153 300 450
1584585848364 300 451
1584585850565 300 452
1584585852791 300 453
1584585854947 300 454
1584585857119 300 455
1584585859283 300 456
1584585861435 300 457
1584585863585 300 458
1584585865755 300 459
1584585867971 300 460
1584585870161 300 461
1584585872356 300 462
1584585874536 300 463
1584585876724 300 464
1584585878920 300 465
1584585881100 300 466
1584585883280 300 467
1584585885456 300 468
1584585887605 300 469
1584585889758 300 470
1584585892009 300 471
1584585894220 300 472
1584585896427 300 473
1584585898608 300 474
1584585900759 300 475
1584585902936 300 476
1584585905114 300 477
1584585907302 300 478
1584585909507 300 479
1584585911669 300 480
1584585913825 300 481
1584585915988 300 482
1584585918165 300 483
1584585920323 300 484
1584585922469 300 485
1584585924649 300 486
1584585926795 300 487
1584585928953 300 488
1584585931156 300 489
1584585933335 300 490
1584585935499 300 491
1584585937651 300 492
1584585939822 300 493
1584585942030 300 494
1584585944170 300 495
1584585946336 300 496
1584585948488 300 497
1584585950643 300 498
1584585952807 300 499
1584585954978 300 500
1584585957300 300 501
1584585959464 300 502
1584585961627 300 503
1584585963843 300 504
1584585966044 300 505
1584585968223 300 506
1584585970455 300 507
1584585972620 300 508
1584585974782 300 509
1584585976959 300 510
1584585979139 300 511
1584585981338 300 512
1584585983531 300 513
1584585985737 300 514
1584585987903 300 515
1584585990109 300 516
1584585992288 300 517
1584585994519 300 518
1584585996660 300 519
1584585998850 300 520
1584586001037 300 521
1584586003185 300 522
1584586005378 300 523
1584586007575 300 524
1584586009762 300 525
1584586011942 300 526
1584586014172 300 527
1584586016346 300 528
1584586018495 300 529
1584586020680 300 530
1584586022842 300 531
1584586025030 300 532
1584586027197 300 533
1584586029372 300 534
1584586031529 300 535
1584586033707 300 536
1584586035871 300 537
1584586038026 300 538
1584586040225 300 539
1584586042388 300 540
1584586044529 300 541
1584586046685 300 542
1584586048849 300 543
1584586051044 300 544
1584586053248 300 545
1584586055472 300 546
1584586057647 300 547
1584586059868 300 548
1584586062064 300 549
1584586064266 300 550
1584586066615 300 551
1584586068824 300 552
1584586071017 300 553
1584586073218 300 554
1584586075405 300 555
1584586077604 300 556
1584586079783 300 557
1584586082003 300 558
1584586084236 300 559
1584586086460 300 560
1584586088635 300 561
1584586090804 300 562
1584586093043 300 563
1584586095237 300 564
1584586097466 300 565
1584586099646 300 566
1584586101837 300 567
1584586104028 300 568
1584586106247 300 569
1584586108459 300 570
1584586110608 300 571
1584586112803 300 572
1584586115024 300 573
1584586117242 300 574
1584586119428 300 575
1584586121621 300 576
1584586123800 300 577
1584586126020 300 578
1584586128216 300 579
1584586130408 300 580
1584586132614 300 581
1584586134800 300 582
1584586136994 300 583
1584586139202 300 584
1584586141433 300 585
1584586143624 300 586
1584586145821 300 587
1584586148022 300 588
1584586150210 300 589
1584586152408 300 590
1584586154613 300 591
1584586156812 300 592
1584586158992 300 593
1584586161192 300 594
1584586163419 300 595
1584586165589 300 596
1584586167763 300 597
1584586170000 300 598
1584586172508 300 599
1584586174691 300 600
1584586176947 300 601
1584586179225 300 602
1584586181374 300 603
1584586183562 300 604
1584586185740 300 605
1584586187916 300 606
1584586190112 300 607
1584586192352 300 608
1584586194535 300 609
1584586196901 300 610
1584586199459 300 611
1584586201735 300 612
1584586203921 300 613
1584586206077 300 614
1584586208270 300 615
1584586210471 300 616
1584586212659 300 617
1584586214838 300 618
1584586216984 300 619
1584586219160 300 620
1584586221335 300 621
1584586223625 300 622
1584586225945 300 623
1584586228188 300 624
1584586230409 300 625
1584586232676 300 626
1584586234965 300 627
1584586237166 300 628
1584586239378 300 629
1584586241578 300 630
1584586243752 300 631
1584586245935 300 632
1584586248117 300 633
1584586250385 300 634
1584586252998 300 635
1584586255217 300 636
1584586257462 300 637
1584586260227 300 638
1584586262422 300 639
1584586264643 300 640
1584586266862 300 641
1584586269059 300 642
1584586271229 300 643
1584586273411 300 644
1584586275607 300 645
1584586277804 300 646
1584586280057 300 647
1584586282230 300 648
1584586284435 300 649
1584586286659 300 650
1584586288878 300 651
1584586291114 300 652
1584586293294 300 653
1584586295487 300 654
1584586297698 300 655
1584586299889 300 656
1584586302090 300 657
1584586304284 300 658
1584586306470 300 659
1584586308645 300 660
1584586310848 300 661
1584586313013 300 662
1584586315215 300 663
1584586317396 300 664
1584586319647 300 665
1584586321860 300 666
1584586324061 300 667
1584586326320 300 668
1584586328495 300 669
1584586330692 300 670
1584586332876 300 671
1584586335064 300 672
1584586337252 300 673
1584586339456 300 674
1584586341627 300 675
1584586343815 300 676
1584586346030 300 677
1584586348237 300 678
1584586350453 300 679
1584586352651 300 680
1584586354858 300 681
1584586357125 300 682
1584586359316 300 683
1584586361513 300 684
1584586363712 300 685
1584586365904 300 686
1584586368115 300 687
1584586370349 300 688
1584586372566 300 689
1584586374741 300 690
1584586376927 300 691
1584586379159 300 692
1584586381399 300 693
1584586383620 300 694
1584586385807 300 695
1584586388050 300 696
1584586390264 300 697
1584586392496 300 698
1584586394707 300 699
1584586396885 300 700
1584586399120 300 701
1584586401326 300 702
1584586403504 300 703
1584586405716 300 704
1584586407929 300 705
1584586410135 300 706
1584586412318 300 707
1584586414549 300 708
1584586416762 300 709
1584586418969 300 710
1584586421157 300 711
1584586423364 300 712
1584586425577 300 713
1584586427771 300 714
1584586429945 300 715
1584586432098 300 716
1584586434271 300 717
1584586436449 300 718
1584586438652 300 719
1584586440888 300 720
1584586443153 300 721
1584586445358 300 722
1584586447605 300 723
1584586449803 300 724
1584586452054 300 725
1584586454270 300 726
1584586456447 300 727
1584586458645 300 728
1584586460838 300 729
1584586463046 300 730
1584586465239 300 731
1584586467459 300 732
1584586469633 300 733
1584586471823 300 734
1584586474039 300 735
1584586476250 300 736
1584586478458 300 737
1584586480654 300 738
1584586482826 300 739
1584586485052 300 740
1584586487233 300 741
1584586489462 300 742
1584586491665 300 743
1584586493864 300 744
1584586496073 300 745
1584586498285 300 746
1584586500520 300 747
1584586502744 300 748
1584586504979 300 749
1584586507183 300 750
1584586509371 300 751
1584586511559 300 752
1584586513731 300 753
1584586515921 300 754
1584586518109 300 755
1584586520320 300 756
1584586522530 300 757
1584586524758 300 758
1584586526959 300 759
1584586529139 300 760
1584586531376 300 761
1584586533580 300 762
1584586535786 300 763
1584586537993 300 764
1584586540228 300 765
1584586542457 300 766
1584586544641 300 767
1584586546833 300 768
1584586549039 300 769
1584586551250 300 770
1584586553446 300 771
1584586555657 300 772
1584586557898 300 773
1584586560130 300 774
1584586562300 300 775
1584586564509 300 776
1584586566712 300 777
1584586568906 300 778
1584586571117 300 779
1584586573329 300 780
1584586575530 300 781
1584586577709 300 782
1584586579911 300 783
1584586582137 300 784
1584586584359 300 785
1584586586598 300 786
1584586588774 300 787
1584586591038 300 788
1584586593254 300 789
1584586595471 300 790
1584586597667 300 791
1584586599894 300 792
1584586602098 300 793
1584586604293 300 794
1584586606471 300 795
1584586608717 300 796
1584586610939 300 797
1584586613195 300 798
1584586615470 300 799
1584586617694 300 800
1584586619967 300 801
1584586622152 300 802
1584586624403 300 803
1584586626644 300 804
1584586628841 300 805
1584586631044 300 806
1584586633261 300 807
1584586635462 300 808
1584586637659 300 809
1584586639836 300 810
1584586642012 300 811
1584586644234 300 812
1584586646506 300 813
1584586648709 300 814
1584586650905 300 815
1584586653112 300 816
1584586655295 300 817
1584586657503 300 818
1584586659696 300 819
1584586661889 300 820
1584586664093 300 821
1584586666283 300 822
1584586668502 300 823
1584586670702 300 824
1584586672894 300 825
1584586675082 300 826
1584586677289 300 827
1584586679481 300 828
1584586681712 300 829
1584586683924 300 830
1584586686134 300 831
1584586688331 300 832
1584586690536 300 833
1584586692710 300 834
1584586694920 300 835
1584586697119 300 836
1584586699294 300 837
1584586701528 300 838
1584586703712 300 839
1584586705926 300 840
1584586708126 300 841
1584586710360 300 842
1584586712593 300 843
1584586714819 300 844
1584586717048 300 845
1584586719253 300 846
1584586721430 300 847
