1584647144717 300 1
1584647147008 300 2
1584647149254 300 3
1584647151529 300 4
1584647153799 300 5
1584647156121 300 6
1584647158457 300 7
1584647160654 300 8
1584647163151 300 9
1584647165493 300 10
1584647167948 300 11
1584647170589 300 12
1584647172903 300 13
1584647175229 300 14
1584647177599 300 15
1584647180109 300 16
1584647182645 300 17
1584647185207 300 18
1584647187515 300 19
1584647190987 300 20
1584647193938 300 21
1584647196375 300 22
1584647198667 300 23
1584647201818 300 24
1584647204924 300 25
1584647207782 300 26
1584647210030 300 27
1584647212474 300 28
1584647214637 300 29
1584647216833 300 30
1584647219789 300 31
1584647223618 300 32
1584647226119 300 33
1584647228513 300 34
1584647231370 300 35
1584647233810 300 36
1584647237477 300 37
1584647240093 300 38
1584647244533 300 39
1584647247698 300 40
1584647251433 300 41
1584647254102 300 42
1584647258157 300 43
1584647260651 300 44
1584647262844 300 45
1584647265104 300 46
1584647267299 300 47
1584647269533 300 48
1584647271718 300 49
1584647273933 300 50
1584647276117 300 51
1584647278504 300 52
1584647280712 300 53
1584647282990 300 54
1584647285153 300 55
1584647287422 300 56
1584647289642 300 57
1584647291859 300 58
1584647294203 300 59
1584647296402 300 60
1584647298556 300 61
1584647300721 300 62
1584647302969 300 63
1584647305124 300 64
1584647307342 300 65
1584647309491 300 66
1584647311683 300 67
1584647313892 300 68
1584647316243 300 69
1584647318547 300 70
1584647320680 300 71
1584647323026 300 72
1584647325231 300 73
1584647327380 300 74
1584647330451 300 75
1584647333643 300 76
1584647336030 300 77
1584647338311 300 78
1584647340548 300 79
1584647343374 300 80
1584647345591 300 81
1584647347833 300 82
1584647350107 300 83
1584647352372 300 84
1584647354638 300 85
1584647356908 300 86
1584647359137 300 87
1584647361347 300 88
1584647363588 300 89
1584647365795 300 90
1584647368070 300 91
1584647370305 300 92
1584647372602 300 93
1584647374840 300 94
1584647377120 300 95
1584647379356 300 96
1584647381592 300 97
1584647383881 300 98
1584647386077 300 99
1584647388310 300 100
1584647390613 300 101
1584647392864 300 102
1584647395088 300 103
1584647397323 300 104
1584647399588 300 105
1584647401828 300 106
1584647404180 300 107
1584647406403 300 108
1584647408674 300 109
1584647410926 300 110
1584647413321 300 111
1584647415544 300 112
1584647417773 300 113
1584647420271 300 114
1584647422536 300 115
1584647424772 300 116
1584647427071 300 117
1584647429328 300 118
1584647431600 300 119
1584647433837 300 120
1584647436086 300 121
1584647438294 300 122
1584647440537 300 123
1584647442750 300 124
1584647444990 300 125
1584647447240 300 126
1584647449506 300 127
1584647451793 300 128
1584647454058 300 129
1584647456295 300 130
1584647458558 300 131
1584647460870 300 132
1584647463256 300 133
1584647465502 300 134
1584647467761 300 135
1584647470037 300 136
1584647472262 300 137
1584647474511 300 138
1584647476779 300 139
1584647479055 300 140
1584647481406 300 141
1584647483640 300 142
1584647485901 300 143
1584647488165 300 144
1584647490417 300 145
1584647492659 300 146
1584647494927 300 147
1584647497217 300 148
1584647499423 300 149
1584647501691 300 150
1584647503936 300 151
1584647506204 300 152
1584647508422 300 153
1584647510727 300 154
1584647513323 300 155
1584647515659 300 156
1584647518115 300 157
1584647520381 300 158
1584647522815 300 159
1584647525105 300 160
1584647527365 300 161
1584647529632 300 162
1584647531884 300 163
1584647534192 300 164
1584647536419 300 165
1584647538645 300 166
1584647540886 300 167
1584647543204 300 168
1584647545511 300 169
1584647547958 300 170
1584647550161 300 171
1584647552504 300 172
1584647554803 300 173
1584647557113 300 174
1584647559675 300 175
1584647561945 300 176
1584647564401 300 177
1584647566685 300 178
1584647569077 300 179
1584647571385 300 180
1584647573658 300 181
1584647575914 300 182
1584647578661 300 183
1584647582108 300 184
1584647584584 300 185
1584647586859 300 186
1584647589148 300 187
1584647591406 300 188
1584647593711 300 189
1584647595983 300 190
1584647598257 300 191
1584647600486 300 192
1584647602749 300 193
1584647604964 300 194
1584647607318 300 195
1584647609628 300 196
1584647611895 300 197
1584647614430 300 198
1584647616668 300 199
1584647618927 300 200
1584647621228 300 201
1584647623478 300 202
1584647625750 300 203
1584647627976 300 204
1584647630222 300 205
1584647632460 300 206
1584647634753 300 207
1584647637038 300 208
1584647639552 300 209
1584647642298 300 210
1584647644686 300 211
1584647646988 300 212
1584647649341 300 213
1584647652273 300 214
1584647654799 300 215
1584647657101 300 216
1584647659499 300 217
1584647661806 300 218
1584647666240 300 219
1584647670058 300 220
1584647673080 300 221
1584647675564 300 222
1584647677863 300 223
1584647680178 300 224
1584647682440 300 225
1584647684719 300 226
1584647687035 300 227
1584647689310 300 228
1584647691598 300 229
1584647693889 300 230
1584647696155 300 231
1584647698438 300 232
1584647700679 300 233
1584647703321 300 234
1584647706114 300 235
1584647708405 300 236
1584647710752 300 237
1584647713150 300 238
1584647715416 300 239
1584647717680 300 240
1584647719960 300 241
1584647722261 300 242
1584647724514 300 243
1584647726784 300 244
1584647729010 300 245
1584647731313 300 246
1584647733596 300 247
1584647735831 300 248
1584647738105 300 249
1584647740529 300 250
1584647742818 300 251
1584647745101 300 252
1584647747386 300 253
1584647749834 300 254
1584647752419 300 255
1584647754776 300 256
1584647757084 300 257
1584647759362 300 258
1584647761632 300 259
1584647764004 300 260
1584647766244 300 261
1584647768492 300 262
1584647770769 300 263
1584647773137 300 264
1584647775466 300 265
1584647777729 300 266
1584647779981 300 267
1584647782274 300 268
1584647784552 300 269
1584647786824 300 270
1584647789098 300 271
1584647791382 300 272
1584647793647 300 273
1584647795864 300 274
1584647798107 300 275
1584647800416 300 276
1584647802698 300 277
1584647804977 300 278
1584647807276 300 279
1584647809709 300 280
1584647811961 300 281
1584647814260 300 282
1584647816489 300 283
1584647818720 300 284
1584647820996 300 285
1584647823338 300 286
1584647825569 300 287
1584647827819 300 288
1584647830070 300 289
1584647832337 300 290
1584647834538 300 291
1584647836890 300 292
1584647839244 300 293
1584647841472 300 294
1584647843693 300 295
1584647845978 300 296
1584647848272 300 297
1584647850549 300 298
1584647852817 300 299
1584647855134 300 300
1584647857435 300 301
1584647859773 300 302
1584647862093 300 303
1584647864339 300 304
1584647866565 300 305
1584647868816 300 306
1584647871112 300 307
1584647873393 300 308
1584647875678 300 309
1584647877956 300 310
1584647880240 300 311
1584647882492 300 312
1584647884852 300 313
1584647887085 300 314
1584647889383 300 315
1584647891609 300 316
1584647893824 300 317
1584647896069 300 318
1584647898308 300 319
1584647900627 300 320
1584647902861 300 321
1584647905264 300 322
1584647907580 300 323
1584647909787 300 324
1584647912060 300 325
1584647914355 300 326
1584647916623 300 327
1584647918842 300 328
1584647921102 300 329
1584647923342 300 330
1584647925589 300 331
1584647927896 300 332
1584647930136 300 333
1584647932472 300 334
1584647934741 300 335
1584647937090 300 336
1584647939354 300 337
1584647941627 300 338
1584647943948 300 339
1584647946192 300 340
1584647948434 300 341
1584647950639 300 342
1584647952941 300 343
1584647955184 300 344
1584647957474 300 345
1584647959747 300 346
1584647962175 300 347
1584647964481 300 348
1584647966743 300 349
1584647969036 300 350
1584647971272 300 351
1584647973570 300 352
1584647975793 300 353
1584647978083 300 354
1584647980331 300 355
1584647982597 300 356
1584647984918 300 357
1584647987174 300 358
1584647989432 300 359
1584647991664 300 360
1584647993922 300 361
1584647996245 300 362
1584647998482 300 363
1584648000736 300 364
1584648003438 300 365
1584648005748 300 366
1584648008037 300 367
1584648010324 300 368
1584648012590 300 369
1584648014860 300 370
1584648017098 300 371
1584648019305 300 372
1584648021544 300 373
1584648023805 300 374
1584648026055 300 375
1584648028444 300 376
1584648030690 300 377
1584648033080 300 378
1584648035318 300 379
1584648037545 300 380
1584648039801 300 381
1584648042143 300 382
1584648044412 300 383
1584648046646 300 384
1584648048920 300 385
1584648051222 300 386
1584648053486 300 387
1584648055753 300 388
1584648058045 300 389
1584648060284 300 390
1584648062827 300 391
1584648065313 300 392
1584648067510 300 393
1584648069702 300 394
1584648071957 300 395
1584648074299 300 396
1584648076496 300 397
1584648080191 300 398
1584648083246 300 399
1584648085934 300 400
1584648088744 300 401
1584648091493 300 402
1584648094277 300 403
1584648096744 300 404
1584648099635 300 405
1584648104034 300 406
1584648107541 300 407
1584648110950 300 408
1584648114684 300 409
1584648118133 300 410
1584648120490 300 411
1584648122924 300 412
1584648125148 300 413
1584648127360 300 414
1584648129606 300 415
1584648131918 300 416
1584648134151 300 417
1584648136300 300 418
1584648138480 300 419
1584648140662 300 420
1584648142867 300 421
1584648145077 300 422
1584648147311 300 423
1584648149463 300 424
1584648151666 300 425
1584648153948 300 426
1584648156208 300 427
1584648158384 300 428
1584648160621 300 429
1584648162830 300 430
1584648165036 300 431
1584648167265 300 432
1584648169459 300 433
1584648171653 300 434
1584648173821 300 435
1584648176008 300 436
1584648178214 300 437
1584648180398 300 438
1584648182597 300 439
1584648184764 300 440
1584648186957 300 441
1584648189119 300 442
1584648191374 300 443
1584648193843 300 444
1584648196132 300 445
1584648198526 300 446
1584648200705 300 447
1584648202924 300 448
1584648205123 300 449
1584648207345 300 450
1584648209531 300 451
1584648211731 300 452
1584648213903 300 453
1584648216056 300 454
1584648218296 300 455
1584648220541 300 456
1584648222879 300 457
1584648225108 300 458
1584648227535 300 459
1584648229748 300 460
1584648231941 300 461
1584648234154 300 462
1584648236310 300 463
1584648238508 300 464
1584648240703 300 465
1584648242939 300 466
1584648245173 300 467
1584648247377 300 468
1584648249580 300 469
1584648251742 300 470
1584648253973 300 471
1584648256172 300 472
1584648258791 300 473
1584648260996 300 474
1584648263165 300 475
1584648265376 300 476
1584648267986 300 477
1584648270466 300 478
1584648272689 300 479
1584648274903 300 480
1584648277089 300 481
1584648279292 300 482
1584648281450 300 483
1584648283673 300 484
1584648285864 300 485
1584648288080 300 486
1584648290280 300 487
1584648292438 300 488
1584648294795 300 489
1584648296984 300 490
1584648299168 300 491
1584648301376 300 492
1584648303589 300 493
1584648305798 300 494
1584648307989 300 495
1584648310175 300 496
1584648312344 300 497
1584648314522 300 498
1584648316683 300 499
1584648318903 300 500
1584648321213 300 501
1584648323416 300 502
1584648325654 300 503
1584648327865 300 504
1584648330037 300 505
1584648332313 300 506
1584648334555 300 507
1584648336768 300 508
1584648338945 300 509
1584648341124 300 510
1584648343301 300 511
1584648345487 300 512
1584648347650 300 513
1584648349856 300 514
1584648352023 300 515
1584648354186 300 516
1584648356417 300 517
1584648358639 300 518
1584648360848 300 519
1584648363165 300 520
1584648365340 300 521
1584648367509 300 522
1584648369816 300 523
1584648372028 300 524
1584648374229 300 525
1584648376405 300 526
1584648378764 300 527
1584648381098 300 528
1584648383425 300 529
1584648385658 300 530
1584648387921 300 531
1584648390270 300 532
1584648392636 300 533
1584648394846 300 534
1584648397080 300 535
1584648399287 300 536
1584648401507 300 537
1584648403729 300 538
1584648405928 300 539
1584648408100 300 540
1584648410327 300 541
1584648412531 300 542
1584648414692 300 543
1584648416865 300 544
1584648419053 300 545
1584648421317 300 546
1584648423629 300 547
1584648425843 300 548
1584648428111 300 549
1584648430383 300 550
1584648432606 300 551
1584648434807 300 552
1584648437033 300 553
1584648439253 300 554
1584648441484 300 555
1584648443728 300 556
1584648446000 300 557
1584648448255 300 558
1584648450493 300 559
1584648452783 300 560
1584648455035 300 561
1584648457417 300 562
1584648459677 300 563
1584648461882 300 564
1584648464139 300 565
1584648466376 300 566
1584648468597 300 567
1584648470892 300 568
1584648473134 300 569
1584648475388 300 570
1584648477626 300 571
1584648479880 300 572
1584648482169 300 573
1584648484511 300 574
1584648486703 300 575
1584648489164 300 576
1584648491404 300 577
1584648493658 300 578
1584648495882 300 579
1584648498107 300 580
1584648500372 300 581
1584648502597 300 582
1584648504843 300 583
1584648507097 300 584
1584648509356 300 585
1584648511585 300 586
1584648513798 300 587
1584648516051 300 588
1584648518330 300 589
1584648520555 300 590
1584648522787 300 591
1584648525058 300 592
1584648527292 300 593
1584648529531 300 594
1584648531764 300 595
1584648533996 300 596
1584648536221 300 597
1584648538467 300 598
1584648540714 300 599
1584648543247 300 600
1584648545792 300 601
1584648548058 300 602
1584648550395 300 603
1584648552658 300 604
1584648555025 300 605
1584648557271 300 606
1584648559514 300 607
1584648561730 300 608
1584648563934 300 609
1584648566178 300 610
1584648568437 300 611
1584648570653 300 612
1584648572946 300 613
1584648575212 300 614
1584648577456 300 615
1584648579826 300 616
1584648582075 300 617
1584648584398 300 618
1584648586691 300 619
1584648588914 300 620
1584648591147 300 621
1584648593379 300 622
1584648595613 300 623
1584648597862 300 624
1584648600114 300 625
1584648602454 300 626
1584648604774 300 627
1584648607048 300 628
1584648609284 300 629
1584648611500 300 630
1584648613718 300 631
1584648616033 300 632
1584648618276 300 633
1584648620507 300 634
1584648622728 300 635
1584648624961 300 636
1584648627241 300 637
1584648629497 300 638
1584648631775 300 639
1584648634011 300 640
1584648636277 300 641
1584648638507 300 642
1584648640743 300 643
1584648643001 300 644
1584648645280 300 645
1584648647533 300 646
1584648649801 300 647
1584648652056 300 648
1584648654318 300 649
1584648656553 300 650
1584648658768 300 651
1584648660981 300 652
1584648663271 300 653
1584648665531 300 654
1584648667755 300 655
1584648669997 300 656
1584648672254 300 657
1584648674481 300 658
1584648676733 300 659
1584648678982 300 660
1584648681289 300 661
1584648683543 300 662
1584648685784 300 663
1584648688033 300 664
1584648690261 300 665
1584648692513 300 666
1584648694720 300 667
1584648696932 300 668
1584648699159 300 669
1584648701382 300 670
1584648703673 300 671
1584648705880 300 672
1584648708141 300 673
1584648710370 300 674
1584648712626 300 675
1584648714815 300 676
1584648717053 300 677
1584648719265 300 678
1584648721499 300 679
1584648723829 300 680
1584648726086 300 681
1584648728331 300 682
1584648730542 300 683
1584648732799 300 684
1584648735045 300 685
1584648737479 300 686
1584648739716 300 687
1584648741961 300 688
1584648744176 300 689
1584648746424 300 690
1584648748659 300 691
1584648750894 300 692
1584648753263 300 693
1584648755492 300 694
1584648757702 300 695
1584648759915 300 696
1584648762144 300 697
1584648764354 300 698
1584648766581 300 699
1584648768800 300 700
1584648771086 300 701
1584648773329 300 702
