1584647144717 -1.0 1
1584647147008 1.0 2
1584647149254 -1.0 3
1584647151529 1.0 4
1584647153799 -1.0 5
1584647156121 0.0 6
1584647158457 0.0 7
1584647160654 -1.0 8
1584647163151 1.0 9
1584647165493 0.0 10
1584647167948 1.0 11
1584647170589 0.0 12
1584647172903 1.0 13
1584647175229 0.0 14
1584647177599 0.0 15
1584647180109 -2.0 16
1584647182645 1.0 17
1584647185207 -1.0 18
1584647187515 0.0 19
1584647190987 -1.0 20
1584647193938 1.0 21
1584647196375 0.0 22
1584647198667 0.0 23
1584647201818 0.0 24
1584647204924 0.0 25
1584647207782 -1.0 26
1584647210030 -2.0 27
1584647212474 -1.0 28
1584647214637 -2.0 29
1584647216833 -2.0 30
1584647219789 0.0 31
1584647223618 1.0 32
1584647226119 0.0 33
1584647228513 0.0 34
1584647231370 -1.0 35
1584647233810 -1.0 36
1584647237477 1.0 37
1584647240093 0.0 38
1584647244533 -1.0 39
1584647247698 1.0 40
1584647251433 0.0 41
1584647254102 0.0 42
1584647258157 0.0 43
1584647260651 1.0 44
1584647262844 1.0 45
1584647265104 1.0 46
1584647267299 2.0 47
1584647269533 0.0 48
1584647271718 1.0 49
1584647273933 1.0 50
1584647276117 3.0 51
1584647278504 0.0 52
1584647280712 0.0 53
1584647282990 1.0 54
1584647285153 0.0 55
1584647287422 -1.0 56
1584647289642 0.0 57
1584647291859 1.0 58
1584647294203 1.0 59
1584647296402 2.0 60
1584647298556 2.0 61
1584647300721 0.0 62
1584647302969 2.0 63
1584647305124 0.0 64
1584647307342 -2.0 65
1584647309491 0.0 66
1584647311683 0.0 67
1584647313892 2.0 68
1584647316243 0.0 69
1584647318547 2.0 70
1584647320680 1.0 71
1584647323026 2.0 72
1584647325231 2.0 73
1584647327380 1.0 74
1584647330451 3.0 75
1584647333643 1.0 76
1584647336030 6.0 77
1584647338311 1.0 78
1584647340548 0.0 79
1584647343374 0.0 80
1584647345591 1.0 81
1584647347833 3.0 82
1584647350107 4.0 83
1584647352372 1.0 84
1584647354638 -1.0 85
1584647356908 4.0 86
1584647359137 5.0 87
1584647361347 -1.0 88
1584647363588 2.0 89
1584647365795 3.0 90
1584647368070 3.0 91
1584647370305 4.0 92
1584647372602 2.0 93
1584647374840 2.0 94
1584647377120 4.0 95
1584647379356 -1.0 96
1584647381592 1.0 97
1584647383881 1.0 98
1584647386077 3.0 99
1584647388310 0.0 100
1584647390613 4.0 101
1584647392864 2.0 102
1584647395088 0.0 103
1584647397323 1.0 104
1584647399588 4.0 105
1584647401828 1.0 106
1584647404180 3.0 107
1584647406403 3.0 108
1584647408674 3.0 109
1584647410926 2.0 110
1584647413321 1.0 111
1584647415544 3.0 112
1584647417773 4.0 113
1584647420271 2.0 114
1584647422536 -1.0 115
1584647424772 4.0 116
1584647427071 3.0 117
1584647429328 3.0 118
1584647431600 6.0 119
1584647433837 3.0 120
1584647436086 3.0 121
1584647438294 2.0 122
1584647440537 1.0 123
1584647442750 0.0 124
1584647444990 5.0 125
1584647447240 3.0 126
1584647449506 2.0 127
1584647451793 5.0 128
1584647454058 3.0 129
1584647456295 4.0 130
1584647458558 9.0 131
1584647460870 7.0 132
1584647463256 2.0 133
1584647465502 5.0 134
1584647467761 3.0 135
1584647470037 5.0 136
1584647472262 4.0 137
1584647474511 3.0 138
1584647476779 3.0 139
1584647479055 5.0 140
1584647481406 1.0 141
1584647483640 3.0 142
1584647485901 2.0 143
1584647488165 5.0 144
1584647490417 7.0 145
1584647492659 2.0 146
1584647494927 2.0 147
1584647497217 1.0 148
1584647499423 4.0 149
1584647501691 8.0 150
1584647503936 3.0 151
1584647506204 10.0 152
1584647508422 4.0 153
1584647510727 1.0 154
1584647513323 4.0 155
1584647515659 4.0 156
1584647518115 5.0 157
1584647520381 7.0 158
1584647522815 4.0 159
1584647525105 0.0 160
1584647527365 7.0 161
1584647529632 9.0 162
1584647531884 6.0 163
1584647534192 5.0 164
1584647536419 6.0 165
1584647538645 7.0 166
1584647540886 2.0 167
1584647543204 6.0 168
1584647545511 4.0 169
1584647547958 5.0 170
1584647550161 8.0 171
1584647552504 2.0 172
1584647554803 7.0 173
1584647557113 6.0 174
1584647559675 5.0 175
1584647561945 5.0 176
1584647564401 4.0 177
1584647566685 6.0 178
1584647569077 3.0 179
1584647571385 6.0 180
1584647573658 4.0 181
1584647575914 0.0 182
1584647578661 11.0 183
1584647582108 3.0 184
1584647584584 3.0 185
1584647586859 10.0 186
1584647589148 1.0 187
1584647591406 5.0 188
1584647593711 6.0 189
1584647595983 7.0 190
1584647598257 9.0 191
1584647600486 6.0 192
1584647602749 11.0 193
1584647604964 10.0 194
1584647607318 6.0 195
1584647609628 12.0 196
1584647611895 7.0 197
1584647614430 4.0 198
1584647616668 7.0 199
1584647618927 9.0 200
1584647621228 6.0 201
1584647623478 4.0 202
1584647625750 12.0 203
1584647627976 2.0 204
1584647630222 9.0 205
1584647632460 4.0 206
1584647634753 8.0 207
1584647637038 9.0 208
1584647639552 6.0 209
1584647642298 9.0 210
1584647644686 7.0 211
1584647646988 8.0 212
1584647649341 7.0 213
1584647652273 8.0 214
1584647654799 9.0 215
1584647657101 10.0 216
1584647659499 7.0 217
1584647661806 11.0 218
1584647666240 12.0 219
1584647670058 6.0 220
1584647673080 7.0 221
1584647675564 10.0 222
1584647677863 7.0 223
1584647680178 6.0 224
1584647682440 6.0 225
1584647684719 8.0 226
1584647687035 10.0 227
1584647689310 15.0 228
1584647691598 8.0 229
1584647693889 11.0 230
1584647696155 4.0 231
1584647698438 8.0 232
1584647700679 7.0 233
1584647703321 5.0 234
1584647706114 3.0 235
1584647708405 11.0 236
1584647710752 9.0 237
1584647713150 6.0 238
1584647715416 7.0 239
1584647717680 10.0 240
1584647719960 6.0 241
1584647722261 9.0 242
1584647724514 11.0 243
1584647726784 11.0 244
1584647729010 13.0 245
1584647731313 12.0 246
1584647733596 12.0 247
1584647735831 8.0 248
1584647738105 10.0 249
1584647740529 9.0 250
1584647742818 6.0 251
1584647745101 5.0 252
1584647747386 6.0 253
1584647749834 8.0 254
1584647752419 7.0 255
1584647754776 7.0 256
1584647757084 2.0 257
1584647759362 12.0 258
1584647761632 7.0 259
1584647764004 6.0 260
1584647766244 12.0 261
1584647768492 5.0 262
1584647770769 7.0 263
1584647773137 6.0 264
1584647775466 14.0 265
1584647777729 11.0 266
1584647779981 2.0 267
1584647782274 10.0 268
1584647784552 7.0 269
1584647786824 7.0 270
1584647789098 10.0 271
1584647791382 4.0 272
1584647793647 6.0 273
1584647795864 7.0 274
1584647798107 5.0 275
1584647800416 8.0 276
1584647802698 6.0 277
1584647804977 8.0 278
1584647807276 12.0 279
1584647809709 15.0 280
1584647811961 10.0 281
1584647814260 8.0 282
1584647816489 8.0 283
1584647818720 19.0 284
1584647820996 4.0 285
1584647823338 11.0 286
1584647825569 7.0 287
1584647827819 5.0 288
1584647830070 2.0 289
1584647832337 2.0 290
1584647834538 9.0 291
1584647836890 15.0 292
1584647839244 10.0 293
1584647841472 9.0 294
1584647843693 12.0 295
1584647845978 9.0 296
1584647848272 5.0 297
1584647850549 10.0 298
1584647852817 5.0 299
1584647855134 8.0 300
1584647857435 13.0 301
1584647859773 20.0 302
1584647862093 8.0 303
1584647864339 10.0 304
1584647866565 6.0 305
1584647868816 2.0 306
1584647871112 3.0 307
1584647873393 3.0 308
1584647875678 10.0 309
1584647877956 8.0 310
1584647880240 6.0 311
1584647882492 9.0 312
1584647884852 14.0 313
1584647887085 10.0 314
1584647889383 11.0 315
1584647891609 9.0 316
1584647893824 13.0 317
1584647896069 9.0 318
1584647898308 11.0 319
1584647900627 5.0 320
1584647902861 7.0 321
1584647905264 10.0 322
1584647907580 13.0 323
1584647909787 5.0 324
1584647912060 13.0 325
1584647914355 7.0 326
1584647916623 17.0 327
1584647918842 4.0 328
1584647921102 10.0 329
1584647923342 11.0 330
1584647925589 12.0 331
1584647927896 3.0 332
1584647930136 4.0 333
1584647932472 6.0 334
1584647934741 3.0 335
1584647937090 6.0 336
1584647939354 11.0 337
1584647941627 16.0 338
1584647943948 7.0 339
1584647946192 2.0 340
1584647948434 3.0 341
1584647950639 5.0 342
1584647952941 8.0 343
1584647955184 5.0 344
1584647957474 3.0 345
1584647959747 9.0 346
1584647962175 6.0 347
1584647964481 9.0 348
1584647966743 2.0 349
1584647969036 9.0 350
1584647971272 15.0 351
1584647973570 12.0 352
1584647975793 8.0 353
1584647978083 7.0 354
1584647980331 11.0 355
1584647982597 8.0 356
1584647984918 12.0 357
1584647987174 7.0 358
1584647989432 15.0 359
1584647991664 16.0 360
1584647993922 11.0 361
1584647996245 12.0 362
1584647998482 14.0 363
1584648000736 10.0 364
1584648003438 12.0 365
1584648005748 8.0 366
1584648008037 7.0 367
1584648010324 14.0 368
1584648012590 12.0 369
1584648014860 8.0 370
1584648017098 9.0 371
1584648019305 10.0 372
1584648021544 7.0 373
1584648023805 10.0 374
1584648026055 13.0 375
1584648028444 9.0 376
1584648030690 13.0 377
1584648033080 16.0 378
1584648035318 11.0 379
1584648037545 14.0 380
1584648039801 4.0 381
1584648042143 12.0 382
1584648044412 13.0 383
1584648046646 13.0 384
1584648048920 14.0 385
1584648051222 15.0 386
1584648053486 15.0 387
1584648055753 16.0 388
1584648058045 12.0 389
1584648060284 13.0 390
1584648062827 15.0 391
1584648065313 5.0 392
1584648067510 12.0 393
1584648069702 11.0 394
1584648071957 11.0 395
1584648074299 9.0 396
1584648076496 10.0 397
1584648080191 10.0 398
1584648083246 12.0 399
1584648085934 9.0 400
1584648088744 17.0 401
1584648091493 14.0 402
1584648094277 8.0 403
1584648096744 13.0 404
1584648099635 23.0 405
1584648104034 13.0 406
1584648107541 16.0 407
1584648110950 15.0 408
1584648114684 18.0 409
1584648118133 9.0 410
1584648120490 14.0 411
1584648122924 9.0 412
1584648125148 17.0 413
1584648127360 16.0 414
1584648129606 10.0 415
1584648131918 12.0 416
1584648134151 20.0 417
1584648136300 12.0 418
1584648138480 16.0 419
1584648140662 4.0 420
1584648142867 5.0 421
1584648145077 10.0 422
1584648147311 9.0 423
1584648149463 11.0 424
1584648151666 10.0 425
1584648153948 11.0 426
1584648156208 6.0 427
1584648158384 12.0 428
1584648160621 9.0 429
1584648162830 6.0 430
1584648165036 16.0 431
1584648167265 17.0 432
1584648169459 10.0 433
1584648171653 10.0 434
1584648173821 14.0 435
1584648176008 13.0 436
1584648178214 10.0 437
1584648180398 16.0 438
1584648182597 8.0 439
1584648184764 7.0 440
1584648186957 10.0 441
1584648189119 19.0 442
1584648191374 12.0 443
1584648193843 12.0 444
1584648196132 11.0 445
1584648198526 5.0 446
1584648200705 8.0 447
1584648202924 17.0 448
1584648205123 9.0 449
1584648207345 12.0 450
1584648209531 11.0 451
1584648211731 7.0 452
1584648213903 13.0 453
1584648216056 15.0 454
1584648218296 14.0 455
1584648220541 15.0 456
1584648222879 12.0 457
1584648225108 9.0 458
1584648227535 11.0 459
1584648229748 13.0 460
1584648231941 15.0 461
1584648234154 9.0 462
1584648236310 8.0 463
1584648238508 14.0 464
1584648240703 14.0 465
1584648242939 17.0 466
1584648245173 16.0 467
1584648247377 12.0 468
1584648249580 14.0 469
1584648251742 13.0 470
1584648253973 9.0 471
1584648256172 11.0 472
1584648258791 16.0 473
1584648260996 10.0 474
1584648263165 16.0 475
1584648265376 14.0 476
1584648267986 19.0 477
1584648270466 12.0 478
1584648272689 13.0 479
1584648274903 11.0 480
1584648277089 13.0 481
1584648279292 14.0 482
1584648281450 20.0 483
1584648283673 10.0 484
1584648285864 7.0 485
1584648288080 6.0 486
1584648290280 8.0 487
1584648292438 13.0 488
1584648294795 13.0 489
1584648296984 17.0 490
1584648299168 10.0 491
1584648301376 21.0 492
1584648303589 11.0 493
1584648305798 10.0 494
1584648307989 12.0 495
1584648310175 13.0 496
1584648312344 12.0 497
1584648314522 12.0 498
1584648316683 16.0 499
1584648318903 17.0 500
1584648321213 9.0 501
1584648323416 12.0 502
1584648325654 13.0 503
1584648327865 17.0 504
1584648330037 16.0 505
1584648332313 5.0 506
1584648334555 13.0 507
1584648336768 11.0 508
1584648338945 10.0 509
1584648341124 16.0 510
1584648343301 13.0 511
1584648345487 17.0 512
1584648347650 17.0 513
1584648349856 14.0 514
1584648352023 8.0 515
1584648354186 13.0 516
1584648356417 13.0 517
1584648358639 15.0 518
1584648360848 13.0 519
1584648363165 16.0 520
1584648365340 17.0 521
1584648367509 14.0 522
1584648369816 7.0 523
1584648372028 10.0 524
1584648374229 11.0 525
1584648376405 14.0 526
1584648378764 17.0 527
1584648381098 15.0 528
1584648383425 11.0 529
1584648385658 16.0 530
1584648387921 8.0 531
1584648390270 14.0 532
1584648392636 20.0 533
1584648394846 18.0 534
1584648397080 11.0 535
1584648399287 13.0 536
1584648401507 13.0 537
1584648403729 16.0 538
1584648405928 14.0 539
1584648408100 13.0 540
1584648410327 18.0 541
1584648412531 11.0 542
1584648414692 14.0 543
1584648416865 19.0 544
1584648419053 17.0 545
1584648421317 14.0 546
1584648423629 11.0 547
1584648425843 13.0 548
1584648428111 14.0 549
1584648430383 21.0 550
1584648432606 12.0 551
1584648434807 15.0 552
1584648437033 17.0 553
1584648439253 16.0 554
1584648441484 19.0 555
1584648443728 14.0 556
1584648446000 20.0 557
1584648448255 8.0 558
1584648450493 19.0 559
1584648452783 19.0 560
1584648455035 8.0 561
1584648457417 13.0 562
1584648459677 15.0 563
1584648461882 12.0 564
1584648464139 9.0 565
1584648466376 16.0 566
1584648468597 18.0 567
1584648470892 22.0 568
1584648473134 16.0 569
1584648475388 18.0 570
1584648477626 9.0 571
1584648479880 9.0 572
1584648482169 15.0 573
1584648484511 14.0 574
1584648486703 12.0 575
1584648489164 19.0 576
1584648491404 13.0 577
1584648493658 23.0 578
1584648495882 10.0 579
1584648498107 18.0 580
1584648500372 18.0 581
1584648502597 10.0 582
1584648504843 13.0 583
1584648507097 11.0 584
1584648509356 13.0 585
1584648511585 14.0 586
1584648513798 14.0 587
1584648516051 19.0 588
1584648518330 13.0 589
1584648520555 20.0 590
1584648522787 12.0 591
1584648525058 19.0 592
1584648527292 7.0 593
1584648529531 11.0 594
1584648531764 18.0 595
1584648533996 14.0 596
1584648536221 16.0 597
1584648538467 18.0 598
1584648540714 15.0 599
1584648543247 13.0 600
1584648545792 13.0 601
1584648548058 16.0 602
1584648550395 17.0 603
1584648552658 13.0 604
1584648555025 12.0 605
1584648557271 11.0 606
1584648559514 10.0 607
1584648561730 18.0 608
1584648563934 13.0 609
1584648566178 11.0 610
1584648568437 18.0 611
1584648570653 17.0 612
1584648572946 18.0 613
1584648575212 12.0 614
1584648577456 15.0 615
1584648579826 17.0 616
1584648582075 14.0 617
1584648584398 22.0 618
1584648586691 16.0 619
1584648588914 15.0 620
1584648591147 17.0 621
1584648593379 9.0 622
1584648595613 13.0 623
1584648597862 16.0 624
1584648600114 12.0 625
1584648602454 15.0 626
1584648604774 5.0 627
1584648607048 19.0 628
1584648609284 14.0 629
1584648611500 18.0 630
1584648613718 16.0 631
1584648616033 13.0 632
1584648618276 19.0 633
1584648620507 11.0 634
1584648622728 19.0 635
1584648624961 19.0 636
1584648627241 6.0 637
1584648629497 19.0 638
1584648631775 11.0 639
1584648634011 13.0 640
1584648636277 13.0 641
1584648638507 14.0 642
1584648640743 14.0 643
1584648643001 6.0 644
1584648645280 21.0 645
1584648647533 10.0 646
1584648649801 14.0 647
1584648652056 15.0 648
1584648654318 14.0 649
1584648656553 15.0 650
1584648658768 20.0 651
1584648660981 13.0 652
1584648663271 11.0 653
1584648665531 11.0 654
1584648667755 11.0 655
1584648669997 14.0 656
1584648672254 17.0 657
1584648674481 20.0 658
1584648676733 9.0 659
1584648678982 11.0 660
1584648681289 14.0 661
1584648683543 17.0 662
1584648685784 20.0 663
1584648688033 14.0 664
1584648690261 19.0 665
1584648692513 13.0 666
1584648694720 15.0 667
1584648696932 9.0 668
1584648699159 13.0 669
1584648701382 13.0 670
1584648703673 14.0 671
1584648705880 14.0 672
1584648708141 13.0 673
1584648710370 22.0 674
1584648712626 17.0 675
1584648714815 14.0 676
1584648717053 0.0 677
1584648719265 7.0 678
1584648721499 13.0 679
1584648723829 17.0 680
1584648726086 21.0 681
1584648728331 15.0 682
1584648730542 7.0 683
1584648732799 14.0 684
1584648735045 17.0 685
1584648737479 19.0 686
1584648739716 17.0 687
1584648741961 17.0 688
1584648744176 19.0 689
1584648746424 14.0 690
1584648748659 10.0 691
1584648750894 10.0 692
1584648753263 8.0 693
1584648755492 19.0 694
1584648757702 13.0 695
1584648759915 16.0 696
1584648762144 12.0 697
1584648764354 17.0 698
1584648766581 16.0 699
1584648768800 7.0 700
1584648771086 18.0 701
1584648773329 16.0 702
