1584572710946 1 1
1584572713243 1 2
1584572715504 1 3
1584572717617 1 4
1584572719909 1 5
1584572722025 1 6
1584572724508 1 7
1584572726795 1 8
1584572729227 1 9
1584572731530 1 10
1584572733814 1 11
1584572736021 1 12
1584572738256 1 13
1584572740759 1 14
1584572743123 1 15
1584572745642 1 16
1584572747882 1 17
1584572750048 1 18
1584572752337 1 19
1584572754657 1 20
1584572756882 1 21
1584572759089 1 22
1584572761315 1 23
1584572763459 1 24
1584572765604 1 25
1584572767756 1 26
1584572770011 1 27
1584572772246 1 28
1584572774405 1 29
1584572776550 1 30
1584572778708 1 31
1584572780890 1 32
1584572783088 1 33
1584572785333 1 34
1584572787546 1 35
1584572789787 1 36
1584572791956 1 37
1584572794098 1 38
1584572796304 1 39
1584572798513 1 40
1584572800730 1 41
1584572802911 1 42
1584572805084 1 43
1584572807318 1 44
1584572809574 1 45
1584572811818 1 46
1584572814058 1 47
1584572816357 1 48
1584572818552 1 49
1584572820752 1 50
1584572822969 1 51
1584572825202 1 52
1584572827432 1 53
1584572829621 1 54
1584572831804 1 55
1584572833961 1 56
1584572836179 1 57
1584572838415 1 58
1584572840639 1 59
1584572842881 1 60
1584572845143 1 61
1584572847348 1 62
1584572849521 1 63
1584572851823 1 64
1584572854048 1 65
1584572856274 1 66
1584572858467 1 67
1584572860673 1 68
1584572862905 1 69
1584572865167 1 70
1584572867396 1 71
1584572869640 1 72
1584572871862 1 73
1584572874045 1 74
1584572876247 1 75
1584572878457 1 76
1584572880681 1 77
1584572882942 1 78
1584572885154 1 79
1584572887348 1 80
1584572889553 1 81
1584572891807 1 82
1584572894043 1 83
1584572896286 1 84
1584572898542 1 85
1584572900763 1 86
1584572902978 1 87
1584572905154 1 88
1584572907378 1 89
1584572909627 1 90
1584572911877 1 91
1584572914067 1 92
1584572916271 1 93
1584572918914 1 94
1584572921173 1 95
1584572923403 1 96
1584572925656 1 97
1584572927911 1 98
1584572930105 1 99
1584572932258 1 100
1584572934491 1 101
1584572936748 1 102
1584572938977 1 103
1584572941176 1 104
1584572943354 1 105
1584572945531 1 106
1584572947783 1 107
1584572950040 1 108
1584572952290 1 109
1584572954514 1 110
1584572956794 1 111
1584572959009 1 112
1584572961187 1 113
1584572963420 1 114
1584572965636 1 115
1584572967900 1 116
1584572970116 1 117
1584572972328 1 118
1584572974553 1 119
1584572976827 1 120
1584572979153 1 121
1584572981367 1 122
1584572983610 1 123
1584572985798 1 124
1584572987978 1 125
1584572990168 1 126
1584572992381 1 127
1584572994636 1 128
1584572996863 1 129
1584572999072 1 130
1584573001325 1 131
1584573003634 1 132
1584573005869 1 133
1584573008157 1 134
1584573010416 1 135
1584573012690 1 136
1584573014983 1 137
1584573017228 1 138
1584573019486 1 139
1584573021743 1 140
1584573023984 1 141
1584573026172 1 142
1584573028363 1 143
1584573030626 1 144
1584573032871 1 145
1584573035125 1 146
1584573037340 1 147
1584573039626 1 148
1584573041841 1 149
1584573044108 1 150
1584573046355 1 151
1584573048597 1 152
1584573050894 1 153
1584573053080 1 154
1584573055262 1 155
1584573057452 1 156
1584573059686 1 157
1584573061921 1 158
1584573064172 1 159
1584573066413 1 160
1584573068653 1 161
1584573070877 1 162
1584573073082 1 163
1584573075343 1 164
1584573077625 1 165
1584573079870 1 166
1584573082076 1 167
1584573084262 1 168
1584573086535 1 169
1584573088852 1 170
1584573091193 1 171
1584573093472 1 172
1584573095786 1 173
1584573097993 1 174
1584573100257 1 175
1584573102652 1 176
1584573104921 1 177
1584573107177 1 178
1584573109365 1 179
1584573111680 1 180
1584573113872 1 181
1584573116117 1 182
1584573118334 1 183
1584573120583 1 184
1584573122837 1 185
1584573125086 1 186
1584573127313 1 187
1584573129524 1 188
1584573131760 1 189
1584573134026 1 190
1584573136272 1 191
1584573138449 1 192
1584573140650 1 193
1584573142947 1 194
1584573145189 1 195
1584573147448 1 196
1584573149727 1 197
1584573151967 1 198
1584573154168 1 199
1584573156372 1 200
1584573158634 1 201
1584573160894 1 202
1584573163170 1 203
1584573165353 1 204
1584573167547 1 205
1584573169779 1 206
1584573172063 1 207
1584573174345 1 208
1584573176626 1 209
1584573178888 1 210
1584573181185 1 211
1584573183387 1 212
1584573185566 1 213
1584573188066 1 214
1584573190332 1 215
1584573192581 1 216
1584573194756 1 217
1584573196981 1 218
1584573199249 1 219
1584573201540 1 220
1584573203827 1 221
1584573206040 1 222
1584573208416 1 223
1584573210647 1 224
1584573212870 1 225
1584573215101 1 226
1584573217354 1 227
1584573219659 1 228
1584573221813 1 229
1584573223983 1 230
1584573226158 1 231
1584573228415 1 232
1584573230687 1 233
1584573232977 1 234
1584573235272 1 235
1584573237548 1 236
1584573239743 1 237
1584573241985 1 238
1584573244264 1 239
1584573246519 1 240
1584573248775 1 241
1584573251056 1 242
1584573253254 1 243
1584573255494 1 244
1584573257739 1 245
1584573260170 1 246
1584573262469 1 247
1584573264760 1 248
1584573266968 1 249
1584573269173 1 250
1584573271385 1 251
1584573273706 1 252
1584573275981 1 253
1584573278188 1 254
1584573280389 1 255
1584573282580 1 256
1584573284894 1 257
1584573287186 1 258
1584573289500 1 259
1584573291782 1 260
1584573294056 1 261
1584573296261 1 262
1584573298457 1 263
1584573300769 1 264
1584573303117 1 265
1584573305364 1 266
1584573307579 1 267
1584573309942 1 268
1584573312219 1 269
1584573314474 1 270
1584573316752 1 271
1584573319046 1 272
1584573321314 1 273
1584573323513 1 274
1584573325702 1 275
1584573327906 1 276
1584573330179 1 277
1584573332412 1 278
1584573334669 1 279
1584573336860 1 280
1584573339118 1 281
1584573341427 1 282
1584573343715 1 283
1584573345989 1 284
1584573348253 1 285
1584573350527 1 286
1584573352778 1 287
1584573355017 1 288
1584573357322 1 289
1584573359609 1 290
1584573361899 1 291
1584573364128 1 292
1584573366350 1 293
1584573368624 1 294
1584573370992 1 295
1584573373258 1 296
1584573375512 1 297
1584573377806 1 298
1584573380004 1 299
1584573382260 1 300
1584573384527 1 301
1584573386772 1 302
1584573389046 1 303
1584573391259 1 304
1584573393466 1 305
1584573395689 1 306
1584573397939 1 307
1584573400249 1 308
1584573402514 1 309
1584573404859 1 310
1584573407215 1 311
1584573409420 1 312
1584573411678 1 313
1584573413971 1 314
1584573416212 1 315
1584573418480 1 316
1584573420707 1 317
1584573422930 1 318
1584573425209 1 319
1584573427471 1 320
1584573429746 1 321
1584573432042 1 322
1584573434294 1 323
1584573436512 1 324
1584573438709 1 325
1584573440942 1 326
1584573443222 1 327
1584573445480 1 328
1584573447716 1 329
1584573449921 1 330
1584573452146 1 331
1584573454419 1 332
1584573456730 1 333
1584573459034 1 334
1584573461295 1 335
1584573463581 1 336
1584573465806 1 337
1584573468063 1 338
1584573470325 1 339
1584573472602 1 340
1584573474888 1 341
1584573477119 1 342
1584573479309 1 343
1584573481593 1 344
1584573483899 1 345
1584573486186 1 346
1584573488464 1 347
1584573490741 1 348
1584573492962 1 349
1584573495139 1 350
1584573497374 1 351
1584573499649 1 352
1584573501989 1 353
1584573504235 1 354
1584573506448 1 355
1584573508667 1 356
1584573510973 1 357
1584573513253 1 358
1584573515540 1 359
1584573517820 1 360
1584573520137 1 361
1584573522373 1 362
1584573524571 1 363
1584573526836 1 364
1584573529147 1 365
1584573531432 1 366
1584573533657 1 367
1584573535879 1 368
1584573538141 1 369
1584573540427 1 370
1584573542692 1 371
1584573544966 1 372
1584573547205 1 373
1584573549437 1 374
1584573551617 1 375
1584573553898 1 376
1584573556179 1 377
1584573558461 1 378
1584573560688 1 379
1584573562930 1 380
1584573565126 1 381
1584573567389 1 382
1584573569660 1 383
1584573571927 1 384
1584573574253 1 385
1584573576564 1 386
1584573578820 1 387
1584573581068 1 388
1584573583327 1 389
1584573585621 1 390
1584573587886 1 391
1584573590115 1 392
1584573592321 1 393
1584573594633 1 394
1584573596912 1 395
1584573599322 1 396
1584573601573 1 397
1584573603857 1 398
1584573606095 1 399
1584573608332 1 400
1584573610607 1 401
1584573612934 1 402
1584573615194 1 403
1584573617409 1 404
1584573619636 1 405
1584573621852 1 406
1584573624135 1 407
1584573626405 1 408
1584573628682 1 409
1584573631041 1 410
1584573633342 1 411
1584573635565 1 412
1584573637779 1 413
1584573640073 1 414
1584573642368 1 415
1584573644714 1 416
1584573646951 1 417
1584573649297 1 418
1584573651608 1 419
1584573653987 1 420
1584573656258 1 421
1584573658683 1 422
1584573661299 1 423
1584573663594 1 424
1584573665853 1 425
1584573668057 1 426
1584573670388 1 427
1584573672664 1 428
1584573674897 1 429
1584573677090 1 430
1584573679337 1 431
1584573681639 1 432
1584573683919 1 433
1584573686233 1 434
1584573688600 1 435
1584573691286 1 436
1584573693615 1 437
1584573696014 1 438
1584573698324 1 439
1584573700626 1 440
1584573702939 1 441
1584573705162 1 442
1584573707349 1 443
1584573709627 1 444
1584573711998 1 445
1584573714840 1 446
1584573717189 1 447
1584573719506 1 448
1584573721715 1 449
1584573723905 1 450
1584573726171 1 451
1584573728527 1 452
1584573730822 1 453
1584573733026 1 454
1584573735188 1 455
1584573737374 1 456
1584573739679 1 457
1584573741970 1 458
1584573744263 1 459
1584573746546 1 460
1584573748859 1 461
1584573751151 1 462
1584573753345 1 463
1584573755690 1 464
1584573758002 1 465
1584573760324 1 466
1584573762530 1 467
1584573764699 1 468
1584573767002 1 469
1584573769353 1 470
1584573771975 1 471
1584573774267 1 472
1584573776575 1 473
1584573778764 1 474
1584573780990 1 475
1584573783205 1 476
1584573785476 1 477
1584573787841 1 478
1584573790032 1 479
1584573792396 1 480
1584573794598 1 481
1584573796910 1 482
1584573799209 1 483
1584573801490 1 484
1584573803766 1 485
1584573806063 1 486
1584573808260 1 487
1584573810479 1 488
1584573812766 1 489
1584573815064 1 490
1584573817375 1 491
1584573819559 1 492
1584573821764 1 493
1584573824140 1 494
1584573826425 1 495
1584573828722 1 496
1584573831013 1 497
1584573833317 1 498
1584573835541 1 499
1584573837763 1 500
1584573840033 1 501
1584573842309 1 502
1584573844610 1 503
1584573846823 1 504
1584573849040 1 505
1584573851277 1 506
1584573853741 1 507
1584573855994 1 508
1584573858311 1 509
1584573860584 1 510
1584573862857 1 511
1584573865103 1 512
1584573867326 1 513
1584573869641 1 514
1584573871913 1 515
1584573874216 1 516
1584573876448 1 517
1584573878659 1 518
1584573880924 1 519
1584573883223 1 520
1584573885489 1 521
1584573887798 1 522
1584573890205 1 523
1584573892405 1 524
1584573894643 1 525
1584573896857 1 526
1584573899223 1 527
1584573901527 1 528
1584573903748 1 529
1584573906042 1 530
1584573908275 1 531
1584573910539 1 532
1584573912813 1 533
1584573915111 1 534
1584573917464 1 535
1584573919856 1 536
1584573922060 1 537
1584573924293 1 538
1584573926553 1 539
1584573928799 1 540
1584573931081 1 541
1584573933308 1 542
1584573935519 1 543
1584573937768 1 544
1584573940049 1 545
1584573942370 1 546
1584573944658 1 547
1584573946918 1 548
1584573949168 1 549
1584573951351 1 550
1584573953604 1 551
1584573955896 1 552
1584573958200 1 553
1584573960539 1 554
1584573962782 1 555
1584573964989 1 556
1584573967265 1 557
1584573969617 1 558
1584573971918 1 559
1584573974209 1 560
1584573976498 1 561
1584573978705 1 562
1584573980979 1 563
1584573983286 1 564
1584573985651 1 565
1584573987904 1 566
1584573990151 1 567
1584573992383 1 568
1584573994682 1 569
1584573996996 1 570
1584573999326 1 571
1584574001590 1 572
1584574003861 1 573
1584574006081 1 574
1584574008276 1 575
1584574010505 1 576
1584574012761 1 577
1584574015048 1 578
1584574017327 1 579
1584574019547 1 580
1584574021767 1 581
1584574024051 1 582
1584574026360 1 583
1584574028624 1 584
1584574030920 1 585
1584574033219 1 586
1584574035417 1 587
1584574037629 1 588
1584574039908 1 589
1584574042173 1 590
1584574044452 1 591
1584574046709 1 592
1584574048926 1 593
1584574051279 1 594
1584574053566 1 595
1584574055868 1 596
1584574058154 1 597
1584574060468 1 598
1584574062686 1 599
1584574064908 1 600
1584574067248 1 601
1584574069547 1 602
1584574071831 1 603
1584574074066 1 604
1584574076340 1 605
1584574078532 1 606
1584574080880 1 607
1584574083272 1 608
1584574085549 1 609
1584574087795 1 610
1584574090094 1 611
1584574092285 1 612
1584574094505 1 613
1584574096764 1 614
1584574099048 1 615
1584574101327 1 616
1584574103559 1 617
1584574105774 1 618
1584574108068 1 619
1584574110353 1 620
1584574112645 1 621
1584574114971 1 622
1584574117251 1 623
1584574119483 1 624
1584574121693 1 625
1584574123903 1 626
1584574126192 1 627
1584574128488 1 628
1584574130711 1 629
1584574132912 1 630
1584574135117 1 631
1584574137423 1 632
1584574139721 1 633
1584574142037 1 634
1584574144473 1 635
1584574146779 1 636
1584574148994 1 637
1584574151191 1 638
1584574153464 1 639
1584574155736 1 640
1584574157969 1 641
1584574160205 1 642
1584574162423 1 643
1584574164693 1 644
1584574166953 1 645
1584574169239 1 646
1584574171505 1 647
1584574173864 1 648
1584574176131 1 649
1584574178383 1 650
1584574180617 1 651
1584574182882 1 652
1584574185177 1 653
1584574187372 1 654
1584574189564 1 655
1584574191779 1 656
1584574194061 1 657
1584574196352 1 658
1584574198637 1 659
1584574201008 1 660
1584574203305 1 661
1584574205533 1 662
1584574207756 1 663
1584574210082 1 664
1584574212359 1 665
1584574214648 1 666
1584574216852 1 667
1584574219069 1 668
1584574221305 1 669
1584574223567 1 670
1584574225839 1 671
1584574228108 1 672
1584574230382 1 673
1584574232581 1 674
1584574234848 1 675
1584574237046 1 676
1584574239352 1 677
1584574241642 1 678
1584574243920 1 679
1584574246154 1 680
1584574248375 1 681
1584574250652 1 682
1584574252946 1 683
1584574255257 1 684
1584574257659 1 685
1584574259979 1 686
1584574262203 1 687
1584574264427 1 688
1584574266808 1 689
1584574269172 1 690
1584574271463 1 691
1584574273677 1 692
1584574276128 1 693
1584574278435 1 694
1584574280731 1 695
1584574283013 1 696
1584574285300 1 697
1584574287665 1 698
1584574290046 1 699
1584574292320 1 700
1584574294619 1 701
1584574296911 1 702
1584574299180 1 703
1584574301392 1 704
1584574303586 1 705
1584574305828 1 706
1584574308125 1 707
1584574310441 1 708
1584574312697 1 709
1584574315017 1 710
1584574317295 1 711
1584574319503 1 712
1584574321697 1 713
1584574324041 1 714
1584574326342 1 715
1584574328590 1 716
1584574330813 1 717
1584574333059 1 718
1584574335341 1 719
1584574337579 1 720
1584574339867 1 721
1584574342175 1 722
1584574344456 1 723
1584574346668 1 724
1584574348924 1 725
1584574351187 1 726
1584574353425 1 727
1584574355725 1 728
1584574357925 1 729
1584574360179 1 730
1584574362420 1 731
1584574364783 1 732
1584574367190 1 733
1584574369483 1 734
1584574371947 1 735
1584574374297 1 736
1584574376512 1 737
1584574378746 1 738
1584574381045 1 739
1584574383316 1 740
1584574385595 1 741
1584574387808 1 742
1584574390040 1 743
1584574392346 1 744
1584574394659 1 745
1584574396926 1 746
1584574399194 1 747
1584574401501 1 748
1584574403778 1 749
1584574405987 1 750
1584574408211 1 751
1584574410494 1 752
1584574412772 1 753
1584574415016 1 754
1584574417208 1 755
1584574419361 1 756
1584574421654 1 757
1584574423973 1 758
1584574426276 1 759
1584574428526 1 760
1584574430793 1 761
1584574433081 1 762
1584574435278 1 763
1584574437548 1 764
1584574439789 1 765
1584574442059 1 766
1584574444294 1 767
1584574446484 1 768
1584574448747 1 769
1584574451018 1 770
1584574453297 1 771
1584574455557 1 772
1584574457834 1 773
1584574460045 1 774
1584574462290 1 775
1584574464546 1 776
1584574466836 1 777
1584574469269 1 778
1584574471485 1 779
1584574473732 1 780
1584574475937 1 781
1584574478213 1 782
1584574480504 1 783
1584574482788 1 784
1584574485065 1 785
1584574487326 1 786
1584574489547 1 787
1584574491769 1 788
1584574494021 1 789
1584574496257 1 790
1584574498581 1 791
1584574500841 1 792
1584574503046 1 793
1584574505310 1 794
1584574507565 1 795
1584574509853 1 796
1584574512120 1 797
1584574514411 1 798
1584574516619 1 799
1584574518835 1 800
1584574521165 1 801
1584574523454 1 802
1584574525725 1 803
1584574527912 1 804
1584574530172 1 805
1584574532375 1 806
1584574534673 1 807
1584574536953 1 808
1584574539243 1 809
1584574541604 1 810
1584574544019 1 811
1584574546283 1 812
1584574548663 1 813
1584574550914 1 814
1584574553200 1 815
1584574555460 1 816
1584574557672 1 817
1584574559916 1 818
1584574562223 1 819
1584574564564 1 820
1584574566834 1 821
1584574569083 1 822
1584574571499 1 823
1584574573835 1 824
1584574576065 1 825
1584574578288 1 826
1584574580578 1 827
1584574583003 1 828
1584574585292 1 829
1584574587489 1 830
1584574589714 1 831
1584574591970 1 832
1584574594273 1 833
1584574596632 1 834
1584574598887 1 835
1584574601186 1 836
1584574603379 1 837
1584574605575 1 838
1584574607819 1 839
1584574610089 1 840
1584574612354 1 841
1584574614576 1 842
1584574616789 1 843
1584574619076 1 844
1584574621395 1 845
1584574623643 1 846
1584574625895 1 847
1584574628142 1 848
1584574630326 1 849
1584574632525 1 850
1584574634723 1 851
1584574637000 1 852
1584574639279 1 853
1584574641495 1 854
1584574643714 1 855
1584574645932 1 856
1584574648196 1 857
1584574650499 1 858
1584574652768 1 859
1584574655036 1 860
1584574657303 1 861
1584574659507 1 862
1584574661832 1 863
1584574664062 1 864
1584574666355 1 865
1584574668612 1 866
1584574670813 1 867
1584574673036 1 868
1584574675314 1 869
1584574677567 1 870
1584574679830 1 871
1584574682107 1 872
1584574684381 1 873
1584574686569 1 874
1584574688793 1 875
1584574691027 1 876
1584574693337 1 877
1584574695595 1 878
1584574697801 1 879
1584574700004 1 880
1584574702229 1 881
1584574704490 1 882
1584574706726 1 883
1584574708965 1 884
1584574711237 1 885
1584574713511 1 886
1584574715711 1 887
1584574717905 1 888
1584574720165 1 889
1584574722442 1 890
1584574724721 1 891
1584574726938 1 892
1584574729155 1 893
1584574731398 1 894
1584574733639 1 895
1584574735931 1 896
1584574738218 1 897
1584574740492 1 898
1584574742735 1 899
1584574744922 1 900
1584574747211 1 901
1584574749475 1 902
1584574751765 1 903
1584574753971 1 904
1584574756217 1 905
1584574758531 1 906
1584574760817 1 907
1584574763079 1 908
1584574765367 1 909
1584574767652 1 910
1584574769931 1 911
1584574772137 1 912
1584574774329 1 913
1584574776646 1 914
1584574778952 1 915
1584574781216 1 916
1584574783393 1 917
1584574785566 1 918
1584574787861 1 919
1584574790159 1 920
1584574792420 1 921
1584574794699 1 922
1584574796992 1 923
1584574799192 1 924
1584574801372 1 925
1584574803558 1 926
1584574805952 1 927
1584574808248 1 928
1584574810437 1 929
1584574812641 1 930
1584574814834 1 931
1584574817102 1 932
1584574819404 1 933
1584574821727 1 934
1584574823998 1 935
1584574826277 1 936
1584574828438 1 937
1584574830617 1 938
1584574832886 1 939
1584574835217 1 940
1584574837497 1 941
1584574839695 1 942
1584574841923 1 943
1584574844274 1 944
1584574846597 1 945
1584574848943 1 946
1584574851212 1 947
1584574853520 1 948
1584574855911 1 949
1584574858160 1 950
1584574860367 1 951
1584574862679 1 952
1584574864966 1 953
1584574867197 1 954
1584574869371 1 955
1584574871540 1 956
1584574873816 1 957
1584574876060 1 958
1584574878307 1 959
1584574880586 1 960
1584574882865 1 961
1584574885114 1 962
1584574887351 1 963
1584574889594 1 964
1584574891864 1 965
1584574894152 1 966
1584574896379 1 967
1584574898579 1 968
1584574900844 1 969
1584574903093 1 970
1584574905384 1 971
1584574907646 1 972
1584574909948 1 973
1584574912426 1 974
1584574914682 1 975
1584574916970 1 976
1584574919246 1 977
1584574921495 1 978
1584574923707 1 979
1584574925914 1 980
1584574928127 1 981
1584574930377 1 982
1584574932642 1 983
1584574934931 1 984
1584574937200 1 985
