1584572710946 300 1
1584572713243 300 2
1584572715504 300 3
1584572717617 300 4
1584572719909 300 5
1584572722025 300 6
1584572724508 300 7
1584572726795 300 8
1584572729227 300 9
1584572731530 300 10
1584572733814 300 11
1584572736021 300 12
1584572738256 300 13
1584572740759 300 14
1584572743123 300 15
1584572745642 300 16
1584572747882 300 17
1584572750048 300 18
1584572752337 300 19
1584572754657 300 20
1584572756882 300 21
1584572759089 300 22
1584572761315 300 23
1584572763459 300 24
1584572765604 300 25
1584572767756 300 26
1584572770011 300 27
1584572772246 300 28
1584572774405 300 29
1584572776550 300 30
1584572778708 300 31
1584572780890 300 32
1584572783088 300 33
1584572785333 300 34
1584572787546 300 35
1584572789787 300 36
1584572791956 300 37
1584572794098 300 38
1584572796304 300 39
1584572798513 300 40
1584572800730 300 41
1584572802911 300 42
1584572805084 300 43
1584572807318 300 44
1584572809574 300 45
1584572811818 300 46
1584572814058 300 47
1584572816357 300 48
1584572818552 300 49
1584572820752 300 50
1584572822969 300 51
1584572825202 300 52
1584572827432 300 53
1584572829621 300 54
1584572831804 300 55
1584572833961 300 56
1584572836179 300 57
1584572838415 300 58
1584572840639 300 59
1584572842881 300 60
1584572845143 300 61
1584572847348 300 62
1584572849521 300 63
1584572851823 300 64
1584572854048 300 65
1584572856274 300 66
1584572858467 300 67
1584572860673 300 68
1584572862905 300 69
1584572865167 300 70
1584572867396 300 71
1584572869640 300 72
1584572871862 300 73
1584572874045 300 74
1584572876247 300 75
1584572878457 300 76
1584572880681 300 77
1584572882942 300 78
1584572885154 300 79
1584572887348 300 80
1584572889553 300 81
1584572891807 300 82
1584572894043 300 83
1584572896286 300 84
1584572898542 300 85
1584572900763 300 86
1584572902978 300 87
1584572905154 300 88
1584572907378 300 89
1584572909627 300 90
1584572911877 300 91
1584572914067 300 92
1584572916271 300 93
1584572918914 300 94
1584572921173 300 95
1584572923403 300 96
1584572925656 300 97
1584572927911 300 98
1584572930105 300 99
1584572932258 300 100
1584572934491 300 101
1584572936748 300 102
1584572938977 300 103
1584572941176 300 104
1584572943354 300 105
1584572945531 300 106
1584572947783 300 107
1584572950040 300 108
1584572952290 300 109
1584572954514 300 110
1584572956794 300 111
1584572959009 300 112
1584572961187 300 113
1584572963420 300 114
1584572965636 300 115
1584572967900 300 116
1584572970116 300 117
1584572972328 300 118
1584572974553 300 119
1584572976827 300 120
1584572979153 300 121
1584572981367 300 122
1584572983610 300 123
1584572985798 300 124
1584572987978 300 125
1584572990168 300 126
1584572992381 300 127
1584572994636 300 128
1584572996863 300 129
1584572999072 300 130
1584573001325 300 131
1584573003634 300 132
1584573005869 300 133
1584573008157 300 134
1584573010416 300 135
1584573012690 300 136
1584573014983 300 137
1584573017228 300 138
1584573019486 300 139
1584573021743 300 140
1584573023984 300 141
1584573026172 300 142
1584573028363 300 143
1584573030626 300 144
1584573032871 300 145
1584573035125 300 146
1584573037340 300 147
1584573039626 300 148
1584573041841 300 149
1584573044108 300 150
1584573046355 300 151
1584573048597 300 152
1584573050894 300 153
1584573053080 300 154
1584573055262 300 155
1584573057452 300 156
1584573059686 300 157
1584573061921 300 158
1584573064172 300 159
1584573066413 300 160
1584573068653 300 161
1584573070877 300 162
1584573073082 300 163
1584573075343 300 164
1584573077625 300 165
1584573079870 300 166
1584573082076 300 167
1584573084262 300 168
1584573086535 300 169
1584573088852 300 170
1584573091193 300 171
1584573093472 300 172
1584573095786 300 173
1584573097993 300 174
1584573100257 300 175
1584573102652 300 176
1584573104921 300 177
1584573107177 300 178
1584573109365 300 179
1584573111680 300 180
1584573113872 300 181
1584573116117 300 182
1584573118334 300 183
1584573120583 300 184
1584573122837 300 185
1584573125086 300 186
1584573127313 300 187
1584573129524 300 188
1584573131760 300 189
1584573134026 300 190
1584573136272 300 191
1584573138449 300 192
1584573140650 300 193
1584573142947 300 194
1584573145189 300 195
1584573147448 300 196
1584573149727 300 197
1584573151967 300 198
1584573154168 300 199
1584573156372 300 200
1584573158634 300 201
1584573160894 300 202
1584573163170 300 203
1584573165353 300 204
1584573167547 300 205
1584573169779 300 206
1584573172063 300 207
1584573174345 300 208
1584573176626 300 209
1584573178888 300 210
1584573181185 300 211
1584573183387 300 212
1584573185566 300 213
1584573188066 300 214
1584573190332 300 215
1584573192581 300 216
1584573194756 300 217
1584573196981 300 218
1584573199249 300 219
1584573201540 300 220
1584573203827 300 221
1584573206040 300 222
1584573208416 300 223
1584573210647 300 224
1584573212870 300 225
1584573215101 300 226
1584573217354 300 227
1584573219659 300 228
1584573221813 300 229
1584573223983 300 230
1584573226158 300 231
1584573228415 300 232
1584573230687 300 233
1584573232977 300 234
1584573235272 300 235
1584573237548 300 236
1584573239743 300 237
1584573241985 300 238
1584573244264 300 239
1584573246519 300 240
1584573248775 300 241
1584573251056 300 242
1584573253254 300 243
1584573255494 300 244
1584573257739 300 245
1584573260170 300 246
1584573262469 300 247
1584573264760 300 248
1584573266968 300 249
1584573269173 300 250
1584573271385 300 251
1584573273706 300 252
1584573275981 300 253
1584573278188 300 254
1584573280389 300 255
1584573282580 300 256
1584573284894 300 257
1584573287186 300 258
1584573289500 300 259
1584573291782 300 260
1584573294056 300 261
1584573296261 300 262
1584573298457 300 263
1584573300769 300 264
1584573303117 300 265
1584573305364 300 266
1584573307579 300 267
1584573309942 300 268
1584573312219 300 269
1584573314474 300 270
1584573316752 300 271
1584573319046 300 272
1584573321314 300 273
1584573323513 300 274
1584573325702 300 275
1584573327906 300 276
1584573330179 300 277
1584573332412 300 278
1584573334669 300 279
1584573336860 300 280
1584573339118 300 281
1584573341427 300 282
1584573343715 300 283
1584573345989 300 284
1584573348253 300 285
1584573350527 300 286
1584573352778 300 287
1584573355017 300 288
1584573357322 300 289
1584573359609 300 290
1584573361899 300 291
1584573364128 300 292
1584573366350 300 293
1584573368624 300 294
1584573370992 300 295
1584573373258 300 296
1584573375512 300 297
1584573377806 300 298
1584573380004 300 299
1584573382260 300 300
1584573384527 300 301
1584573386772 300 302
1584573389046 300 303
1584573391259 300 304
1584573393466 300 305
1584573395689 300 306
1584573397939 300 307
1584573400249 300 308
1584573402514 300 309
1584573404859 300 310
1584573407215 300 311
1584573409420 300 312
1584573411678 300 313
1584573413971 300 314
1584573416212 300 315
1584573418480 300 316
1584573420707 300 317
1584573422930 300 318
1584573425209 300 319
1584573427471 300 320
1584573429746 300 321
1584573432042 300 322
1584573434294 300 323
1584573436512 300 324
1584573438709 300 325
1584573440942 300 326
1584573443222 300 327
1584573445480 300 328
1584573447716 300 329
1584573449921 300 330
1584573452146 300 331
1584573454419 300 332
1584573456730 300 333
1584573459034 300 334
1584573461295 300 335
1584573463581 300 336
1584573465806 300 337
1584573468063 300 338
1584573470325 300 339
1584573472602 300 340
1584573474888 300 341
1584573477119 300 342
1584573479309 300 343
1584573481593 300 344
1584573483899 300 345
1584573486186 300 346
1584573488464 300 347
1584573490741 300 348
1584573492962 300 349
1584573495139 300 350
1584573497374 300 351
1584573499649 300 352
1584573501989 300 353
1584573504235 300 354
1584573506448 300 355
1584573508667 300 356
1584573510973 300 357
1584573513253 300 358
1584573515540 300 359
1584573517820 300 360
1584573520137 300 361
1584573522373 300 362
1584573524571 300 363
1584573526836 300 364
1584573529147 300 365
1584573531432 300 366
1584573533657 300 367
1584573535879 300 368
1584573538141 300 369
1584573540427 300 370
1584573542692 300 371
1584573544966 300 372
1584573547205 300 373
1584573549437 300 374
1584573551617 300 375
1584573553898 300 376
1584573556179 300 377
1584573558461 300 378
1584573560688 300 379
1584573562930 300 380
1584573565126 300 381
1584573567389 300 382
1584573569660 300 383
1584573571927 300 384
1584573574253 300 385
1584573576564 300 386
1584573578820 300 387
1584573581068 300 388
1584573583327 300 389
1584573585621 300 390
1584573587886 300 391
1584573590115 300 392
1584573592321 300 393
1584573594633 300 394
1584573596912 300 395
1584573599322 300 396
1584573601573 300 397
1584573603857 300 398
1584573606095 300 399
1584573608332 300 400
1584573610607 300 401
1584573612934 300 402
1584573615194 300 403
1584573617409 300 404
1584573619636 300 405
1584573621852 300 406
1584573624135 300 407
1584573626405 300 408
1584573628682 300 409
1584573631041 300 410
1584573633342 300 411
1584573635565 300 412
1584573637779 300 413
1584573640073 300 414
1584573642368 300 415
1584573644714 300 416
1584573646951 300 417
1584573649297 300 418
1584573651608 300 419
1584573653987 300 420
1584573656258 300 421
1584573658683 300 422
1584573661299 300 423
1584573663594 300 424
1584573665853 300 425
1584573668057 300 426
1584573670388 300 427
1584573672664 300 428
1584573674897 300 429
1584573677090 300 430
1584573679337 300 431
1584573681639 300 432
1584573683919 300 433
1584573686233 300 434
1584573688600 300 435
1584573691286 300 436
1584573693615 300 437
1584573696014 300 438
1584573698324 300 439
1584573700626 300 440
1584573702939 300 441
1584573705162 300 442
1584573707349 300 443
1584573709627 300 444
1584573711998 300 445
1584573714840 300 446
1584573717189 300 447
1584573719506 300 448
1584573721715 300 449
1584573723905 300 450
1584573726171 300 451
1584573728527 300 452
1584573730822 300 453
1584573733026 300 454
1584573735188 300 455
1584573737374 300 456
1584573739679 300 457
1584573741970 300 458
1584573744263 300 459
1584573746546 300 460
1584573748859 300 461
1584573751151 300 462
1584573753345 300 463
1584573755690 300 464
1584573758002 300 465
1584573760324 300 466
1584573762530 300 467
1584573764699 300 468
1584573767002 300 469
1584573769353 300 470
1584573771975 300 471
1584573774267 300 472
1584573776575 300 473
1584573778764 300 474
1584573780990 300 475
1584573783205 300 476
1584573785476 300 477
1584573787841 300 478
1584573790032 300 479
1584573792396 300 480
1584573794598 300 481
1584573796910 300 482
1584573799209 300 483
1584573801490 300 484
1584573803766 300 485
1584573806063 300 486
1584573808260 300 487
1584573810479 300 488
1584573812766 300 489
1584573815064 300 490
1584573817375 300 491
1584573819559 300 492
1584573821764 300 493
1584573824140 300 494
1584573826425 300 495
1584573828722 300 496
1584573831013 300 497
1584573833317 300 498
1584573835541 300 499
1584573837763 300 500
1584573840033 300 501
1584573842309 300 502
1584573844610 300 503
1584573846823 300 504
1584573849040 300 505
1584573851277 300 506
1584573853741 300 507
1584573855994 300 508
1584573858311 300 509
1584573860584 300 510
1584573862857 300 511
1584573865103 300 512
1584573867326 300 513
1584573869641 300 514
1584573871913 300 515
1584573874216 300 516
1584573876448 300 517
1584573878659 300 518
1584573880924 300 519
1584573883223 300 520
1584573885489 300 521
1584573887798 300 522
1584573890205 300 523
1584573892405 300 524
1584573894643 300 525
1584573896857 300 526
1584573899223 300 527
1584573901527 300 528
1584573903748 300 529
1584573906042 300 530
1584573908275 300 531
1584573910539 300 532
1584573912813 300 533
1584573915111 300 534
1584573917464 300 535
1584573919856 300 536
1584573922060 300 537
1584573924293 300 538
1584573926553 300 539
1584573928799 300 540
1584573931081 300 541
1584573933308 300 542
1584573935519 300 543
1584573937768 300 544
1584573940049 300 545
1584573942370 300 546
1584573944658 300 547
1584573946918 300 548
1584573949168 300 549
1584573951351 300 550
1584573953604 300 551
1584573955896 300 552
1584573958200 300 553
1584573960539 300 554
1584573962782 300 555
1584573964989 300 556
1584573967265 300 557
1584573969617 300 558
1584573971918 300 559
1584573974209 300 560
1584573976498 300 561
1584573978705 300 562
1584573980979 300 563
1584573983286 300 564
1584573985651 300 565
1584573987904 300 566
1584573990151 300 567
1584573992383 300 568
1584573994682 300 569
1584573996996 300 570
1584573999326 300 571
1584574001590 300 572
1584574003861 300 573
1584574006081 300 574
1584574008276 300 575
1584574010505 300 576
1584574012761 300 577
1584574015048 300 578
1584574017327 300 579
1584574019547 300 580
1584574021767 300 581
1584574024051 300 582
1584574026360 300 583
1584574028624 300 584
1584574030920 300 585
1584574033219 300 586
1584574035417 300 587
1584574037629 300 588
1584574039908 300 589
1584574042173 300 590
1584574044452 300 591
1584574046709 300 592
1584574048926 300 593
1584574051279 300 594
1584574053566 300 595
1584574055868 300 596
1584574058154 300 597
1584574060468 300 598
1584574062686 300 599
1584574064908 300 600
1584574067248 300 601
1584574069547 300 602
1584574071831 300 603
1584574074066 300 604
1584574076340 300 605
1584574078532 300 606
1584574080880 300 607
1584574083272 300 608
1584574085549 300 609
1584574087795 300 610
1584574090094 300 611
1584574092285 300 612
1584574094505 300 613
1584574096764 300 614
1584574099048 300 615
1584574101327 300 616
1584574103559 300 617
1584574105774 300 618
1584574108068 300 619
1584574110353 300 620
1584574112645 300 621
1584574114971 300 622
1584574117251 300 623
1584574119483 300 624
1584574121693 300 625
1584574123903 300 626
1584574126192 300 627
1584574128488 300 628
1584574130711 300 629
1584574132912 300 630
1584574135117 300 631
1584574137423 300 632
1584574139721 300 633
1584574142037 300 634
1584574144473 300 635
1584574146779 300 636
1584574148994 300 637
1584574151191 300 638
1584574153464 300 639
1584574155736 300 640
1584574157969 300 641
1584574160205 300 642
1584574162423 300 643
1584574164693 300 644
1584574166953 300 645
1584574169239 300 646
1584574171505 300 647
1584574173864 300 648
1584574176131 300 649
1584574178383 300 650
1584574180617 300 651
1584574182882 300 652
1584574185177 300 653
1584574187372 300 654
1584574189564 300 655
1584574191779 300 656
1584574194061 300 657
1584574196352 300 658
1584574198637 300 659
1584574201008 300 660
1584574203305 300 661
1584574205533 300 662
1584574207756 300 663
1584574210082 300 664
1584574212359 300 665
1584574214648 300 666
1584574216852 300 667
1584574219069 300 668
1584574221305 300 669
1584574223567 300 670
1584574225839 300 671
1584574228108 300 672
1584574230382 300 673
1584574232581 300 674
1584574234848 300 675
1584574237046 300 676
1584574239352 300 677
1584574241642 300 678
1584574243920 300 679
1584574246154 300 680
1584574248375 300 681
1584574250652 300 682
1584574252946 300 683
1584574255257 300 684
1584574257659 300 685
1584574259979 300 686
1584574262203 300 687
1584574264427 300 688
1584574266808 300 689
1584574269172 300 690
1584574271463 300 691
1584574273677 300 692
1584574276128 300 693
1584574278435 300 694
1584574280731 300 695
1584574283013 300 696
1584574285300 300 697
1584574287665 300 698
1584574290046 300 699
1584574292320 300 700
1584574294619 300 701
1584574296911 300 702
1584574299180 300 703
1584574301392 300 704
1584574303586 300 705
1584574305828 300 706
1584574308125 300 707
1584574310441 300 708
1584574312697 300 709
1584574315017 300 710
1584574317295 300 711
1584574319503 300 712
1584574321697 300 713
1584574324041 300 714
1584574326342 300 715
1584574328590 300 716
1584574330813 300 717
1584574333059 300 718
1584574335341 300 719
1584574337579 300 720
1584574339867 300 721
1584574342175 300 722
1584574344456 300 723
1584574346668 300 724
1584574348924 300 725
1584574351187 300 726
1584574353425 300 727
1584574355725 300 728
1584574357925 300 729
1584574360179 300 730
1584574362420 300 731
1584574364783 300 732
1584574367190 300 733
1584574369483 300 734
1584574371947 300 735
1584574374297 300 736
1584574376512 300 737
1584574378746 300 738
1584574381045 300 739
1584574383316 300 740
1584574385595 300 741
1584574387808 300 742
1584574390040 300 743
1584574392346 300 744
1584574394659 300 745
1584574396926 300 746
1584574399194 300 747
1584574401501 300 748
1584574403778 300 749
1584574405987 300 750
1584574408211 300 751
1584574410494 300 752
1584574412772 300 753
1584574415016 300 754
1584574417208 300 755
1584574419361 300 756
1584574421654 300 757
1584574423973 300 758
1584574426276 300 759
1584574428526 300 760
1584574430793 300 761
1584574433081 300 762
1584574435278 300 763
1584574437548 300 764
1584574439789 300 765
1584574442059 300 766
1584574444294 300 767
1584574446484 300 768
1584574448747 300 769
1584574451018 300 770
1584574453297 300 771
1584574455557 300 772
1584574457834 300 773
1584574460045 300 774
1584574462290 300 775
1584574464546 300 776
1584574466836 300 777
1584574469269 300 778
1584574471485 300 779
1584574473732 300 780
1584574475937 300 781
1584574478213 300 782
1584574480504 300 783
1584574482788 300 784
1584574485065 300 785
1584574487326 300 786
1584574489547 300 787
1584574491769 300 788
1584574494021 300 789
1584574496257 300 790
1584574498581 300 791
1584574500841 300 792
1584574503046 300 793
1584574505310 300 794
1584574507565 300 795
1584574509853 300 796
1584574512120 300 797
1584574514411 300 798
1584574516619 300 799
1584574518835 300 800
1584574521165 300 801
1584574523454 300 802
1584574525725 300 803
1584574527912 300 804
1584574530172 300 805
1584574532375 300 806
1584574534673 300 807
1584574536953 300 808
1584574539243 300 809
1584574541604 300 810
1584574544019 300 811
1584574546283 300 812
1584574548663 300 813
1584574550914 300 814
1584574553200 300 815
1584574555460 300 816
1584574557672 300 817
1584574559916 300 818
1584574562223 300 819
1584574564564 300 820
1584574566834 300 821
1584574569083 300 822
1584574571499 300 823
1584574573835 300 824
1584574576065 300 825
1584574578288 300 826
1584574580578 300 827
1584574583003 300 828
1584574585292 300 829
1584574587489 300 830
1584574589714 300 831
1584574591970 300 832
1584574594273 300 833
1584574596632 300 834
1584574598887 300 835
1584574601186 300 836
1584574603379 300 837
1584574605575 300 838
1584574607819 300 839
1584574610089 300 840
1584574612354 300 841
1584574614576 300 842
1584574616789 300 843
1584574619076 300 844
1584574621395 300 845
1584574623643 300 846
1584574625895 300 847
1584574628142 300 848
1584574630326 300 849
1584574632525 300 850
1584574634723 300 851
1584574637000 300 852
1584574639279 300 853
1584574641495 300 854
1584574643714 300 855
1584574645932 300 856
1584574648196 300 857
1584574650499 300 858
1584574652768 300 859
1584574655036 300 860
1584574657303 300 861
1584574659507 300 862
1584574661832 300 863
1584574664062 300 864
1584574666355 300 865
1584574668612 300 866
1584574670813 300 867
1584574673036 300 868
1584574675314 300 869
1584574677567 300 870
1584574679830 300 871
1584574682107 300 872
1584574684381 300 873
1584574686569 300 874
1584574688793 300 875
1584574691027 300 876
1584574693337 300 877
1584574695595 300 878
1584574697801 300 879
1584574700004 300 880
1584574702229 300 881
1584574704490 300 882
1584574706726 300 883
1584574708965 300 884
1584574711237 300 885
1584574713511 300 886
1584574715711 300 887
1584574717905 300 888
1584574720165 300 889
1584574722442 300 890
1584574724721 300 891
1584574726938 300 892
1584574729155 300 893
1584574731398 300 894
1584574733639 300 895
1584574735931 300 896
1584574738218 300 897
1584574740492 300 898
1584574742735 300 899
1584574744922 300 900
1584574747211 300 901
1584574749475 300 902
1584574751765 300 903
1584574753971 300 904
1584574756217 300 905
1584574758531 300 906
1584574760817 300 907
1584574763079 300 908
1584574765367 300 909
1584574767652 300 910
1584574769931 300 911
1584574772137 300 912
1584574774329 300 913
1584574776646 300 914
1584574778952 300 915
1584574781216 300 916
1584574783393 300 917
1584574785566 300 918
1584574787861 300 919
1584574790159 300 920
1584574792420 300 921
1584574794699 300 922
1584574796992 300 923
1584574799192 300 924
1584574801372 300 925
1584574803558 300 926
1584574805952 300 927
1584574808248 300 928
1584574810437 300 929
1584574812641 300 930
1584574814834 300 931
1584574817102 300 932
1584574819404 300 933
1584574821727 300 934
1584574823998 300 935
1584574826277 300 936
1584574828438 300 937
1584574830617 300 938
1584574832886 300 939
1584574835217 300 940
1584574837497 300 941
1584574839695 300 942
1584574841923 300 943
1584574844274 300 944
1584574846597 300 945
1584574848943 300 946
1584574851212 300 947
1584574853520 300 948
1584574855911 300 949
1584574858160 300 950
1584574860367 300 951
1584574862679 300 952
1584574864966 300 953
1584574867197 300 954
1584574869371 300 955
1584574871540 300 956
1584574873816 300 957
1584574876060 300 958
1584574878307 300 959
1584574880586 300 960
1584574882865 300 961
1584574885114 300 962
1584574887351 300 963
1584574889594 300 964
1584574891864 300 965
1584574894152 300 966
1584574896379 300 967
1584574898579 300 968
1584574900844 300 969
1584574903093 300 970
1584574905384 300 971
1584574907646 300 972
1584574909948 300 973
1584574912426 300 974
1584574914682 300 975
1584574916970 300 976
1584574919246 300 977
1584574921495 300 978
1584574923707 300 979
1584574925914 300 980
1584574928127 300 981
1584574930377 300 982
1584574932642 300 983
1584574934931 300 984
1584574937200 300 985
