1584572710946 -1.0 1
1584572713243 0.0 2
1584572715504 2.0 3
1584572717617 0.0 4
1584572719909 -3.0 5
1584572722025 1.0 6
1584572724508 0.0 7
1584572726795 -1.0 8
1584572729227 -2.0 9
1584572731530 2.0 10
1584572733814 0.0 11
1584572736021 1.0 12
1584572738256 1.0 13
1584572740759 0.0 14
1584572743123 -1.0 15
1584572745642 1.0 16
1584572747882 0.0 17
1584572750048 -2.0 18
1584572752337 -2.0 19
1584572754657 0.0 20
1584572756882 1.0 21
1584572759089 1.0 22
1584572761315 -1.0 23
1584572763459 1.0 24
1584572765604 1.0 25
1584572767756 1.0 26
1584572770011 1.0 27
1584572772246 1.0 28
1584572774405 0.0 29
1584572776550 1.0 30
1584572778708 1.0 31
1584572780890 -1.0 32
1584572783088 0.0 33
1584572785333 0.0 34
1584572787546 0.0 35
1584572789787 0.0 36
1584572791956 0.0 37
1584572794098 0.0 38
1584572796304 0.0 39
1584572798513 0.0 40
1584572800730 0.0 41
1584572802911 0.0 42
1584572805084 0.0 43
1584572807318 0.0 44
1584572809574 0.0 45
1584572811818 1.0 46
1584572814058 0.0 47
1584572816357 -1.0 48
1584572818552 0.0 49
1584572820752 2.0 50
1584572822969 -1.0 51
1584572825202 -2.0 52
1584572827432 1.0 53
1584572829621 1.0 54
1584572831804 0.0 55
1584572833961 -1.0 56
1584572836179 -1.0 57
1584572838415 0.0 58
1584572840639 0.0 59
1584572842881 1.0 60
1584572845143 2.0 61
1584572847348 0.0 62
1584572849521 0.0 63
1584572851823 0.0 64
1584572854048 1.0 65
1584572856274 -1.0 66
1584572858467 2.0 67
1584572860673 1.0 68
1584572862905 0.0 69
1584572865167 1.0 70
1584572867396 0.0 71
1584572869640 0.0 72
1584572871862 -1.0 73
1584572874045 -3.0 74
1584572876247 0.0 75
1584572878457 0.0 76
1584572880681 -1.0 77
1584572882942 1.0 78
1584572885154 0.0 79
1584572887348 2.0 80
1584572889553 -1.0 81
1584572891807 2.0 82
1584572894043 0.0 83
1584572896286 0.0 84
1584572898542 1.0 85
1584572900763 2.0 86
1584572902978 -1.0 87
1584572905154 1.0 88
1584572907378 0.0 89
1584572909627 0.0 90
1584572911877 1.0 91
1584572914067 1.0 92
1584572916271 0.0 93
1584572918914 5.0 94
1584572921173 -1.0 95
1584572923403 2.0 96
1584572925656 1.0 97
1584572927911 1.0 98
1584572930105 1.0 99
1584572932258 3.0 100
1584572934491 2.0 101
1584572936748 0.0 102
1584572938977 1.0 103
1584572941176 0.0 104
1584572943354 3.0 105
1584572945531 2.0 106
1584572947783 1.0 107
1584572950040 1.0 108
1584572952290 2.0 109
1584572954514 1.0 110
1584572956794 0.0 111
1584572959009 2.0 112
1584572961187 1.0 113
1584572963420 4.0 114
1584572965636 1.0 115
1584572967900 2.0 116
1584572970116 3.0 117
1584572972328 -1.0 118
1584572974553 2.0 119
1584572976827 3.0 120
1584572979153 1.0 121
1584572981367 1.0 122
1584572983610 1.0 123
1584572985798 1.0 124
1584572987978 3.0 125
1584572990168 0.0 126
1584572992381 0.0 127
1584572994636 -1.0 128
1584572996863 3.0 129
1584572999072 4.0 130
1584573001325 -2.0 131
1584573003634 2.0 132
1584573005869 -1.0 133
1584573008157 1.0 134
1584573010416 -1.0 135
1584573012690 0.0 136
1584573014983 3.0 137
1584573017228 2.0 138
1584573019486 -3.0 139
1584573021743 5.0 140
1584573023984 -1.0 141
1584573026172 3.0 142
1584573028363 1.0 143
1584573030626 5.0 144
1584573032871 1.0 145
1584573035125 2.0 146
1584573037340 0.0 147
1584573039626 2.0 148
1584573041841 2.0 149
1584573044108 2.0 150
1584573046355 4.0 151
1584573048597 3.0 152
1584573050894 5.0 153
1584573053080 8.0 154
1584573055262 2.0 155
1584573057452 0.0 156
1584573059686 3.0 157
1584573061921 1.0 158
1584573064172 3.0 159
1584573066413 3.0 160
1584573068653 0.0 161
1584573070877 -3.0 162
1584573073082 1.0 163
1584573075343 3.0 164
1584573077625 6.0 165
1584573079870 3.0 166
1584573082076 6.0 167
1584573084262 3.0 168
1584573086535 5.0 169
1584573088852 1.0 170
1584573091193 2.0 171
1584573093472 4.0 172
1584573095786 3.0 173
1584573097993 4.0 174
1584573100257 2.0 175
1584573102652 7.0 176
1584573104921 2.0 177
1584573107177 3.0 178
1584573109365 4.0 179
1584573111680 4.0 180
1584573113872 1.0 181
1584573116117 4.0 182
1584573118334 1.0 183
1584573120583 3.0 184
1584573122837 3.0 185
1584573125086 4.0 186
1584573127313 3.0 187
1584573129524 3.0 188
1584573131760 2.0 189
1584573134026 3.0 190
1584573136272 0.0 191
1584573138449 4.0 192
1584573140650 3.0 193
1584573142947 6.0 194
1584573145189 2.0 195
1584573147448 4.0 196
1584573149727 3.0 197
1584573151967 1.0 198
1584573154168 7.0 199
1584573156372 3.0 200
1584573158634 4.0 201
1584573160894 1.0 202
1584573163170 5.0 203
1584573165353 8.0 204
1584573167547 4.0 205
1584573169779 6.0 206
1584573172063 3.0 207
1584573174345 0.0 208
1584573176626 2.0 209
1584573178888 7.0 210
1584573181185 0.0 211
1584573183387 9.0 212
1584573185566 0.0 213
1584573188066 2.0 214
1584573190332 5.0 215
1584573192581 0.0 216
1584573194756 9.0 217
1584573196981 7.0 218
1584573199249 4.0 219
1584573201540 3.0 220
1584573203827 6.0 221
1584573206040 2.0 222
1584573208416 -1.0 223
1584573210647 2.0 224
1584573212870 0.0 225
1584573215101 8.0 226
1584573217354 4.0 227
1584573219659 7.0 228
1584573221813 2.0 229
1584573223983 2.0 230
1584573226158 1.0 231
1584573228415 7.0 232
1584573230687 3.0 233
1584573232977 9.0 234
1584573235272 2.0 235
1584573237548 11.0 236
1584573239743 6.0 237
1584573241985 1.0 238
1584573244264 8.0 239
1584573246519 7.0 240
1584573248775 4.0 241
1584573251056 2.0 242
1584573253254 7.0 243
1584573255494 7.0 244
1584573257739 9.0 245
1584573260170 5.0 246
1584573262469 3.0 247
1584573264760 4.0 248
1584573266968 7.0 249
1584573269173 6.0 250
1584573271385 3.0 251
1584573273706 10.0 252
1584573275981 6.0 253
1584573278188 9.0 254
1584573280389 6.0 255
1584573282580 12.0 256
1584573284894 7.0 257
1584573287186 5.0 258
1584573289500 9.0 259
1584573291782 1.0 260
1584573294056 7.0 261
1584573296261 1.0 262
1584573298457 4.0 263
1584573300769 12.0 264
1584573303117 11.0 265
1584573305364 0.0 266
1584573307579 14.0 267
1584573309942 2.0 268
1584573312219 9.0 269
1584573314474 1.0 270
1584573316752 11.0 271
1584573319046 3.0 272
1584573321314 3.0 273
1584573323513 1.0 274
1584573325702 8.0 275
1584573327906 5.0 276
1584573330179 1.0 277
1584573332412 5.0 278
1584573334669 0.0 279
1584573336860 6.0 280
1584573339118 2.0 281
1584573341427 7.0 282
1584573343715 13.0 283
1584573345989 10.0 284
1584573348253 4.0 285
1584573350527 5.0 286
1584573352778 3.0 287
1584573355017 8.0 288
1584573357322 6.0 289
1584573359609 12.0 290
1584573361899 6.0 291
1584573364128 5.0 292
1584573366350 4.0 293
1584573368624 3.0 294
1584573370992 4.0 295
1584573373258 8.0 296
1584573375512 9.0 297
1584573377806 7.0 298
1584573380004 4.0 299
1584573382260 5.0 300
1584573384527 5.0 301
1584573386772 6.0 302
1584573389046 9.0 303
1584573391259 3.0 304
1584573393466 0.0 305
1584573395689 2.0 306
1584573397939 3.0 307
1584573400249 9.0 308
1584573402514 1.0 309
1584573404859 6.0 310
1584573407215 5.0 311
1584573409420 6.0 312
1584573411678 8.0 313
1584573413971 2.0 314
1584573416212 3.0 315
1584573418480 8.0 316
1584573420707 6.0 317
1584573422930 9.0 318
1584573425209 3.0 319
1584573427471 7.0 320
1584573429746 7.0 321
1584573432042 0.0 322
1584573434294 4.0 323
1584573436512 2.0 324
1584573438709 5.0 325
1584573440942 9.0 326
1584573443222 0.0 327
1584573445480 2.0 328
1584573447716 7.0 329
1584573449921 5.0 330
1584573452146 6.0 331
1584573454419 7.0 332
1584573456730 6.0 333
1584573459034 8.0 334
1584573461295 5.0 335
1584573463581 2.0 336
1584573465806 2.0 337
1584573468063 3.0 338
1584573470325 7.0 339
1584573472602 -1.0 340
1584573474888 9.0 341
1584573477119 6.0 342
1584573479309 10.0 343
1584573481593 3.0 344
1584573483899 3.0 345
1584573486186 14.0 346
1584573488464 3.0 347
1584573490741 3.0 348
1584573492962 11.0 349
1584573495139 7.0 350
1584573497374 10.0 351
1584573499649 15.0 352
1584573501989 4.0 353
1584573504235 14.0 354
1584573506448 6.0 355
1584573508667 6.0 356
1584573510973 4.0 357
1584573513253 11.0 358
1584573515540 11.0 359
1584573517820 10.0 360
1584573520137 2.0 361
1584573522373 2.0 362
1584573524571 7.0 363
1584573526836 10.0 364
1584573529147 9.0 365
1584573531432 6.0 366
1584573533657 10.0 367
1584573535879 16.0 368
1584573538141 14.0 369
1584573540427 7.0 370
1584573542692 0.0 371
1584573544966 10.0 372
1584573547205 1.0 373
1584573549437 6.0 374
1584573551617 5.0 375
1584573553898 4.0 376
1584573556179 5.0 377
1584573558461 15.0 378
1584573560688 11.0 379
1584573562930 4.0 380
1584573565126 9.0 381
1584573567389 7.0 382
1584573569660 5.0 383
1584573571927 15.0 384
1584573574253 13.0 385
1584573576564 10.0 386
1584573578820 10.0 387
1584573581068 14.0 388
1584573583327 3.0 389
1584573585621 1.0 390
1584573587886 9.0 391
1584573590115 9.0 392
1584573592321 10.0 393
1584573594633 4.0 394
1584573596912 17.0 395
1584573599322 11.0 396
1584573601573 9.0 397
1584573603857 7.0 398
1584573606095 2.0 399
1584573608332 9.0 400
1584573610607 13.0 401
1584573612934 11.0 402
1584573615194 17.0 403
1584573617409 12.0 404
1584573619636 7.0 405
1584573621852 10.0 406
1584573624135 6.0 407
1584573626405 3.0 408
1584573628682 13.0 409
1584573631041 15.0 410
1584573633342 7.0 411
1584573635565 9.0 412
1584573637779 15.0 413
1584573640073 2.0 414
1584573642368 1.0 415
1584573644714 8.0 416
1584573646951 5.0 417
1584573649297 9.0 418
1584573651608 6.0 419
1584573653987 12.0 420
1584573656258 4.0 421
1584573658683 11.0 422
1584573661299 10.0 423
1584573663594 5.0 424
1584573665853 13.0 425
1584573668057 13.0 426
1584573670388 12.0 427
1584573672664 15.0 428
1584573674897 8.0 429
1584573677090 15.0 430
1584573679337 6.0 431
1584573681639 9.0 432
1584573683919 7.0 433
1584573686233 8.0 434
1584573688600 8.0 435
1584573691286 8.0 436
1584573693615 9.0 437
1584573696014 12.0 438
1584573698324 14.0 439
1584573700626 15.0 440
1584573702939 12.0 441
1584573705162 12.0 442
1584573707349 12.0 443
1584573709627 7.0 444
1584573711998 5.0 445
1584573714840 11.0 446
1584573717189 9.0 447
1584573719506 18.0 448
1584573721715 10.0 449
1584573723905 1.0 450
1584573726171 13.0 451
1584573728527 6.0 452
1584573730822 8.0 453
1584573733026 10.0 454
1584573735188 5.0 455
1584573737374 8.0 456
1584573739679 10.0 457
1584573741970 8.0 458
1584573744263 7.0 459
1584573746546 5.0 460
1584573748859 11.0 461
1584573751151 13.0 462
1584573753345 17.0 463
1584573755690 6.0 464
1584573758002 13.0 465
1584573760324 14.0 466
1584573762530 15.0 467
1584573764699 6.0 468
1584573767002 11.0 469
1584573769353 14.0 470
1584573771975 12.0 471
1584573774267 10.0 472
1584573776575 8.0 473
1584573778764 14.0 474
1584573780990 16.0 475
1584573783205 7.0 476
1584573785476 13.0 477
1584573787841 11.0 478
1584573790032 7.0 479
1584573792396 6.0 480
1584573794598 11.0 481
1584573796910 8.0 482
1584573799209 12.0 483
1584573801490 19.0 484
1584573803766 12.0 485
1584573806063 12.0 486
1584573808260 12.0 487
1584573810479 15.0 488
1584573812766 13.0 489
1584573815064 8.0 490
1584573817375 16.0 491
1584573819559 8.0 492
1584573821764 17.0 493
1584573824140 10.0 494
1584573826425 10.0 495
1584573828722 11.0 496
1584573831013 12.0 497
1584573833317 18.0 498
1584573835541 4.0 499
1584573837763 14.0 500
1584573840033 16.0 501
1584573842309 7.0 502
1584573844610 15.0 503
1584573846823 11.0 504
1584573849040 17.0 505
1584573851277 14.0 506
1584573853741 10.0 507
1584573855994 14.0 508
1584573858311 17.0 509
1584573860584 19.0 510
1584573862857 12.0 511
1584573865103 16.0 512
1584573867326 11.0 513
1584573869641 14.0 514
1584573871913 9.0 515
1584573874216 12.0 516
1584573876448 6.0 517
1584573878659 10.0 518
1584573880924 11.0 519
1584573883223 15.0 520
1584573885489 5.0 521
1584573887798 16.0 522
1584573890205 14.0 523
1584573892405 11.0 524
1584573894643 12.0 525
1584573896857 11.0 526
1584573899223 12.0 527
1584573901527 10.0 528
1584573903748 13.0 529
1584573906042 3.0 530
1584573908275 16.0 531
1584573910539 10.0 532
1584573912813 13.0 533
1584573915111 14.0 534
1584573917464 13.0 535
1584573919856 13.0 536
1584573922060 15.0 537
1584573924293 16.0 538
1584573926553 15.0 539
1584573928799 13.0 540
1584573931081 11.0 541
1584573933308 14.0 542
1584573935519 12.0 543
1584573937768 18.0 544
1584573940049 16.0 545
1584573942370 13.0 546
1584573944658 14.0 547
1584573946918 11.0 548
1584573949168 15.0 549
1584573951351 16.0 550
1584573953604 9.0 551
1584573955896 13.0 552
1584573958200 19.0 553
1584573960539 12.0 554
1584573962782 15.0 555
1584573964989 8.0 556
1584573967265 6.0 557
1584573969617 9.0 558
1584573971918 12.0 559
1584573974209 14.0 560
1584573976498 9.0 561
1584573978705 12.0 562
1584573980979 15.0 563
1584573983286 12.0 564
1584573985651 17.0 565
1584573987904 15.0 566
1584573990151 9.0 567
1584573992383 11.0 568
1584573994682 16.0 569
1584573996996 14.0 570
1584573999326 14.0 571
1584574001590 9.0 572
1584574003861 11.0 573
1584574006081 11.0 574
1584574008276 16.0 575
1584574010505 11.0 576
1584574012761 12.0 577
1584574015048 11.0 578
1584574017327 12.0 579
1584574019547 17.0 580
1584574021767 16.0 581
1584574024051 19.0 582
1584574026360 12.0 583
1584574028624 13.0 584
1584574030920 8.0 585
1584574033219 18.0 586
1584574035417 14.0 587
1584574037629 15.0 588
1584574039908 11.0 589
1584574042173 9.0 590
1584574044452 13.0 591
1584574046709 16.0 592
1584574048926 12.0 593
1584574051279 16.0 594
1584574053566 12.0 595
1584574055868 15.0 596
1584574058154 14.0 597
1584574060468 12.0 598
1584574062686 17.0 599
1584574064908 15.0 600
1584574067248 11.0 601
1584574069547 10.0 602
1584574071831 20.0 603
1584574074066 21.0 604
1584574076340 11.0 605
1584574078532 11.0 606
1584574080880 13.0 607
1584574083272 12.0 608
1584574085549 12.0 609
1584574087795 13.0 610
1584574090094 11.0 611
1584574092285 13.0 612
1584574094505 19.0 613
1584574096764 14.0 614
1584574099048 11.0 615
1584574101327 12.0 616
1584574103559 16.0 617
1584574105774 14.0 618
1584574108068 19.0 619
1584574110353 15.0 620
1584574112645 19.0 621
1584574114971 13.0 622
1584574117251 9.0 623
1584574119483 2.0 624
1584574121693 16.0 625
1584574123903 22.0 626
1584574126192 15.0 627
1584574128488 11.0 628
1584574130711 19.0 629
1584574132912 4.0 630
1584574135117 22.0 631
1584574137423 17.0 632
1584574139721 19.0 633
1584574142037 6.0 634
1584574144473 15.0 635
1584574146779 19.0 636
1584574148994 13.0 637
1584574151191 17.0 638
1584574153464 6.0 639
1584574155736 21.0 640
1584574157969 14.0 641
1584574160205 18.0 642
1584574162423 21.0 643
1584574164693 18.0 644
1584574166953 12.0 645
1584574169239 7.0 646
1584574171505 18.0 647
1584574173864 11.0 648
1584574176131 15.0 649
1584574178383 15.0 650
1584574180617 16.0 651
1584574182882 13.0 652
1584574185177 16.0 653
1584574187372 11.0 654
1584574189564 20.0 655
1584574191779 16.0 656
1584574194061 20.0 657
1584574196352 13.0 658
1584574198637 18.0 659
1584574201008 16.0 660
1584574203305 16.0 661
1584574205533 12.0 662
1584574207756 18.0 663
1584574210082 14.0 664
1584574212359 5.0 665
1584574214648 8.0 666
1584574216852 10.0 667
1584574219069 20.0 668
1584574221305 17.0 669
1584574223567 17.0 670
1584574225839 15.0 671
1584574228108 17.0 672
1584574230382 14.0 673
1584574232581 10.0 674
1584574234848 7.0 675
1584574237046 10.0 676
1584574239352 14.0 677
1584574241642 11.0 678
1584574243920 18.0 679
1584574246154 10.0 680
1584574248375 20.0 681
1584574250652 14.0 682
1584574252946 14.0 683
1584574255257 17.0 684
1584574257659 9.0 685
1584574259979 17.0 686
1584574262203 17.0 687
1584574264427 15.0 688
1584574266808 16.0 689
1584574269172 4.0 690
1584574271463 16.0 691
1584574273677 15.0 692
1584574276128 18.0 693
1584574278435 6.0 694
1584574280731 16.0 695
1584574283013 13.0 696
1584574285300 13.0 697
1584574287665 20.0 698
1584574290046 17.0 699
1584574292320 20.0 700
1584574294619 23.0 701
1584574296911 17.0 702
1584574299180 15.0 703
1584574301392 9.0 704
1584574303586 10.0 705
1584574305828 16.0 706
1584574308125 8.0 707
1584574310441 12.0 708
1584574312697 12.0 709
1584574315017 17.0 710
1584574317295 16.0 711
1584574319503 17.0 712
1584574321697 17.0 713
1584574324041 11.0 714
1584574326342 19.0 715
1584574328590 15.0 716
1584574330813 6.0 717
1584574333059 16.0 718
1584574335341 24.0 719
1584574337579 6.0 720
1584574339867 19.0 721
1584574342175 13.0 722
1584574344456 16.0 723
1584574346668 11.0 724
1584574348924 13.0 725
1584574351187 16.0 726
1584574353425 16.0 727
1584574355725 16.0 728
1584574357925 13.0 729
1584574360179 16.0 730
1584574362420 15.0 731
1584574364783 19.0 732
1584574367190 18.0 733
1584574369483 15.0 734
1584574371947 12.0 735
1584574374297 13.0 736
1584574376512 17.0 737
1584574378746 18.0 738
1584574381045 7.0 739
1584574383316 16.0 740
1584574385595 12.0 741
1584574387808 12.0 742
1584574390040 20.0 743
1584574392346 16.0 744
1584574394659 18.0 745
1584574396926 15.0 746
1584574399194 12.0 747
1584574401501 13.0 748
1584574403778 20.0 749
1584574405987 17.0 750
1584574408211 20.0 751
1584574410494 22.0 752
1584574412772 14.0 753
1584574415016 18.0 754
1584574417208 10.0 755
1584574419361 13.0 756
1584574421654 15.0 757
1584574423973 16.0 758
1584574426276 8.0 759
1584574428526 20.0 760
1584574430793 17.0 761
1584574433081 11.0 762
1584574435278 12.0 763
1584574437548 20.0 764
1584574439789 17.0 765
1584574442059 15.0 766
1584574444294 15.0 767
1584574446484 18.0 768
1584574448747 14.0 769
1584574451018 16.0 770
1584574453297 15.0 771
1584574455557 14.0 772
1584574457834 11.0 773
1584574460045 14.0 774
1584574462290 19.0 775
1584574464546 14.0 776
1584574466836 16.0 777
1584574469269 20.0 778
1584574471485 10.0 779
1584574473732 19.0 780
1584574475937 10.0 781
1584574478213 14.0 782
1584574480504 21.0 783
1584574482788 21.0 784
1584574485065 18.0 785
1584574487326 15.0 786
1584574489547 14.0 787
1584574491769 13.0 788
1584574494021 20.0 789
1584574496257 22.0 790
1584574498581 16.0 791
1584574500841 20.0 792
1584574503046 15.0 793
1584574505310 14.0 794
1584574507565 12.0 795
1584574509853 16.0 796
1584574512120 15.0 797
1584574514411 18.0 798
1584574516619 14.0 799
1584574518835 19.0 800
1584574521165 12.0 801
1584574523454 18.0 802
1584574525725 12.0 803
1584574527912 16.0 804
1584574530172 16.0 805
1584574532375 16.0 806
1584574534673 14.0 807
1584574536953 16.0 808
1584574539243 22.0 809
1584574541604 9.0 810
1584574544019 19.0 811
1584574546283 17.0 812
1584574548663 21.0 813
1584574550914 23.0 814
1584574553200 21.0 815
1584574555460 4.0 816
1584574557672 17.0 817
1584574559916 15.0 818
1584574562223 18.0 819
1584574564564 15.0 820
1584574566834 11.0 821
1584574569083 15.0 822
1584574571499 18.0 823
1584574573835 20.0 824
1584574576065 12.0 825
1584574578288 18.0 826
1584574580578 22.0 827
1584574583003 15.0 828
1584574585292 15.0 829
1584574587489 16.0 830
1584574589714 11.0 831
1584574591970 23.0 832
1584574594273 12.0 833
1584574596632 20.0 834
1584574598887 16.0 835
1584574601186 11.0 836
1584574603379 16.0 837
1584574605575 14.0 838
1584574607819 20.0 839
1584574610089 20.0 840
1584574612354 16.0 841
1584574614576 15.0 842
1584574616789 23.0 843
1584574619076 10.0 844
1584574621395 16.0 845
1584574623643 22.0 846
1584574625895 23.0 847
1584574628142 20.0 848
1584574630326 12.0 849
1584574632525 11.0 850
1584574634723 16.0 851
1584574637000 21.0 852
1584574639279 19.0 853
1584574641495 17.0 854
1584574643714 15.0 855
1584574645932 14.0 856
1584574648196 17.0 857
1584574650499 16.0 858
1584574652768 16.0 859
1584574655036 21.0 860
1584574657303 16.0 861
1584574659507 20.0 862
1584574661832 15.0 863
1584574664062 17.0 864
1584574666355 15.0 865
1584574668612 19.0 866
1584574670813 20.0 867
1584574673036 17.0 868
1584574675314 15.0 869
1584574677567 13.0 870
1584574679830 18.0 871
1584574682107 19.0 872
1584574684381 14.0 873
1584574686569 10.0 874
1584574688793 17.0 875
1584574691027 14.0 876
1584574693337 14.0 877
1584574695595 23.0 878
1584574697801 18.0 879
1584574700004 15.0 880
1584574702229 9.0 881
1584574704490 21.0 882
1584574706726 13.0 883
1584574708965 20.0 884
1584574711237 18.0 885
1584574713511 10.0 886
1584574715711 19.0 887
1584574717905 22.0 888
1584574720165 22.0 889
1584574722442 16.0 890
1584574724721 13.0 891
1584574726938 15.0 892
1584574729155 13.0 893
1584574731398 10.0 894
1584574733639 20.0 895
1584574735931 23.0 896
1584574738218 21.0 897
1584574740492 15.0 898
1584574742735 19.0 899
1584574744922 12.0 900
1584574747211 22.0 901
1584574749475 17.0 902
1584574751765 18.0 903
1584574753971 11.0 904
1584574756217 22.0 905
1584574758531 14.0 906
1584574760817 21.0 907
1584574763079 15.0 908
1584574765367 17.0 909
1584574767652 22.0 910
1584574769931 14.0 911
1584574772137 15.0 912
1584574774329 16.0 913
1584574776646 23.0 914
1584574778952 18.0 915
1584574781216 14.0 916
1584574783393 20.0 917
1584574785566 19.0 918
1584574787861 14.0 919
1584574790159 19.0 920
1584574792420 12.0 921
1584574794699 14.0 922
1584574796992 12.0 923
1584574799192 22.0 924
1584574801372 14.0 925
1584574803558 19.0 926
1584574805952 18.0 927
1584574808248 16.0 928
1584574810437 19.0 929
1584574812641 14.0 930
1584574814834 21.0 931
1584574817102 11.0 932
1584574819404 21.0 933
1584574821727 18.0 934
1584574823998 7.0 935
1584574826277 17.0 936
1584574828438 21.0 937
1584574830617 16.0 938
1584574832886 22.0 939
1584574835217 14.0 940
1584574837497 16.0 941
1584574839695 14.0 942
1584574841923 9.0 943
1584574844274 15.0 944
1584574846597 16.0 945
1584574848943 17.0 946
1584574851212 19.0 947
1584574853520 16.0 948
1584574855911 20.0 949
1584574858160 14.0 950
1584574860367 12.0 951
1584574862679 12.0 952
1584574864966 16.0 953
1584574867197 18.0 954
1584574869371 22.0 955
1584574871540 12.0 956
1584574873816 14.0 957
1584574876060 14.0 958
1584574878307 15.0 959
1584574880586 20.0 960
1584574882865 19.0 961
1584574885114 19.0 962
1584574887351 21.0 963
1584574889594 13.0 964
1584574891864 26.0 965
1584574894152 17.0 966
1584574896379 15.0 967
1584574898579 18.0 968
1584574900844 13.0 969
1584574903093 22.0 970
1584574905384 20.0 971
1584574907646 16.0 972
1584574909948 15.0 973
1584574912426 17.0 974
1584574914682 7.0 975
1584574916970 9.0 976
1584574919246 19.0 977
1584574921495 14.0 978
1584574923707 18.0 979
1584574925914 11.0 980
1584574928127 15.0 981
1584574930377 14.0 982
1584574932642 14.0 983
1584574934931 14.0 984
1584574937200 10.0 985
