1583066810793 0.0 1
1583066813007 0.5 2
1583066815177 0.6666666666666666 3
1583066817325 0.75 4
1583066819434 0.6 5
1583066821603 0.3333333333333333 6
1583066823717 0.14285714285714285 7
1583066825836 0.0 8
1583066827949 -0.1111111111111111 9
1583066830083 0.0 10
1583066832211 0.0 11
1583066834324 -0.08333333333333333 12
1583066836443 -0.15384615384615385 13
1583066838566 -0.07142857142857142 14
1583066840672 -0.06666666666666667 15
1583066842776 0.0 16
1583066844887 -0.058823529411764705 17
1583066847017 -0.1111111111111111 18
1583066849140 -0.05263157894736842 19
1583066851266 0.0 20
1583066853386 0.0 21
1583066855515 0.045454545454545456 22
1583066857629 0.043478260869565216 23
1583066859749 0.041666666666666664 24
1583066861892 0.04 25
1583066864046 0.038461538461538464 26
1583066866169 0.037037037037037035 27
1583066868280 0.03571428571428571 28
1583066870406 0.0 29
1583066872529 0.0 30
1583066874645 -0.06451612903225806 31
1583066876773 -0.0625 32
1583066878916 -0.06060606060606061 33
1583066881021 -0.029411764705882353 34
1583066883133 0.0 35
1583066885269 0.0 36
1583066887400 0.0 37
1583066889515 0.0 38
1583066891640 0.0 39
1583066893770 0.025 40
1583066895899 0.024390243902439025 41
1583066898001 0.07142857142857142 42
1583066900122 0.06976744186046512 43
1583066902236 0.11363636363636363 44
1583066904367 0.1111111111111111 45
1583066906481 0.08695652173913043 46
1583066908632 0.06382978723404255 47
1583066910742 0.08333333333333333 48
1583066912851 0.08163265306122448 49
1583066914981 0.1 50
1583066917141 0.058823529411764705 51
1583066919265 0.057692307692307696 52
1583066921376 0.1320754716981132 53
1583066923500 0.12962962962962962 54
1583066925610 0.14545454545454545 55
1583066927731 0.16071428571428573 56
1583066929853 0.15789473684210525 57
1583066931983 0.1896551724137931 58
1583066934097 0.22033898305084745 59
1583066936203 0.25 60
1583066938308 0.2459016393442623 61
1583066940419 0.25806451612903225 62
1583066942534 0.25396825396825395 63
1583066944671 0.28125 64
1583066946778 0.3076923076923077 65
1583066948904 0.3484848484848485 66
1583066951026 0.3582089552238806 67
1583066953135 0.39705882352941174 68
1583066955250 0.391304347826087 69
1583066957401 0.44285714285714284 70
1583066959547 0.43661971830985913 71
1583066961654 0.4444444444444444 72
1583066963766 0.5068493150684932 73
1583066965888 0.5 74
1583066967999 0.5066666666666667 75
1583066970120 0.5 76
1583066972255 0.4935064935064935 77
1583066974375 0.5128205128205128 78
1583066976486 0.5443037974683544 79
1583066978604 0.5625 80
1583066980734 0.5802469135802469 81
1583066982861 0.573170731707317 82
1583066984993 0.5783132530120482 83
1583066987131 0.5952380952380952 84
1583066989234 0.6 85
1583066991374 0.6511627906976745 86
1583066993484 0.6781609195402298 87
1583066995583 0.6818181818181818 88
1583066997703 0.7528089887640449 89
1583066999838 0.8 90
1583067001962 0.8021978021978022 91
1583067004095 0.8152173913043478 92
1583067006214 0.8387096774193549 93
1583067008327 0.8617021276595744 94
1583067010444 0.8842105263157894 95
1583067012561 0.8645833333333334 96
1583067014666 0.8969072164948454 97
1583067016788 0.9183673469387755 98
1583067018908 0.9191919191919192 99
1583067021036 0.95 100
1583067023167 0.94 101
1583067025314 0.97 102
1583067027461 1.0 103
1583067029588 0.99 104
1583067031692 1.05 105
1583067033798 1.09 106
1583067035929 1.12 107
1583067038062 1.14 108
1583067040206 1.17 109
1583067042363 1.18 110
1583067044496 1.22 111
1583067046639 1.26 112
1583067048774 1.3 113
1583067050921 1.28 114
1583067053040 1.36 115
1583067055170 1.4 116
1583067057302 1.5 117
1583067059414 1.58 118
1583067061530 1.59 119
1583067063646 1.62 120
1583067065761 1.67 121
1583067067883 1.7 122
1583067070003 1.75 123
1583067072125 1.8 124
1583067074231 1.82 125
1583067076333 1.85 126
1583067078451 1.91 127
1583067080570 1.95 128
1583067082684 2.01 129
1583067084821 2.03 130
1583067086957 2.09 131
1583067089088 2.15 132
1583067091218 2.17 133
1583067093343 2.2 134
1583067095523 2.18 135
1583067097654 2.21 136
1583067100260 2.22 137
1583067103754 2.26 138
1583067106211 2.27 139
1583067108485 2.34 140
1583067111335 2.37 141
1583067113625 2.39 142
1583067115757 2.43 143
1583067117944 2.43 144
1583067120087 2.47 145
1583067122359 2.53 146
1583067124660 2.58 147
1583067126861 2.61 148
1583067129344 2.66 149
1583067131856 2.71 150
1583067134070 2.77 151
1583067136192 2.85 152
1583067138306 2.89 153
1583067140595 2.93 154
1583067143007 2.96 155
1583067145621 3.01 156
1583067147749 3.07 157
1583067150111 3.1 158
1583067152223 3.12 159
1583067154328 3.18 160
1583067156434 3.27 161
1583067158546 3.31 162
1583067160644 3.38 163
1583067162850 3.37 164
1583067165225 3.39 165
1583067167603 3.42 166
1583067169776 3.45 167
1583067172030 3.46 168
1583067174149 3.54 169
1583067176255 3.54 170
1583067178370 3.6 171
1583067180486 3.62 172
1583067182613 3.65 173
1583067184908 3.7 174
1583067187267 3.75 175
1583067189477 3.8 176
1583067191704 3.87 177
1583067193883 3.9 178
1583067196140 3.91 179
1583067198572 3.96 180
1583067200759 4.03 181
1583067202989 4.06 182
1583067205105 4.11 183
1583067207304 4.08 184
1583067209421 4.14 185
1583067211565 4.19 186
1583067213768 4.21 187
1583067216072 4.24 188
1583067218200 4.21 189
1583067220337 4.24 190
1583067222564 4.24 191
1583067224777 4.29 192
1583067226962 4.34 193
1583067229140 4.4 194
1583067231439 4.45 195
1583067233735 4.5 196
1583067236193 4.58 197
1583067238424 4.57 198
1583067240571 4.67 199
1583067242695 4.62 200
1583067244813 4.7 201
1583067247057 4.71 202
1583067249266 4.76 203
1583067251383 4.86 204
1583067253522 4.82 205
1583067255678 4.85 206
1583067257864 4.9 207
1583067259993 4.96 208
1583067262343 5.06 209
1583067264928 5.13 210
1583067267125 5.15 211
1583067269375 5.17 212
1583067271858 5.2 213
1583067274051 5.26 214
1583067276329 5.22 215
1583067278559 5.26 216
1583067280936 5.27 217
1583067283166 5.27 218
1583067285374 5.32 219
1583067287618 5.37 220
1583067289826 5.45 221
1583067292081 5.5 222
1583067294274 5.55 223
1583067296473 5.56 224
1583067298675 5.59 225
1583067300940 5.65 226
1583067303073 5.68 227
1583067305204 5.7 228
1583067307317 5.72 229
1583067309441 5.78 230
1583067311562 5.82 231
1583067313697 5.77 232
1583067315798 5.76 233
1583067317906 5.86 234
1583067320025 5.98 235
1583067322174 6.03 236
1583067324284 6.11 237
1583067326409 6.1 238
1583067328532 6.1 239
1583067330660 6.07 240
1583067332819 6.1 241
1583067334940 6.09 242
1583067337076 6.12 243
1583067339500 6.16 244
1583067341716 6.18 245
1583067343850 6.22 246
1583067346271 6.24 247
1583067348641 6.3 248
1583067350914 6.39 249
1583067353114 6.35 250
1583067355390 6.38 251
1583067357546 6.39 252
1583067359652 6.36 253
1583067361767 6.39 254
1583067363882 6.49 255
1583067366222 6.5 256
1583067368449 6.53 257
1583067370625 6.55 258
1583067372789 6.58 259
1583067374911 6.56 260
1583067377429 6.54 261
1583067380148 6.58 262
1583067382569 6.63 263
1583067384940 6.69 264
1583067387226 6.65 265
1583067389856 6.7 266
1583067392140 6.72 267
1583067394309 6.79 268
1583067396647 6.81 269
1583067398765 6.88 270
1583067400884 6.9 271
1583067402991 6.98 272
1583067405091 7.0 273
1583067407201 7.02 274
1583067409494 7.09 275
1583067411911 7.15 276
1583067414190 7.19 277
1583067416383 7.19 278
1583067418498 7.16 279
1583067420840 7.18 280
1583067422965 7.19 281
1583067425244 7.25 282
1583067427527 7.22 283
1583067429677 7.28 284
1583067432452 7.28 285
1583067435243 7.34 286
1583067437565 7.38 287
1583067439908 7.39 288
1583067442200 7.51 289
1583067444421 7.53 290
1583067446678 7.57 291
1583067448847 7.58 292
1583067451016 7.54 293
1583067453129 7.55 294
1583067455253 7.54 295
1583067457365 7.54 296
1583067459737 7.51 297
1583067462432 7.6 298
1583067464540 7.62 299
1583067466646 7.73 300
1583067468792 7.77 301
1583067471092 7.84 302
1583067473362 7.86 303
1583067475834 7.88 304
1583067477977 7.92 305
1583067480653 8.0 306
1583067483928 7.99 307
1583067486158 8.0 308
1583067492083 7.99 309
1583067498303 8.04 310
1583067501079 8.07 311
1583067503687 8.07 312
1583067506340 8.05 313
1583067508933 8.0 314
1583067511153 8.03 315
1583067513749 7.99 316
1583067516398 7.97 317
1583067518721 8.03 318
1583067522251 8.05 319
1583067524559 8.02 320
1583067526841 8.01 321
1583067528998 7.96 322
1583067531344 7.92 323
1583067533901 7.96 324
1583067536280 8.03 325
1583067538426 8.07 326
1583067540641 8.04 327
1583067543177 8.07 328
1583067546006 8.11 329
1583067548700 8.14 330
1583067551391 8.12 331
1583067554152 8.28 332
1583067556825 8.35 333
1583067559715 8.28 334
1583067562144 8.18 335
1583067564315 8.23 336
1583067566458 8.19 337
1583067568583 8.27 338
1583067570869 8.3 339
1583067573864 8.36 340
1583067577204 8.37 341
1583067581377 8.44 342
1583067584297 8.45 343
1583067586516 8.49 344
1583067588687 8.56 345
1583067591842 8.57 346
1583067594428 8.65 347
1583067597065 8.66 348
1583067599743 8.56 349
1583067601873 8.67 350
1583067604001 8.77 351
1583067606120 8.77 352
1583067608244 8.82 353
1583067610419 8.88 354
1583067612941 8.84 355
1583067615136 8.87 356
1583067617571 8.9 357
1583067619707 8.93 358
1583067621823 8.94 359
1583067623935 9.0 360
1583067626076 8.97 361
1583067628208 9.08 362
1583067630326 9.11 363
1583067632454 9.17 364
1583067634600 9.28 365
1583067636748 9.33 366
1583067638885 9.36 367
1583067641019 9.31 368
1583067643163 9.36 369
1583067645301 9.4 370
1583067647450 9.41 371
1583067649617 9.38 372
1583067651752 9.42 373
1583067653877 9.44 374
1583067655995 9.4 375
1583067658121 9.37 376
1583067660261 9.31 377
1583067662400 9.38 378
1583067664524 9.48 379
1583067666648 9.54 380
1583067668774 9.51 381
1583067670915 9.58 382
1583067673047 9.7 383
1583067675183 9.73 384
1583067677304 9.78 385
1583067679436 9.81 386
1583067681557 9.78 387
1583067683697 9.85 388
1583067685835 9.82 389
1583067687977 9.86 390
1583067690135 9.84 391
1583067692250 9.92 392
1583067694375 10.02 393
1583067696499 10.08 394
1583067698633 10.15 395
1583067700749 10.28 396
1583067702874 10.27 397
1583067705008 10.27 398
1583067707145 10.31 399
1583067709269 10.29 400
1583067711439 10.27 401
1583067713558 10.23 402
1583067715685 10.24 403
1583067717826 10.23 404
1583067719976 10.25 405
1583067722107 10.24 406
1583067724237 10.31 407
1583067726350 10.38 408
1583067728468 10.45 409
1583067730582 10.45 410
1583067732705 10.46 411
1583067734815 10.58 412
1583067736926 10.65 413
1583067739050 10.71 414
1583067741199 10.76 415
1583067743320 10.87 416
1583067745483 10.94 417
1583067747598 10.9 418
1583067749733 10.96 419
1583067751856 11.01 420
1583067753980 11.01 421
1583067756115 11.12 422
1583067758234 11.18 423
1583067760385 11.19 424
1583067762505 11.18 425
1583067764613 11.15 426
1583067766742 11.16 427
1583067768870 11.19 428
1583067770996 11.18 429
1583067773154 11.17 430
1583067775279 11.21 431
1583067777402 11.22 432
1583067779557 11.27 433
1583067781678 11.33 434
1583067783801 11.44 435
1583067785921 11.38 436
1583067788028 11.47 437
1583067790169 11.48 438
1583067792289 11.57 439
1583067794402 11.6 440
1583067796528 11.61 441
1583067798898 11.63 442
1583067801428 11.68 443
1583067803756 11.64 444
1583067806221 11.65 445
1583067808345 11.65 446
1583067810467 11.62 447
1583067812577 11.61 448
1583067814703 11.71 449
1583067816831 11.76 450
1583067818963 11.79 451
1583067821095 11.8 452
1583067823224 11.86 453
1583067825345 11.88 454
1583067827494 11.92 455
1583067829613 11.98 456
1583067831744 11.99 457
1583067833882 12.02 458
1583067835997 12.03 459
1583067838112 12.05 460
1583067840239 12.14 461
1583067842357 12.06 462
1583067844477 12.04 463
1583067846606 12.04 464
1583067848730 12.03 465
1583067850869 12.01 466
1583067852983 11.99 467
1583067855124 12.06 468
1583067857248 12.04 469
1583067859385 12.04 470
1583067861546 12.1 471
1583067863670 12.05 472
1583067865799 12.11 473
1583067867927 12.1 474
1583067870054 12.18 475
1583067872189 12.17 476
1583067874315 12.3 477
1583067876453 12.27 478
1583067878577 12.23 479
1583067880688 12.23 480
1583067882809 12.27 481
1583067884920 12.32 482
1583067887028 12.25 483
1583067889152 12.37 484
1583067891282 12.42 485
1583067893400 12.36 486
1583067895504 12.47 487
1583067897631 12.52 488
1583067899744 12.59 489
1583067901876 12.55 490
1583067904014 12.62 491
1583067906147 12.53 492
1583067908264 12.52 493
1583067910396 12.54 494
1583067912520 12.47 495
1583067914644 12.46 496
1583067916776 12.52 497
1583067918942 12.52 498
1583067921117 12.46 499
1583067923288 12.54 500
1583067925486 12.59 501
1583067927668 12.6 502
1583067929843 12.59 503
1583067932040 12.6 504
1583067934221 12.66 505
1583067936383 12.63 506
1583067938536 12.63 507
1583067940715 12.65 508
1583067942890 12.61 509
1583067945082 12.61 510
1583067947237 12.61 511
1583067949433 12.55 512
1583067951610 12.62 513
1583067953776 12.71 514
1583067955940 12.75 515
1583067958133 12.69 516
1583067960306 12.63 517
1583067962464 12.6 518
1583067964634 12.58 519
1583067966799 12.56 520
1583067968977 12.59 521
1583067971139 12.62 522
1583067973313 12.6 523
1583067975489 12.58 524
1583067977663 12.62 525
1583067979819 12.61 526
1583067982009 12.65 527
1583067984227 12.69 528
1583067986415 12.7 529
1583067988582 12.73 530
1583067990749 12.76 531
1583067992907 12.76 532
1583067995087 12.75 533
1583067997260 12.76 534
1583067999452 12.82 535
1583068001627 12.9 536
1583068003775 12.91 537
1583068005951 12.91 538
1583068008117 12.96 539
1583068010299 13.02 540
1583068012469 13.11 541
1583068014624 13.2 542
1583068016810 13.21 543
1583068018977 13.3 544
1583068021135 13.29 545
1583068023316 13.24 546
1583068025475 13.31 547
1583068027632 13.27 548
1583068029811 13.27 549
1583068031988 13.25 550
1583068034170 13.17 551
1583068036333 13.27 552
1583068038509 13.3 553
1583068040675 13.27 554
1583068042857 13.27 555
1583068045077 13.22 556
1583068047241 13.19 557
1583068049400 13.22 558
1583068051580 13.28 559
1583068053755 13.29 560
1583068055928 13.23 561
1583068058116 13.16 562
1583068060260 13.16 563
1583068062436 13.19 564
1583068064621 13.26 565
1583068066789 13.22 566
1583068068958 13.26 567
1583068071131 13.3 568
1583068073303 13.33 569
1583068075457 13.33 570
1583068077648 13.35 571
1583068079808 13.38 572
1583068081971 13.34 573
1583068084152 13.44 574
1583068086349 13.47 575
1583068088531 13.59 576
1583068090697 13.54 577
1583068092882 13.67 578
1583068095048 13.7 579
1583068097212 13.7 580
1583068099392 13.67 581
1583068101604 13.57 582
1583068103770 13.63 583
1583068106001 13.46 584
1583068108163 13.4 585
1583068110349 13.41 586
1583068112514 13.33 587
1583068114670 13.29 588
1583068116830 13.25 589
1583068119026 13.3 590
1583068121212 13.37 591
1583068123395 13.46 592
1583068125562 13.47 593
1583068127743 13.47 594
1583068129923 13.58 595
1583068132095 13.58 596
1583068134269 13.6 597
1583068136436 13.69 598
1583068138588 13.75 599
1583068140748 13.69 600
1583068142930 13.71 601
1583068145099 13.8 602
1583068147264 13.83 603
1583068149456 13.81 604
1583068151622 13.76 605
1583068153767 13.8 606
1583068155936 13.81 607
1583068158100 13.83 608
1583068160264 13.81 609
1583068162438 13.82 610
1583068164659 13.83 611
1583068166824 13.91 612
1583068169015 13.82 613
1583068171193 13.8 614
1583068173372 13.79 615
1583068175552 13.84 616
1583068177707 13.91 617
1583068179906 13.96 618
1583068182068 13.95 619
1583068184248 14.04 620
1583068186427 14.04 621
1583068188611 13.99 622
1583068190802 14.06 623
1583068192969 14.15 624
1583068195144 14.09 625
1583068197309 14.19 626
1583068199480 14.22 627
1583068201662 14.19 628
1583068203829 14.29 629
1583068205989 14.35 630
1583068208140 14.41 631
1583068210315 14.37 632
1583068212497 14.41 633
1583068214658 14.38 634
1583068216802 14.32 635
1583068219009 14.34 636
1583068221208 14.24 637
1583068223418 14.24 638
1583068225692 14.15 639
1583068227857 14.12 640
1583068230060 14.16 641
1583068232241 14.12 642
1583068234518 14.16 643
1583068236718 14.18 644
1583068238884 14.14 645
1583068241082 14.26 646
1583068243251 14.26 647
1583068245460 14.39 648
1583068247616 14.42 649
1583068249790 14.43 650
1583068251974 14.45 651
1583068254148 14.42 652
1583068256326 14.37 653
1583068258489 14.38 654
1583068260655 14.37 655
1583068262844 14.46 656
1583068264992 14.5 657
1583068267160 14.47 658
1583068269331 14.51 659
1583068271489 14.48 660
1583068273642 14.56 661
1583068275823 14.64 662
1583068277995 14.64 663
1583068280172 14.6 664
1583068282359 14.59 665
1583068284567 14.63 666
1583068286733 14.63 667
1583068288907 14.58 668
1583068291097 14.56 669
1583068293282 14.56 670
1583068295446 14.56 671
1583068297625 14.63 672
1583068299778 14.58 673
1583068301965 14.55 674
1583068304133 14.49 675
1583068306323 14.46 676
1583068308490 14.45 677
1583068310669 14.4 678
1583068312844 14.41 679
1583068315045 14.39 680
1583068317275 14.52 681
1583068319470 14.58 682
1583068321622 14.68 683
1583068323764 14.84 684
1583068325947 14.9 685
1583068328155 14.94 686
1583068330333 15.02 687
1583068332519 15.02 688
1583068334712 15.06 689
1583068336874 15.0 690
1583068339058 15.01 691
1583068341262 14.98 692
1583068343438 15.05 693
1583068345610 15.03 694
1583068347764 14.96 695
1583068349921 14.97 696
1583068352100 14.94 697
1583068354284 14.93 698
1583068356451 14.97 699
1583068358620 15.01 700
1583068360784 15.13 701
1583068362973 15.03 702
1583068365161 15.08 703
1583068367321 15.18 704
1583068369483 15.29 705
1583068371669 15.22 706
1583068373865 15.27 707
1583068376042 15.24 708
1583068378213 15.27 709
1583068380376 15.31 710
1583068382564 15.32 711
1583068384729 15.3 712
1583068386859 15.38 713
1583068389025 15.42 714
1583068391176 15.39 715
1583068393346 15.4 716
1583068395526 15.4 717
1583068397681 15.41 718
1583068399851 15.38 719
1583068402019 15.36 720
1583068404202 15.37 721
1583068406379 15.41 722
1583068408535 15.44 723
1583068410702 15.45 724
1583068412868 15.51 725
1583068415031 15.47 726
1583068417187 15.5 727
1583068419367 15.55 728
1583068421521 15.46 729
1583068423691 15.43 730
1583068425859 15.35 731
1583068428038 15.38 732
1583068430197 15.39 733
1583068432376 15.47 734
1583068434547 15.47 735
1583068436693 15.46 736
1583068438867 15.56 737
1583068441057 15.58 738
1583068443240 15.68 739
1583068445416 15.64 740
1583068447587 15.61 741
1583068449764 15.63 742
1583068451921 15.57 743
1583068454097 15.6 744
1583068456254 15.71 745
1583068458451 15.69 746
1583068460624 15.66 747
1583068462777 15.6 748
1583068464945 15.61 749
1583068467110 15.58 750
1583068469290 15.64 751
1583068471490 15.66 752
1583068473655 15.69 753
1583068475812 15.73 754
1583068477982 15.8 755
1583068480145 15.74 756
1583068482325 15.74 757
1583068484494 15.78 758
1583068486670 15.74 759
1583068488848 15.73 760
1583068491009 15.7 761
1583068493177 15.78 762
1583068495363 15.8 763
1583068497548 15.8 764
1583068499710 15.77 765
1583068501889 15.76 766
1583068504044 15.86 767
1583068506202 15.89 768
1583068508388 15.93 769
1583068510584 15.96 770
1583068512729 15.94 771
1583068514909 15.99 772
1583068517079 16.02 773
1583068519224 16.07 774
1583068521465 16.08 775
1583068523636 16.07 776
1583068525801 16.14 777
1583068527970 16.09 778
1583068530147 16.12 779
1583068532326 16.17 780
1583068534503 16.1 781
1583068536663 16.07 782
1583068538827 15.97 783
1583068541018 15.92 784
1583068543260 15.92 785
1583068545446 15.92 786
1583068547631 15.9 787
1583068549795 15.87 788
1583068551986 15.9 789
1583068554190 15.95 790
1583068556362 15.97 791
1583068558531 15.95 792
1583068560710 15.86 793
1583068562895 15.9 794
1583068565060 16.0 795
1583068567241 16.01 796
1583068569384 15.96 797
1583068571543 16.01 798
1583068573713 15.92 799
1583068575877 15.97 800
1583068578081 15.83 801
1583068580276 15.93 802
1583068582474 15.79 803
1583068584649 15.74 804
1583068586833 15.66 805
1583068589030 15.73 806
1583068591201 15.67 807
1583068593381 15.71 808
1583068595541 15.73 809
1583068597721 15.68 810
1583068599895 15.8 811
1583068602064 15.8 812
1583068604246 15.75 813
1583068606423 15.78 814
1583068608578 15.81 815
1583068610746 15.8 816
1583068612926 15.84 817
1583068615134 15.88 818
1583068617308 16.0 819
1583068619492 16.08 820
1583068621660 16.08 821
1583068623834 16.09 822
1583068625983 16.06 823
1583068628136 16.01 824
1583068630322 15.98 825
1583068632505 15.97 826
1583068634677 15.97 827
1583068636841 15.84 828
1583068639013 15.83 829
1583068641185 15.83 830
1583068643392 15.86 831
1583068645580 15.82 832
1583068647734 15.77 833
1583068649902 15.73 834
1583068652037 15.73 835
1583068654175 15.71 836
1583068656306 15.72 837
1583068658439 15.77 838
1583068660578 15.75 839
1583068662731 15.77 840
1583068664902 15.71 841
1583068667060 15.67 842
1583068669239 15.69 843
1583068671441 15.71 844
1583068673654 15.71 845
1583068675876 15.63 846
1583068678038 15.66 847
1583068680216 15.68 848
1583068682427 15.7 849
1583068684593 15.74 850
1583068686750 15.7 851
1583068688912 15.66 852
1583068691106 15.7 853
1583068693290 15.72 854
1583068695486 15.71 855
1583068697667 15.71 856
1583068699876 15.8 857
1583068702035 15.77 858
1583068704243 15.82 859
1583068706421 15.86 860
1583068708589 15.88 861
1583068710738 15.79 862
1583068712909 15.85 863
1583068715107 15.89 864
1583068717316 15.93 865
1583068719481 15.95 866
1583068721638 15.94 867
1583068723804 15.91 868
1583068726010 15.9 869
1583068728212 15.86 870
1583068730367 15.88 871
1583068732547 15.89 872
1583068734719 15.91 873
1583068736891 15.88 874
1583068739077 15.98 875
1583068741249 15.91 876
1583068743420 15.86 877
1583068745617 15.94 878
1583068747779 15.99 879
1583068749963 15.95 880
1583068752150 15.99 881
1583068754325 16.08 882
1583068756482 16.11 883
1583068758674 16.12 884
1583068760851 16.15 885
1583068763024 16.09 886
1583068765184 16.11 887
1583068767360 16.25 888
1583068769522 16.18 889
1583068771696 16.28 890
1583068773873 16.26 891
1583068776058 16.34 892
1583068778252 16.39 893
1583068780441 16.36 894
1583068782615 16.28 895
1583068784774 16.25 896
1583068786938 16.34 897
1583068789111 16.23 898
1583068791285 16.32 899
1583068793458 16.26 900
1583068795653 16.3 901
1583068797830 16.25 902
1583068800006 16.32 903
1583068802175 16.34 904
1583068804345 16.35 905
1583068806508 16.4 906
1583068808672 16.41 907
1583068810829 16.27 908
1583068812975 16.24 909
1583068815163 16.25 910
1583068817342 16.2 911
1583068819532 16.15 912
1583068821702 16.18 913
1583068823868 16.07 914
1583068826063 16.04 915
1583068828265 16.09 916
1583068830440 16.05 917
1583068832610 16.07 918
1583068834761 16.05 919
1583068836960 15.84 920
1583068839122 15.86 921
1583068841310 15.85 922
1583068843513 15.89 923
1583068845705 15.86 924
1583068847843 15.91 925
1583068850017 15.93 926
1583068852220 15.9 927
1583068854385 15.97 928
1583068856539 16.03 929
1583068858734 16.03 930
1583068860923 16.04 931
1583068863122 16.12 932
1583068865311 16.15 933
1583068867507 16.18 934
1583068869671 16.17 935
1583068871836 16.23 936
1583068874018 16.2 937
1583068876185 16.12 938
1583068878374 16.11 939
1583068880512 16.11 940
1583068882695 16.2 941
1583068884870 16.28 942
1583068887030 16.25 943
1583068889217 16.16 944
1583068891396 16.13 945
1583068893567 16.26 946
1583068895729 16.23 947
1583068897901 16.27 948
1583068900081 16.26 949
1583068902254 16.25 950
1583068904400 16.3 951
1583068906574 16.28 952
1583068908759 16.24 953
1583068910930 16.18 954
1583068913120 16.17 955
1583068915314 16.24 956
1583068917482 16.2 957
1583068919662 16.25 958
1583068921830 16.23 959
1583068923998 16.2 960
1583068926185 16.12 961
1583068928357 16.13 962
1583068930495 16.14 963
1583068932666 16.11 964
1583068934851 16.07 965
1583068937021 16.12 966
1583068939205 16.12 967
1583068941376 16.16 968
1583068943558 16.15 969
1583068945733 16.18 970
1583068947906 16.14 971
1583068950118 16.11 972
1583068952265 16.11 973
1583068954439 16.06 974
1583068956636 15.99 975
1583068958797 16.08 976
1583068960966 16.03 977
1583068963137 15.97 978
1583068965310 16.0 979
1583068967487 16.0 980
1583068969686 15.99 981
1583068971876 15.92 982
1583068974032 15.92 983
1583068976225 15.93 984
1583068978389 15.89 985
1583068980539 15.88 986
1583068982713 15.9 987
1583068984877 15.84 988
1583068987053 15.9 989
1583068989187 15.85 990
1583068991341 15.85 991
1583068993528 15.79 992
1583068995710 15.8 993
1583068997867 15.81 994
1583069000050 15.85 995
1583069002221 15.85 996
1583069004399 15.84 997
1583069006593 15.87 998
1583069008756 15.76 999
1583069010914 15.82 1000
1583069013050 15.82 1001
1583069015240 15.82 1002
1583069017410 15.9 1003
1583069019574 15.89 1004
1583069021786 15.9 1005
1583069023982 15.88 1006
1583069026156 15.94 1007
1583069028327 16.0 1008
1583069030489 16.02 1009
1583069032662 15.91 1010
1583069034839 15.85 1011
1583069037014 15.89 1012
1583069039175 15.91 1013
1583069041368 16.03 1014
1583069043525 16.12 1015
1583069045706 16.12 1016
1583069047889 16.12 1017
1583069050077 16.11 1018
1583069052248 16.07 1019
1583069054425 16.21 1020
1583069056579 16.13 1021
1583069058766 16.14 1022
1583069060931 16.09 1023
1583069063080 16.22 1024
1583069065259 16.21 1025
1583069067477 16.23 1026
1583069069655 16.26 1027
1583069071835 16.3 1028
1583069074036 16.31 1029
1583069076219 16.34 1030
1583069078420 16.42 1031
1583069080604 16.41 1032
1583069082793 16.43 1033
1583069084942 16.41 1034
1583069087119 16.48 1035
1583069089299 16.43 1036
1583069091513 16.44 1037
1583069093696 16.48 1038
1583069095884 16.38 1039
1583069098086 16.44 1040
1583069100266 16.39 1041
1583069102440 16.33 1042
1583069104657 16.32 1043
1583069106836 16.29 1044
1583069109017 16.28 1045
1583069111193 16.26 1046
1583069113379 16.27 1047
1583069115567 16.25 1048
1583069117743 16.25 1049
1583069119918 16.24 1050
1583069122109 16.18 1051
1583069124289 16.24 1052
1583069126506 16.28 1053
1583069128684 16.32 1054
1583069130884 16.31 1055
1583069133080 16.34 1056
1583069135285 16.31 1057
1583069137454 16.25 1058
1583069139640 16.25 1059
1583069141814 16.29 1060
1583069144010 16.42 1061
1583069146176 16.41 1062
1583069148357 16.22 1063
1583069150530 16.17 1064
1583069152749 16.21 1065
1583069154922 16.19 1066
1583069157109 16.17 1067
1583069159296 16.22 1068
1583069161458 16.24 1069
1583069163630 16.25 1070
1583069165786 16.29 1071
1583069167954 16.31 1072
1583069170118 16.3 1073
1583069172317 16.36 1074
1583069174506 16.36 1075
1583069176668 16.33 1076
1583069178858 16.37 1077
1583069181067 16.44 1078
1583069183252 16.41 1079
1583069185433 16.45 1080
1583069187601 16.49 1081
1583069189776 16.51 1082
1583069191957 16.48 1083
1583069194162 16.5 1084
1583069196336 16.5 1085
1583069198497 16.53 1086
1583069200669 16.48 1087
1583069202844 16.4 1088
1583069205016 16.34 1089
1583069207194 16.32 1090
1583069209367 16.33 1091
1583069211581 16.38 1092
1583069213733 16.43 1093
1583069215905 16.45 1094
1583069218098 16.45 1095
1583069220278 16.5 1096
1583069222448 16.46 1097
1583069224611 16.5 1098
1583069226787 16.59 1099
1583069228948 16.61 1100
1583069231129 16.5 1101
1583069233325 16.52 1102
1583069235521 16.5 1103
1583069237678 16.56 1104
1583069239846 16.64 1105
1583069242043 16.7 1106
1583069244205 16.63 1107
1583069246388 16.67 1108
1583069248559 16.72 1109
1583069250734 16.86 1110
1583069252902 16.89 1111
1583069255062 16.87 1112
1583069257245 16.85 1113
1583069259396 16.83 1114
1583069261565 16.76 1115
1583069263727 16.74 1116
1583069265913 16.76 1117
1583069268110 16.78 1118
1583069270300 16.74 1119
1583069272486 16.77 1120
1583069274653 16.86 1121
1583069276834 16.94 1122
1583069279006 16.96 1123
1583069281164 16.9 1124
1583069283320 16.92 1125
1583069285477 16.87 1126
1583069287673 16.84 1127
1583069289856 16.87 1128
1583069292044 16.88 1129
1583069294190 16.9 1130
1583069296345 16.81 1131
1583069298510 16.82 1132
1583069300682 16.84 1133
1583069302852 16.86 1134
1583069305034 16.83 1135
1583069307206 16.84 1136
1583069309396 16.86 1137
1583069311612 16.87 1138
1583069313827 17.0 1139
1583069316046 16.94 1140
1583069318265 16.96 1141
1583069320483 16.89 1142
1583069322655 16.93 1143
1583069324847 16.97 1144
1583069327034 16.97 1145
1583069329217 16.88 1146
1583069331426 16.94 1147
1583069333608 16.98 1148
1583069335791 16.95 1149
1583069337960 16.9 1150
1583069340121 16.87 1151
1583069342274 16.76 1152
1583069344454 16.69 1153
1583069346611 16.67 1154
1583069348769 16.66 1155
1583069350910 16.6 1156
1583069353082 16.67 1157
1583069355263 16.64 1158
1583069357422 16.7 1159
1583069359610 16.73 1160
1583069361762 16.67 1161
1583069363941 16.72 1162
1583069366100 16.88 1163
1583069368275 16.96 1164
1583069370496 16.94 1165
1583069372675 16.94 1166
1583069374856 16.98 1167
1583069377012 16.93 1168
1583069379203 16.92 1169
1583069381384 16.8 1170
1583069383561 16.74 1171
1583069385738 16.68 1172
1583069387899 16.71 1173
1583069390077 16.69 1174
1583069392233 16.66 1175
1583069394418 16.61 1176
1583069396589 16.63 1177
1583069398741 16.6 1178
1583069400926 16.61 1179
1583069403132 16.6 1180
1583069405329 16.56 1181
1583069407511 16.55 1182
1583069409666 16.57 1183
1583069411863 16.55 1184
1583069414049 16.57 1185
1583069416189 16.56 1186
1583069418361 16.57 1187
1583069420541 16.63 1188
1583069422725 16.56 1189
1583069424892 16.55 1190
1583069427054 16.55 1191
1583069429243 16.58 1192
1583069431433 16.57 1193
1583069433592 16.52 1194
1583069435782 16.48 1195
1583069437957 16.45 1196
1583069440135 16.51 1197
1583069442304 16.48 1198
1583069444489 16.44 1199
1583069446647 16.42 1200
1583069448820 16.54 1201
1583069451007 16.57 1202
1583069453210 16.49 1203
1583069455397 16.43 1204
1583069457585 16.36 1205
1583069459763 16.22 1206
1583069461941 16.27 1207
1583069464123 16.32 1208
1583069466296 16.27 1209
1583069468482 16.3 1210
1583069470656 16.32 1211
1583069472812 16.38 1212
1583069475012 16.39 1213
1583069477216 16.35 1214
1583069479385 16.39 1215
1583069481557 16.41 1216
1583069483736 16.34 1217
1583069485894 16.3 1218
1583069488060 16.36 1219
1583069490247 16.33 1220
1583069492427 16.39 1221
1583069494619 16.23 1222
1583069496796 16.23 1223
1583069498971 16.18 1224
1583069501144 16.15 1225
1583069503332 16.1 1226
1583069505514 16.13 1227
1583069507627 16.11 1228
1583069509768 16.14 1229
1583069511913 16.12 1230
1583069514078 16.11 1231
1583069516275 16.05 1232
1583069518483 16.02 1233
1583069520628 15.97 1234
1583069522806 15.93 1235
1583069524977 15.91 1236
1583069527151 15.96 1237
1583069529333 15.96 1238
1583069531513 15.94 1239
1583069533692 15.98 1240
1583069535858 15.93 1241
1583069538018 15.94 1242
1583069540187 15.98 1243
1583069542348 16.03 1244
1583069544520 16.03 1245
1583069546705 16.11 1246
1583069548860 16.01 1247
1583069551033 16.02 1248
1583069553193 16.03 1249
1583069555351 16.14 1250
1583069557538 16.22 1251
1583069559701 16.28 1252
1583069561893 16.28 1253
1583069564086 16.29 1254
1583069566261 16.31 1255
1583069568425 16.28 1256
1583069570615 16.23 1257
1583069572800 16.2 1258
1583069574982 16.12 1259
1583069577157 16.14 1260
1583069579331 16.2 1261
1583069581554 16.23 1262
1583069583738 16.15 1263
1583069585910 16.14 1264
1583069588022 16.2 1265
1583069590173 16.17 1266
1583069592339 16.13 1267
1583069594522 16.16 1268
1583069596708 16.09 1269
1583069598869 16.19 1270
1583069601019 16.25 1271
1583069603185 16.25 1272
1583069605362 16.23 1273
1583069607530 16.28 1274
1583069609719 16.32 1275
1583069611867 16.43 1276
1583069614076 16.4 1277
1583069616245 16.44 1278
1583069618411 16.44 1279
1583069620581 16.37 1280
1583069622754 16.39 1281
1583069624930 16.49 1282
1583069627082 16.51 1283
1583069629243 16.51 1284
1583069631423 16.54 1285
1583069633595 16.62 1286
1583069635759 16.64 1287
1583069637940 16.61 1288
1583069640121 16.68 1289
1583069642318 16.67 1290
1583069644511 16.65 1291
1583069646686 16.54 1292
1583069648872 16.48 1293
1583069651054 16.52 1294
1583069653221 16.53 1295
1583069655412 16.57 1296
1583069657593 16.51 1297
1583069659773 16.53 1298
1583069661940 16.53 1299
1583069664138 16.5 1300
1583069666310 16.51 1301
1583069668524 16.48 1302
1583069670703 16.53 1303
1583069672881 16.56 1304
1583069675065 16.5 1305
1583069677226 16.54 1306
1583069679458 16.56 1307
1583069681626 16.55 1308
1583069683797 16.56 1309
1583069685998 16.39 1310
1583069688199 16.38 1311
1583069690386 16.31 1312
1583069692559 16.34 1313
1583069694749 16.38 1314
1583069696932 16.39 1315
1583069699143 16.43 1316
1583069701308 16.45 1317
1583069703463 16.51 1318
1583069705638 16.49 1319
1583069707795 16.5 1320
1583069709991 16.44 1321
1583069712138 16.52 1322
1583069714331 16.43 1323
1583069716486 16.46 1324
1583069718642 16.53 1325
1583069720810 16.6 1326
1583069722988 16.58 1327
1583069725163 16.59 1328
1583069727354 16.44 1329
1583069729524 16.32 1330
1583069731696 16.29 1331
1583069733880 16.32 1332
1583069736073 16.27 1333
1583069738268 16.29 1334
1583069740472 16.3 1335
1583069742626 16.31 1336
1583069744803 16.22 1337
1583069746971 16.14 1338
1583069749146 16.12 1339
1583069751335 16.11 1340
1583069753550 16.12 1341
1583069755720 16.06 1342
1583069757889 16.05 1343
1583069760063 16.03 1344
1583069762234 16.06 1345
1583069764415 16.09 1346
1583069766579 16.12 1347
1583069768741 15.98 1348
1583069770914 15.95 1349
1583069773100 15.88 1350
1583069775277 15.85 1351
1583069777456 15.85 1352
1583069779648 15.88 1353
1583069781796 15.91 1354
1583069783956 15.87 1355
1583069786112 15.9 1356
1583069788307 15.88 1357
1583069790494 15.95 1358
1583069792642 15.92 1359
1583069794808 15.86 1360
1583069796995 15.8 1361
1583069799178 15.82 1362
1583069801349 15.81 1363
1583069803540 15.85 1364
1583069805710 15.82 1365
1583069807892 15.84 1366
1583069810066 15.78 1367
1583069812211 15.8 1368
1583069814384 15.87 1369
1583069816584 15.84 1370
1583069818773 15.84 1371
1583069820960 15.82 1372
1583069823150 15.83 1373
1583069825347 15.78 1374
1583069827554 15.71 1375
1583069829708 15.64 1376
1583069831844 15.68 1377
1583069833975 15.64 1378
1583069836189 15.64 1379
1583069838383 15.7 1380
1583069840565 15.67 1381
1583069842717 15.59 1382
1583069844874 15.6 1383
1583069847038 15.57 1384
1583069849205 15.49 1385
1583069851383 15.44 1386
1583069853534 15.44 1387
1583069855733 15.48 1388
1583069857924 15.46 1389
1583069860116 15.48 1390
1583069862300 15.46 1391
1583069864452 15.45 1392
1583069866635 15.46 1393
1583069868816 15.39 1394
1583069870982 15.47 1395
1583069873158 15.38 1396
1583069875340 15.49 1397
1583069877515 15.43 1398
1583069879683 15.49 1399
1583069881865 15.5 1400
1583069884050 15.43 1401
1583069886203 15.45 1402
1583069888375 15.38 1403
1583069890566 15.35 1404
1583069892751 15.42 1405
1583069894924 15.47 1406
1583069897103 15.46 1407
1583069899292 15.42 1408
1583069901486 15.45 1409
1583069903662 15.59 1410
1583069905843 15.55 1411
1583069908022 15.59 1412
1583069910224 15.52 1413
1583069912398 15.55 1414
1583069914556 15.57 1415
1583069916727 15.52 1416
1583069918877 15.54 1417
1583069921041 15.51 1418
1583069923257 15.55 1419
1583069925431 15.55 1420
1583069927606 15.58 1421
1583069929804 15.58 1422
1583069932004 15.57 1423
1583069934163 15.55 1424
1583069936348 15.56 1425
1583069938513 15.61 1426
1583069940697 15.54 1427
1583069942900 15.49 1428
1583069945089 15.59 1429
1583069947240 15.67 1430
1583069949447 15.77 1431
1583069951611 15.74 1432
1583069953764 15.87 1433
1583069955959 15.86 1434
1583069958138 15.9 1435
1583069960305 15.89 1436
1583069962484 15.98 1437
1583069964658 16.05 1438
1583069966823 16.07 1439
1583069969010 16.0 1440
1583069971176 16.06 1441
1583069973349 16.15 1442
1583069975500 16.16 1443
1583069977664 16.14 1444
1583069979831 16.13 1445
1583069981992 16.16 1446
1583069984171 16.17 1447
1583069986330 16.22 1448
1583069988488 16.25 1449
1583069990670 16.26 1450
1583069992860 16.25 1451
1583069995007 16.28 1452
1583069997194 16.26 1453
1583069999371 16.27 1454
1583070001572 16.34 1455
1583070003761 16.37 1456
1583070005919 16.36 1457
1583070008108 16.39 1458
1583070010283 16.44 1459
1583070012450 16.49 1460
1583070014627 16.5 1461
1583070016777 16.44 1462
1583070018950 16.48 1463
1583070021136 16.48 1464
1583070023331 16.4 1465
1583070025500 16.37 1466
1583070027697 16.46 1467
1583070029885 16.4 1468
1583070032093 16.36 1469
1583070034257 16.42 1470
1583070036449 16.41 1471
1583070038616 16.48 1472
1583070040797 16.48 1473
1583070042988 16.5 1474
1583070045175 16.54 1475
1583070047354 16.56 1476
1583070049575 16.5 1477
1583070051764 16.51 1478
1583070053957 16.49 1479
1583070056144 16.4 1480
1583070058331 16.46 1481
1583070060521 16.41 1482
1583070062680 16.37 1483
1583070064855 16.46 1484
1583070067046 16.54 1485
1583070069223 16.52 1486
1583070071410 16.52 1487
1583070073569 16.53 1488
1583070075743 16.55 1489
1583070077929 16.57 1490
1583070080132 16.57 1491
1583070082331 16.59 1492
1583070084511 16.58 1493
1583070086690 16.65 1494
1583070088867 16.62 1495
1583070091071 16.65 1496
1583070093236 16.61 1497
1583070095407 16.67 1498
1583070097576 16.55 1499
1583070099724 16.6 1500
1583070101900 16.69 1501
1583070104081 16.65 1502
1583070106241 16.77 1503
1583070108438 16.8 1504
1583070110615 16.76 1505
1583070112789 16.69 1506
1583070114949 16.66 1507
1583070117141 16.66 1508
1583070119315 16.54 1509
1583070121498 16.47 1510
1583070123679 16.52 1511
1583070125851 16.53 1512
1583070128032 16.58 1513
1583070130208 16.52 1514
1583070132381 16.49 1515
1583070134567 16.45 1516
1583070136736 16.47 1517
1583070138905 16.49 1518
1583070141098 16.42 1519
1583070143281 16.42 1520
1583070145495 16.34 1521
1583070147661 16.22 1522
1583070149819 16.31 1523
1583070151989 16.31 1524
1583070154146 16.28 1525
1583070156323 16.28 1526
1583070158485 16.32 1527
1583070160652 16.19 1528
1583070162821 16.2 1529
1583070164999 16.14 1530
1583070167153 16.1 1531
1583070169323 16.15 1532
1583070171531 16.0 1533
1583070173689 15.98 1534
1583070175890 16.05 1535
1583070178049 16.07 1536
1583070180245 16.0 1537
1583070182452 16.0 1538
1583070184625 15.95 1539
1583070186777 15.97 1540
1583070188906 15.87 1541
1583070191041 15.92 1542
1583070193240 15.91 1543
1583070195418 15.95 1544
1583070197591 15.93 1545
1583070199756 15.76 1546
1583070201932 15.78 1547
1583070204108 15.77 1548
1583070206285 15.79 1549
1583070208483 15.83 1550
1583070210650 15.85 1551
1583070212812 15.79 1552
1583070214991 15.88 1553
1583070217162 15.85 1554
1583070219331 15.82 1555
1583070221533 15.79 1556
1583070223679 15.81 1557
1583070225836 15.8 1558
1583070228032 15.82 1559
1583070230200 15.8 1560
1583070232343 15.75 1561
1583070234528 15.77 1562
1583070236707 15.75 1563
1583070238872 15.71 1564
1583070241038 15.8 1565
1583070243211 15.88 1566
1583070245391 15.78 1567
1583070247550 15.8 1568
1583070249741 15.79 1569
1583070251893 15.82 1570
1583070254072 15.83 1571
1583070256246 15.85 1572
1583070258415 15.85 1573
1583070260595 15.9 1574
1583070262756 15.93 1575
1583070264904 15.99 1576
1583070267090 16.09 1577
1583070269277 16.11 1578
1583070271458 16.04 1579
1583070273619 16.14 1580
1583070275785 16.08 1581
1583070277944 16.07 1582
1583070280103 16.06 1583
1583070282302 15.97 1584
1583070284493 15.92 1585
1583070286684 15.95 1586
1583070288832 15.96 1587
1583070291025 15.95 1588
1583070293227 15.95 1589
1583070295412 15.87 1590
1583070297586 15.87 1591
1583070299769 15.92 1592
1583070301965 15.95 1593
1583070304158 15.92 1594
1583070306343 15.88 1595
1583070308522 15.94 1596
1583070310706 15.93 1597
1583070312879 15.96 1598
1583070315069 16.0 1599
1583070317261 15.95 1600
1583070319457 15.9 1601
1583070321636 15.93 1602
1583070323808 15.96 1603
1583070326011 15.91 1604
1583070328200 15.89 1605
1583070330378 15.97 1606
1583070332558 15.95 1607
1583070334749 16.03 1608
1583070336930 16.12 1609
1583070339126 16.25 1610
1583070341283 16.19 1611
1583070343471 16.18 1612
1583070345672 16.15 1613
1583070347861 16.21 1614
1583070350058 16.23 1615
1583070352250 16.25 1616
1583070354448 16.2 1617
1583070356630 16.09 1618
1583070358798 16.06 1619
1583070360944 16.05 1620
1583070363116 16.08 1621
1583070365308 16.22 1622
1583070367495 16.22 1623
1583070369680 16.25 1624
1583070371845 16.23 1625
1583070374022 16.22 1626
1583070376209 16.26 1627
1583070378411 16.38 1628
1583070380595 16.42 1629
1583070382770 16.5 1630
1583070384955 16.49 1631
1583070387136 16.42 1632
1583070389324 16.58 1633
1583070391499 16.62 1634
1583070393699 16.52 1635
1583070395857 16.47 1636
1583070398061 16.48 1637
1583070400242 16.49 1638
1583070402409 16.53 1639
1583070404564 16.51 1640
1583070406747 16.56 1641
1583070408930 16.48 1642
1583070411113 16.47 1643
1583070413277 16.45 1644
1583070415454 16.39 1645
1583070417614 16.54 1646
1583070419782 16.55 1647
1583070421950 16.55 1648
1583070424111 16.54 1649
1583070426302 16.47 1650
1583070428478 16.42 1651
1583070430672 16.53 1652
1583070432840 16.42 1653
1583070435003 16.46 1654
1583070437186 16.48 1655
1583070439381 16.41 1656
1583070441594 16.37 1657
1583070443779 16.35 1658
1583070445968 16.27 1659
1583070448151 16.26 1660
1583070450312 16.29 1661
1583070452473 16.21 1662
1583070454634 16.23 1663
1583070456825 16.24 1664
1583070458979 16.24 1665
1583070461159 16.16 1666
1583070463326 16.24 1667
1583070465488 16.25 1668
1583070467668 16.24 1669
1583070469824 16.17 1670
1583070472004 16.16 1671
1583070474198 16.05 1672
1583070476374 16.06 1673
1583070478580 16.07 1674
1583070480739 16.0 1675
1583070482910 15.98 1676
1583070485109 15.89 1677
1583070487304 15.88 1678
1583070489477 15.97 1679
1583070491650 15.96 1680
1583070493833 15.94 1681
1583070496010 15.94 1682
1583070498195 15.97 1683
1583070500359 15.95 1684
1583070502515 15.89 1685
1583070504684 15.81 1686
1583070506851 15.78 1687
1583070509021 15.81 1688
1583070511179 15.78 1689
1583070513388 15.86 1690
1583070515569 15.86 1691
1583070517717 15.9 1692
1583070519911 15.85 1693
1583070522102 15.87 1694
1583070524261 15.85 1695
1583070526429 15.84 1696
1583070528608 15.73 1697
1583070530776 15.75 1698
1583070532947 15.78 1699
1583070535144 15.71 1700
1583070537304 15.73 1701
1583070539492 15.69 1702
1583070541663 15.68 1703
1583070543827 15.71 1704
1583070546010 15.77 1705
1583070548170 15.72 1706
1583070550353 15.77 1707
1583070552545 15.69 1708
1583070554721 15.68 1709
1583070556888 15.62 1710
1583070559052 15.65 1711
1583070561229 15.62 1712
1583070563425 15.65 1713
1583070565630 15.65 1714
1583070567794 15.63 1715
1583070569952 15.61 1716
1583070572139 15.67 1717
1583070574333 15.8 1718
1583070576535 15.86 1719
1583070578723 15.88 1720
1583070580848 15.8 1721
1583070583012 15.76 1722
1583070585174 15.76 1723
1583070587343 15.7 1724
1583070589519 15.67 1725
1583070591702 15.63 1726
1583070593878 15.63 1727
1583070596068 15.71 1728
1583070598213 15.71 1729
1583070600391 15.73 1730
1583070602576 15.69 1731
1583070604741 15.78 1732
1583070606916 15.66 1733
1583070609073 15.65 1734
1583070611240 15.66 1735
1583070613430 15.7 1736
1583070615603 15.68 1737
1583070617790 15.64 1738
1583070619950 15.62 1739
1583070622125 15.74 1740
1583070624287 15.74 1741
1583070626479 15.81 1742
1583070628655 15.8 1743
1583070630820 15.79 1744
1583070632997 15.84 1745
1583070635190 15.72 1746
1583070637371 15.72 1747
1583070639552 15.77 1748
1583070641711 15.73 1749
1583070643903 15.72 1750
1583070646097 15.83 1751
1583070648272 15.75 1752
1583070650436 15.8 1753
1583070652594 15.79 1754
1583070654788 15.77 1755
1583070656970 15.88 1756
1583070659122 15.93 1757
1583070661309 15.93 1758
1583070663477 16.01 1759
1583070665657 16.01 1760
1583070667815 16.04 1761
1583070669983 16.07 1762
1583070672136 16.09 1763
1583070674335 16.14 1764
1583070676498 16.15 1765
1583070678670 16.19 1766
1583070680868 16.2 1767
1583070683043 16.21 1768
1583070685201 16.29 1769
1583070687381 16.33 1770
1583070689551 16.26 1771
1583070691725 16.23 1772
1583070693909 16.19 1773
1583070696091 16.11 1774
1583070698263 16.12 1775
1583070700462 16.06 1776
1583070702675 16.08 1777
1583070704844 16.08 1778
1583070707008 16.01 1779
1583070709182 16.06 1780
1583070711364 16.12 1781
1583070713548 16.18 1782
1583070715729 16.16 1783
1583070717887 16.27 1784
1583070720063 16.27 1785
1583070722217 16.35 1786
1583070724417 16.37 1787
1583070726566 16.36 1788
1583070728757 16.39 1789
1583070730955 16.3 1790
1583070733105 16.28 1791
1583070735288 16.29 1792
1583070737476 16.23 1793
1583070739636 16.19 1794
1583070741833 16.19 1795
1583070744084 16.15 1796
1583070746256 16.22 1797
1583070748403 16.1 1798
1583070750577 16.09 1799
1583070752747 16.16 1800
1583070754926 16.14 1801
1583070757124 16.18 1802
1583070759285 16.09 1803
1583070761478 16.13 1804
1583070763637 16.09 1805
1583070765801 16.14 1806
1583070767956 16.04 1807
1583070770144 15.98 1808
1583070772326 16.0 1809
1583070774490 15.99 1810
1583070776646 16.0 1811
1583070778802 15.97 1812
1583070780975 15.94 1813
1583070783153 15.86 1814
1583070785338 15.9 1815
1583070787538 15.86 1816
1583070789673 15.87 1817
1583070791789 15.81 1818
1583070793947 15.87 1819
1583070796143 15.82 1820
1583070798315 15.89 1821
1583070800524 15.91 1822
1583070802676 15.9 1823
1583070804846 15.95 1824
1583070807011 16.0 1825
1583070809215 16.04 1826
1583070811404 16.0 1827
1583070813596 16.0 1828
1583070815776 15.96 1829
1583070817945 15.95 1830
1583070820127 16.04 1831
1583070822275 15.97 1832
1583070824466 16.01 1833
1583070826634 16.03 1834
1583070828807 16.1 1835
1583070830991 16.12 1836
1583070833190 16.2 1837
1583070835381 16.24 1838
1583070837575 16.22 1839
1583070839717 16.16 1840
1583070841886 16.24 1841
1583070844080 16.21 1842
1583070846261 16.21 1843
1583070848400 16.21 1844
1583070850583 16.24 1845
1583070852758 16.23 1846
1583070854950 16.2 1847
1583070857131 16.19 1848
1583070859322 16.23 1849
1583070861501 16.31 1850
1583070863680 16.24 1851
1583070865858 16.25 1852
1583070868046 16.19 1853
1583070870220 16.12 1854
1583070872378 16.08 1855
1583070874551 16.03 1856
1583070876735 16.03 1857
1583070878909 16.06 1858
1583070881075 16.07 1859
1583070883272 16.09 1860
1583070885447 16.13 1861
1583070887619 16.21 1862
1583070889779 16.22 1863
1583070891963 16.11 1864
1583070894151 16.03 1865
1583070896352 16.05 1866
1583070898518 16.0 1867
1583070900693 15.98 1868
1583070902877 15.92 1869
1583070905039 15.95 1870
1583070907206 15.99 1871
1583070909387 16.06 1872
1583070911577 16.1 1873
1583070913755 16.07 1874
1583070915944 16.08 1875
1583070918138 16.11 1876
1583070920342 16.14 1877
1583070922536 16.16 1878
1583070924687 16.21 1879
1583070926873 16.2 1880
1583070929046 16.15 1881
1583070931223 16.15 1882
1583070933397 16.15 1883
1583070935585 16.09 1884
1583070937779 16.16 1885
1583070939944 16.1 1886
1583070942119 16.12 1887
1583070944310 16.14 1888
1583070946502 16.17 1889
1583070948667 16.3 1890
1583070950864 16.41 1891
1583070953051 16.38 1892
1583070955226 16.41 1893
1583070957399 16.42 1894
1583070959563 16.43 1895
1583070961736 16.47 1896
1583070963912 16.45 1897
1583070966108 16.52 1898
1583070968308 16.54 1899
1583070970483 16.51 1900
1583070972627 16.5 1901
1583070974823 16.53 1902
1583070976997 16.62 1903
1583070979166 16.59 1904
1583070981362 16.69 1905
1583070983528 16.65 1906
1583070985728 16.73 1907
1583070987901 16.74 1908
1583070990075 16.75 1909
1583070992245 16.77 1910
1583070994408 16.67 1911
1583070996579 16.71 1912
1583070998707 16.73 1913
1583071000875 16.76 1914
1583071003056 16.66 1915
1583071005256 16.68 1916
1583071007428 16.71 1917
1583071009591 16.73 1918
1583071011763 16.73 1919
1583071013944 16.77 1920
1583071016129 16.81 1921
1583071018317 16.82 1922
1583071020496 16.83 1923
1583071022650 16.76 1924
1583071024801 16.75 1925
1583071026980 16.63 1926
1583071029155 16.72 1927
1583071031332 16.67 1928
1583071033498 16.72 1929
1583071035653 16.7 1930
1583071037827 16.65 1931
1583071040015 16.67 1932
1583071042193 16.66 1933
1583071044378 16.67 1934
1583071046522 16.52 1935
1583071048679 16.49 1936
1583071050863 16.4 1937
1583071053039 16.39 1938
1583071055216 16.42 1939
1583071057390 16.47 1940
1583071059569 16.38 1941
1583071061715 16.38 1942
1583071063887 16.38 1943
1583071066076 16.33 1944
1583071068241 16.3 1945
1583071070411 16.41 1946
1583071072593 16.44 1947
1583071074779 16.48 1948
1583071076959 16.45 1949
1583071079115 16.37 1950
1583071081267 16.39 1951
1583071083449 16.43 1952
1583071085626 16.44 1953
1583071087804 16.51 1954
1583071089992 16.52 1955
1583071092178 16.55 1956
1583071094385 16.49 1957
1583071096569 16.53 1958
1583071098728 16.46 1959
1583071100908 16.51 1960
1583071103099 16.52 1961
1583071105310 16.44 1962
1583071107478 16.39 1963
1583071109647 16.43 1964
1583071111849 16.45 1965
1583071114037 16.42 1966
1583071116216 16.48 1967
1583071118412 16.45 1968
1583071120593 16.48 1969
1583071122783 16.47 1970
1583071124987 16.45 1971
1583071127204 16.51 1972
1583071129422 16.49 1973
1583071131647 16.46 1974
1583071133854 16.51 1975
1583071136032 16.49 1976
1583071138224 16.5 1977
1583071140393 16.38 1978
1583071142566 16.33 1979
1583071144743 16.23 1980
1583071146898 16.25 1981
1583071149081 16.22 1982
1583071151258 16.24 1983
1583071153440 16.23 1984
1583071155615 16.17 1985
1583071157787 16.24 1986
1583071159958 16.21 1987
1583071162149 16.16 1988
1583071164328 16.12 1989
1583071166508 16.0 1990
1583071168677 15.83 1991
1583071170846 15.74 1992
1583071172997 15.77 1993
1583071175175 15.75 1994
1583071177346 15.73 1995
1583071179545 15.66 1996
1583071181718 15.72 1997
1583071183891 15.67 1998
1583071186080 15.68 1999
1583071188263 15.67 2000
