1584236636342 1 1
1584236636351 0.995 2
1584236636369 0.990025 3
1584236636379 0.985074875 4
1584236636388 0.9801495006250001 5
1584236636397 0.9752487531218751 6
1584236636408 0.9703725093562657 7
1584236636420 0.9655206468094844 8
1584236636431 0.960693043575437 9
1584236636442 0.9558895783575597 10
1584236636451 0.9511101304657719 11
1584236636469 0.946354579813443 12
1584236636480 0.9416228069143757 13
1584236636493 0.9369146928798039 14
1584236636506 0.9322301194154049 15
1584236636516 0.9275689688183278 16
1584236636527 0.9229311239742362 17
1584236636535 0.918316468354365 18
1584236636544 0.9137248860125932 19
1584236636559 0.9091562615825302 20
1584236636576 0.9046104802746175 21
1584236636584 0.9000874278732445 22
1584236636592 0.8955869907338783 23
1584236636602 0.8911090557802088 24
1584236636610 0.8866535105013078 25
1584236636621 0.8822202429488013 26
1584236636630 0.8778091417340573 27
1584236636641 0.8734200960253871 28
1584236636649 0.8690529955452602 29
1584236636657 0.8647077305675338 30
1584236636673 0.8603841919146962 31
1584236636680 0.8560822709551227 32
1584236636687 0.851801859600347 33
1584236636695 0.8475428503023453 34
1584236636703 0.8433051360508336 35
1584236636711 0.8390886103705794 36
1584236636716 0.8348931673187264 37
1584236636722 0.8307187014821328 38
1584236636729 0.8265651079747222 39
1584236636738 0.8224322824348486 40
1584236636746 0.8183201210226743 41
1584236636755 0.8142285204175609 42
1584236636766 0.810157377815473 43
1584236636774 0.8061065909263957 44
1584236636784 0.8020760579717637 45
1584236636793 0.798065677681905 46
1584236636801 0.7940753492934954 47
1584236636809 0.7901049725470279 48
1584236636818 0.7861544476842928 49
1584236636825 0.7822236754458713 50
1584236636831 0.778312557068642 51
1584236636841 0.7744209942832988 52
1584236636849 0.7705488893118823 53
1584236636857 0.7666961448653229 54
1584236636876 0.7628626641409962 55
1584236636889 0.7590483508202912 56
1584236636898 0.7552531090661897 57
1584236636906 0.7514768435208588 58
1584236636915 0.7477194593032545 59
1584236636924 0.7439808620067382 60
1584236636933 0.7402609576967045 61
1584236636944 0.736559652908221 62
1584236636952 0.7328768546436799 63
1584236636968 0.7292124703704616 64
1584236636976 0.7255664080186093 65
1584236636989 0.7219385759785162 66
1584236637004 0.7183288830986236 67
1584236637013 0.7147372386831305 68
1584236637023 0.7111635524897149 69
1584236637031 0.7076077347272662 70
1584236637040 0.7040696960536299 71
1584236637048 0.7005493475733617 72
1584236637060 0.697046600835495 73
1584236637082 0.6935613678313175 74
1584236637120 0.6900935609921609 75
1584236637129 0.6866430931872001 76
1584236637138 0.6832098777212641 77
1584236637149 0.6797938283326578 78
1584236637158 0.6763948591909945 79
1584236637171 0.6730128848950395 80
1584236637181 0.6696478204705644 81
1584236637189 0.6662995813682115 82
1584236637197 0.6629680834613705 83
1584236637207 0.6596532430440636 84
1584236637217 0.6563549768288433 85
1584236637226 0.653073201944699 86
1584236637235 0.6498078359349755 87
1584236637242 0.6465587967553006 88
1584236637251 0.6433260027715241 89
1584236637259 0.6401093727576664 90
1584236637272 0.6369088258938781 91
1584236637281 0.6337242817644086 92
1584236637290 0.6305556603555866 93
1584236637298 0.6274028820538087 94
1584236637307 0.6242658676435396 95
1584236637316 0.6211445383053219 96
1584236637325 0.6180388156137953 97
1584236637334 0.6149486215357263 98
1584236637341 0.6118738784280476 99
1584236637349 0.6088145090359074 100
1584236637358 0.6057704364907278 101
1584236637367 0.6027415843082742 102
1584236637383 0.5997278763867329 103
1584236637393 0.5967292370047992 104
1584236637400 0.5937455908197752 105
1584236637408 0.5907768628656763 106
1584236637418 0.5878229785513479 107
1584236637427 0.5848838636585911 108
1584236637435 0.5819594443402982 109
1584236637443 0.5790496471185967 110
1584236637450 0.5761543988830038 111
1584236637457 0.5732736268885887 112
1584236637463 0.5704072587541458 113
1584236637507 0.567555222460375 114
1584236637525 0.5647174463480732 115
1584236637534 0.5618938591163328 116
1584236637547 0.5590843898207511 117
1584236637573 0.5562889678716474 118
1584236637585 0.5535075230322891 119
1584236637595 0.5507399854171277 120
1584236637603 0.547986285490042 121
1584236637611 0.5452463540625918 122
1584236637617 0.5425201222922789 123
1584236637623 0.5398075216808175 124
1584236637631 0.5371084840724134 125
1584236637639 0.5344229416520513 126
1584236637646 0.531750826943791 127
1584236637652 0.5290920728090721 128
1584236637658 0.5264466124450268 129
1584236637665 0.5238143793828016 130
1584236637676 0.5211953074858876 131
1584236637686 0.5185893309484582 132
1584236637694 0.5159963842937159 133
1584236637700 0.5134164023722473 134
1584236637706 0.510849320360386 135
1584236637711 0.5082950737585841 136
1584236637717 0.5057535983897912 137
1584236637723 0.5032248303978422 138
1584236637729 0.500708706245853 139
1584236637735 0.4982051627146237 140
1584236637740 0.49571413690105054 141
1584236637745 0.4932355662165453 142
1584236637752 0.4907693883854626 143
1584236637757 0.4883155414435353 144
1584236637762 0.4858739637363176 145
1584236637772 0.483444593917636 146
1584236637790 0.4810273709480478 147
1584236637801 0.47862223409330756 148
1584236637810 0.47622912292284103 149
1584236637823 0.4738479773082268 150
1584236637831 0.47147873742168567 151
1584236637841 0.46912134373457726 152
1584236637850 0.46677573701590436 153
1584236637859 0.46444185833082485 154
1584236637871 0.46211964903917074 155
1584236637893 0.4598090507939749 156
1584236637908 0.457510005540005 157
1584236637917 0.45522245551230495 158
1584236637926 0.4529463432347434 159
1584236637934 0.4506816115185697 160
1584236637943 0.4484282034609769 161
1584236637952 0.446186062443672 162
1584236637961 0.4439551321314536 163
1584236637971 0.4417353564707963 164
1584236637985 0.43952667968844233 165
1584236637994 0.43732904629000013 166
1584236638009 0.4351424010585501 167
1584236638021 0.43296668905325736 168
1584236638030 0.43080185560799106 169
1584236638039 0.4286478463299511 170
1584236638048 0.42650460709830135 171
1584236638062 0.42437208406280985 172
1584236638075 0.4222502236424958 173
1584236638089 0.42013897252428334 174
1584236638101 0.4180382776616619 175
1584236638110 0.4159480862733536 176
1584236638120 0.41386834584198684 177
1584236638129 0.4117990041127769 178
1584236638137 0.40974000909221303 179
1584236638147 0.40769130904675194 180
1584236638157 0.40565285250151817 181
1584236638166 0.4036245882390106 182
1584236638175 0.4016064652978155 183
1584236638194 0.3995984329713264 184
1584236638205 0.3976004408064698 185
1584236638214 0.39561243860243744 186
1584236638222 0.3936343764094253 187
1584236638232 0.39166620452737816 188
1584236638242 0.3897078735047413 189
1584236638250 0.3877593341372176 190
1584236638259 0.3858205374665315 191
1584236638267 0.38389143477919885 192
1584236638276 0.3819719776053028 193
1584236638289 0.3800621177172763 194
1584236638300 0.37816180712868996 195
1584236638307 0.37627099809304654 196
1584236638319 0.3743896431025813 197
1584236638328 0.37251769488706843 198
1584236638336 0.3706551064126331 199
1584236638344 0.36880183088056995 200
1584236638352 0.3669578217261671 201
1584236638361 0.36512303261753626 202
1584236638371 0.3632974174544486 203
1584236638380 0.3614809303671764 204
1584236638392 0.3596735257153405 205
1584236638403 0.3578751580867638 206
1584236638412 0.35608578229633 207
1584236638421 0.3543053533848483 208
1584236638435 0.35253382661792404 209
1584236638444 0.3507711574848344 210
1584236638454 0.34901730169741024 211
1584236638464 0.3472722151889232 212
1584236638473 0.3455358541129786 213
1584236638481 0.3438081748424137 214
1584236638496 0.3420891339682016 215
1584236638511 0.3403786882983606 216
1584236638522 0.3386767948568688 217
1584236638530 0.33698341088258443 218
1584236638574 0.3352984938281715 219
1584236638584 0.33362200135903064 220
1584236638600 0.33195389135223546 221
1584236638609 0.3302941218954743 222
1584236638619 0.32864265128599696 223
1584236638627 0.326999438029567 224
1584236638636 0.3253644408394192 225
1584236638644 0.3237376186352221 226
1584236638654 0.322118930542046 227
1584236638663 0.32050833588933575 228
1584236638671 0.31890579420988907 229
1584236638678 0.3173112652388396 230
1584236638690 0.3157247089126454 231
1584236638701 0.3141460853680822 232
1584236638709 0.3125753549412418 233
1584236638718 0.31101247816653554 234
1584236638727 0.30945741577570285 235
1584236638737 0.3079101286968243 236
1584236638746 0.3063705780533402 237
1584236638753 0.30483872516307353 238
1584236638761 0.3033145315372582 239
1584236638773 0.3017979588795719 240
1584236638780 0.30028896908517405 241
1584236638792 0.2987875242397482 242
1584236638802 0.29729358661854943 243
1584236638812 0.29580711868545667 244
1584236638817 0.2943280830920294 245
1584236638824 0.29285644267656924 246
1584236638832 0.2913921604631864 247
1584236638847 0.28993519966087045 248
1584236638859 0.2884855236625661 249
1584236638869 0.28704309604425327 250
1584236638881 0.285607880564032 251
1584236638895 0.28417984116121187 252
1584236638909 0.2827589419554058 253
1584236638916 0.28134514724562876 254
1584236638923 0.2799384215094006 255
1584236638938 0.27853872940185365 256
1584236638949 0.27714603575484437 257
1584236638958 0.2757603055760701 258
1584236638967 0.2743815040481898 259
1584236638976 0.2730095965279488 260
1584236638985 0.27164454854530906 261
1584236639001 0.2702863258025825 262
1584236639013 0.2689348941735696 263
1584236639025 0.26759021970270175 264
1584236639034 0.2662522686041882 265
1584236639043 0.2649210072611673 266
1584236639052 0.26359640222486147 267
1584236639060 0.26227842021373715 268
1584236639074 0.2609670281126685 269
1584236639085 0.25966219297210513 270
1584236639103 0.2583638820072446 271
1584236639111 0.2570720625972084 272
1584236639119 0.25578670228422234 273
1584236639125 0.25450776877280124 274
1584236639137 0.2532352299289372 275
1584236639146 0.2519690537792925 276
1584236639157 0.2507092085103961 277
1584236639166 0.2494556624678441 278
1584236639175 0.24820838415550486 279
1584236639182 0.24696734223472733 280
1584236639193 0.2457325055235537 281
1584236639204 0.24450384299593592 282
1584236639212 0.24328132378095624 283
1584236639220 0.24206491716205145 284
1584236639228 0.2408545925762412 285
1584236639234 0.23965031961336 286
1584236639243 0.2384520680152932 287
1584236639250 0.23725980767521673 288
1584236639257 0.23607350863684065 289
1584236639265 0.23489314109365644 290
1584236639272 0.23371867538818816 291
1584236639279 0.23255008201124722 292
1584236639289 0.231387331601191 293
1584236639303 0.23023039494318503 294
1584236639313 0.2290792429684691 295
1584236639320 0.22793384675362674 296
1584236639344 0.22679417751985861 297
1584236639357 0.22566020663225933 298
1584236639363 0.22453190559909803 299
1584236639372 0.22340924607110255 300
1584236639380 0.22229219984074702 301
1584236639386 0.2211807388415433 302
1584236639397 0.22007483514733558 303
1584236639409 0.2189744609715989 304
1584236639419 0.2178795886667409 305
1584236639425 0.2167901907234072 306
1584236639436 0.21570623976979014 307
1584236639445 0.21462770857094118 308
1584236639453 0.21355457002808648 309
1584236639464 0.21248679717794605 310
1584236639478 0.21142436319205632 311
1584236639487 0.21036724137609603 312
1584236639494 0.20931540516921554 313
1584236639506 0.20826882814336947 314
1584236639524 0.20722748400265262 315
1584236639533 0.20619134658263935 316
1584236639543 0.20516038984972615 317
1584236639556 0.2041345879004775 318
1584236639572 0.2031139149609751 319
1584236639585 0.20209834538617025 320
1584236639592 0.2010878536592394 321
1584236639606 0.2000824143909432 322
1584236639619 0.19908200231898848 323
1584236639628 0.19808659230739353 324
1584236639638 0.19709615934585656 325
1584236639646 0.19611067854912728 326
1584236639653 0.19513012515638165 327
1584236639667 0.19415447453059972 328
1584236639680 0.19318370215794672 329
1584236639689 0.192217783647157 330
1584236639702 0.1912566947289212 331
1584236639710 0.1903004112552766 332
1584236639721 0.18934890919900021 333
1584236639729 0.18840216465300522 334
1584236639739 0.18746015382974018 335
1584236639748 0.1865228530605915 336
1584236639756 0.18559023879528855 337
1584236639765 0.1846622876013121 338
1584236639774 0.18373897616330553 339
1584236639783 0.182820281282489 340
1584236639791 0.18190617987607657 341
1584236639803 0.18099664897669618 342
1584236639812 0.1800916657318127 343
1584236639824 0.17919120740315364 344
1584236639833 0.17829525136613786 345
1584236639841 0.17740377510930716 346
1584236639849 0.17651675623376062 347
1584236639859 0.1756341724525918 348
1584236639867 0.17475600159032884 349
1584236639876 0.17388222158237718 350
1584236639884 0.1730128104744653 351
1584236639891 0.17214774642209296 352
1584236639903 0.1712870076899825 353
1584236639912 0.17043057265153258 354
1584236639923 0.16957841978827493 355
1584236639930 0.16873052768933355 356
1584236639940 0.1678868750508869 357
1584236639948 0.16704744067563246 358
1584236639956 0.1662122034722543 359
1584236639965 0.16538114245489302 360
1584236639973 0.16455423674261854 361
1584236639978 0.16373146555890544 362
1584236639986 0.16291280823111093 363
1584236639995 0.16209824418995536 364
1584236640007 0.16128775296900558 365
1584236640017 0.16048131420416054 366
1584236640039 0.15967890763313974 367
1584236640054 0.15888051309497406 368
1584236640062 0.1580861105294992 369
1584236640077 0.1572956799768517 370
1584236640110 0.15650920157696743 371
1584236640128 0.1557266555690826 372
1584236640138 0.1549480222912372 373
1584236640146 0.15417328217978102 374
1584236640153 0.1534024157688821 375
1584236640163 0.1526354036900377 376
1584236640178 0.1518722266715875 377
1584236640186 0.15111286553822956 378
1584236640195 0.15035730121053842 379
1584236640202 0.14960551470448571 380
1584236640224 0.14885748713096328 381
1584236640236 0.14811319969530845 382
1584236640244 0.1473726336968319 383
1584236640251 0.14663577052834775 384
1584236640261 0.14590259167570602 385
1584236640268 0.1451730787173275 386
1584236640278 0.14444721332374086 387
1584236640285 0.14372497725712216 388
1584236640293 0.14300635237083656 389
1584236640301 0.14229132060898236 390
1584236640315 0.14157986400593744 391
1584236640325 0.14087196468590776 392
1584236640334 0.14016760486247823 393
1584236640344 0.13946676683816583 394
1584236640353 0.138769433003975 395
1584236640362 0.13807558583895513 396
1584236640370 0.13738520790976036 397
1584236640379 0.13669828187021155 398
1584236640387 0.13601479046086049 399
1584236640395 0.1353347165085562 400
1584236640402 0.1346580429260134 401
1584236640416 0.13398475271138335 402
1584236640429 0.13331482894782642 403
1584236640438 0.13264825480308728 404
1584236640447 0.13198501352907185 405
1584236640455 0.1313250884614265 406
1584236640464 0.13066846301911936 407
1584236640472 0.13001512070402377 408
1584236640481 0.12936504510050365 409
1584236640488 0.12871821987500112 410
1584236640497 0.12807462877562611 411
1584236640506 0.12743425563174798 412
1584236640521 0.12679708435358925 413
1584236640534 0.1261630989318213 414
1584236640543 0.1255322834371622 415
1584236640551 0.12490462201997637 416
1584236640560 0.1242800989098765 417
1584236640573 0.12365869841532712 418
1584236640582 0.12304040492325048 419
1584236640593 0.12242520289863423 420
1584236640600 0.12181307688414106 421
1584236640609 0.12120401149972035 422
1584236640623 0.12059799144222175 423
1584236640632 0.11999500148501063 424
1584236640644 0.11939502647758558 425
1584236640654 0.11879805134519765 426
1584236640663 0.11820406108847166 427
1584236640672 0.1176130407830293 428
1584236640678 0.11702497557911415 429
1584236640684 0.11643985070121858 430
1584236640690 0.11585765144771248 431
1584236640700 0.11527836319047392 432
1584236640711 0.11470197137452155 433
1584236640723 0.11412846151764894 434
1584236640731 0.1135578192100607 435
1584236640746 0.11299003011401039 436
1584236640758 0.11242507996344034 437
1584236640769 0.11186295456362313 438
1584236640778 0.11130363979080501 439
1584236640786 0.11074712159185099 440
1584236640795 0.11019338598389174 441
1584236640803 0.10964241905397228 442
1584236640812 0.10909420695870241 443
1584236640830 0.1085487359239089 444
1584236640842 0.10800599224428936 445
1584236640852 0.10746596228306791 446
1584236640861 0.10692863247165257 447
1584236640870 0.1063939893092943 448
1584236640877 0.10586201936274783 449
1584236640889 0.10533270926593409 450
1584236640897 0.10480604571960442 451
1584236640905 0.1042820154910064 452
1584236640922 0.10376060541355137 453
1584236640930 0.1032418023864836 454
1584236640943 0.10272559337455119 455
1584236640953 0.10221196540767843 456
1584236640961 0.10170090558064004 457
1584236640972 0.10119240105273684 458
1584236640982 0.10068643904747315 459
1584236640988 0.10018300685223579 460
1584236640996 0.0996820918179746 461
1584236641005 0.09918368135888474 462
1584236641014 0.09868776295209031 463
1584236641028 0.09819432413732986 464
1584236641040 0.09770335251664321 465
1584236641052 0.09721483575406 466
1584236641059 0.09672876157528969 467
1584236641068 0.09624511776741324 468
1584236641077 0.09576389217857617 469
1584236641085 0.09528507271768329 470
1584236641096 0.09480864735409487 471
1584236641103 0.0943346041173244 472
1584236641112 0.09386293109673778 473
1584236641130 0.09339361644125409 474
1584236641143 0.09292664835904782 475
1584236641153 0.09246201511725258 476
1584236641165 0.09199970504166631 477
1584236641177 0.09153970651645797 478
1584236641187 0.09108200798387568 479
1584236641195 0.0906265979439563 480
1584236641203 0.09017346495423652 481
1584236641214 0.08972259762946533 482
1584236641229 0.089273984641318 483
1584236641241 0.0888276147181114 484
1584236641250 0.08838347664452084 485
1584236641259 0.08794155926129824 486
1584236641270 0.08750185146499175 487
1584236641280 0.08706434220766679 488
1584236641289 0.08662902049662846 489
1584236641298 0.08619587539414532 490
1584236641306 0.08576489601717459 491
1584236641314 0.08533607153708872 492
1584236641329 0.08490939117940327 493
1584236641343 0.08448484422350626 494
1584236641351 0.08406242000238873 495
1584236641361 0.08364210790237678 496
1584236641372 0.0832238973628649 497
1584236641382 0.08280777787605056 498
1584236641389 0.08239373898667031 499
1584236641397 0.08198177029173696 500
1584236641405 0.08157186144027828 501
1584236641415 0.0811640021330769 502
1584236641430 0.08075818212241151 503
1584236641441 0.08035439121179945 504
1584236641451 0.07995261925574046 505
1584236641460 0.07955285615946175 506
1584236641472 0.07915509187866444 507
1584236641481 0.07875931641927113 508
1584236641488 0.07836551983717477 509
1584236641493 0.07797369223798889 510
1584236641503 0.07758382377679894 511
1584236641509 0.07719590465791494 512
1584236641519 0.07680992513462537 513
1584236641542 0.07642587550895225 514
1584236641577 0.07604374613140748 515
1584236641589 0.07566352740075044 516
1584236641597 0.07528520976374668 517
1584236641606 0.07490878371492794 518
1584236641620 0.0745342397963533 519
1584236641634 0.07416156859737154 520
1584236641649 0.07379076075438468 521
1584236641658 0.07342180695061275 522
1584236641668 0.07305469791585968 523
1584236641679 0.07268942442628039 524
1584236641687 0.07232597730414898 525
1584236641697 0.07196434741762824 526
1584236641706 0.0716045256805401 527
1584236641713 0.0712465030521374 528
1584236641722 0.0708902705368767 529
1584236641730 0.07053581918419231 530
1584236641740 0.07018314008827135 531
1584236641747 0.06983222438783 532
1584236641760 0.06948306326589085 533
1584236641769 0.0691356479495614 534
1584236641777 0.06878996970981359 535
1584236641784 0.06844601986126451 536
1584236641797 0.06810378976195819 537
1584236641808 0.0677632708131484 538
1584236641817 0.06742445445908266 539
1584236641826 0.06708733218678724 540
1584236641835 0.0667518955258533 541
1584236641846 0.06641813604822402 542
1584236641855 0.0660860453679829 543
1584236641862 0.06575561514114299 544
1584236641875 0.06542683706543727 545
1584236641884 0.06509970288011008 546
1584236641892 0.06477420436570952 547
1584236641900 0.06445033334388098 548
1584236641910 0.06412808167716157 549
1584236641919 0.06380744126877576 550
1584236641927 0.06348840406243188 551
1584236641938 0.06317096204211972 552
1584236641950 0.06285510723190912 553
1584236641964 0.06254083169574957 554
1584236641973 0.062228127537270826 555
1584236641981 0.06191698689958447 556
1584236641991 0.061607401965086545 557
1584236641998 0.06129936495526111 558
1584236642007 0.0609928681304848 559
1584236642016 0.060687903789832374 560
1584236642026 0.06038446427088321 561
1584236642031 0.06008254194952879 562
1584236642047 0.05978212923978115 563
1584236642062 0.05948321859358224 564
1584236642069 0.05918580250061433 565
1584236642080 0.058889873488111255 566
1584236642113 0.058595424120670696 567
1584236642121 0.05830244700006734 568
1584236642130 0.058010934765067 569
1584236642138 0.05772088009124167 570
1584236642150 0.05743227569078546 571
1584236642162 0.05714511431233153 572
1584236642172 0.05685938874076987 573
1584236642180 0.056575091797066025 574
1584236642190 0.056292216338080694 575
1584236642197 0.05601075525639029 576
1584236642207 0.05573070148010834 577
1584236642217 0.0554520479727078 578
1584236642226 0.05517478773284426 579
1584236642236 0.05489891379418004 580
1584236642249 0.05462441922520914 581
1584236642262 0.0543512971290831 582
1584236642270 0.05407954064343768 583
1584236642279 0.05380914294022049 584
1584236642288 0.05354009722551939 585
1584236642295 0.05327239673939179 586
1584236642303 0.053006034755694834 587
1584236642311 0.052741004581916356 588
1584236642320 0.052477299559006776 589
1584236642329 0.052214913061211746 590
1584236642337 0.05195383849590569 591
1584236642350 0.05169406930342616 592
1584236642361 0.05143559895690903 593
1584236642368 0.051178420962124486 594
1584236642376 0.05092252885731386 595
1584236642385 0.05066791621302729 596
1584236642392 0.05041457663196215 597
1584236642401 0.050162503748802344 598
1584236642409 0.049911691230058335 599
1584236642417 0.04966213277390804 600
1584236642425 0.0494138221100385 601
1584236642433 0.04916675299948831 602
1584236642440 0.04892091923449087 603
1584236642455 0.04867631463831842 604
1584236642464 0.048432933065126825 605
1584236642478 0.048190768399801194 606
1584236642488 0.04794981455780219 607
1584236642495 0.04771006548501318 608
1584236642506 0.047471515157588115 609
1584236642516 0.047234157581800176 610
1584236642524 0.046997986793891174 611
1584236642536 0.04676299685992172 612
1584236642547 0.04652918187562211 613
1584236642572 0.046296535966244 614
1584236642591 0.046065053286412784 615
1584236642600 0.04583472801998072 616
1584236642610 0.045605554379880814 617
1584236642619 0.04537752660798141 618
1584236642631 0.0451506389749415 619
1584236642643 0.044924885780066794 620
1584236642664 0.04470026135116646 621
1584236642672 0.04447676004441063 622
1584236642680 0.04425437624418858 623
1584236642690 0.04403310436296763 624
1584236642698 0.043812938841152796 625
1584236642706 0.04359387414694703 626
1584236642715 0.043375904776212296 627
1584236642723 0.043159025252331236 628
1584236642731 0.04294323012606958 629
1584236642739 0.04272851397543923 630
1584236642747 0.04251487140556204 631
1584236642759 0.04230229704853423 632
1584236642765 0.04209078556329156 633
1584236642774 0.0418803316354751 634
1584236642780 0.041670929977297724 635
1584236642788 0.04146257532741124 636
1584236642799 0.04125526245077418 637
1584236642808 0.04104898613852031 638
1584236642816 0.04084374120782771 639
1584236642826 0.04063952250178857 640
1584236642837 0.04043632488927963 641
1584236642846 0.04023414326483323 642
1584236642861 0.040032972548509065 643
1584236642872 0.03983280768576652 644
1584236642884 0.03963364364733769 645
1584236642892 0.039435475429100995 646
1584236642899 0.03923829805195549 647
1584236642911 0.03904210656169572 648
1584236642921 0.03884689602888724 649
1584236642929 0.0386526615487428 650
1584236642938 0.03845939824099909 651
1584236642947 0.03826710124979409 652
1584236642964 0.038075765743545126 653
1584236642976 0.0378853869148274 654
1584236642987 0.03769595998025326 655
1584236642996 0.03750748018035199 656
1584236643004 0.037319942779450235 657
1584236643014 0.037133343065552986 658
1584236643024 0.03694767635022522 659
1584236643034 0.036762937968474095 660
1584236643046 0.03657912327863173 661
1584236643055 0.036396227662238566 662
1584236643075 0.03621424652392737 663
1584236643089 0.036033175291307735 664
1584236643097 0.03585300941485119 665
1584236643109 0.035673744367776934 666
1584236643115 0.03549537564593805 667
1584236643124 0.035317898767708356 668
1584236643133 0.03514130927386981 669
1584236643142 0.03496560272750046 670
1584236643151 0.03479077471386296 671
1584236643165 0.03461682084029365 672
1584236643175 0.034443736736092176 673
1584236643185 0.034271518052411715 674
1584236643194 0.034100160462149656 675
1584236643201 0.03392965965983891 676
1584236643210 0.033760011361539714 677
1584236643219 0.03359121130473201 678
1584236643229 0.033423255248208356 679
1584236643240 0.03325613897196732 680
1584236643248 0.03308985827710748 681
1584236643261 0.032924408985721944 682
1584236643273 0.03275978694079333 683
1584236643282 0.032595988006089364 684
1584236643291 0.032433008066058915 685
1584236643298 0.03227084302572862 686
1584236643305 0.032109488810599975 687
1584236643314 0.031948941366546975 688
1584236643323 0.03178919665971424 689
1584236643333 0.03163025067641567 690
1584236643342 0.03147209942303359 691
1584236643351 0.03131473892591842 692
1584236643363 0.031158165231288826 693
1584236643374 0.03100237440513238 694
1584236643385 0.030847362533106718 695
1584236643393 0.030693125720441184 696
1584236643402 0.030539660091838977 697
1584236643409 0.03038696179137978 698
1584236643417 0.030235026982422884 699
1584236643426 0.030083851847510768 700
1584236643436 0.029933432588273214 701
1584236643447 0.029783765425331846 702
1584236643455 0.029634846598205186 703
1584236643470 0.02948667236521416 704
1584236643480 0.029339239003388088 705
1584236643489 0.029192542808371146 706
1584236643496 0.02904658009432929 707
1584236643503 0.028901347193857643 708
1584236643511 0.028756840457888354 709
1584236643519 0.02861305625559891 710
1584236643527 0.028469990974320916 711
1584236643557 0.02832764101944931 712
1584236643602 0.028186002814352063 713
1584236643611 0.0280450728002803 714
1584236643618 0.0279048474362789 715
1584236643627 0.027765323199097504 716
1584236643637 0.027626496583102015 717
1584236643646 0.027488364100186506 718
1584236643654 0.027350922279685573 719
1584236643668 0.027214167668287145 720
1584236643678 0.02707809682994571 721
1584236643688 0.02694270634579598 722
1584236643698 0.026807992814067 723
1584236643707 0.026673952849996664 724
1584236643715 0.02654058308574668 725
1584236643723 0.026407880170317945 726
1584236643733 0.026275840769466357 727
1584236643743 0.026144461565619025 728
1584236643749 0.02601373925779093 729
1584236643758 0.025883670561501974 730
1584236643771 0.025754252208694463 731
1584236643779 0.02562548094765099 732
1584236643792 0.025497353542912736 733
1584236643802 0.02536986677519817 734
1584236643809 0.02524301744132218 735
1584236643817 0.025116802354115567 736
1584236643826 0.024991218342344988 737
1584236643838 0.024866262250633264 738
1584236643848 0.024741930939380097 739
1584236643861 0.024618221284683196 740
1584236643877 0.02449513017825978 741
1584236643891 0.02437265452736848 742
1584236643899 0.024250791254731636 743
1584236643906 0.024129537298457977 744
1584236643917 0.024008889611965685 745
1584236643927 0.023888845163905856 746
1584236643935 0.023769400938086327 747
1584236643947 0.023650553933395897 748
1584236643955 0.023532301163728918 749
1584236643965 0.023414639657910272 750
1584236643984 0.023297566459620722 751
1584236643993 0.023181078627322618 752
1584236644000 0.023065173234186005 753
1584236644007 0.022949847368015076 754
1584236644013 0.022835098131175 755
1584236644021 0.022720922640519125 756
1584236644028 0.02260731802731653 757
1584236644040 0.022494281437179946 758
1584236644049 0.022381810029994047 759
1584236644057 0.022269900979844076 760
1584236644067 0.022158551474944856 761
1584236644093 0.022047758717570132 762
1584236644100 0.021937519923982282 763
1584236644113 0.021827832324362372 764
1584236644121 0.02171869316274056 765
1584236644130 0.021610099696926857 766
1584236644140 0.021502049198442223 767
1584236644151 0.021394538952450012 768
1584236644160 0.02128756625768776 769
1584236644168 0.021181128426399323 770
1584236644180 0.021075222784267326 771
1584236644191 0.020969846670345987 772
1584236644200 0.020864997436994256 773
1584236644209 0.020760672449809284 774
1584236644219 0.020656869087560238 775
1584236644228 0.020553584742122436 776
1584236644235 0.020450816818411825 777
1584236644245 0.020348562734319765 778
1584236644255 0.020246819920648168 779
1584236644263 0.020145585821044927 780
1584236644275 0.020044857891939702 781
1584236644284 0.019944633602480003 782
1584236644295 0.019844910434467605 783
1584236644302 0.019745685882295267 784
1584236644310 0.01964695745288379 785
1584236644318 0.01954872266561937 786
1584236644328 0.019450979052291272 787
1584236644352 0.019353724157029815 788
1584236644362 0.019256955536244666 789
1584236644375 0.019160670758563442 790
1584236644387 0.019064867404770626 791
1584236644396 0.018969543067746772 792
1584236644406 0.018874695352408037 793
1584236644415 0.018780321875645996 794
1584236644422 0.018686420266267767 795
1584236644431 0.018592988164936427 796
1584236644439 0.018500023224111744 797
1584236644448 0.018407523107991184 798
1584236644456 0.01831548549245123 799
1584236644466 0.018223908064988973 800
1584236644478 0.018132788524664028 801
1584236644490 0.018042124582040707 802
1584236644499 0.017951913959130504 803
1584236644507 0.01786215438933485 804
1584236644515 0.017772843617388175 805
1584236644522 0.017683979399301233 806
1584236644530 0.017595559502304726 807
1584236644537 0.0175075817047932 808
1584236644546 0.017420043796269234 809
1584236644556 0.017332943577287888 810
1584236644565 0.01724627885940145 811
1584236644576 0.017160047465104442 812
1584236644599 0.01707424722777892 813
1584236644608 0.016988875991640028 814
1584236644616 0.016903931611681827 815
1584236644624 0.01681941195362342 816
1584236644633 0.016735314893855303 817
1584236644643 0.016651638319386028 818
1584236644652 0.0165683801277891 819
1584236644660 0.016485538227150154 820
1584236644669 0.0164031105360144 821
1584236644683 0.01632109498333433 822
1584236644697 0.016239489508417658 823
1584236644706 0.01615829206087557 824
1584236644713 0.01607750060057119 825
1584236644724 0.015997113097568336 826
1584236644731 0.015917127532080494 827
1584236644736 0.01583754189442009 828
1584236644743 0.01575835418494799 829
1584236644751 0.01567956241402325 830
1584236644758 0.015601164601953134 831
1584236644765 0.015523158778943369 832
1584236644770 0.015445542985048652 833
1584236644790 0.015368315270123408 834
1584236644800 0.01529147369377279 835
1584236644807 0.015215016325303928 836
1584236644817 0.015138941243677408 837
1584236644825 0.01506324653745902 838
1584236644835 0.014987930304771725 839
1584236644843 0.014912990653247866 840
1584236644852 0.014838425699981627 841
1584236644862 0.01476423357148172 842
1584236644870 0.014690412403624311 843
1584236644878 0.01461696034160619 844
1584236644895 0.014543875539898159 845
1584236644903 0.014471156162198668 846
1584236644911 0.014398800381387675 847
1584236644920 0.014326806379480736 848
1584236644931 0.014255172347583332 849
1584236644942 0.014183896485845416 850
1584236644952 0.014112977003416188 851
1584236644962 0.014042412118399107 852
1584236644972 0.013972200057807112 853
1584236644983 0.013902339057518077 854
1584236644996 0.013832827362230486 855
1584236645007 0.013763663225419333 856
1584236645015 0.013694844909292236 857
1584236645025 0.013626370684745774 858
1584236645036 0.013558238831322046 859
1584236645049 0.013490447637165436 860
1584236645068 0.013422995398979608 861
1584236645080 0.01335588042198471 862
1584236645108 0.013289101019874787 863
1584236645119 0.013222655514775413 864
1584236645127 0.013156542237201536 865
1584236645135 0.013090759526015528 866
1584236645145 0.01302530572838545 867
1584236645154 0.012960179199743523 868
1584236645164 0.012895378303744804 869
1584236645173 0.01283090141222608 870
1584236645183 0.012766746905164949 871
1584236645197 0.012702913170639124 872
1584236645209 0.012639398604785928 873
1584236645218 0.012576201611761997 874
1584236645228 0.012513320603703188 875
1584236645237 0.012450754000684672 876
1584236645248 0.012388500230681249 877
1584236645258 0.012326557729527843 878
1584236645269 0.012264924940880204 879
1584236645282 0.012203600316175803 880
1584236645297 0.012142582314594924 881
1584236645309 0.01208186940302195 882
1584236645317 0.01202146005600684 883
1584236645327 0.011961352755726806 884
1584236645338 0.01190154599194817 885
1584236645350 0.01184203826198843 886
1584236645360 0.011782828070678488 887
1584236645367 0.011723913930325095 888
1584236645378 0.01166529436067347 889
1584236645408 0.011606967888870102 890
1584236645437 0.01154893304942575 891
1584236645446 0.011491188384178622 892
1584236645454 0.011433732442257729 893
1584236645463 0.01137656378004644 894
1584236645474 0.011319680961146208 895
1584236645482 0.011263082556340478 896
1584236645488 0.011206767143558775 897
1584236645501 0.011150733307840981 898
1584236645512 0.011094979641301777 899
1584236645519 0.011039504743095268 900
1584236645528 0.01098430721937979 901
1584236645537 0.010929385683282892 902
1584236645545 0.010874738754866477 903
1584236645553 0.010820365061092144 904
1584236645562 0.010766263235786683 905
1584236645570 0.01071243191960775 906
1584236645578 0.010658869760009713 907
1584236645592 0.010605575411209664 908
1584236645612 0.010552547534153616 909
1584236645620 0.010499784796482848 910
1584236645629 0.010447285872500434 911
1584236645639 0.01039504944313793 912
1584236645648 0.010343074195922241 913
1584236645658 0.01029135882494263 914
1584236645666 0.010239902030817916 915
1584236645675 0.010188702520663827 916
1584236645684 0.010137759008060509 917
1584236645692 0.010087070213020206 918
1584236645707 0.010036634861955105 919
1584236645720 0.01 920
1584236645728 0.01 921
1584236645737 0.01 922
1584236645746 0.01 923
1584236645755 0.01 924
1584236645764 0.01 925
1584236645773 0.01 926
1584236645781 0.01 927
1584236645789 0.01 928
1584236645797 0.01 929
1584236645813 0.01 930
1584236645822 0.01 931
1584236645831 0.01 932
1584236645838 0.01 933
1584236645846 0.01 934
1584236645854 0.01 935
1584236645863 0.01 936
1584236645871 0.01 937
1584236645880 0.01 938
1584236645888 0.01 939
1584236645896 0.01 940
1584236645912 0.01 941
1584236645919 0.01 942
1584236645928 0.01 943
1584236645937 0.01 944
1584236645946 0.01 945
1584236645955 0.01 946
1584236645964 0.01 947
1584236645972 0.01 948
1584236645980 0.01 949
1584236645988 0.01 950
1584236645996 0.01 951
1584236646008 0.01 952
1584236646015 0.01 953
1584236646027 0.01 954
1584236646035 0.01 955
1584236646045 0.01 956
1584236646054 0.01 957
1584236646062 0.01 958
1584236646071 0.01 959
1584236646079 0.01 960
1584236646095 0.01 961
1584236646109 0.01 962
1584236646121 0.01 963
1584236646131 0.01 964
1584236646140 0.01 965
1584236646149 0.01 966
1584236646158 0.01 967
1584236646167 0.01 968
1584236646178 0.01 969
1584236646188 0.01 970
1584236646197 0.01 971
1584236646206 0.01 972
1584236646221 0.01 973
1584236646234 0.01 974
1584236646244 0.01 975
1584236646255 0.01 976
1584236646264 0.01 977
1584236646273 0.01 978
1584236646284 0.01 979
1584236646293 0.01 980
1584236646303 0.01 981
1584236646315 0.01 982
1584236646326 0.01 983
1584236646336 0.01 984
1584236646346 0.01 985
1584236646356 0.01 986
1584236646366 0.01 987
1584236646376 0.01 988
1584236646385 0.01 989
1584236646395 0.01 990
1584236646403 0.01 991
1584236646434 0.01 992
1584236646443 0.01 993
1584236646452 0.01 994
1584236646461 0.01 995
1584236646470 0.01 996
1584236646480 0.01 997
1584236646490 0.01 998
1584236646500 0.01 999
1584236646508 0.01 1000
1584236646520 0.01 1001
1584236646531 0.01 1002
1584236646539 0.01 1003
1584236646547 0.01 1004
1584236646556 0.01 1005
1584236646565 0.01 1006
1584236646574 0.01 1007
1584236646584 0.01 1008
1584236646598 0.01 1009
1584236646607 0.01 1010
1584236646629 0.01 1011
1584236646640 0.01 1012
1584236646649 0.01 1013
1584236646659 0.01 1014
1584236646668 0.01 1015
1584236646677 0.01 1016
1584236646687 0.01 1017
1584236646696 0.01 1018
1584236646705 0.01 1019
1584236646714 0.01 1020
1584236646732 0.01 1021
1584236646741 0.01 1022
1584236646752 0.01 1023
1584236646763 0.01 1024
1584236646773 0.01 1025
1584236646786 0.01 1026
1584236646797 0.01 1027
1584236646805 0.01 1028
1584236646813 0.01 1029
1584236646828 0.01 1030
1584236646839 0.01 1031
1584236646848 0.01 1032
1584236646859 0.01 1033
1584236646870 0.01 1034
1584236646880 0.01 1035
1584236646891 0.01 1036
1584236646902 0.01 1037
1584236646909 0.01 1038
1584236646918 0.01 1039
1584236646935 0.01 1040
1584236646946 0.01 1041
1584236646955 0.01 1042
1584236646967 0.01 1043
1584236646979 0.01 1044
1584236646990 0.01 1045
1584236647001 0.01 1046
1584236647009 0.01 1047
1584236647017 0.01 1048
1584236647031 0.01 1049
1584236647040 0.01 1050
1584236647050 0.01 1051
1584236647060 0.01 1052
1584236647072 0.01 1053
1584236647084 0.01 1054
1584236647097 0.01 1055
1584236647109 0.01 1056
1584236647129 0.01 1057
1584236647137 0.01 1058
1584236647148 0.01 1059
1584236647158 0.01 1060
1584236647167 0.01 1061
1584236647178 0.01 1062
1584236647188 0.01 1063
1584236647198 0.01 1064
1584236647205 0.01 1065
1584236647214 0.01 1066
1584236647224 0.01 1067
1584236647238 0.01 1068
1584236647251 0.01 1069
1584236647261 0.01 1070
1584236647270 0.01 1071
1584236647279 0.01 1072
1584236647289 0.01 1073
1584236647300 0.01 1074
1584236647307 0.01 1075
1584236647315 0.01 1076
1584236647324 0.01 1077
1584236647336 0.01 1078
1584236647348 0.01 1079
1584236647356 0.01 1080
1584236647365 0.01 1081
1584236647376 0.01 1082
1584236647387 0.01 1083
1584236647398 0.01 1084
1584236647423 0.01 1085
1584236647435 0.01 1086
1584236647448 0.01 1087
1584236647459 0.01 1088
1584236647468 0.01 1089
1584236647480 0.01 1090
1584236647489 0.01 1091
1584236647499 0.01 1092
1584236647509 0.01 1093
1584236647519 0.01 1094
1584236647529 0.01 1095
1584236647546 0.01 1096
1584236647556 0.01 1097
1584236647566 0.01 1098
1584236647575 0.01 1099
1584236647584 0.01 1100
1584236647593 0.01 1101
1584236647610 0.01 1102
1584236647618 0.01 1103
1584236647637 0.01 1104
1584236647649 0.01 1105
1584236647659 0.01 1106
1584236647669 0.01 1107
1584236647682 0.01 1108
1584236647692 0.01 1109
1584236647703 0.01 1110
1584236647710 0.01 1111
1584236647719 0.01 1112
1584236647731 0.01 1113
1584236647749 0.01 1114
1584236647759 0.01 1115
1584236647770 0.01 1116
1584236647779 0.01 1117
1584236647789 0.01 1118
1584236647799 0.01 1119
1584236647808 0.01 1120
1584236647817 0.01 1121
1584236647826 0.01 1122
1584236647845 0.01 1123
1584236647855 0.01 1124
1584236647864 0.01 1125
1584236647874 0.01 1126
1584236647883 0.01 1127
1584236647890 0.01 1128
1584236647901 0.01 1129
1584236647910 0.01 1130
1584236647919 0.01 1131
1584236647928 0.01 1132
1584236647942 0.01 1133
1584236647952 0.01 1134
1584236647964 0.01 1135
1584236647975 0.01 1136
1584236647985 0.01 1137
1584236647995 0.01 1138
1584236648004 0.01 1139
1584236648012 0.01 1140
1584236648021 0.01 1141
1584236648030 0.01 1142
1584236648044 0.01 1143
1584236648054 0.01 1144
1584236648064 0.01 1145
1584236648072 0.01 1146
1584236648081 0.01 1147
1584236648089 0.01 1148
1584236648101 0.01 1149
1584236648115 0.01 1150
1584236648123 0.01 1151
1584236648134 0.01 1152
1584236648149 0.01 1153
1584236648160 0.01 1154
1584236648169 0.01 1155
1584236648182 0.01 1156
1584236648192 0.01 1157
1584236648203 0.01 1158
1584236648212 0.01 1159
1584236648221 0.01 1160
1584236648232 0.01 1161
1584236648247 0.01 1162
1584236648259 0.01 1163
1584236648270 0.01 1164
1584236648280 0.01 1165
1584236648291 0.01 1166
1584236648302 0.01 1167
1584236648313 0.01 1168
1584236648322 0.01 1169
1584236648331 0.01 1170
1584236648347 0.01 1171
1584236648363 0.01 1172
1584236648375 0.01 1173
1584236648388 0.01 1174
1584236648399 0.01 1175
1584236648429 0.01 1176
1584236648436 0.01 1177
1584236648451 0.01 1178
1584236648463 0.01 1179
1584236648474 0.01 1180
1584236648487 0.01 1181
1584236648499 0.01 1182
1584236648511 0.01 1183
1584236648522 0.01 1184
1584236648532 0.01 1185
1584236648544 0.01 1186
1584236648581 0.01 1187
1584236648593 0.01 1188
1584236648612 0.01 1189
1584236648624 0.01 1190
1584236648635 0.01 1191
1584236648661 0.01 1192
1584236648675 0.01 1193
1584236648686 0.01 1194
1584236648695 0.01 1195
1584236648703 0.01 1196
1584236648714 0.01 1197
1584236648727 0.01 1198
1584236648743 0.01 1199
1584236648764 0.01 1200
1584236648775 0.01 1201
1584236648787 0.01 1202
1584236648801 0.01 1203
1584236648815 0.01 1204
1584236648826 0.01 1205
1584236648836 0.01 1206
1584236648851 0.01 1207
1584236648867 0.01 1208
1584236648936 0.01 1209
1584236648954 0.01 1210
1584236648970 0.01 1211
1584236648982 0.01 1212
1584236648994 0.01 1213
1584236649007 0.01 1214
1584236649020 0.01 1215
1584236649031 0.01 1216
1584236649043 0.01 1217
1584236649065 0.01 1218
1584236649079 0.01 1219
1584236649115 0.01 1220
1584236649131 0.01 1221
1584236649142 0.01 1222
1584236649163 0.01 1223
1584236649177 0.01 1224
1584236649217 0.01 1225
1584236649227 0.01 1226
1584236649238 0.01 1227
1584236649271 0.01 1228
1584236649285 0.01 1229
1584236649295 0.01 1230
1584236649307 0.01 1231
1584236649318 0.01 1232
1584236649327 0.01 1233
1584236649338 0.01 1234
1584236649356 0.01 1235
1584236649374 0.01 1236
1584236649389 0.01 1237
1584236649402 0.01 1238
1584236649413 0.01 1239
1584236649420 0.01 1240
1584236649430 0.01 1241
1584236649439 0.01 1242
1584236649448 0.01 1243
1584236649465 0.01 1244
1584236649474 0.01 1245
1584236649484 0.01 1246
1584236649496 0.01 1247
1584236649513 0.01 1248
1584236649521 0.01 1249
1584236649530 0.01 1250
1584236649539 0.01 1251
1584236649549 0.01 1252
1584236649565 0.01 1253
1584236649575 0.01 1254
1584236649584 0.01 1255
1584236649595 0.01 1256
1584236649606 0.01 1257
1584236649620 0.01 1258
1584236649636 0.01 1259
1584236649655 0.01 1260
1584236649668 0.01 1261
1584236649679 0.01 1262
