1584236636342 300 1
1584236636351 0 2
1584236636369 0 3
1584236636379 0 4
1584236636388 0 5
1584236636397 0 6
1584236636408 0 7
1584236636420 0 8
1584236636431 0 9
1584236636442 0 10
1584236636451 0 11
1584236636469 0 12
1584236636480 0 13
1584236636493 0 14
1584236636506 0 15
1584236636516 0 16
1584236636527 0 17
1584236636535 0 18
1584236636544 0 19
1584236636559 0 20
1584236636576 0 21
1584236636584 0 22
1584236636592 0 23
1584236636602 0 24
1584236636610 0 25
1584236636621 0 26
1584236636630 0 27
1584236636641 0 28
1584236636649 0 29
1584236636657 0 30
1584236636673 0 31
1584236636680 0 32
1584236636687 0 33
1584236636695 0 34
1584236636703 0 35
1584236636711 0 36
1584236636716 0 37
1584236636722 0 38
1584236636729 0 39
1584236636738 0 40
1584236636746 0 41
1584236636755 0 42
1584236636766 0 43
1584236636774 0 44
1584236636784 0 45
1584236636793 0 46
1584236636801 0 47
1584236636809 0 48
1584236636818 0 49
1584236636825 0 50
1584236636831 0 51
1584236636841 0 52
1584236636849 0 53
1584236636857 0 54
1584236636876 0 55
1584236636889 0 56
1584236636898 0 57
1584236636906 0 58
1584236636915 0 59
1584236636924 0 60
1584236636933 0 61
1584236636944 0 62
1584236636952 0 63
1584236636968 0 64
1584236636976 0 65
1584236636989 0 66
1584236637004 0 67
1584236637013 0 68
1584236637023 0 69
1584236637031 0 70
1584236637040 0 71
1584236637048 0 72
1584236637060 0 73
1584236637082 0 74
1584236637120 0 75
1584236637129 0 76
1584236637138 0 77
1584236637149 0 78
1584236637158 0 79
1584236637171 0 80
1584236637181 0 81
1584236637189 0 82
1584236637197 0 83
1584236637207 0 84
1584236637217 0 85
1584236637226 0 86
1584236637235 0 87
1584236637242 0 88
1584236637251 0 89
1584236637259 0 90
1584236637272 0 91
1584236637281 0 92
1584236637290 0 93
1584236637298 0 94
1584236637307 0 95
1584236637316 0 96
1584236637325 0 97
1584236637334 0 98
1584236637341 0 99
1584236637349 0 100
1584236637358 0 101
1584236637367 0 102
1584236637383 0 103
1584236637393 0 104
1584236637400 0 105
1584236637408 0 106
1584236637418 0 107
1584236637427 0 108
1584236637435 0 109
1584236637443 0 110
1584236637450 0 111
1584236637457 0 112
1584236637463 0 113
1584236637507 0 114
1584236637525 0 115
1584236637534 0 116
1584236637547 0 117
1584236637573 0 118
1584236637585 0 119
1584236637595 0 120
1584236637603 0 121
1584236637611 0 122
1584236637617 0 123
1584236637623 0 124
1584236637631 0 125
1584236637639 0 126
1584236637646 0 127
1584236637652 0 128
1584236637658 0 129
1584236637665 0 130
1584236637676 0 131
1584236637686 0 132
1584236637694 0 133
1584236637700 0 134
1584236637706 0 135
1584236637711 0 136
1584236637717 0 137
1584236637723 0 138
1584236637729 0 139
1584236637735 0 140
1584236637740 0 141
1584236637745 0 142
1584236637752 0 143
1584236637757 0 144
1584236637762 0 145
1584236637772 0 146
1584236637790 0 147
1584236637801 0 148
1584236637810 0 149
1584236637823 0 150
1584236637831 0 151
1584236637841 0 152
1584236637850 0 153
1584236637859 0 154
1584236637871 0 155
1584236637893 0 156
1584236637908 0 157
1584236637917 0 158
1584236637926 0 159
1584236637934 0 160
1584236637943 0 161
1584236637952 0 162
1584236637961 0 163
1584236637971 0 164
1584236637985 0 165
1584236637994 0 166
1584236638009 0 167
1584236638021 0 168
1584236638030 0 169
1584236638039 0 170
1584236638048 0 171
1584236638062 0 172
1584236638075 0 173
1584236638089 0 174
1584236638101 0 175
1584236638110 0 176
1584236638120 0 177
1584236638129 0 178
1584236638137 0 179
1584236638147 0 180
1584236638157 0 181
1584236638166 0 182
1584236638175 0 183
1584236638194 0 184
1584236638205 0 185
1584236638214 0 186
1584236638222 0 187
1584236638232 0 188
1584236638242 0 189
1584236638250 0 190
1584236638259 0 191
1584236638267 0 192
1584236638276 0 193
1584236638289 0 194
1584236638300 0 195
1584236638307 0 196
1584236638319 0 197
1584236638328 0 198
1584236638336 0 199
1584236638344 0 200
1584236638352 0 201
1584236638361 0 202
1584236638371 0 203
1584236638380 0 204
1584236638392 0 205
1584236638403 0 206
1584236638412 0 207
1584236638421 0 208
1584236638435 0 209
1584236638444 0 210
1584236638454 0 211
1584236638464 0 212
1584236638473 0 213
1584236638481 0 214
1584236638496 0 215
1584236638511 0 216
1584236638522 0 217
1584236638530 0 218
1584236638574 0 219
1584236638584 0 220
1584236638600 0 221
1584236638609 0 222
1584236638619 0 223
1584236638627 0 224
1584236638636 0 225
1584236638644 0 226
1584236638654 0 227
1584236638663 0 228
1584236638671 0 229
1584236638678 0 230
1584236638690 0 231
1584236638701 0 232
1584236638709 0 233
1584236638718 0 234
1584236638727 0 235
1584236638737 0 236
1584236638746 0 237
1584236638753 0 238
1584236638761 0 239
1584236638773 0 240
1584236638780 0 241
1584236638792 0 242
1584236638802 0 243
1584236638812 0 244
1584236638817 0 245
1584236638824 0 246
1584236638832 0 247
1584236638847 0 248
1584236638859 0 249
1584236638869 0 250
1584236638881 0 251
1584236638895 0 252
1584236638909 0 253
1584236638916 0 254
1584236638923 0 255
1584236638938 0 256
1584236638949 0 257
1584236638958 0 258
1584236638967 0 259
1584236638976 0 260
1584236638985 0 261
1584236639001 0 262
1584236639013 0 263
1584236639025 0 264
1584236639034 0 265
1584236639043 0 266
1584236639052 0 267
1584236639060 0 268
1584236639074 0 269
1584236639085 0 270
1584236639103 0 271
1584236639111 0 272
1584236639119 0 273
1584236639125 0 274
1584236639137 0 275
1584236639146 0 276
1584236639157 0 277
1584236639166 0 278
1584236639175 0 279
1584236639182 0 280
1584236639193 0 281
1584236639204 0 282
1584236639212 0 283
1584236639220 0 284
1584236639228 0 285
1584236639234 0 286
1584236639243 0 287
1584236639250 0 288
1584236639257 0 289
1584236639265 0 290
1584236639272 0 291
1584236639279 0 292
1584236639289 0 293
1584236639303 0 294
1584236639313 0 295
1584236639320 0 296
1584236639344 0 297
1584236639357 0 298
1584236639363 0 299
1584236639372 0 300
1584236639380 0 301
1584236639386 0 302
1584236639397 0 303
1584236639409 0 304
1584236639419 0 305
1584236639425 0 306
1584236639436 0 307
1584236639445 0 308
1584236639453 0 309
1584236639464 0 310
1584236639478 0 311
1584236639487 0 312
1584236639494 0 313
1584236639506 0 314
1584236639524 0 315
1584236639533 0 316
1584236639543 0 317
1584236639556 0 318
1584236639572 0 319
1584236639585 0 320
1584236639592 0 321
1584236639606 0 322
1584236639619 0 323
1584236639628 0 324
1584236639638 0 325
1584236639646 0 326
1584236639653 0 327
1584236639667 0 328
1584236639680 0 329
1584236639689 0 330
1584236639702 0 331
1584236639710 0 332
1584236639721 0 333
1584236639729 0 334
1584236639739 0 335
1584236639748 0 336
1584236639756 0 337
1584236639765 0 338
1584236639774 0 339
1584236639783 0 340
1584236639791 0 341
1584236639803 0 342
1584236639812 0 343
1584236639824 0 344
1584236639833 0 345
1584236639841 0 346
1584236639849 0 347
1584236639859 0 348
1584236639867 0 349
1584236639876 0 350
1584236639884 0 351
1584236639891 0 352
1584236639903 0 353
1584236639912 0 354
1584236639923 0 355
1584236639930 0 356
1584236639940 0 357
1584236639948 0 358
1584236639956 0 359
1584236639965 0 360
1584236639973 0 361
1584236639978 0 362
1584236639986 0 363
1584236639995 0 364
1584236640007 0 365
1584236640017 0 366
1584236640039 0 367
1584236640054 0 368
1584236640062 0 369
1584236640077 0 370
1584236640110 0 371
1584236640128 0 372
1584236640138 0 373
1584236640146 0 374
1584236640153 0 375
1584236640163 0 376
1584236640178 0 377
1584236640186 0 378
1584236640195 0 379
1584236640202 0 380
1584236640224 0 381
1584236640236 0 382
1584236640244 0 383
1584236640251 0 384
1584236640261 0 385
1584236640268 0 386
1584236640278 0 387
1584236640285 0 388
1584236640293 0 389
1584236640301 0 390
1584236640315 0 391
1584236640325 0 392
1584236640334 0 393
1584236640344 0 394
1584236640353 0 395
1584236640362 0 396
1584236640370 0 397
1584236640379 0 398
1584236640387 0 399
1584236640395 0 400
1584236640402 0 401
1584236640416 0 402
1584236640429 0 403
1584236640438 0 404
1584236640447 0 405
1584236640455 0 406
1584236640464 0 407
1584236640472 0 408
1584236640481 0 409
1584236640488 0 410
1584236640497 0 411
1584236640506 0 412
1584236640521 0 413
1584236640534 0 414
1584236640543 0 415
1584236640551 0 416
1584236640560 0 417
1584236640573 0 418
1584236640582 0 419
1584236640593 0 420
1584236640600 0 421
1584236640609 0 422
1584236640623 0 423
1584236640632 0 424
1584236640644 0 425
1584236640654 0 426
1584236640663 0 427
1584236640672 0 428
1584236640678 0 429
1584236640684 0 430
1584236640690 0 431
1584236640700 0 432
1584236640711 0 433
1584236640723 0 434
1584236640731 0 435
1584236640746 0 436
1584236640758 0 437
1584236640769 0 438
1584236640778 0 439
1584236640786 0 440
1584236640795 0 441
1584236640803 0 442
1584236640812 0 443
1584236640830 0 444
1584236640842 0 445
1584236640852 0 446
1584236640861 0 447
1584236640870 0 448
1584236640877 0 449
1584236640889 0 450
1584236640897 0 451
1584236640905 0 452
1584236640922 0 453
1584236640930 0 454
1584236640943 0 455
1584236640953 0 456
1584236640961 0 457
1584236640972 0 458
1584236640982 0 459
1584236640988 0 460
1584236640996 0 461
1584236641005 0 462
1584236641014 0 463
1584236641028 0 464
1584236641040 0 465
1584236641052 0 466
1584236641059 0 467
1584236641068 0 468
1584236641077 0 469
1584236641085 0 470
1584236641096 0 471
1584236641103 0 472
1584236641112 0 473
1584236641130 0 474
1584236641143 0 475
1584236641153 0 476
1584236641165 0 477
1584236641177 0 478
1584236641187 0 479
1584236641195 0 480
1584236641203 0 481
1584236641214 0 482
1584236641229 0 483
1584236641241 0 484
1584236641250 0 485
1584236641259 0 486
1584236641270 0 487
1584236641280 0 488
1584236641289 0 489
1584236641298 0 490
1584236641306 0 491
1584236641314 0 492
1584236641329 0 493
1584236641343 0 494
1584236641351 0 495
1584236641361 0 496
1584236641372 0 497
1584236641382 0 498
1584236641389 0 499
1584236641397 0 500
1584236641405 0 501
1584236641415 0 502
1584236641430 0 503
1584236641441 0 504
1584236641451 0 505
1584236641460 0 506
1584236641472 0 507
1584236641481 0 508
1584236641488 0 509
1584236641493 0 510
1584236641503 0 511
1584236641509 0 512
1584236641519 0 513
1584236641542 0 514
1584236641577 0 515
1584236641589 0 516
1584236641597 0 517
1584236641606 0 518
1584236641620 0 519
1584236641634 0 520
1584236641649 0 521
1584236641658 0 522
1584236641668 0 523
1584236641679 0 524
1584236641687 0 525
1584236641697 0 526
1584236641706 0 527
1584236641713 0 528
1584236641722 0 529
1584236641730 0 530
1584236641740 0 531
1584236641747 0 532
1584236641760 0 533
1584236641769 0 534
1584236641777 0 535
1584236641784 0 536
1584236641797 0 537
1584236641808 0 538
1584236641817 0 539
1584236641826 0 540
1584236641835 0 541
1584236641846 0 542
1584236641855 0 543
1584236641862 0 544
1584236641875 0 545
1584236641884 0 546
1584236641892 0 547
1584236641900 0 548
1584236641910 0 549
1584236641919 0 550
1584236641927 0 551
1584236641938 0 552
1584236641950 0 553
1584236641964 0 554
1584236641973 0 555
1584236641981 0 556
1584236641991 0 557
1584236641998 0 558
1584236642007 0 559
1584236642016 0 560
1584236642026 0 561
1584236642031 0 562
1584236642047 0 563
1584236642062 0 564
1584236642069 0 565
1584236642080 0 566
1584236642113 0 567
1584236642121 0 568
1584236642130 0 569
1584236642138 0 570
1584236642150 0 571
1584236642162 0 572
1584236642172 0 573
1584236642180 0 574
1584236642190 0 575
1584236642197 0 576
1584236642207 0 577
1584236642217 0 578
1584236642226 0 579
1584236642236 0 580
1584236642249 0 581
1584236642262 0 582
1584236642270 0 583
1584236642279 0 584
1584236642288 0 585
1584236642295 0 586
1584236642303 0 587
1584236642311 0 588
1584236642320 0 589
1584236642329 0 590
1584236642337 0 591
1584236642350 0 592
1584236642361 0 593
1584236642368 0 594
1584236642376 0 595
1584236642385 0 596
1584236642392 0 597
1584236642401 0 598
1584236642409 0 599
1584236642417 0 600
1584236642425 0 601
1584236642433 0 602
1584236642440 0 603
1584236642455 0 604
1584236642464 0 605
1584236642478 0 606
1584236642488 0 607
1584236642495 0 608
1584236642506 0 609
1584236642516 0 610
1584236642524 0 611
1584236642536 0 612
1584236642547 0 613
1584236642572 0 614
1584236642591 0 615
1584236642600 0 616
1584236642610 0 617
1584236642619 0 618
1584236642631 0 619
1584236642643 0 620
1584236642664 0 621
1584236642672 0 622
1584236642680 0 623
1584236642690 0 624
1584236642698 0 625
1584236642706 0 626
1584236642715 0 627
1584236642723 0 628
1584236642731 0 629
1584236642739 0 630
1584236642747 0 631
1584236642759 0 632
1584236642765 0 633
1584236642774 0 634
1584236642780 0 635
1584236642788 0 636
1584236642799 0 637
1584236642808 0 638
1584236642816 0 639
1584236642826 0 640
1584236642837 0 641
1584236642846 0 642
1584236642861 0 643
1584236642872 0 644
1584236642884 0 645
1584236642892 0 646
1584236642899 0 647
1584236642911 0 648
1584236642921 0 649
1584236642929 0 650
1584236642938 0 651
1584236642947 0 652
1584236642964 0 653
1584236642976 0 654
1584236642987 0 655
1584236642996 0 656
1584236643004 0 657
1584236643014 0 658
1584236643024 0 659
1584236643034 0 660
1584236643046 0 661
1584236643055 0 662
1584236643075 0 663
1584236643089 0 664
1584236643097 0 665
1584236643109 0 666
1584236643115 0 667
1584236643124 0 668
1584236643133 0 669
1584236643142 0 670
1584236643151 0 671
1584236643165 0 672
1584236643175 0 673
1584236643185 0 674
1584236643194 0 675
1584236643201 0 676
1584236643210 0 677
1584236643219 0 678
1584236643229 0 679
1584236643240 0 680
1584236643248 0 681
1584236643261 0 682
1584236643273 0 683
1584236643282 0 684
1584236643291 0 685
1584236643298 0 686
1584236643305 0 687
1584236643314 0 688
1584236643323 0 689
1584236643333 0 690
1584236643342 0 691
1584236643351 0 692
1584236643363 0 693
1584236643374 0 694
1584236643385 0 695
1584236643393 0 696
1584236643402 0 697
1584236643409 0 698
1584236643417 0 699
1584236643426 0 700
1584236643436 0 701
1584236643447 0 702
1584236643455 0 703
1584236643470 0 704
1584236643480 0 705
1584236643489 0 706
1584236643496 0 707
1584236643503 0 708
1584236643511 0 709
1584236643519 0 710
1584236643527 0 711
1584236643557 0 712
1584236643602 0 713
1584236643611 0 714
1584236643618 0 715
1584236643627 0 716
1584236643637 0 717
1584236643646 0 718
1584236643654 0 719
1584236643668 0 720
1584236643678 0 721
1584236643688 0 722
1584236643698 0 723
1584236643707 0 724
1584236643715 0 725
1584236643723 0 726
1584236643733 0 727
1584236643743 0 728
1584236643749 0 729
1584236643758 0 730
1584236643771 0 731
1584236643779 0 732
1584236643792 0 733
1584236643802 0 734
1584236643809 0 735
1584236643817 0 736
1584236643826 0 737
1584236643838 0 738
1584236643848 0 739
1584236643861 0 740
1584236643877 0 741
1584236643891 0 742
1584236643899 0 743
1584236643906 0 744
1584236643917 0 745
1584236643927 0 746
1584236643935 0 747
1584236643947 0 748
1584236643955 0 749
1584236643965 0 750
1584236643984 0 751
1584236643993 0 752
1584236644000 0 753
1584236644007 0 754
1584236644013 0 755
1584236644021 0 756
1584236644028 0 757
1584236644040 0 758
1584236644049 0 759
1584236644057 0 760
1584236644067 0 761
1584236644093 0 762
1584236644100 0 763
1584236644113 0 764
1584236644121 0 765
1584236644130 0 766
1584236644140 0 767
1584236644151 0 768
1584236644160 0 769
1584236644168 0 770
1584236644180 0 771
1584236644191 0 772
1584236644200 0 773
1584236644209 0 774
1584236644219 0 775
1584236644228 0 776
1584236644235 0 777
1584236644245 0 778
1584236644255 0 779
1584236644263 0 780
1584236644275 0 781
1584236644284 0 782
1584236644295 0 783
1584236644302 0 784
1584236644310 0 785
1584236644318 0 786
1584236644328 0 787
1584236644352 0 788
1584236644362 0 789
1584236644375 0 790
1584236644387 0 791
1584236644396 0 792
1584236644406 0 793
1584236644415 0 794
1584236644422 0 795
1584236644431 0 796
1584236644439 0 797
1584236644448 0 798
1584236644456 0 799
1584236644466 0 800
1584236644478 0 801
1584236644490 0 802
1584236644499 0 803
1584236644507 0 804
1584236644515 0 805
1584236644522 0 806
1584236644530 0 807
1584236644537 0 808
1584236644546 0 809
1584236644556 0 810
1584236644565 0 811
1584236644576 0 812
1584236644599 0 813
1584236644608 0 814
1584236644616 0 815
1584236644624 0 816
1584236644633 0 817
1584236644643 0 818
1584236644652 0 819
1584236644660 0 820
1584236644669 0 821
1584236644683 0 822
1584236644697 0 823
1584236644706 0 824
1584236644713 0 825
1584236644724 0 826
1584236644731 0 827
1584236644736 0 828
1584236644743 0 829
1584236644751 0 830
1584236644758 0 831
1584236644765 0 832
1584236644770 0 833
1584236644790 0 834
1584236644800 0 835
1584236644807 0 836
1584236644817 0 837
1584236644825 0 838
1584236644835 0 839
1584236644843 0 840
1584236644852 0 841
1584236644862 0 842
1584236644870 0 843
1584236644878 0 844
1584236644895 0 845
1584236644903 0 846
1584236644911 0 847
1584236644920 0 848
1584236644931 0 849
1584236644942 0 850
1584236644952 0 851
1584236644962 0 852
1584236644972 0 853
1584236644983 0 854
1584236644996 0 855
1584236645007 0 856
1584236645015 0 857
1584236645025 0 858
1584236645036 0 859
1584236645049 0 860
1584236645068 0 861
1584236645080 0 862
1584236645108 0 863
1584236645119 0 864
1584236645127 0 865
1584236645135 0 866
1584236645145 0 867
1584236645154 0 868
1584236645164 0 869
1584236645173 0 870
1584236645183 0 871
1584236645197 0 872
1584236645209 0 873
1584236645218 0 874
1584236645228 0 875
1584236645237 0 876
1584236645248 0 877
1584236645258 0 878
1584236645269 0 879
1584236645282 0 880
1584236645297 0 881
1584236645309 0 882
1584236645317 0 883
1584236645327 0 884
1584236645338 0 885
1584236645350 0 886
1584236645360 0 887
1584236645367 0 888
1584236645378 0 889
1584236645408 0 890
1584236645437 0 891
1584236645446 0 892
1584236645454 0 893
1584236645463 0 894
1584236645474 0 895
1584236645482 0 896
1584236645488 0 897
1584236645501 0 898
1584236645512 0 899
1584236645519 0 900
1584236645528 0 901
1584236645537 0 902
1584236645545 0 903
1584236645553 0 904
1584236645562 0 905
1584236645570 0 906
1584236645578 0 907
1584236645592 0 908
1584236645612 0 909
1584236645620 0 910
1584236645629 0 911
1584236645639 0 912
1584236645648 0 913
1584236645658 0 914
1584236645666 0 915
1584236645675 0 916
1584236645684 0 917
1584236645692 0 918
1584236645707 0 919
1584236645720 0 920
1584236645728 0 921
1584236645737 0 922
1584236645746 0 923
1584236645755 0 924
1584236645764 0 925
1584236645773 0 926
1584236645781 0 927
1584236645789 0 928
1584236645797 0 929
1584236645813 0 930
1584236645822 0 931
1584236645831 0 932
1584236645838 0 933
1584236645846 0 934
1584236645854 0 935
1584236645863 0 936
1584236645871 0 937
1584236645880 0 938
1584236645888 0 939
1584236645896 0 940
1584236645912 0 941
1584236645919 0 942
1584236645928 0 943
1584236645937 0 944
1584236645946 0 945
1584236645955 0 946
1584236645964 0 947
1584236645972 0 948
1584236645980 0 949
1584236645988 0 950
1584236645996 0 951
1584236646008 0 952
1584236646015 0 953
1584236646027 0 954
1584236646035 0 955
1584236646045 0 956
1584236646054 0 957
1584236646062 0 958
1584236646071 0 959
1584236646079 0 960
1584236646095 0 961
1584236646109 0 962
1584236646121 0 963
1584236646131 0 964
1584236646140 0 965
1584236646149 0 966
1584236646158 0 967
1584236646167 0 968
1584236646178 0 969
1584236646188 0 970
1584236646197 0 971
1584236646206 0 972
1584236646221 0 973
1584236646234 0 974
1584236646244 0 975
1584236646255 0 976
1584236646264 0 977
1584236646273 0 978
1584236646284 0 979
1584236646293 0 980
1584236646303 0 981
1584236646315 0 982
1584236646326 0 983
1584236646336 0 984
1584236646346 0 985
1584236646356 0 986
1584236646366 0 987
1584236646376 0 988
1584236646385 0 989
1584236646395 0 990
1584236646403 0 991
1584236646434 0 992
1584236646443 0 993
1584236646452 0 994
1584236646461 0 995
1584236646470 0 996
1584236646480 0 997
1584236646490 0 998
1584236646500 0 999
1584236646508 0 1000
1584236646520 0 1001
1584236646531 0 1002
1584236646539 0 1003
1584236646547 0 1004
1584236646556 0 1005
1584236646565 0 1006
1584236646574 0 1007
1584236646584 0 1008
1584236646598 0 1009
1584236646607 0 1010
1584236646629 0 1011
1584236646640 0 1012
1584236646649 0 1013
1584236646659 0 1014
1584236646668 0 1015
1584236646677 0 1016
1584236646687 0 1017
1584236646696 0 1018
1584236646705 0 1019
1584236646714 0 1020
1584236646732 0 1021
1584236646741 0 1022
1584236646752 0 1023
1584236646763 0 1024
1584236646773 0 1025
1584236646786 0 1026
1584236646797 0 1027
1584236646805 0 1028
1584236646813 0 1029
1584236646828 0 1030
1584236646839 0 1031
1584236646848 0 1032
1584236646859 0 1033
1584236646870 0 1034
1584236646880 0 1035
1584236646891 0 1036
1584236646902 0 1037
1584236646909 0 1038
1584236646918 0 1039
1584236646935 0 1040
1584236646946 0 1041
1584236646955 0 1042
1584236646967 0 1043
1584236646979 0 1044
1584236646990 0 1045
1584236647001 0 1046
1584236647009 0 1047
1584236647017 0 1048
1584236647031 0 1049
1584236647040 0 1050
1584236647050 0 1051
1584236647060 0 1052
1584236647072 0 1053
1584236647084 0 1054
1584236647097 0 1055
1584236647109 0 1056
1584236647129 0 1057
1584236647137 0 1058
1584236647148 0 1059
1584236647158 0 1060
1584236647167 0 1061
1584236647178 0 1062
1584236647188 0 1063
1584236647198 0 1064
1584236647205 0 1065
1584236647214 0 1066
1584236647224 0 1067
1584236647238 0 1068
1584236647251 0 1069
1584236647261 0 1070
1584236647270 0 1071
1584236647279 0 1072
1584236647289 0 1073
1584236647300 0 1074
1584236647307 0 1075
1584236647315 0 1076
1584236647324 0 1077
1584236647336 0 1078
1584236647348 0 1079
1584236647356 0 1080
1584236647365 0 1081
1584236647376 0 1082
1584236647387 0 1083
1584236647398 0 1084
1584236647423 0 1085
1584236647435 0 1086
1584236647448 0 1087
1584236647459 0 1088
1584236647468 0 1089
1584236647480 0 1090
1584236647489 0 1091
1584236647499 0 1092
1584236647509 0 1093
1584236647519 0 1094
1584236647529 0 1095
1584236647546 0 1096
1584236647556 0 1097
1584236647566 0 1098
1584236647575 0 1099
1584236647584 0 1100
1584236647593 0 1101
1584236647610 0 1102
1584236647618 0 1103
1584236647637 0 1104
1584236647649 0 1105
1584236647659 0 1106
1584236647669 0 1107
1584236647682 0 1108
1584236647692 0 1109
1584236647703 0 1110
1584236647710 0 1111
1584236647719 0 1112
1584236647731 0 1113
1584236647749 0 1114
1584236647759 0 1115
1584236647770 0 1116
1584236647779 0 1117
1584236647789 0 1118
1584236647799 0 1119
1584236647808 0 1120
1584236647817 0 1121
1584236647826 0 1122
1584236647845 0 1123
1584236647855 0 1124
1584236647864 0 1125
1584236647874 0 1126
1584236647883 0 1127
1584236647890 0 1128
1584236647901 0 1129
1584236647910 0 1130
1584236647919 0 1131
1584236647928 0 1132
1584236647942 0 1133
1584236647952 0 1134
1584236647964 0 1135
1584236647975 0 1136
1584236647985 0 1137
1584236647995 0 1138
1584236648004 0 1139
1584236648012 0 1140
1584236648021 0 1141
1584236648030 0 1142
1584236648044 0 1143
1584236648054 0 1144
1584236648064 0 1145
1584236648072 0 1146
1584236648081 0 1147
1584236648089 0 1148
1584236648101 0 1149
1584236648115 0 1150
1584236648123 0 1151
1584236648134 0 1152
1584236648149 0 1153
1584236648160 0 1154
1584236648169 0 1155
1584236648182 0 1156
1584236648192 0 1157
1584236648203 0 1158
1584236648212 0 1159
1584236648221 0 1160
1584236648232 0 1161
1584236648247 0 1162
1584236648259 0 1163
1584236648270 0 1164
1584236648280 0 1165
1584236648291 0 1166
1584236648302 0 1167
1584236648313 0 1168
1584236648322 0 1169
1584236648331 0 1170
1584236648347 0 1171
1584236648363 0 1172
1584236648375 0 1173
1584236648388 0 1174
1584236648399 0 1175
1584236648429 0 1176
1584236648436 0 1177
1584236648451 0 1178
1584236648463 0 1179
1584236648474 0 1180
1584236648487 0 1181
1584236648499 0 1182
1584236648511 0 1183
1584236648522 0 1184
1584236648532 0 1185
1584236648544 0 1186
1584236648581 0 1187
1584236648593 0 1188
1584236648612 0 1189
1584236648624 0 1190
1584236648635 0 1191
1584236648661 0 1192
1584236648675 0 1193
1584236648686 0 1194
1584236648695 0 1195
1584236648703 0 1196
1584236648714 0 1197
1584236648727 0 1198
1584236648743 0 1199
1584236648764 0 1200
1584236648775 0 1201
1584236648787 0 1202
1584236648801 0 1203
1584236648815 0 1204
1584236648826 0 1205
1584236648836 0 1206
1584236648851 0 1207
1584236648867 0 1208
1584236648936 0 1209
1584236648954 0 1210
1584236648970 0 1211
1584236648982 0 1212
1584236648994 0 1213
1584236649007 0 1214
1584236649020 0 1215
1584236649031 0 1216
1584236649043 0 1217
1584236649065 0 1218
1584236649079 0 1219
1584236649115 0 1220
1584236649131 0 1221
1584236649142 0 1222
1584236649163 0 1223
1584236649177 0 1224
1584236649217 0 1225
1584236649227 0 1226
1584236649238 0 1227
1584236649271 0 1228
1584236649285 0 1229
1584236649295 0 1230
1584236649307 0 1231
1584236649318 0 1232
1584236649327 0 1233
1584236649338 0 1234
1584236649356 0 1235
1584236649374 0 1236
1584236649389 0 1237
1584236649402 0 1238
1584236649413 0 1239
1584236649420 0 1240
1584236649430 0 1241
1584236649439 0 1242
1584236649448 0 1243
1584236649465 0 1244
1584236649474 0 1245
1584236649484 0 1246
1584236649496 0 1247
1584236649513 0 1248
1584236649521 0 1249
1584236649530 0 1250
1584236649539 0 1251
1584236649549 0 1252
1584236649565 0 1253
1584236649575 0 1254
1584236649584 0 1255
1584236649595 0 1256
1584236649606 0 1257
1584236649620 0 1258
1584236649636 0 1259
1584236649655 0 1260
1584236649668 0 1261
1584236649679 0 1262
