1584597461852 1 1
1584597464095 1 2
1584597466417 1 3
1584597468972 1 4
1584597471253 1 5
1584597473617 1 6
1584597475804 1 7
1584597477968 1 8
1584597480164 1 9
1584597482317 1 10
1584597484542 1 11
1584597486729 1 12
1584597488898 1 13
1584597491047 1 14
1584597493307 1 15
1584597495537 1 16
1584597497816 1 17
1584597499991 1 18
1584597502187 1 19
1584597504368 1 20
1584597506545 1 21
1584597508706 1 22
1584597510890 1 23
1584597513050 1 24
1584597515216 1 25
1584597517405 1 26
1584597519598 1 27
1584597521774 1 28
1584597523968 1 29
1584597526185 1 30
1584597528387 1 31
1584597530606 1 32
1584597532768 1 33
1584597534964 1 34
1584597537134 1 35
1584597539331 1 36
1584597541514 1 37
1584597543684 1 38
1584597545919 1 39
1584597548114 1 40
1584597550318 1 41
1584597552509 1 42
1584597554702 1 43
1584597556881 1 44
1584597559055 1 45
1584597561241 1 46
1584597563417 1 47
1584597565608 1 48
1584597567793 1 49
1584597570032 1 50
1584597572207 1 51
1584597574391 1 52
1584597576601 1 53
1584597578782 1 54
1584597580991 1 55
1584597583182 1 56
1584597585375 1 57
1584597587560 1 58
1584597589732 1 59
1584597591903 1 60
1584597594075 1 61
1584597596267 1 62
1584597598468 1 63
1584597600671 1 64
1584597602935 1 65
1584597605122 1 66
1584597607308 1 67
1584597609491 1 68
1584597611677 1 69
1584597613867 1 70
1584597616055 1 71
1584597618250 1 72
1584597620447 1 73
1584597622625 1 74
1584597624847 1 75
1584597627027 1 76
1584597629231 1 77
1584597631478 1 78
1584597633675 1 79
1584597635981 1 80
1584597638188 1 81
1584597640345 1 82
1584597642530 1 83
1584597644714 1 84
1584597646908 1 85
1584597649081 1 86
1584597651275 1 87
1584597653455 1 88
1584597655632 1 89
1584597657847 1 90
1584597660049 1 91
1584597662248 1 92
1584597664465 1 93
1584597666693 1 94
1584597668865 1 95
1584597671054 1 96
1584597673260 1 97
1584597675461 1 98
1584597677630 1 99
1584597679801 1 100
1584597682026 1 101
1584597684200 1 102
1584597686408 1 103
1584597688591 1 104
1584597690818 1 105
1584597693025 1 106
1584597695213 1 107
1584597697402 1 108
1584597699588 1 109
1584597701825 1 110
1584597703984 1 111
1584597706162 1 112
1584597708350 1 113
1584597710536 1 114
1584597712700 1 115
1584597714900 1 116
1584597717117 1 117
1584597719310 1 118
1584597721500 1 119
1584597723687 1 120
1584597725905 1 121
1584597728127 1 122
1584597730320 1 123
1584597732515 1 124
1584597734695 1 125
1584597736871 1 126
1584597739054 1 127
1584597741252 1 128
1584597743475 1 129
1584597745672 1 130
1584597747903 1 131
1584597750067 1 132
1584597752234 1 133
1584597754409 1 134
1584597756606 1 135
1584597758805 1 136
1584597761009 1 137
1584597763184 1 138
1584597765363 1 139
1584597767552 1 140
1584597769781 1 141
1584597771982 1 142
1584597774252 1 143
1584597776430 1 144
1584597778611 1 145
1584597780826 1 146
1584597783030 1 147
1584597785223 1 148
1584597787447 1 149
1584597789644 1 150
1584597791844 1 151
1584597794063 1 152
1584597796266 1 153
1584597798462 1 154
1584597800671 1 155
1584597802858 1 156
1584597805060 1 157
1584597807237 1 158
1584597809420 1 159
1584597811649 1 160
1584597813814 1 161
1584597815977 1 162
1584597818139 1 163
1584597820351 1 164
1584597822553 1 165
1584597824755 1 166
1584597826943 1 167
1584597829123 1 168
1584597831315 1 169
1584597833494 1 170
1584597835702 1 171
1584597837902 1 172
1584597840088 1 173
1584597842253 1 174
1584597844407 1 175
1584597846580 1 176
1584597848726 1 177
1584597850887 1 178
1584597853077 1 179
1584597855262 1 180
1584597857443 1 181
1584597859660 1 182
1584597861857 1 183
1584597864062 1 184
1584597866255 1 185
1584597868431 1 186
1584597870627 1 187
1584597872835 1 188
1584597875019 1 189
1584597877202 1 190
1584597879383 1 191
1584597881530 1 192
1584597883731 1 193
1584597885888 1 194
1584597888057 1 195
1584597890232 1 196
1584597892417 1 197
1584597894611 1 198
1584597896822 1 199
1584597899002 1 200
1584597901199 1 201
1584597903396 1 202
1584597905658 1 203
1584597908012 1 204
1584597910213 1 205
1584597912440 1 206
1584597914613 1 207
1584597916813 1 208
1584597918989 1 209
1584597921251 1 210
1584597923444 1 211
1584597925677 1 212
1584597927860 1 213
1584597930067 1 214
1584597932266 1 215
1584597934470 1 216
1584597936695 1 217
1584597938897 1 218
1584597941093 1 219
1584597943274 1 220
1584597945477 1 221
1584597947672 1 222
1584597949930 1 223
1584597952120 1 224
1584597954287 1 225
1584597956481 1 226
1584597958699 1 227
1584597960931 1 228
1584597963139 1 229
1584597965338 1 230
1584597967576 1 231
1584597969753 1 232
1584597971958 1 233
1584597974138 1 234
1584597976340 1 235
1584597978566 1 236
1584597980743 1 237
1584597982913 1 238
1584597985148 1 239
1584597987369 1 240
1584597989591 1 241
1584597991799 1 242
1584597993977 1 243
1584597996166 1 244
1584597998345 1 245
1584598000533 1 246
1584598002729 1 247
1584598004958 1 248
1584598007148 1 249
1584598009326 1 250
1584598011585 1 251
1584598013937 1 252
1584598016120 1 253
1584598018338 1 254
1584598020544 1 255
1584598022769 1 256
1584598024941 1 257
1584598027103 1 258
1584598029306 1 259
1584598031510 1 260
1584598033693 1 261
1584598035881 1 262
1584598038048 1 263
1584598040396 1 264
1584598042634 1 265
1584598044838 1 266
1584598047076 1 267
1584598049280 1 268
1584598051442 1 269
1584598053632 1 270
1584598055855 1 271
1584598058053 1 272
1584598060266 1 273
1584598062474 1 274
1584598064651 1 275
1584598066830 1 276
1584598069025 1 277
1584598071231 1 278
1584598073463 1 279
1584598075659 1 280
1584598077899 1 281
1584598080086 1 282
1584598082271 1 283
1584598084483 1 284
1584598086705 1 285
1584598088909 1 286
1584598091064 1 287
1584598093235 1 288
1584598095429 1 289
1584598097641 1 290
1584598099845 1 291
1584598102055 1 292
1584598104271 1 293
1584598106435 1 294
1584598108598 1 295
1584598110776 1 296
1584598112979 1 297
1584598115168 1 298
1584598117340 1 299
1584598119531 1 300
1584598121728 1 301
1584598123916 1 302
1584598126119 1 303
1584598128318 1 304
1584598130528 1 305
1584598132743 1 306
1584598134917 1 307
1584598137075 1 308
1584598139303 1 309
1584598141524 1 310
1584598143757 1 311
1584598145934 1 312
1584598148117 1 313
1584598150357 1 314
1584598152555 1 315
1584598154708 1 316
1584598156873 1 317
1584598159061 1 318
1584598161217 1 319
1584598163395 1 320
1584598165580 1 321
1584598167776 1 322
1584598169987 1 323
1584598172213 1 324
1584598174398 1 325
1584598176576 1 326
1584598178724 1 327
1584598180891 1 328
1584598183069 1 329
1584598185285 1 330
1584598187468 1 331
1584598189639 1 332
1584598191814 1 333
1584598194006 1 334
1584598196193 1 335
1584598198367 1 336
1584598200579 1 337
1584598202780 1 338
1584598204967 1 339
1584598207133 1 340
1584598209313 1 341
1584598211495 1 342
1584598213667 1 343
1584598215821 1 344
1584598217997 1 345
1584598220163 1 346
1584598222356 1 347
1584598224544 1 348
1584598226720 1 349
1584598228909 1 350
1584598231097 1 351
1584598233266 1 352
1584598235449 1 353
1584598237625 1 354
1584598239802 1 355
1584598241980 1 356
1584598244129 1 357
1584598246374 1 358
1584598248566 1 359
1584598250750 1 360
1584598252916 1 361
1584598255071 1 362
1584598257243 1 363
1584598259421 1 364
1584598261623 1 365
1584598263829 1 366
1584598266014 1 367
1584598268197 1 368
1584598270357 1 369
1584598272575 1 370
1584598274760 1 371
1584598276959 1 372
1584598279171 1 373
1584598281364 1 374
1584598283554 1 375
1584598285749 1 376
1584598287918 1 377
1584598290087 1 378
1584598292262 1 379
1584598294446 1 380
1584598296656 1 381
1584598298844 1 382
1584598300988 1 383
1584598303127 1 384
1584598305365 1 385
1584598307582 1 386
1584598309760 1 387
1584598311950 1 388
1584598314152 1 389
1584598316316 1 390
1584598318502 1 391
1584598320696 1 392
1584598322894 1 393
1584598325054 1 394
1584598327219 1 395
1584598329389 1 396
1584598331611 1 397
1584598333801 1 398
1584598335982 1 399
1584598338147 1 400
1584598340350 1 401
1584598342601 1 402
1584598344782 1 403
1584598346973 1 404
1584598349174 1 405
1584598351343 1 406
1584598353519 1 407
1584598355682 1 408
1584598357864 1 409
1584598360017 1 410
1584598362179 1 411
1584598364354 1 412
1584598366552 1 413
1584598368730 1 414
1584598370920 1 415
1584598373110 1 416
1584598375295 1 417
1584598377477 1 418
1584598379688 1 419
1584598381901 1 420
1584598384055 1 421
1584598386224 1 422
1584598388450 1 423
1584598390610 1 424
1584598392793 1 425
1584598394951 1 426
1584598397114 1 427
1584598399345 1 428
1584598401569 1 429
1584598403772 1 430
1584598405964 1 431
1584598408120 1 432
1584598410292 1 433
1584598412497 1 434
1584598414706 1 435
1584598416935 1 436
1584598419125 1 437
1584598421331 1 438
1584598423545 1 439
1584598425735 1 440
1584598427928 1 441
1584598430112 1 442
1584598432306 1 443
1584598434504 1 444
1584598436702 1 445
1584598438873 1 446
1584598441056 1 447
1584598443247 1 448
1584598445415 1 449
1584598447554 1 450
1584598449734 1 451
1584598451923 1 452
1584598454107 1 453
1584598456292 1 454
1584598458504 1 455
1584598460718 1 456
1584598462911 1 457
1584598465092 1 458
1584598467272 1 459
1584598469495 1 460
1584598471697 1 461
1584598473893 1 462
1584598476064 1 463
1584598478270 1 464
1584598480443 1 465
1584598482636 1 466
1584598484827 1 467
1584598487022 1 468
1584598489251 1 469
1584598491434 1 470
1584598493648 1 471
1584598495878 1 472
1584598498068 1 473
1584598500268 1 474
1584598502441 1 475
1584598504666 1 476
1584598506851 1 477
1584598509029 1 478
1584598511247 1 479
1584598513489 1 480
1584598515699 1 481
1584598517887 1 482
1584598520077 1 483
1584598522284 1 484
1584598524477 1 485
1584598526668 1 486
1584598528866 1 487
1584598531081 1 488
1584598533284 1 489
1584598535517 1 490
1584598537712 1 491
1584598539904 1 492
1584598542087 1 493
1584598544462 1 494
1584598546676 1 495
1584598548881 1 496
1584598551064 1 497
1584598553514 1 498
1584598557082 1 499
1584598560434 1 500
1584598564075 1 501
1584598566306 1 502
1584598568526 1 503
1584598570741 1 504
1584598573091 1 505
1584598576497 1 506
1584598580556 1 507
1584598583585 1 508
1584598585880 1 509
1584598588067 1 510
1584598590281 1 511
1584598592465 1 512
1584598594645 1 513
1584598596856 1 514
1584598599033 1 515
1584598601229 1 516
1584598603429 1 517
1584598605628 1 518
1584598607827 1 519
1584598610026 1 520
1584598612212 1 521
1584598614427 1 522
1584598616613 1 523
1584598618793 1 524
1584598620968 1 525
1584598623162 1 526
1584598625376 1 527
1584598627614 1 528
1584598629818 1 529
1584598632035 1 530
1584598634219 1 531
1584598636400 1 532
1584598638579 1 533
1584598640782 1 534
1584598643033 1 535
1584598645243 1 536
1584598647438 1 537
1584598649605 1 538
1584598651800 1 539
1584598653991 1 540
1584598656186 1 541
1584598658403 1 542
1584598660660 1 543
1584598662805 1 544
1584598665011 1 545
1584598667198 1 546
1584598669431 1 547
1584598671653 1 548
1584598673871 1 549
1584598676050 1 550
1584598678236 1 551
1584598680454 1 552
1584598682649 1 553
1584598684864 1 554
1584598687063 1 555
1584598689294 1 556
1584598691513 1 557
1584598693774 1 558
1584598695972 1 559
1584598698161 1 560
1584598700378 1 561
1584598702644 1 562
1584598704936 1 563
1584598707135 1 564
1584598709319 1 565
1584598711553 1 566
1584598713761 1 567
1584598715934 1 568
1584598718138 1 569
1584598720315 1 570
1584598722515 1 571
1584598724729 1 572
1584598726925 1 573
1584598729256 1 574
1584598731665 1 575
1584598733893 1 576
1584598736069 1 577
1584598738251 1 578
1584598740460 1 579
1584598742650 1 580
1584598744876 1 581
1584598747044 1 582
1584598749209 1 583
1584598751404 1 584
1584598753639 1 585
1584598755892 1 586
1584598758077 1 587
1584598760288 1 588
1584598762484 1 589
1584598764705 1 590
1584598766943 1 591
1584598769146 1 592
1584598771359 1 593
1584598773517 1 594
1584598775733 1 595
1584598777934 1 596
1584598780158 1 597
1584598782359 1 598
1584598784522 1 599
1584598786722 1 600
1584598788980 1 601
1584598791152 1 602
1584598793367 1 603
1584598795600 1 604
1584598797821 1 605
1584598800020 1 606
1584598802209 1 607
1584598804399 1 608
1584598806617 1 609
1584598808797 1 610
1584598811004 1 611
1584598813220 1 612
1584598815447 1 613
1584598817660 1 614
1584598819872 1 615
1584598822077 1 616
1584598824296 1 617
1584598826547 1 618
1584598828735 1 619
1584598830927 1 620
1584598833117 1 621
1584598835307 1 622
1584598837513 1 623
1584598839691 1 624
1584598841903 1 625
1584598844076 1 626
1584598846261 1 627
1584598848462 1 628
1584598850667 1 629
1584598852848 1 630
1584598855107 1 631
1584598857313 1 632
1584598859523 1 633
1584598861752 1 634
1584598863957 1 635
1584598866150 1 636
1584598868352 1 637
1584598870544 1 638
1584598872728 1 639
1584598874939 1 640
1584598877136 1 641
1584598879329 1 642
1584598881527 1 643
1584598883757 1 644
1584598885995 1 645
1584598888208 1 646
1584598890411 1 647
1584598892619 1 648
1584598894810 1 649
1584598897026 1 650
1584598899197 1 651
1584598901417 1 652
1584598903622 1 653
1584598905862 1 654
1584598908025 1 655
1584598910225 1 656
1584598912429 1 657
1584598914632 1 658
1584598916864 1 659
1584598919074 1 660
1584598921302 1 661
1584598923516 1 662
1584598925712 1 663
1584598927915 1 664
1584598930115 1 665
1584598932323 1 666
1584598934510 1 667
1584598936711 1 668
1584598938893 1 669
1584598941076 1 670
1584598943250 1 671
1584598945446 1 672
1584598947662 1 673
1584598949852 1 674
1584598952060 1 675
1584598954247 1 676
1584598956449 1 677
1584598958646 1 678
1584598960893 1 679
1584598963098 1 680
1584598965301 1 681
1584598967510 1 682
1584598969707 1 683
1584598971939 1 684
1584598974129 1 685
1584598976355 1 686
1584598978560 1 687
1584598980702 1 688
1584598982953 1 689
1584598985163 1 690
1584598987353 1 691
1584598989579 1 692
1584598991760 1 693
1584598993934 1 694
1584598996277 1 695
1584598998811 1 696
1584599001171 1 697
1584599003366 1 698
1584599005557 1 699
1584599007722 1 700
1584599009950 1 701
1584599012156 1 702
1584599014387 1 703
1584599016586 1 704
1584599018920 1 705
1584599021111 1 706
1584599023294 1 707
1584599025479 1 708
1584599027713 1 709
1584599029951 1 710
1584599032130 1 711
1584599034327 1 712
1584599036520 1 713
1584599038712 1 714
1584599040955 1 715
1584599043185 1 716
1584599045362 1 717
1584599047519 1 718
1584599049677 1 719
1584599051836 1 720
1584599053988 1 721
1584599056214 1 722
1584599058397 1 723
1584599060593 1 724
1584599062785 1 725
1584599064996 1 726
1584599067179 1 727
1584599069391 1 728
1584599071612 1 729
1584599073808 1 730
1584599076030 1 731
1584599078254 1 732
1584599080488 1 733
1584599082708 1 734
1584599084911 1 735
1584599087097 1 736
1584599089328 1 737
1584599091529 1 738
1584599093733 1 739
1584599095929 1 740
1584599098140 1 741
1584599100339 1 742
1584599102537 1 743
1584599104749 1 744
1584599106953 1 745
1584599109133 1 746
1584599111338 1 747
1584599113551 1 748
1584599115819 1 749
1584599118023 1 750
1584599120243 1 751
1584599122437 1 752
1584599124668 1 753
1584599126867 1 754
1584599129042 1 755
1584599131241 1 756
1584599133443 1 757
1584599135650 1 758
1584599137881 1 759
1584599140077 1 760
1584599142300 1 761
1584599144479 1 762
1584599146681 1 763
1584599148890 1 764
1584599151094 1 765
1584599153297 1 766
1584599155470 1 767
1584599157674 1 768
1584599159882 1 769
1584599162091 1 770
1584599164281 1 771
1584599166456 1 772
1584599168652 1 773
1584599170841 1 774
1584599173040 1 775
1584599175223 1 776
1584599177446 1 777
1584599179659 1 778
1584599181874 1 779
1584599184098 1 780
1584599186328 1 781
1584599188546 1 782
1584599190734 1 783
1584599192940 1 784
1584599195150 1 785
1584599197379 1 786
1584599199580 1 787
1584599201761 1 788
1584599203950 1 789
1584599206177 1 790
1584599208390 1 791
1584599210595 1 792
1584599212831 1 793
1584599215012 1 794
1584599217287 1 795
1584599219482 1 796
1584599221694 1 797
1584599223884 1 798
1584599226106 1 799
1584599228377 1 800
1584599230641 1 801
1584599232876 1 802
1584599235041 1 803
1584599237232 1 804
1584599239454 1 805
1584599241671 1 806
1584599243894 1 807
1584599246065 1 808
1584599248287 1 809
1584599250520 1 810
1584599252728 1 811
1584599254931 1 812
1584599257111 1 813
1584599259295 1 814
1584599261533 1 815
1584599263764 1 816
1584599265965 1 817
1584599268159 1 818
1584599270338 1 819
1584599272559 1 820
1584599274734 1 821
1584599276938 1 822
1584599279117 1 823
1584599281305 1 824
1584599283505 1 825
1584599285718 1 826
1584599287916 1 827
1584599290116 1 828
1584599292334 1 829
1584599294525 1 830
1584599296741 1 831
1584599298936 1 832
1584599301127 1 833
1584599303384 1 834
1584599305588 1 835
1584599307793 1 836
1584599309950 1 837
1584599312157 1 838
1584599314497 1 839
1584599317090 1 840
1584599319332 1 841
1584599321560 1 842
1584599323806 1 843
1584599325994 1 844
1584599328157 1 845
1584599330358 1 846
1584599332558 1 847
1584599334761 1 848
1584599336944 1 849
1584599339128 1 850
1584599341316 1 851
1584599343552 1 852
1584599345752 1 853
1584599348015 1 854
1584599350215 1 855
1584599352427 1 856
1584599354593 1 857
1584599356764 1 858
1584599358963 1 859
1584599361141 1 860
1584599363336 1 861
1584599365547 1 862
1584599367736 1 863
1584599369989 1 864
1584599372207 1 865
1584599374411 1 866
1584599376620 1 867
1584599378797 1 868
