1584597461852 1 1
1584597464095 0.995 2
1584597466417 0.990025 3
1584597468972 0.985074875 4
1584597471253 0.9801495006250001 5
1584597473617 0.9752487531218751 6
1584597475804 0.9703725093562657 7
1584597477968 0.9655206468094844 8
1584597480164 0.960693043575437 9
1584597482317 0.9558895783575597 10
1584597484542 0.9511101304657719 11
1584597486729 0.946354579813443 12
1584597488898 0.9416228069143757 13
1584597491047 0.9369146928798039 14
1584597493307 0.9322301194154049 15
1584597495537 0.9275689688183278 16
1584597497816 0.9229311239742362 17
1584597499991 0.918316468354365 18
1584597502187 0.9137248860125932 19
1584597504368 0.9091562615825302 20
1584597506545 0.9046104802746175 21
1584597508706 0.9000874278732445 22
1584597510890 0.8955869907338783 23
1584597513050 0.8911090557802088 24
1584597515216 0.8866535105013078 25
1584597517405 0.8822202429488013 26
1584597519598 0.8778091417340573 27
1584597521774 0.8734200960253871 28
1584597523968 0.8690529955452602 29
1584597526185 0.8647077305675338 30
1584597528387 0.8603841919146962 31
1584597530606 0.8560822709551227 32
1584597532768 0.851801859600347 33
1584597534964 0.8475428503023453 34
1584597537134 0.8433051360508336 35
1584597539331 0.8390886103705794 36
1584597541514 0.8348931673187264 37
1584597543684 0.8307187014821328 38
1584597545919 0.8265651079747222 39
1584597548114 0.8224322824348486 40
1584597550318 0.8183201210226743 41
1584597552509 0.8142285204175609 42
1584597554702 0.810157377815473 43
1584597556881 0.8061065909263957 44
1584597559055 0.8020760579717637 45
1584597561241 0.798065677681905 46
1584597563417 0.7940753492934954 47
1584597565608 0.7901049725470279 48
1584597567793 0.7861544476842928 49
1584597570032 0.7822236754458713 50
1584597572207 0.778312557068642 51
1584597574391 0.7744209942832988 52
1584597576601 0.7705488893118823 53
1584597578782 0.7666961448653229 54
1584597580991 0.7628626641409962 55
1584597583182 0.7590483508202912 56
1584597585375 0.7552531090661897 57
1584597587560 0.7514768435208588 58
1584597589732 0.7477194593032545 59
1584597591903 0.7439808620067382 60
1584597594075 0.7402609576967045 61
1584597596267 0.736559652908221 62
1584597598468 0.7328768546436799 63
1584597600671 0.7292124703704616 64
1584597602935 0.7255664080186093 65
1584597605122 0.7219385759785162 66
1584597607308 0.7183288830986236 67
1584597609491 0.7147372386831305 68
1584597611677 0.7111635524897149 69
1584597613867 0.7076077347272662 70
1584597616055 0.7040696960536299 71
1584597618250 0.7005493475733617 72
1584597620447 0.697046600835495 73
1584597622625 0.6935613678313175 74
1584597624847 0.6900935609921609 75
1584597627027 0.6866430931872001 76
1584597629231 0.6832098777212641 77
1584597631478 0.6797938283326578 78
1584597633675 0.6763948591909945 79
1584597635981 0.6730128848950395 80
1584597638188 0.6696478204705644 81
1584597640345 0.6662995813682115 82
1584597642530 0.6629680834613705 83
1584597644714 0.6596532430440636 84
1584597646908 0.6563549768288433 85
1584597649081 0.653073201944699 86
1584597651275 0.6498078359349755 87
1584597653455 0.6465587967553006 88
1584597655632 0.6433260027715241 89
1584597657847 0.6401093727576664 90
1584597660049 0.6369088258938781 91
1584597662248 0.6337242817644086 92
1584597664465 0.6305556603555866 93
1584597666693 0.6274028820538087 94
1584597668865 0.6242658676435396 95
1584597671054 0.6211445383053219 96
1584597673260 0.6180388156137953 97
1584597675461 0.6149486215357263 98
1584597677630 0.6118738784280476 99
1584597679801 0.6088145090359074 100
1584597682026 0.6057704364907278 101
1584597684200 0.6027415843082742 102
1584597686408 0.5997278763867329 103
1584597688591 0.5967292370047992 104
1584597690818 0.5937455908197752 105
1584597693025 0.5907768628656763 106
1584597695213 0.5878229785513479 107
1584597697402 0.5848838636585911 108
1584597699588 0.5819594443402982 109
1584597701825 0.5790496471185967 110
1584597703984 0.5761543988830038 111
1584597706162 0.5732736268885887 112
1584597708350 0.5704072587541458 113
1584597710536 0.567555222460375 114
1584597712700 0.5647174463480732 115
1584597714900 0.5618938591163328 116
1584597717117 0.5590843898207511 117
1584597719310 0.5562889678716474 118
1584597721500 0.5535075230322891 119
1584597723687 0.5507399854171277 120
1584597725905 0.547986285490042 121
1584597728127 0.5452463540625918 122
1584597730320 0.5425201222922789 123
1584597732515 0.5398075216808175 124
1584597734695 0.5371084840724134 125
1584597736871 0.5344229416520513 126
1584597739054 0.531750826943791 127
1584597741252 0.5290920728090721 128
1584597743475 0.5264466124450268 129
1584597745672 0.5238143793828016 130
1584597747903 0.5211953074858876 131
1584597750067 0.5185893309484582 132
1584597752234 0.5159963842937159 133
1584597754409 0.5134164023722473 134
1584597756606 0.510849320360386 135
1584597758805 0.5082950737585841 136
1584597761009 0.5057535983897912 137
1584597763184 0.5032248303978422 138
1584597765363 0.500708706245853 139
1584597767552 0.4982051627146237 140
1584597769781 0.49571413690105054 141
1584597771982 0.4932355662165453 142
1584597774252 0.4907693883854626 143
1584597776430 0.4883155414435353 144
1584597778611 0.4858739637363176 145
1584597780826 0.483444593917636 146
1584597783030 0.4810273709480478 147
1584597785223 0.47862223409330756 148
1584597787447 0.47622912292284103 149
1584597789644 0.4738479773082268 150
1584597791844 0.47147873742168567 151
1584597794063 0.46912134373457726 152
1584597796266 0.46677573701590436 153
1584597798462 0.46444185833082485 154
1584597800671 0.46211964903917074 155
1584597802858 0.4598090507939749 156
1584597805060 0.457510005540005 157
1584597807237 0.45522245551230495 158
1584597809420 0.4529463432347434 159
1584597811649 0.4506816115185697 160
1584597813814 0.4484282034609769 161
1584597815977 0.446186062443672 162
1584597818139 0.4439551321314536 163
1584597820351 0.4417353564707963 164
1584597822553 0.43952667968844233 165
1584597824755 0.43732904629000013 166
1584597826943 0.4351424010585501 167
1584597829123 0.43296668905325736 168
1584597831315 0.43080185560799106 169
1584597833494 0.4286478463299511 170
1584597835702 0.42650460709830135 171
1584597837902 0.42437208406280985 172
1584597840088 0.4222502236424958 173
1584597842253 0.42013897252428334 174
1584597844407 0.4180382776616619 175
1584597846580 0.4159480862733536 176
1584597848726 0.41386834584198684 177
1584597850887 0.4117990041127769 178
1584597853077 0.40974000909221303 179
1584597855262 0.40769130904675194 180
1584597857443 0.40565285250151817 181
1584597859660 0.4036245882390106 182
1584597861857 0.4016064652978155 183
1584597864062 0.3995984329713264 184
1584597866255 0.3976004408064698 185
1584597868431 0.39561243860243744 186
1584597870627 0.3936343764094253 187
1584597872835 0.39166620452737816 188
1584597875019 0.3897078735047413 189
1584597877202 0.3877593341372176 190
1584597879383 0.3858205374665315 191
1584597881530 0.38389143477919885 192
1584597883731 0.3819719776053028 193
1584597885888 0.3800621177172763 194
1584597888057 0.37816180712868996 195
1584597890232 0.37627099809304654 196
1584597892417 0.3743896431025813 197
1584597894611 0.37251769488706843 198
1584597896822 0.3706551064126331 199
1584597899002 0.36880183088056995 200
1584597901199 0.3669578217261671 201
1584597903396 0.36512303261753626 202
1584597905658 0.3632974174544486 203
1584597908012 0.3614809303671764 204
1584597910213 0.3596735257153405 205
1584597912440 0.3578751580867638 206
1584597914613 0.35608578229633 207
1584597916813 0.3543053533848483 208
1584597918989 0.35253382661792404 209
1584597921251 0.3507711574848344 210
1584597923444 0.34901730169741024 211
1584597925677 0.3472722151889232 212
1584597927860 0.3455358541129786 213
1584597930067 0.3438081748424137 214
1584597932266 0.3420891339682016 215
1584597934470 0.3403786882983606 216
1584597936695 0.3386767948568688 217
1584597938897 0.33698341088258443 218
1584597941093 0.3352984938281715 219
1584597943274 0.33362200135903064 220
1584597945477 0.33195389135223546 221
1584597947672 0.3302941218954743 222
1584597949930 0.32864265128599696 223
1584597952120 0.326999438029567 224
1584597954287 0.3253644408394192 225
1584597956481 0.3237376186352221 226
1584597958699 0.322118930542046 227
1584597960931 0.32050833588933575 228
1584597963139 0.31890579420988907 229
1584597965338 0.3173112652388396 230
1584597967576 0.3157247089126454 231
1584597969753 0.3141460853680822 232
1584597971958 0.3125753549412418 233
1584597974138 0.31101247816653554 234
1584597976340 0.30945741577570285 235
1584597978566 0.3079101286968243 236
1584597980743 0.3063705780533402 237
1584597982913 0.30483872516307353 238
1584597985148 0.3033145315372582 239
1584597987369 0.3017979588795719 240
1584597989591 0.30028896908517405 241
1584597991799 0.2987875242397482 242
1584597993977 0.29729358661854943 243
1584597996166 0.29580711868545667 244
1584597998345 0.2943280830920294 245
1584598000533 0.29285644267656924 246
1584598002729 0.2913921604631864 247
1584598004958 0.28993519966087045 248
1584598007148 0.2884855236625661 249
1584598009326 0.28704309604425327 250
1584598011585 0.285607880564032 251
1584598013937 0.28417984116121187 252
1584598016120 0.2827589419554058 253
1584598018338 0.28134514724562876 254
1584598020544 0.2799384215094006 255
1584598022769 0.27853872940185365 256
1584598024941 0.27714603575484437 257
1584598027103 0.2757603055760701 258
1584598029306 0.2743815040481898 259
1584598031510 0.2730095965279488 260
1584598033693 0.27164454854530906 261
1584598035881 0.2702863258025825 262
1584598038048 0.2689348941735696 263
1584598040396 0.26759021970270175 264
1584598042634 0.2662522686041882 265
1584598044838 0.2649210072611673 266
1584598047076 0.26359640222486147 267
1584598049280 0.26227842021373715 268
1584598051442 0.2609670281126685 269
1584598053632 0.25966219297210513 270
1584598055855 0.2583638820072446 271
1584598058053 0.2570720625972084 272
1584598060266 0.25578670228422234 273
1584598062474 0.25450776877280124 274
1584598064651 0.2532352299289372 275
1584598066830 0.2519690537792925 276
1584598069025 0.2507092085103961 277
1584598071231 0.2494556624678441 278
1584598073463 0.24820838415550486 279
1584598075659 0.24696734223472733 280
1584598077899 0.2457325055235537 281
1584598080086 0.24450384299593592 282
1584598082271 0.24328132378095624 283
1584598084483 0.24206491716205145 284
1584598086705 0.2408545925762412 285
1584598088909 0.23965031961336 286
1584598091064 0.2384520680152932 287
1584598093235 0.23725980767521673 288
1584598095429 0.23607350863684065 289
1584598097641 0.23489314109365644 290
1584598099845 0.23371867538818816 291
1584598102055 0.23255008201124722 292
1584598104271 0.231387331601191 293
1584598106435 0.23023039494318503 294
1584598108598 0.2290792429684691 295
1584598110776 0.22793384675362674 296
1584598112979 0.22679417751985861 297
1584598115168 0.22566020663225933 298
1584598117340 0.22453190559909803 299
1584598119531 0.22340924607110255 300
1584598121728 0.22229219984074702 301
1584598123916 0.2211807388415433 302
1584598126119 0.22007483514733558 303
1584598128318 0.2189744609715989 304
1584598130528 0.2178795886667409 305
1584598132743 0.2167901907234072 306
1584598134917 0.21570623976979014 307
1584598137075 0.21462770857094118 308
1584598139303 0.21355457002808648 309
1584598141524 0.21248679717794605 310
1584598143757 0.21142436319205632 311
1584598145934 0.21036724137609603 312
1584598148117 0.20931540516921554 313
1584598150357 0.20826882814336947 314
1584598152555 0.20722748400265262 315
1584598154708 0.20619134658263935 316
1584598156873 0.20516038984972615 317
1584598159061 0.2041345879004775 318
1584598161217 0.2031139149609751 319
1584598163395 0.20209834538617025 320
1584598165580 0.2010878536592394 321
1584598167776 0.2000824143909432 322
1584598169987 0.19908200231898848 323
1584598172213 0.19808659230739353 324
1584598174398 0.19709615934585656 325
1584598176576 0.19611067854912728 326
1584598178724 0.19513012515638165 327
1584598180891 0.19415447453059972 328
1584598183069 0.19318370215794672 329
1584598185285 0.192217783647157 330
1584598187468 0.1912566947289212 331
1584598189639 0.1903004112552766 332
1584598191814 0.18934890919900021 333
1584598194006 0.18840216465300522 334
1584598196193 0.18746015382974018 335
1584598198367 0.1865228530605915 336
1584598200579 0.18559023879528855 337
1584598202780 0.1846622876013121 338
1584598204967 0.18373897616330553 339
1584598207133 0.182820281282489 340
1584598209313 0.18190617987607657 341
1584598211495 0.18099664897669618 342
1584598213667 0.1800916657318127 343
1584598215821 0.17919120740315364 344
1584598217997 0.17829525136613786 345
1584598220163 0.17740377510930716 346
1584598222356 0.17651675623376062 347
1584598224544 0.1756341724525918 348
1584598226720 0.17475600159032884 349
1584598228909 0.17388222158237718 350
1584598231097 0.1730128104744653 351
1584598233266 0.17214774642209296 352
1584598235449 0.1712870076899825 353
1584598237625 0.17043057265153258 354
1584598239802 0.16957841978827493 355
1584598241980 0.16873052768933355 356
1584598244129 0.1678868750508869 357
1584598246374 0.16704744067563246 358
1584598248566 0.1662122034722543 359
1584598250750 0.16538114245489302 360
1584598252916 0.16455423674261854 361
1584598255071 0.16373146555890544 362
1584598257243 0.16291280823111093 363
1584598259421 0.16209824418995536 364
1584598261623 0.16128775296900558 365
1584598263829 0.16048131420416054 366
1584598266014 0.15967890763313974 367
1584598268197 0.15888051309497406 368
1584598270357 0.1580861105294992 369
1584598272575 0.1572956799768517 370
1584598274760 0.15650920157696743 371
1584598276959 0.1557266555690826 372
1584598279171 0.1549480222912372 373
1584598281364 0.15417328217978102 374
1584598283554 0.1534024157688821 375
1584598285749 0.1526354036900377 376
1584598287918 0.1518722266715875 377
1584598290087 0.15111286553822956 378
1584598292262 0.15035730121053842 379
1584598294446 0.14960551470448571 380
1584598296656 0.14885748713096328 381
1584598298844 0.14811319969530845 382
1584598300988 0.1473726336968319 383
1584598303127 0.14663577052834775 384
1584598305365 0.14590259167570602 385
1584598307582 0.1451730787173275 386
1584598309760 0.14444721332374086 387
1584598311950 0.14372497725712216 388
1584598314152 0.14300635237083656 389
1584598316316 0.14229132060898236 390
1584598318502 0.14157986400593744 391
1584598320696 0.14087196468590776 392
1584598322894 0.14016760486247823 393
1584598325054 0.13946676683816583 394
1584598327219 0.138769433003975 395
1584598329389 0.13807558583895513 396
1584598331611 0.13738520790976036 397
1584598333801 0.13669828187021155 398
1584598335982 0.13601479046086049 399
1584598338147 0.1353347165085562 400
1584598340350 0.1346580429260134 401
1584598342601 0.13398475271138335 402
1584598344782 0.13331482894782642 403
1584598346973 0.13264825480308728 404
1584598349174 0.13198501352907185 405
1584598351343 0.1313250884614265 406
1584598353519 0.13066846301911936 407
1584598355682 0.13001512070402377 408
1584598357864 0.12936504510050365 409
1584598360017 0.12871821987500112 410
1584598362179 0.12807462877562611 411
1584598364354 0.12743425563174798 412
1584598366552 0.12679708435358925 413
1584598368730 0.1261630989318213 414
1584598370920 0.1255322834371622 415
1584598373110 0.12490462201997637 416
1584598375295 0.1242800989098765 417
1584598377477 0.12365869841532712 418
1584598379688 0.12304040492325048 419
1584598381901 0.12242520289863423 420
1584598384055 0.12181307688414106 421
1584598386224 0.12120401149972035 422
1584598388450 0.12059799144222175 423
1584598390610 0.11999500148501063 424
1584598392793 0.11939502647758558 425
1584598394951 0.11879805134519765 426
1584598397114 0.11820406108847166 427
1584598399345 0.1176130407830293 428
1584598401569 0.11702497557911415 429
1584598403772 0.11643985070121858 430
1584598405964 0.11585765144771248 431
1584598408120 0.11527836319047392 432
1584598410292 0.11470197137452155 433
1584598412497 0.11412846151764894 434
1584598414706 0.1135578192100607 435
1584598416935 0.11299003011401039 436
1584598419125 0.11242507996344034 437
1584598421331 0.11186295456362313 438
1584598423545 0.11130363979080501 439
1584598425735 0.11074712159185099 440
1584598427928 0.11019338598389174 441
1584598430112 0.10964241905397228 442
1584598432306 0.10909420695870241 443
1584598434504 0.1085487359239089 444
1584598436702 0.10800599224428936 445
1584598438873 0.10746596228306791 446
1584598441056 0.10692863247165257 447
1584598443247 0.1063939893092943 448
1584598445415 0.10586201936274783 449
1584598447554 0.10533270926593409 450
1584598449734 0.10480604571960442 451
1584598451923 0.1042820154910064 452
1584598454107 0.10376060541355137 453
1584598456292 0.1032418023864836 454
1584598458504 0.10272559337455119 455
1584598460718 0.10221196540767843 456
1584598462911 0.10170090558064004 457
1584598465092 0.10119240105273684 458
1584598467272 0.10068643904747315 459
1584598469495 0.10018300685223579 460
1584598471697 0.0996820918179746 461
1584598473893 0.09918368135888474 462
1584598476064 0.09868776295209031 463
1584598478270 0.09819432413732986 464
1584598480443 0.09770335251664321 465
1584598482636 0.09721483575406 466
1584598484827 0.09672876157528969 467
1584598487022 0.09624511776741324 468
1584598489251 0.09576389217857617 469
1584598491434 0.09528507271768329 470
1584598493648 0.09480864735409487 471
1584598495878 0.0943346041173244 472
1584598498068 0.09386293109673778 473
1584598500268 0.09339361644125409 474
1584598502441 0.09292664835904782 475
1584598504666 0.09246201511725258 476
1584598506851 0.09199970504166631 477
1584598509029 0.09153970651645797 478
1584598511247 0.09108200798387568 479
1584598513489 0.0906265979439563 480
1584598515699 0.09017346495423652 481
1584598517887 0.08972259762946533 482
1584598520077 0.089273984641318 483
1584598522284 0.0888276147181114 484
1584598524477 0.08838347664452084 485
1584598526668 0.08794155926129824 486
1584598528866 0.08750185146499175 487
1584598531081 0.08706434220766679 488
1584598533284 0.08662902049662846 489
1584598535517 0.08619587539414532 490
1584598537712 0.08576489601717459 491
1584598539904 0.08533607153708872 492
1584598542087 0.08490939117940327 493
1584598544462 0.08448484422350626 494
1584598546676 0.08406242000238873 495
1584598548881 0.08364210790237678 496
1584598551064 0.0832238973628649 497
1584598553514 0.08280777787605056 498
1584598557082 0.08239373898667031 499
1584598560434 0.08198177029173696 500
1584598564075 0.08157186144027828 501
1584598566306 0.0811640021330769 502
1584598568526 0.08075818212241151 503
1584598570741 0.08035439121179945 504
1584598573091 0.07995261925574046 505
1584598576497 0.07955285615946175 506
1584598580556 0.07915509187866444 507
1584598583585 0.07875931641927113 508
1584598585880 0.07836551983717477 509
1584598588067 0.07797369223798889 510
1584598590281 0.07758382377679894 511
1584598592465 0.07719590465791494 512
1584598594645 0.07680992513462537 513
1584598596856 0.07642587550895225 514
1584598599033 0.07604374613140748 515
1584598601229 0.07566352740075044 516
1584598603429 0.07528520976374668 517
1584598605628 0.07490878371492794 518
1584598607827 0.0745342397963533 519
1584598610026 0.07416156859737154 520
1584598612212 0.07379076075438468 521
1584598614427 0.07342180695061275 522
1584598616613 0.07305469791585968 523
1584598618793 0.07268942442628039 524
1584598620968 0.07232597730414898 525
1584598623162 0.07196434741762824 526
1584598625376 0.0716045256805401 527
1584598627614 0.0712465030521374 528
1584598629818 0.0708902705368767 529
1584598632035 0.07053581918419231 530
1584598634219 0.07018314008827135 531
1584598636400 0.06983222438783 532
1584598638579 0.06948306326589085 533
1584598640782 0.0691356479495614 534
1584598643033 0.06878996970981359 535
1584598645243 0.06844601986126451 536
1584598647438 0.06810378976195819 537
1584598649605 0.0677632708131484 538
1584598651800 0.06742445445908266 539
1584598653991 0.06708733218678724 540
1584598656186 0.0667518955258533 541
1584598658403 0.06641813604822402 542
1584598660660 0.0660860453679829 543
1584598662805 0.06575561514114299 544
1584598665011 0.06542683706543727 545
1584598667198 0.06509970288011008 546
1584598669431 0.06477420436570952 547
1584598671653 0.06445033334388098 548
1584598673871 0.06412808167716157 549
1584598676050 0.06380744126877576 550
1584598678236 0.06348840406243188 551
1584598680454 0.06317096204211972 552
1584598682649 0.06285510723190912 553
1584598684864 0.06254083169574957 554
1584598687063 0.062228127537270826 555
1584598689294 0.06191698689958447 556
1584598691513 0.061607401965086545 557
1584598693774 0.06129936495526111 558
1584598695972 0.0609928681304848 559
1584598698161 0.060687903789832374 560
1584598700378 0.06038446427088321 561
1584598702644 0.06008254194952879 562
1584598704936 0.05978212923978115 563
1584598707135 0.05948321859358224 564
1584598709319 0.05918580250061433 565
1584598711553 0.058889873488111255 566
1584598713761 0.058595424120670696 567
1584598715934 0.05830244700006734 568
1584598718138 0.058010934765067 569
1584598720315 0.05772088009124167 570
1584598722515 0.05743227569078546 571
1584598724729 0.05714511431233153 572
1584598726925 0.05685938874076987 573
1584598729256 0.056575091797066025 574
1584598731665 0.056292216338080694 575
1584598733893 0.05601075525639029 576
1584598736069 0.05573070148010834 577
1584598738251 0.0554520479727078 578
1584598740460 0.05517478773284426 579
1584598742650 0.05489891379418004 580
1584598744876 0.05462441922520914 581
1584598747044 0.0543512971290831 582
1584598749209 0.05407954064343768 583
1584598751404 0.05380914294022049 584
1584598753639 0.05354009722551939 585
1584598755892 0.05327239673939179 586
1584598758077 0.053006034755694834 587
1584598760288 0.052741004581916356 588
1584598762484 0.052477299559006776 589
1584598764705 0.052214913061211746 590
1584598766943 0.05195383849590569 591
1584598769146 0.05169406930342616 592
1584598771359 0.05143559895690903 593
1584598773517 0.051178420962124486 594
1584598775733 0.05092252885731386 595
1584598777934 0.05066791621302729 596
1584598780158 0.05041457663196215 597
1584598782359 0.050162503748802344 598
1584598784522 0.049911691230058335 599
1584598786722 0.04966213277390804 600
1584598788980 0.0494138221100385 601
1584598791152 0.04916675299948831 602
1584598793367 0.04892091923449087 603
1584598795600 0.04867631463831842 604
1584598797821 0.048432933065126825 605
1584598800020 0.048190768399801194 606
1584598802209 0.04794981455780219 607
1584598804399 0.04771006548501318 608
1584598806617 0.047471515157588115 609
1584598808797 0.047234157581800176 610
1584598811004 0.046997986793891174 611
1584598813220 0.04676299685992172 612
1584598815447 0.04652918187562211 613
1584598817660 0.046296535966244 614
1584598819872 0.046065053286412784 615
1584598822077 0.04583472801998072 616
1584598824296 0.045605554379880814 617
1584598826547 0.04537752660798141 618
1584598828735 0.0451506389749415 619
1584598830927 0.044924885780066794 620
1584598833117 0.04470026135116646 621
1584598835307 0.04447676004441063 622
1584598837513 0.04425437624418858 623
1584598839691 0.04403310436296763 624
1584598841903 0.043812938841152796 625
1584598844076 0.04359387414694703 626
1584598846261 0.043375904776212296 627
1584598848462 0.043159025252331236 628
1584598850667 0.04294323012606958 629
1584598852848 0.04272851397543923 630
1584598855107 0.04251487140556204 631
1584598857313 0.04230229704853423 632
1584598859523 0.04209078556329156 633
1584598861752 0.0418803316354751 634
1584598863957 0.041670929977297724 635
1584598866150 0.04146257532741124 636
1584598868352 0.04125526245077418 637
1584598870544 0.04104898613852031 638
1584598872728 0.04084374120782771 639
1584598874939 0.04063952250178857 640
1584598877136 0.04043632488927963 641
1584598879329 0.04023414326483323 642
1584598881527 0.040032972548509065 643
1584598883757 0.03983280768576652 644
1584598885995 0.03963364364733769 645
1584598888208 0.039435475429100995 646
1584598890411 0.03923829805195549 647
1584598892619 0.03904210656169572 648
1584598894810 0.03884689602888724 649
1584598897026 0.0386526615487428 650
1584598899197 0.03845939824099909 651
1584598901417 0.03826710124979409 652
1584598903622 0.038075765743545126 653
1584598905862 0.0378853869148274 654
1584598908025 0.03769595998025326 655
1584598910225 0.03750748018035199 656
1584598912429 0.037319942779450235 657
1584598914632 0.037133343065552986 658
1584598916864 0.03694767635022522 659
1584598919074 0.036762937968474095 660
1584598921302 0.03657912327863173 661
1584598923516 0.036396227662238566 662
1584598925712 0.03621424652392737 663
1584598927915 0.036033175291307735 664
1584598930115 0.03585300941485119 665
1584598932323 0.035673744367776934 666
1584598934510 0.03549537564593805 667
1584598936711 0.035317898767708356 668
1584598938893 0.03514130927386981 669
1584598941076 0.03496560272750046 670
1584598943250 0.03479077471386296 671
1584598945446 0.03461682084029365 672
1584598947662 0.034443736736092176 673
1584598949852 0.034271518052411715 674
1584598952060 0.034100160462149656 675
1584598954247 0.03392965965983891 676
1584598956449 0.033760011361539714 677
1584598958646 0.03359121130473201 678
1584598960893 0.033423255248208356 679
1584598963098 0.03325613897196732 680
1584598965301 0.03308985827710748 681
1584598967510 0.032924408985721944 682
1584598969707 0.03275978694079333 683
1584598971939 0.032595988006089364 684
1584598974129 0.032433008066058915 685
1584598976355 0.03227084302572862 686
1584598978560 0.032109488810599975 687
1584598980702 0.031948941366546975 688
1584598982953 0.03178919665971424 689
1584598985163 0.03163025067641567 690
1584598987353 0.03147209942303359 691
1584598989579 0.03131473892591842 692
1584598991760 0.031158165231288826 693
1584598993934 0.03100237440513238 694
1584598996277 0.030847362533106718 695
1584598998811 0.030693125720441184 696
1584599001171 0.030539660091838977 697
1584599003366 0.03038696179137978 698
1584599005557 0.030235026982422884 699
1584599007722 0.030083851847510768 700
1584599009950 0.029933432588273214 701
1584599012156 0.029783765425331846 702
1584599014387 0.029634846598205186 703
1584599016586 0.02948667236521416 704
1584599018920 0.029339239003388088 705
1584599021111 0.029192542808371146 706
1584599023294 0.02904658009432929 707
1584599025479 0.028901347193857643 708
1584599027713 0.028756840457888354 709
1584599029951 0.02861305625559891 710
1584599032130 0.028469990974320916 711
1584599034327 0.02832764101944931 712
1584599036520 0.028186002814352063 713
1584599038712 0.0280450728002803 714
1584599040955 0.0279048474362789 715
1584599043185 0.027765323199097504 716
1584599045362 0.027626496583102015 717
1584599047519 0.027488364100186506 718
1584599049677 0.027350922279685573 719
1584599051836 0.027214167668287145 720
1584599053988 0.02707809682994571 721
1584599056214 0.02694270634579598 722
1584599058397 0.026807992814067 723
1584599060593 0.026673952849996664 724
1584599062785 0.02654058308574668 725
1584599064996 0.026407880170317945 726
1584599067179 0.026275840769466357 727
1584599069391 0.026144461565619025 728
1584599071612 0.02601373925779093 729
1584599073808 0.025883670561501974 730
1584599076030 0.025754252208694463 731
1584599078254 0.02562548094765099 732
1584599080488 0.025497353542912736 733
1584599082708 0.02536986677519817 734
1584599084911 0.02524301744132218 735
1584599087097 0.025116802354115567 736
1584599089328 0.024991218342344988 737
1584599091529 0.024866262250633264 738
1584599093733 0.024741930939380097 739
1584599095929 0.024618221284683196 740
1584599098140 0.02449513017825978 741
1584599100339 0.02437265452736848 742
1584599102537 0.024250791254731636 743
1584599104749 0.024129537298457977 744
1584599106953 0.024008889611965685 745
1584599109133 0.023888845163905856 746
1584599111338 0.023769400938086327 747
1584599113551 0.023650553933395897 748
1584599115819 0.023532301163728918 749
1584599118023 0.023414639657910272 750
1584599120243 0.023297566459620722 751
1584599122437 0.023181078627322618 752
1584599124668 0.023065173234186005 753
1584599126867 0.022949847368015076 754
1584599129042 0.022835098131175 755
1584599131241 0.022720922640519125 756
1584599133443 0.02260731802731653 757
1584599135650 0.022494281437179946 758
1584599137881 0.022381810029994047 759
1584599140077 0.022269900979844076 760
1584599142300 0.022158551474944856 761
1584599144479 0.022047758717570132 762
1584599146681 0.021937519923982282 763
1584599148890 0.021827832324362372 764
1584599151094 0.02171869316274056 765
1584599153297 0.021610099696926857 766
1584599155470 0.021502049198442223 767
1584599157674 0.021394538952450012 768
1584599159882 0.02128756625768776 769
1584599162091 0.021181128426399323 770
1584599164281 0.021075222784267326 771
1584599166456 0.020969846670345987 772
1584599168652 0.020864997436994256 773
1584599170841 0.020760672449809284 774
1584599173040 0.020656869087560238 775
1584599175223 0.020553584742122436 776
1584599177446 0.020450816818411825 777
1584599179659 0.020348562734319765 778
1584599181874 0.020246819920648168 779
1584599184098 0.020145585821044927 780
1584599186328 0.020044857891939702 781
1584599188546 0.019944633602480003 782
1584599190734 0.019844910434467605 783
1584599192940 0.019745685882295267 784
1584599195150 0.01964695745288379 785
1584599197379 0.01954872266561937 786
1584599199580 0.019450979052291272 787
1584599201761 0.019353724157029815 788
1584599203950 0.019256955536244666 789
1584599206177 0.019160670758563442 790
1584599208390 0.019064867404770626 791
1584599210595 0.018969543067746772 792
1584599212831 0.018874695352408037 793
1584599215012 0.018780321875645996 794
1584599217287 0.018686420266267767 795
1584599219482 0.018592988164936427 796
1584599221694 0.018500023224111744 797
1584599223884 0.018407523107991184 798
1584599226106 0.01831548549245123 799
1584599228377 0.018223908064988973 800
1584599230641 0.018132788524664028 801
1584599232876 0.018042124582040707 802
1584599235041 0.017951913959130504 803
1584599237232 0.01786215438933485 804
1584599239454 0.017772843617388175 805
1584599241671 0.017683979399301233 806
1584599243894 0.017595559502304726 807
1584599246065 0.0175075817047932 808
1584599248287 0.017420043796269234 809
1584599250520 0.017332943577287888 810
1584599252728 0.01724627885940145 811
1584599254931 0.017160047465104442 812
1584599257111 0.01707424722777892 813
1584599259295 0.016988875991640028 814
1584599261533 0.016903931611681827 815
1584599263764 0.01681941195362342 816
1584599265965 0.016735314893855303 817
1584599268159 0.016651638319386028 818
1584599270338 0.0165683801277891 819
1584599272559 0.016485538227150154 820
1584599274734 0.0164031105360144 821
1584599276938 0.01632109498333433 822
1584599279117 0.016239489508417658 823
1584599281305 0.01615829206087557 824
1584599283505 0.01607750060057119 825
1584599285718 0.015997113097568336 826
1584599287916 0.015917127532080494 827
1584599290116 0.01583754189442009 828
1584599292334 0.01575835418494799 829
1584599294525 0.01567956241402325 830
1584599296741 0.015601164601953134 831
1584599298936 0.015523158778943369 832
1584599301127 0.015445542985048652 833
1584599303384 0.015368315270123408 834
1584599305588 0.01529147369377279 835
1584599307793 0.015215016325303928 836
1584599309950 0.015138941243677408 837
1584599312157 0.01506324653745902 838
1584599314497 0.014987930304771725 839
1584599317090 0.014912990653247866 840
1584599319332 0.014838425699981627 841
1584599321560 0.01476423357148172 842
1584599323806 0.014690412403624311 843
1584599325994 0.01461696034160619 844
1584599328157 0.014543875539898159 845
1584599330358 0.014471156162198668 846
1584599332558 0.014398800381387675 847
1584599334761 0.014326806379480736 848
1584599336944 0.014255172347583332 849
1584599339128 0.014183896485845416 850
1584599341316 0.014112977003416188 851
1584599343552 0.014042412118399107 852
1584599345752 0.013972200057807112 853
1584599348015 0.013902339057518077 854
1584599350215 0.013832827362230486 855
1584599352427 0.013763663225419333 856
1584599354593 0.013694844909292236 857
1584599356764 0.013626370684745774 858
1584599358963 0.013558238831322046 859
1584599361141 0.013490447637165436 860
1584599363336 0.013422995398979608 861
1584599365547 0.01335588042198471 862
1584599367736 0.013289101019874787 863
1584599369989 0.013222655514775413 864
1584599372207 0.013156542237201536 865
1584599374411 0.013090759526015528 866
1584599376620 0.01302530572838545 867
1584599378797 0.012960179199743523 868
