1584597461852 300 1
1584597464095 300 2
1584597466417 300 3
1584597468972 300 4
1584597471253 300 5
1584597473617 300 6
1584597475804 300 7
1584597477968 300 8
1584597480164 300 9
1584597482317 300 10
1584597484542 300 11
1584597486729 300 12
1584597488898 300 13
1584597491047 300 14
1584597493307 300 15
1584597495537 300 16
1584597497816 300 17
1584597499991 300 18
1584597502187 300 19
1584597504368 300 20
1584597506545 300 21
1584597508706 300 22
1584597510890 300 23
1584597513050 300 24
1584597515216 300 25
1584597517405 300 26
1584597519598 300 27
1584597521774 300 28
1584597523968 300 29
1584597526185 300 30
1584597528387 300 31
1584597530606 300 32
1584597532768 300 33
1584597534964 300 34
1584597537134 300 35
1584597539331 300 36
1584597541514 300 37
1584597543684 300 38
1584597545919 300 39
1584597548114 300 40
1584597550318 300 41
1584597552509 300 42
1584597554702 300 43
1584597556881 300 44
1584597559055 300 45
1584597561241 300 46
1584597563417 300 47
1584597565608 300 48
1584597567793 300 49
1584597570032 300 50
1584597572207 300 51
1584597574391 300 52
1584597576601 300 53
1584597578782 300 54
1584597580991 300 55
1584597583182 300 56
1584597585375 300 57
1584597587560 300 58
1584597589732 300 59
1584597591903 300 60
1584597594075 300 61
1584597596267 300 62
1584597598468 300 63
1584597600671 300 64
1584597602935 300 65
1584597605122 300 66
1584597607308 300 67
1584597609491 300 68
1584597611677 300 69
1584597613867 300 70
1584597616055 300 71
1584597618250 300 72
1584597620447 300 73
1584597622625 300 74
1584597624847 300 75
1584597627027 300 76
1584597629231 300 77
1584597631478 300 78
1584597633675 300 79
1584597635981 300 80
1584597638188 300 81
1584597640345 300 82
1584597642530 300 83
1584597644714 300 84
1584597646908 300 85
1584597649081 300 86
1584597651275 300 87
1584597653455 300 88
1584597655632 300 89
1584597657847 300 90
1584597660049 300 91
1584597662248 300 92
1584597664465 300 93
1584597666693 300 94
1584597668865 300 95
1584597671054 300 96
1584597673260 300 97
1584597675461 300 98
1584597677630 300 99
1584597679801 300 100
1584597682026 300 101
1584597684200 300 102
1584597686408 300 103
1584597688591 300 104
1584597690818 300 105
1584597693025 300 106
1584597695213 300 107
1584597697402 300 108
1584597699588 300 109
1584597701825 300 110
1584597703984 300 111
1584597706162 300 112
1584597708350 300 113
1584597710536 300 114
1584597712700 300 115
1584597714900 300 116
1584597717117 300 117
1584597719310 300 118
1584597721500 300 119
1584597723687 300 120
1584597725905 300 121
1584597728127 300 122
1584597730320 300 123
1584597732515 300 124
1584597734695 300 125
1584597736871 300 126
1584597739054 300 127
1584597741252 300 128
1584597743475 300 129
1584597745672 300 130
1584597747903 300 131
1584597750067 300 132
1584597752234 300 133
1584597754409 300 134
1584597756606 300 135
1584597758805 300 136
1584597761009 300 137
1584597763184 300 138
1584597765363 300 139
1584597767552 300 140
1584597769781 300 141
1584597771982 300 142
1584597774252 300 143
1584597776430 300 144
1584597778611 300 145
1584597780826 300 146
1584597783030 300 147
1584597785223 300 148
1584597787447 300 149
1584597789644 300 150
1584597791844 300 151
1584597794063 300 152
1584597796266 300 153
1584597798462 300 154
1584597800671 300 155
1584597802858 300 156
1584597805060 300 157
1584597807237 300 158
1584597809420 300 159
1584597811649 300 160
1584597813814 300 161
1584597815977 300 162
1584597818139 300 163
1584597820351 300 164
1584597822553 300 165
1584597824755 300 166
1584597826943 300 167
1584597829123 300 168
1584597831315 300 169
1584597833494 300 170
1584597835702 300 171
1584597837902 300 172
1584597840088 300 173
1584597842253 300 174
1584597844407 300 175
1584597846580 300 176
1584597848726 300 177
1584597850887 300 178
1584597853077 300 179
1584597855262 300 180
1584597857443 300 181
1584597859660 300 182
1584597861857 300 183
1584597864062 300 184
1584597866255 300 185
1584597868431 300 186
1584597870627 300 187
1584597872835 300 188
1584597875019 300 189
1584597877202 300 190
1584597879383 300 191
1584597881530 300 192
1584597883731 300 193
1584597885888 300 194
1584597888057 300 195
1584597890232 300 196
1584597892417 300 197
1584597894611 300 198
1584597896822 300 199
1584597899002 300 200
1584597901199 300 201
1584597903396 300 202
1584597905658 300 203
1584597908012 300 204
1584597910213 300 205
1584597912440 300 206
1584597914613 300 207
1584597916813 300 208
1584597918989 300 209
1584597921251 300 210
1584597923444 300 211
1584597925677 300 212
1584597927860 300 213
1584597930067 300 214
1584597932266 300 215
1584597934470 300 216
1584597936695 300 217
1584597938897 300 218
1584597941093 300 219
1584597943274 300 220
1584597945477 300 221
1584597947672 300 222
1584597949930 300 223
1584597952120 300 224
1584597954287 300 225
1584597956481 300 226
1584597958699 300 227
1584597960931 300 228
1584597963139 300 229
1584597965338 300 230
1584597967576 300 231
1584597969753 300 232
1584597971958 300 233
1584597974138 300 234
1584597976340 300 235
1584597978566 300 236
1584597980743 300 237
1584597982913 300 238
1584597985148 300 239
1584597987369 300 240
1584597989591 300 241
1584597991799 300 242
1584597993977 300 243
1584597996166 300 244
1584597998345 300 245
1584598000533 300 246
1584598002729 300 247
1584598004958 300 248
1584598007148 300 249
1584598009326 300 250
1584598011585 300 251
1584598013937 300 252
1584598016120 300 253
1584598018338 300 254
1584598020544 300 255
1584598022769 300 256
1584598024941 300 257
1584598027103 300 258
1584598029306 300 259
1584598031510 300 260
1584598033693 300 261
1584598035881 300 262
1584598038048 300 263
1584598040396 300 264
1584598042634 300 265
1584598044838 300 266
1584598047076 300 267
1584598049280 300 268
1584598051442 300 269
1584598053632 300 270
1584598055855 300 271
1584598058053 300 272
1584598060266 300 273
1584598062474 300 274
1584598064651 300 275
1584598066830 300 276
1584598069025 300 277
1584598071231 300 278
1584598073463 300 279
1584598075659 300 280
1584598077899 300 281
1584598080086 300 282
1584598082271 300 283
1584598084483 300 284
1584598086705 300 285
1584598088909 300 286
1584598091064 300 287
1584598093235 300 288
1584598095429 300 289
1584598097641 300 290
1584598099845 300 291
1584598102055 300 292
1584598104271 300 293
1584598106435 300 294
1584598108598 300 295
1584598110776 300 296
1584598112979 300 297
1584598115168 300 298
1584598117340 300 299
1584598119531 300 300
1584598121728 300 301
1584598123916 300 302
1584598126119 300 303
1584598128318 300 304
1584598130528 300 305
1584598132743 300 306
1584598134917 300 307
1584598137075 300 308
1584598139303 300 309
1584598141524 300 310
1584598143757 300 311
1584598145934 300 312
1584598148117 300 313
1584598150357 300 314
1584598152555 300 315
1584598154708 300 316
1584598156873 300 317
1584598159061 300 318
1584598161217 300 319
1584598163395 300 320
1584598165580 300 321
1584598167776 300 322
1584598169987 300 323
1584598172213 300 324
1584598174398 300 325
1584598176576 300 326
1584598178724 300 327
1584598180891 300 328
1584598183069 300 329
1584598185285 300 330
1584598187468 300 331
1584598189639 300 332
1584598191814 300 333
1584598194006 300 334
1584598196193 300 335
1584598198367 300 336
1584598200579 300 337
1584598202780 300 338
1584598204967 300 339
1584598207133 300 340
1584598209313 300 341
1584598211495 300 342
1584598213667 300 343
1584598215821 300 344
1584598217997 300 345
1584598220163 300 346
1584598222356 300 347
1584598224544 300 348
1584598226720 300 349
1584598228909 300 350
1584598231097 300 351
1584598233266 300 352
1584598235449 300 353
1584598237625 300 354
1584598239802 300 355
1584598241980 300 356
1584598244129 300 357
1584598246374 300 358
1584598248566 300 359
1584598250750 300 360
1584598252916 300 361
1584598255071 300 362
1584598257243 300 363
1584598259421 300 364
1584598261623 300 365
1584598263829 300 366
1584598266014 300 367
1584598268197 300 368
1584598270357 300 369
1584598272575 300 370
1584598274760 300 371
1584598276959 300 372
1584598279171 300 373
1584598281364 300 374
1584598283554 300 375
1584598285749 300 376
1584598287918 300 377
1584598290087 300 378
1584598292262 300 379
1584598294446 300 380
1584598296656 300 381
1584598298844 300 382
1584598300988 300 383
1584598303127 300 384
1584598305365 300 385
1584598307582 300 386
1584598309760 300 387
1584598311950 300 388
1584598314152 300 389
1584598316316 300 390
1584598318502 300 391
1584598320696 300 392
1584598322894 300 393
1584598325054 300 394
1584598327219 300 395
1584598329389 300 396
1584598331611 300 397
1584598333801 300 398
1584598335982 300 399
1584598338147 300 400
1584598340350 300 401
1584598342601 300 402
1584598344782 300 403
1584598346973 300 404
1584598349174 300 405
1584598351343 300 406
1584598353519 300 407
1584598355682 300 408
1584598357864 300 409
1584598360017 300 410
1584598362179 300 411
1584598364354 300 412
1584598366552 300 413
1584598368730 300 414
1584598370920 300 415
1584598373110 300 416
1584598375295 300 417
1584598377477 300 418
1584598379688 300 419
1584598381901 300 420
1584598384055 300 421
1584598386224 300 422
1584598388450 300 423
1584598390610 300 424
1584598392793 300 425
1584598394951 300 426
1584598397114 300 427
1584598399345 300 428
1584598401569 300 429
1584598403772 300 430
1584598405964 300 431
1584598408120 300 432
1584598410292 300 433
1584598412497 300 434
1584598414706 300 435
1584598416935 300 436
1584598419125 300 437
1584598421331 300 438
1584598423545 300 439
1584598425735 300 440
1584598427928 300 441
1584598430112 300 442
1584598432306 300 443
1584598434504 300 444
1584598436702 300 445
1584598438873 300 446
1584598441056 300 447
1584598443247 300 448
1584598445415 300 449
1584598447554 300 450
1584598449734 300 451
1584598451923 300 452
1584598454107 300 453
1584598456292 300 454
1584598458504 300 455
1584598460718 300 456
1584598462911 300 457
1584598465092 300 458
1584598467272 300 459
1584598469495 300 460
1584598471697 300 461
1584598473893 300 462
1584598476064 300 463
1584598478270 300 464
1584598480443 300 465
1584598482636 300 466
1584598484827 300 467
1584598487022 300 468
1584598489251 300 469
1584598491434 300 470
1584598493648 300 471
1584598495878 300 472
1584598498068 300 473
1584598500268 300 474
1584598502441 300 475
1584598504666 300 476
1584598506851 300 477
1584598509029 300 478
1584598511247 300 479
1584598513489 300 480
1584598515699 300 481
1584598517887 300 482
1584598520077 300 483
1584598522284 300 484
1584598524477 300 485
1584598526668 300 486
1584598528866 300 487
1584598531081 300 488
1584598533284 300 489
1584598535517 300 490
1584598537712 300 491
1584598539904 300 492
1584598542087 300 493
1584598544462 300 494
1584598546676 300 495
1584598548881 300 496
1584598551064 300 497
1584598553514 300 498
1584598557082 300 499
1584598560434 300 500
1584598564075 300 501
1584598566306 300 502
1584598568526 300 503
1584598570741 300 504
1584598573091 300 505
1584598576497 300 506
1584598580556 300 507
1584598583585 300 508
1584598585880 300 509
1584598588067 300 510
1584598590281 300 511
1584598592465 300 512
1584598594645 300 513
1584598596856 300 514
1584598599033 300 515
1584598601229 300 516
1584598603429 300 517
1584598605628 300 518
1584598607827 300 519
1584598610026 300 520
1584598612212 300 521
1584598614427 300 522
1584598616613 300 523
1584598618793 300 524
1584598620968 300 525
1584598623162 300 526
1584598625376 300 527
1584598627614 300 528
1584598629818 300 529
1584598632035 300 530
1584598634219 300 531
1584598636400 300 532
1584598638579 300 533
1584598640782 300 534
1584598643033 300 535
1584598645243 300 536
1584598647438 300 537
1584598649605 300 538
1584598651800 300 539
1584598653991 300 540
1584598656186 300 541
1584598658403 300 542
1584598660660 300 543
1584598662805 300 544
1584598665011 300 545
1584598667198 300 546
1584598669431 300 547
1584598671653 300 548
1584598673871 300 549
1584598676050 300 550
1584598678236 300 551
1584598680454 300 552
1584598682649 300 553
1584598684864 300 554
1584598687063 300 555
1584598689294 300 556
1584598691513 300 557
1584598693774 300 558
1584598695972 300 559
1584598698161 300 560
1584598700378 300 561
1584598702644 300 562
1584598704936 300 563
1584598707135 300 564
1584598709319 300 565
1584598711553 300 566
1584598713761 300 567
1584598715934 300 568
1584598718138 300 569
1584598720315 300 570
1584598722515 300 571
1584598724729 300 572
1584598726925 300 573
1584598729256 300 574
1584598731665 300 575
1584598733893 300 576
1584598736069 300 577
1584598738251 300 578
1584598740460 300 579
1584598742650 300 580
1584598744876 300 581
1584598747044 300 582
1584598749209 300 583
1584598751404 300 584
1584598753639 300 585
1584598755892 300 586
1584598758077 300 587
1584598760288 300 588
1584598762484 300 589
1584598764705 300 590
1584598766943 300 591
1584598769146 300 592
1584598771359 300 593
1584598773517 300 594
1584598775733 300 595
1584598777934 300 596
1584598780158 300 597
1584598782359 300 598
1584598784522 300 599
1584598786722 300 600
1584598788980 300 601
1584598791152 300 602
1584598793367 300 603
1584598795600 300 604
1584598797821 300 605
1584598800020 300 606
1584598802209 300 607
1584598804399 300 608
1584598806617 300 609
1584598808797 300 610
1584598811004 300 611
1584598813220 300 612
1584598815447 300 613
1584598817660 300 614
1584598819872 300 615
1584598822077 300 616
1584598824296 300 617
1584598826547 300 618
1584598828735 300 619
1584598830927 300 620
1584598833117 300 621
1584598835307 300 622
1584598837513 300 623
1584598839691 300 624
1584598841903 300 625
1584598844076 300 626
1584598846261 300 627
1584598848462 300 628
1584598850667 300 629
1584598852848 300 630
1584598855107 300 631
1584598857313 300 632
1584598859523 300 633
1584598861752 300 634
1584598863957 300 635
1584598866150 300 636
1584598868352 300 637
1584598870544 300 638
1584598872728 300 639
1584598874939 300 640
1584598877136 300 641
1584598879329 300 642
1584598881527 300 643
1584598883757 300 644
1584598885995 300 645
1584598888208 300 646
1584598890411 300 647
1584598892619 300 648
1584598894810 300 649
1584598897026 300 650
1584598899197 300 651
1584598901417 300 652
1584598903622 300 653
1584598905862 300 654
1584598908025 300 655
1584598910225 300 656
1584598912429 300 657
1584598914632 300 658
1584598916864 300 659
1584598919074 300 660
1584598921302 300 661
1584598923516 300 662
1584598925712 300 663
1584598927915 300 664
1584598930115 300 665
1584598932323 300 666
1584598934510 300 667
1584598936711 300 668
1584598938893 300 669
1584598941076 300 670
1584598943250 300 671
1584598945446 300 672
1584598947662 300 673
1584598949852 300 674
1584598952060 300 675
1584598954247 300 676
1584598956449 300 677
1584598958646 300 678
1584598960893 300 679
1584598963098 300 680
1584598965301 300 681
1584598967510 300 682
1584598969707 300 683
1584598971939 300 684
1584598974129 300 685
1584598976355 300 686
1584598978560 300 687
1584598980702 300 688
1584598982953 300 689
1584598985163 300 690
1584598987353 300 691
1584598989579 300 692
1584598991760 300 693
1584598993934 300 694
1584598996277 300 695
1584598998811 300 696
1584599001171 300 697
1584599003366 300 698
1584599005557 300 699
1584599007722 300 700
1584599009950 300 701
1584599012156 300 702
1584599014387 300 703
1584599016586 300 704
1584599018920 300 705
1584599021111 300 706
1584599023294 300 707
1584599025479 300 708
1584599027713 300 709
1584599029951 300 710
1584599032130 300 711
1584599034327 300 712
1584599036520 300 713
1584599038712 300 714
1584599040955 300 715
1584599043185 300 716
1584599045362 300 717
1584599047519 300 718
1584599049677 300 719
1584599051836 300 720
1584599053988 300 721
1584599056214 300 722
1584599058397 300 723
1584599060593 300 724
1584599062785 300 725
1584599064996 300 726
1584599067179 300 727
1584599069391 300 728
1584599071612 300 729
1584599073808 300 730
1584599076030 300 731
1584599078254 300 732
1584599080488 300 733
1584599082708 300 734
1584599084911 300 735
1584599087097 300 736
1584599089328 300 737
1584599091529 300 738
1584599093733 300 739
1584599095929 300 740
1584599098140 300 741
1584599100339 300 742
1584599102537 300 743
1584599104749 300 744
1584599106953 300 745
1584599109133 300 746
1584599111338 300 747
1584599113551 300 748
1584599115819 300 749
1584599118023 300 750
1584599120243 300 751
1584599122437 300 752
1584599124668 300 753
1584599126867 300 754
1584599129042 300 755
1584599131241 300 756
1584599133443 300 757
1584599135650 300 758
1584599137881 300 759
1584599140077 300 760
1584599142300 300 761
1584599144479 300 762
1584599146681 300 763
1584599148890 300 764
1584599151094 300 765
1584599153297 300 766
1584599155470 300 767
1584599157674 300 768
1584599159882 300 769
1584599162091 300 770
1584599164281 300 771
1584599166456 300 772
1584599168652 300 773
1584599170841 300 774
1584599173040 300 775
1584599175223 300 776
1584599177446 300 777
1584599179659 300 778
1584599181874 300 779
1584599184098 300 780
1584599186328 300 781
1584599188546 300 782
1584599190734 300 783
1584599192940 300 784
1584599195150 300 785
1584599197379 300 786
1584599199580 300 787
1584599201761 300 788
1584599203950 300 789
1584599206177 300 790
1584599208390 300 791
1584599210595 300 792
1584599212831 300 793
1584599215012 300 794
1584599217287 300 795
1584599219482 300 796
1584599221694 300 797
1584599223884 300 798
1584599226106 300 799
1584599228377 300 800
1584599230641 300 801
1584599232876 300 802
1584599235041 300 803
1584599237232 300 804
1584599239454 300 805
1584599241671 300 806
1584599243894 300 807
1584599246065 300 808
1584599248287 300 809
1584599250520 300 810
1584599252728 300 811
1584599254931 300 812
1584599257111 300 813
1584599259295 300 814
1584599261533 300 815
1584599263764 300 816
1584599265965 300 817
1584599268159 300 818
1584599270338 300 819
1584599272559 300 820
1584599274734 300 821
1584599276938 300 822
1584599279117 300 823
1584599281305 300 824
1584599283505 300 825
1584599285718 300 826
1584599287916 300 827
1584599290116 300 828
1584599292334 300 829
1584599294525 300 830
1584599296741 300 831
1584599298936 300 832
1584599301127 300 833
1584599303384 300 834
1584599305588 300 835
1584599307793 300 836
1584599309950 300 837
1584599312157 300 838
1584599314497 300 839
1584599317090 300 840
1584599319332 300 841
1584599321560 300 842
1584599323806 300 843
1584599325994 300 844
1584599328157 300 845
1584599330358 300 846
1584599332558 300 847
1584599334761 300 848
1584599336944 300 849
1584599339128 300 850
1584599341316 300 851
1584599343552 300 852
1584599345752 300 853
1584599348015 300 854
1584599350215 300 855
1584599352427 300 856
1584599354593 300 857
1584599356764 300 858
1584599358963 300 859
1584599361141 300 860
1584599363336 300 861
1584599365547 300 862
1584599367736 300 863
1584599369989 300 864
1584599372207 300 865
1584599374411 300 866
1584599376620 300 867
1584599378797 300 868
