1584597461852 -1.0 1
1584597464095 -1.0 2
1584597466417 1.0 3
1584597468972 0.0 4
1584597471253 1.0 5
1584597473617 -1.0 6
1584597475804 -1.0 7
1584597477968 0.0 8
1584597480164 2.0 9
1584597482317 1.0 10
1584597484542 1.0 11
1584597486729 0.0 12
1584597488898 -1.0 13
1584597491047 0.0 14
1584597493307 0.0 15
1584597495537 -2.0 16
1584597497816 0.0 17
1584597499991 -1.0 18
1584597502187 0.0 19
1584597504368 0.0 20
1584597506545 2.0 21
1584597508706 -1.0 22
1584597510890 0.0 23
1584597513050 -3.0 24
1584597515216 1.0 25
1584597517405 2.0 26
1584597519598 1.0 27
1584597521774 0.0 28
1584597523968 1.0 29
1584597526185 1.0 30
1584597528387 1.0 31
1584597530606 2.0 32
1584597532768 1.0 33
1584597534964 4.0 34
1584597537134 -2.0 35
1584597539331 1.0 36
1584597541514 1.0 37
1584597543684 0.0 38
1584597545919 0.0 39
1584597548114 -1.0 40
1584597550318 0.0 41
1584597552509 -1.0 42
1584597554702 3.0 43
1584597556881 1.0 44
1584597559055 0.0 45
1584597561241 1.0 46
1584597563417 -1.0 47
1584597565608 -1.0 48
1584597567793 1.0 49
1584597570032 1.0 50
1584597572207 1.0 51
1584597574391 1.0 52
1584597576601 1.0 53
1584597578782 3.0 54
1584597580991 1.0 55
1584597583182 2.0 56
1584597585375 0.0 57
1584597587560 -1.0 58
1584597589732 3.0 59
1584597591903 0.0 60
1584597594075 1.0 61
1584597596267 1.0 62
1584597598468 2.0 63
1584597600671 0.0 64
1584597602935 -2.0 65
1584597605122 1.0 66
1584597607308 0.0 67
1584597609491 1.0 68
1584597611677 3.0 69
1584597613867 1.0 70
1584597616055 -1.0 71
1584597618250 -1.0 72
1584597620447 2.0 73
1584597622625 1.0 74
1584597624847 0.0 75
1584597627027 0.0 76
1584597629231 -1.0 77
1584597631478 0.0 78
1584597633675 -1.0 79
1584597635981 0.0 80
1584597638188 3.0 81
1584597640345 1.0 82
1584597642530 2.0 83
1584597644714 0.0 84
1584597646908 1.0 85
1584597649081 0.0 86
1584597651275 0.0 87
1584597653455 3.0 88
1584597655632 2.0 89
1584597657847 1.0 90
1584597660049 -1.0 91
1584597662248 -2.0 92
1584597664465 0.0 93
1584597666693 3.0 94
1584597668865 2.0 95
1584597671054 3.0 96
1584597673260 -1.0 97
1584597675461 1.0 98
1584597677630 0.0 99
1584597679801 2.0 100
1584597682026 3.0 101
1584597684200 3.0 102
1584597686408 1.0 103
1584597688591 0.0 104
1584597690818 4.0 105
1584597693025 1.0 106
1584597695213 3.0 107
1584597697402 1.0 108
1584597699588 -1.0 109
1584597701825 2.0 110
1584597703984 3.0 111
1584597706162 6.0 112
1584597708350 5.0 113
1584597710536 2.0 114
1584597712700 -1.0 115
1584597714900 -1.0 116
1584597717117 3.0 117
1584597719310 4.0 118
1584597721500 2.0 119
1584597723687 0.0 120
1584597725905 3.0 121
1584597728127 2.0 122
1584597730320 2.0 123
1584597732515 1.0 124
1584597734695 2.0 125
1584597736871 3.0 126
1584597739054 0.0 127
1584597741252 -1.0 128
1584597743475 1.0 129
1584597745672 -1.0 130
1584597747903 5.0 131
1584597750067 1.0 132
1584597752234 4.0 133
1584597754409 5.0 134
1584597756606 1.0 135
1584597758805 5.0 136
1584597761009 3.0 137
1584597763184 5.0 138
1584597765363 -1.0 139
1584597767552 3.0 140
1584597769781 2.0 141
1584597771982 -1.0 142
1584597774252 2.0 143
1584597776430 2.0 144
1584597778611 3.0 145
1584597780826 -1.0 146
1584597783030 7.0 147
1584597785223 3.0 148
1584597787447 5.0 149
1584597789644 4.0 150
1584597791844 5.0 151
1584597794063 5.0 152
1584597796266 2.0 153
1584597798462 2.0 154
1584597800671 4.0 155
1584597802858 4.0 156
1584597805060 5.0 157
1584597807237 0.0 158
1584597809420 2.0 159
1584597811649 -1.0 160
1584597813814 2.0 161
1584597815977 5.0 162
1584597818139 1.0 163
1584597820351 6.0 164
1584597822553 2.0 165
1584597824755 6.0 166
1584597826943 4.0 167
1584597829123 1.0 168
1584597831315 5.0 169
1584597833494 0.0 170
1584597835702 3.0 171
1584597837902 3.0 172
1584597840088 0.0 173
1584597842253 8.0 174
1584597844407 3.0 175
1584597846580 3.0 176
1584597848726 1.0 177
1584597850887 5.0 178
1584597853077 5.0 179
1584597855262 5.0 180
1584597857443 9.0 181
1584597859660 0.0 182
1584597861857 10.0 183
1584597864062 4.0 184
1584597866255 5.0 185
1584597868431 7.0 186
1584597870627 9.0 187
1584597872835 2.0 188
1584597875019 5.0 189
1584597877202 4.0 190
1584597879383 1.0 191
1584597881530 8.0 192
1584597883731 3.0 193
1584597885888 10.0 194
1584597888057 1.0 195
1584597890232 2.0 196
1584597892417 1.0 197
1584597894611 2.0 198
1584597896822 7.0 199
1584597899002 3.0 200
1584597901199 3.0 201
1584597903396 6.0 202
1584597905658 6.0 203
1584597908012 9.0 204
1584597910213 2.0 205
1584597912440 5.0 206
1584597914613 2.0 207
1584597916813 4.0 208
1584597918989 4.0 209
1584597921251 7.0 210
1584597923444 3.0 211
1584597925677 11.0 212
1584597927860 4.0 213
1584597930067 2.0 214
1584597932266 4.0 215
1584597934470 4.0 216
1584597936695 5.0 217
1584597938897 5.0 218
1584597941093 6.0 219
1584597943274 6.0 220
1584597945477 2.0 221
1584597947672 5.0 222
1584597949930 3.0 223
1584597952120 0.0 224
1584597954287 5.0 225
1584597956481 4.0 226
1584597958699 6.0 227
1584597960931 9.0 228
1584597963139 1.0 229
1584597965338 4.0 230
1584597967576 6.0 231
1584597969753 3.0 232
1584597971958 3.0 233
1584597974138 1.0 234
1584597976340 6.0 235
1584597978566 4.0 236
1584597980743 5.0 237
1584597982913 12.0 238
1584597985148 2.0 239
1584597987369 6.0 240
1584597989591 1.0 241
1584597991799 3.0 242
1584597993977 7.0 243
1584597996166 4.0 244
1584597998345 7.0 245
1584598000533 6.0 246
1584598002729 1.0 247
1584598004958 8.0 248
1584598007148 5.0 249
1584598009326 5.0 250
1584598011585 7.0 251
1584598013937 8.0 252
1584598016120 9.0 253
1584598018338 2.0 254
1584598020544 8.0 255
1584598022769 8.0 256
1584598024941 7.0 257
1584598027103 5.0 258
1584598029306 3.0 259
1584598031510 1.0 260
1584598033693 7.0 261
1584598035881 10.0 262
1584598038048 6.0 263
1584598040396 4.0 264
1584598042634 6.0 265
1584598044838 4.0 266
1584598047076 3.0 267
1584598049280 6.0 268
1584598051442 4.0 269
1584598053632 9.0 270
1584598055855 7.0 271
1584598058053 11.0 272
1584598060266 10.0 273
1584598062474 9.0 274
1584598064651 11.0 275
1584598066830 9.0 276
1584598069025 9.0 277
1584598071231 7.0 278
1584598073463 11.0 279
1584598075659 1.0 280
1584598077899 2.0 281
1584598080086 3.0 282
1584598082271 3.0 283
1584598084483 3.0 284
1584598086705 6.0 285
1584598088909 7.0 286
1584598091064 11.0 287
1584598093235 7.0 288
1584598095429 8.0 289
1584598097641 9.0 290
1584598099845 4.0 291
1584598102055 9.0 292
1584598104271 3.0 293
1584598106435 4.0 294
1584598108598 9.0 295
1584598110776 13.0 296
1584598112979 9.0 297
1584598115168 9.0 298
1584598117340 5.0 299
1584598119531 5.0 300
1584598121728 6.0 301
1584598123916 4.0 302
1584598126119 10.0 303
1584598128318 7.0 304
1584598130528 4.0 305
1584598132743 10.0 306
1584598134917 2.0 307
1584598137075 5.0 308
1584598139303 6.0 309
1584598141524 3.0 310
1584598143757 5.0 311
1584598145934 5.0 312
1584598148117 10.0 313
1584598150357 13.0 314
1584598152555 2.0 315
1584598154708 8.0 316
1584598156873 7.0 317
1584598159061 7.0 318
1584598161217 13.0 319
1584598163395 6.0 320
1584598165580 6.0 321
1584598167776 8.0 322
1584598169987 8.0 323
1584598172213 6.0 324
1584598174398 3.0 325
1584598176576 0.0 326
1584598178724 5.0 327
1584598180891 11.0 328
1584598183069 10.0 329
1584598185285 4.0 330
1584598187468 3.0 331
1584598189639 8.0 332
1584598191814 12.0 333
1584598194006 8.0 334
1584598196193 11.0 335
1584598198367 5.0 336
1584598200579 9.0 337
1584598202780 10.0 338
1584598204967 3.0 339
1584598207133 10.0 340
1584598209313 14.0 341
1584598211495 6.0 342
1584598213667 11.0 343
1584598215821 11.0 344
1584598217997 4.0 345
1584598220163 8.0 346
1584598222356 6.0 347
1584598224544 7.0 348
1584598226720 8.0 349
1584598228909 10.0 350
1584598231097 9.0 351
1584598233266 6.0 352
1584598235449 4.0 353
1584598237625 8.0 354
1584598239802 8.0 355
1584598241980 12.0 356
1584598244129 8.0 357
1584598246374 7.0 358
1584598248566 7.0 359
1584598250750 9.0 360
1584598252916 5.0 361
1584598255071 8.0 362
1584598257243 9.0 363
1584598259421 4.0 364
1584598261623 9.0 365
1584598263829 10.0 366
1584598266014 13.0 367
1584598268197 7.0 368
1584598270357 9.0 369
1584598272575 12.0 370
1584598274760 9.0 371
1584598276959 8.0 372
1584598279171 5.0 373
1584598281364 13.0 374
1584598283554 10.0 375
1584598285749 13.0 376
1584598287918 4.0 377
1584598290087 13.0 378
1584598292262 16.0 379
1584598294446 8.0 380
1584598296656 8.0 381
1584598298844 13.0 382
1584598300988 10.0 383
1584598303127 13.0 384
1584598305365 17.0 385
1584598307582 2.0 386
1584598309760 13.0 387
1584598311950 8.0 388
1584598314152 6.0 389
1584598316316 7.0 390
1584598318502 16.0 391
1584598320696 16.0 392
1584598322894 16.0 393
1584598325054 8.0 394
1584598327219 17.0 395
1584598329389 15.0 396
1584598331611 11.0 397
1584598333801 15.0 398
1584598335982 9.0 399
1584598338147 13.0 400
1584598340350 10.0 401
1584598342601 9.0 402
1584598344782 5.0 403
1584598346973 17.0 404
1584598349174 18.0 405
1584598351343 13.0 406
1584598353519 9.0 407
1584598355682 12.0 408
1584598357864 3.0 409
1584598360017 0.0 410
1584598362179 9.0 411
1584598364354 4.0 412
1584598366552 6.0 413
1584598368730 10.0 414
1584598370920 14.0 415
1584598373110 12.0 416
1584598375295 2.0 417
1584598377477 16.0 418
1584598379688 15.0 419
1584598381901 10.0 420
1584598384055 9.0 421
1584598386224 4.0 422
1584598388450 14.0 423
1584598390610 9.0 424
1584598392793 0.0 425
1584598394951 7.0 426
1584598397114 5.0 427
1584598399345 6.0 428
1584598401569 6.0 429
1584598403772 13.0 430
1584598405964 8.0 431
1584598408120 11.0 432
1584598410292 12.0 433
1584598412497 8.0 434
1584598414706 11.0 435
1584598416935 16.0 436
1584598419125 14.0 437
1584598421331 12.0 438
1584598423545 14.0 439
1584598425735 5.0 440
1584598427928 16.0 441
1584598430112 14.0 442
1584598432306 16.0 443
1584598434504 5.0 444
1584598436702 11.0 445
1584598438873 10.0 446
1584598441056 4.0 447
1584598443247 11.0 448
1584598445415 7.0 449
1584598447554 11.0 450
1584598449734 11.0 451
1584598451923 7.0 452
1584598454107 9.0 453
1584598456292 9.0 454
1584598458504 9.0 455
1584598460718 17.0 456
1584598462911 8.0 457
1584598465092 2.0 458
1584598467272 13.0 459
1584598469495 7.0 460
1584598471697 10.0 461
1584598473893 11.0 462
1584598476064 15.0 463
1584598478270 16.0 464
1584598480443 18.0 465
1584598482636 17.0 466
1584598484827 10.0 467
1584598487022 12.0 468
1584598489251 2.0 469
1584598491434 12.0 470
1584598493648 4.0 471
1584598495878 15.0 472
1584598498068 9.0 473
1584598500268 9.0 474
1584598502441 14.0 475
1584598504666 13.0 476
1584598506851 18.0 477
1584598509029 17.0 478
1584598511247 2.0 479
1584598513489 5.0 480
1584598515699 4.0 481
1584598517887 10.0 482
1584598520077 14.0 483
1584598522284 9.0 484
1584598524477 10.0 485
1584598526668 18.0 486
1584598528866 20.0 487
1584598531081 4.0 488
1584598533284 6.0 489
1584598535517 12.0 490
1584598537712 7.0 491
1584598539904 8.0 492
1584598542087 15.0 493
1584598544462 17.0 494
1584598546676 14.0 495
1584598548881 7.0 496
1584598551064 11.0 497
1584598553514 17.0 498
1584598557082 12.0 499
1584598560434 16.0 500
1584598564075 10.0 501
1584598566306 9.0 502
1584598568526 10.0 503
1584598570741 11.0 504
1584598573091 13.0 505
1584598576497 10.0 506
1584598580556 18.0 507
1584598583585 7.0 508
1584598585880 15.0 509
1584598588067 7.0 510
1584598590281 23.0 511
1584598592465 12.0 512
1584598594645 15.0 513
1584598596856 7.0 514
1584598599033 11.0 515
1584598601229 5.0 516
1584598603429 16.0 517
1584598605628 10.0 518
1584598607827 15.0 519
1584598610026 12.0 520
1584598612212 12.0 521
1584598614427 20.0 522
1584598616613 10.0 523
1584598618793 19.0 524
1584598620968 10.0 525
1584598623162 17.0 526
1584598625376 15.0 527
1584598627614 17.0 528
1584598629818 12.0 529
1584598632035 15.0 530
1584598634219 16.0 531
1584598636400 13.0 532
1584598638579 6.0 533
1584598640782 10.0 534
1584598643033 13.0 535
1584598645243 16.0 536
1584598647438 15.0 537
1584598649605 17.0 538
1584598651800 11.0 539
1584598653991 10.0 540
1584598656186 11.0 541
1584598658403 19.0 542
1584598660660 9.0 543
1584598662805 13.0 544
1584598665011 12.0 545
1584598667198 16.0 546
1584598669431 12.0 547
1584598671653 16.0 548
1584598673871 11.0 549
1584598676050 8.0 550
1584598678236 13.0 551
1584598680454 18.0 552
1584598682649 18.0 553
1584598684864 16.0 554
1584598687063 9.0 555
1584598689294 16.0 556
1584598691513 19.0 557
1584598693774 8.0 558
1584598695972 15.0 559
1584598698161 11.0 560
1584598700378 12.0 561
1584598702644 13.0 562
1584598704936 9.0 563
1584598707135 13.0 564
1584598709319 13.0 565
1584598711553 15.0 566
1584598713761 16.0 567
1584598715934 10.0 568
1584598718138 17.0 569
1584598720315 8.0 570
1584598722515 12.0 571
1584598724729 10.0 572
1584598726925 15.0 573
1584598729256 15.0 574
1584598731665 14.0 575
1584598733893 7.0 576
1584598736069 17.0 577
1584598738251 14.0 578
1584598740460 21.0 579
1584598742650 15.0 580
1584598744876 15.0 581
1584598747044 10.0 582
1584598749209 15.0 583
1584598751404 16.0 584
1584598753639 16.0 585
1584598755892 2.0 586
1584598758077 10.0 587
1584598760288 9.0 588
1584598762484 13.0 589
1584598764705 22.0 590
1584598766943 22.0 591
1584598769146 15.0 592
1584598771359 18.0 593
1584598773517 11.0 594
1584598775733 15.0 595
1584598777934 10.0 596
1584598780158 17.0 597
1584598782359 15.0 598
1584598784522 10.0 599
1584598786722 17.0 600
1584598788980 14.0 601
1584598791152 15.0 602
1584598793367 14.0 603
1584598795600 16.0 604
1584598797821 4.0 605
1584598800020 8.0 606
1584598802209 6.0 607
1584598804399 6.0 608
1584598806617 13.0 609
1584598808797 9.0 610
1584598811004 12.0 611
1584598813220 13.0 612
1584598815447 17.0 613
1584598817660 14.0 614
1584598819872 8.0 615
1584598822077 12.0 616
1584598824296 14.0 617
1584598826547 18.0 618
1584598828735 11.0 619
1584598830927 12.0 620
1584598833117 17.0 621
1584598835307 12.0 622
1584598837513 15.0 623
1584598839691 12.0 624
1584598841903 19.0 625
1584598844076 11.0 626
1584598846261 17.0 627
1584598848462 8.0 628
1584598850667 13.0 629
1584598852848 8.0 630
1584598855107 21.0 631
1584598857313 20.0 632
1584598859523 10.0 633
1584598861752 16.0 634
1584598863957 15.0 635
1584598866150 15.0 636
1584598868352 14.0 637
1584598870544 19.0 638
1584598872728 17.0 639
1584598874939 18.0 640
1584598877136 14.0 641
1584598879329 15.0 642
1584598881527 15.0 643
1584598883757 16.0 644
1584598885995 21.0 645
1584598888208 16.0 646
1584598890411 7.0 647
1584598892619 15.0 648
1584598894810 10.0 649
1584598897026 9.0 650
1584598899197 15.0 651
1584598901417 13.0 652
1584598903622 15.0 653
1584598905862 19.0 654
1584598908025 21.0 655
1584598910225 14.0 656
1584598912429 14.0 657
1584598914632 23.0 658
1584598916864 18.0 659
1584598919074 17.0 660
1584598921302 12.0 661
1584598923516 15.0 662
1584598925712 8.0 663
1584598927915 9.0 664
1584598930115 15.0 665
1584598932323 14.0 666
1584598934510 4.0 667
1584598936711 15.0 668
1584598938893 14.0 669
1584598941076 17.0 670
1584598943250 19.0 671
1584598945446 12.0 672
1584598947662 13.0 673
1584598949852 8.0 674
1584598952060 16.0 675
1584598954247 5.0 676
1584598956449 11.0 677
1584598958646 17.0 678
1584598960893 19.0 679
1584598963098 21.0 680
1584598965301 15.0 681
1584598967510 15.0 682
1584598969707 17.0 683
1584598971939 8.0 684
1584598974129 17.0 685
1584598976355 16.0 686
1584598978560 17.0 687
1584598980702 11.0 688
1584598982953 15.0 689
1584598985163 17.0 690
1584598987353 21.0 691
1584598989579 15.0 692
1584598991760 13.0 693
1584598993934 15.0 694
1584598996277 14.0 695
1584598998811 18.0 696
1584599001171 17.0 697
1584599003366 13.0 698
1584599005557 18.0 699
1584599007722 11.0 700
1584599009950 13.0 701
1584599012156 16.0 702
1584599014387 14.0 703
1584599016586 16.0 704
1584599018920 16.0 705
1584599021111 13.0 706
1584599023294 17.0 707
1584599025479 17.0 708
1584599027713 18.0 709
1584599029951 16.0 710
1584599032130 21.0 711
1584599034327 20.0 712
1584599036520 11.0 713
1584599038712 19.0 714
1584599040955 13.0 715
1584599043185 17.0 716
1584599045362 21.0 717
1584599047519 18.0 718
1584599049677 20.0 719
1584599051836 16.0 720
1584599053988 17.0 721
1584599056214 11.0 722
1584599058397 15.0 723
1584599060593 16.0 724
1584599062785 19.0 725
1584599064996 18.0 726
1584599067179 10.0 727
1584599069391 20.0 728
1584599071612 11.0 729
1584599073808 19.0 730
1584599076030 16.0 731
1584599078254 15.0 732
1584599080488 10.0 733
1584599082708 19.0 734
1584599084911 14.0 735
1584599087097 15.0 736
1584599089328 4.0 737
1584599091529 18.0 738
1584599093733 14.0 739
1584599095929 21.0 740
1584599098140 17.0 741
1584599100339 17.0 742
1584599102537 16.0 743
1584599104749 19.0 744
1584599106953 11.0 745
1584599109133 11.0 746
1584599111338 19.0 747
1584599113551 19.0 748
1584599115819 15.0 749
1584599118023 18.0 750
1584599120243 16.0 751
1584599122437 15.0 752
1584599124668 22.0 753
1584599126867 17.0 754
1584599129042 17.0 755
1584599131241 16.0 756
1584599133443 11.0 757
1584599135650 22.0 758
1584599137881 13.0 759
1584599140077 11.0 760
1584599142300 12.0 761
1584599144479 12.0 762
1584599146681 17.0 763
1584599148890 16.0 764
1584599151094 14.0 765
1584599153297 5.0 766
1584599155470 19.0 767
1584599157674 20.0 768
1584599159882 14.0 769
1584599162091 16.0 770
1584599164281 14.0 771
1584599166456 16.0 772
1584599168652 12.0 773
1584599170841 12.0 774
1584599173040 13.0 775
1584599175223 19.0 776
1584599177446 16.0 777
1584599179659 20.0 778
1584599181874 18.0 779
1584599184098 18.0 780
1584599186328 15.0 781
1584599188546 16.0 782
1584599190734 18.0 783
1584599192940 16.0 784
1584599195150 12.0 785
1584599197379 16.0 786
1584599199580 13.0 787
1584599201761 19.0 788
1584599203950 17.0 789
1584599206177 14.0 790
1584599208390 15.0 791
1584599210595 18.0 792
1584599212831 19.0 793
1584599215012 14.0 794
1584599217287 19.0 795
1584599219482 12.0 796
1584599221694 17.0 797
1584599223884 23.0 798
1584599226106 13.0 799
1584599228377 13.0 800
1584599230641 14.0 801
1584599232876 16.0 802
1584599235041 5.0 803
1584599237232 18.0 804
1584599239454 20.0 805
1584599241671 18.0 806
1584599243894 17.0 807
1584599246065 16.0 808
1584599248287 16.0 809
1584599250520 16.0 810
1584599252728 16.0 811
1584599254931 18.0 812
1584599257111 16.0 813
1584599259295 11.0 814
1584599261533 17.0 815
1584599263764 17.0 816
1584599265965 16.0 817
1584599268159 14.0 818
1584599270338 16.0 819
1584599272559 16.0 820
1584599274734 17.0 821
1584599276938 19.0 822
1584599279117 15.0 823
1584599281305 14.0 824
1584599283505 15.0 825
1584599285718 20.0 826
1584599287916 17.0 827
1584599290116 14.0 828
1584599292334 18.0 829
1584599294525 20.0 830
1584599296741 19.0 831
1584599298936 12.0 832
1584599301127 15.0 833
1584599303384 15.0 834
1584599305588 21.0 835
1584599307793 12.0 836
1584599309950 12.0 837
1584599312157 19.0 838
1584599314497 17.0 839
1584599317090 15.0 840
1584599319332 17.0 841
1584599321560 12.0 842
1584599323806 16.0 843
1584599325994 14.0 844
1584599328157 17.0 845
1584599330358 11.0 846
1584599332558 17.0 847
1584599334761 13.0 848
1584599336944 16.0 849
1584599339128 17.0 850
1584599341316 15.0 851
1584599343552 18.0 852
1584599345752 18.0 853
1584599348015 13.0 854
1584599350215 11.0 855
1584599352427 11.0 856
1584599354593 9.0 857
1584599356764 11.0 858
1584599358963 19.0 859
1584599361141 12.0 860
1584599363336 19.0 861
1584599365547 13.0 862
1584599367736 8.0 863
1584599369989 12.0 864
1584599372207 18.0 865
1584599374411 11.0 866
1584599376620 14.0 867
1584599378797 9.0 868
