1584600742816 1 1
1584600745145 0.1 2
1584600747476 0.010000000000000002 3
1584600749707 0.01 4
1584600752027 0.01 5
1584600754254 0.01 6
1584600756669 0.01 7
1584600759101 0.01 8
1584600761642 0.01 9
1584600763987 0.01 10
1584600766274 0.01 11
1584600768631 0.01 12
1584600770928 0.01 13
1584600773236 0.01 14
1584600775546 0.01 15
1584600777825 0.01 16
1584600780143 0.01 17
1584600782576 0.01 18
1584600784856 0.01 19
1584600787528 0.01 20
1584600789831 0.01 21
1584600792056 0.01 22
1584600794280 0.01 23
1584600796517 0.01 24
1584600798719 0.01 25
1584600801002 0.01 26
1584600803237 0.01 27
1584600805452 0.01 28
1584600807691 0.01 29
1584600809901 0.01 30
1584600812138 0.01 31
1584600814337 0.01 32
1584600816540 0.01 33
1584600818852 0.01 34
1584600821083 0.01 35
1584600823315 0.01 36
1584600826098 0.01 37
1584600828356 0.01 38
1584600830586 0.01 39
1584600832835 0.01 40
1584600835064 0.01 41
1584600837268 0.01 42
1584600839488 0.01 43
1584600841732 0.01 44
1584600843982 0.01 45
1584600846190 0.01 46
1584600848552 0.01 47
1584600850784 0.01 48
1584600853035 0.01 49
1584600855443 0.01 50
1584600857680 0.01 51
1584600859906 0.01 52
1584600862110 0.01 53
1584600864318 0.01 54
1584600866557 0.01 55
1584600868760 0.01 56
1584600870997 0.01 57
1584600873255 0.01 58
1584600875520 0.01 59
1584600877765 0.01 60
1584600880015 0.01 61
1584600882306 0.01 62
1584600884884 0.01 63
1584600887142 0.01 64
1584600889393 0.01 65
1584600891640 0.01 66
1584600893950 0.01 67
1584600896218 0.01 68
1584600898419 0.01 69
1584600900668 0.01 70
1584600903058 0.01 71
1584600905297 0.01 72
1584600907530 0.01 73
1584600909782 0.01 74
1584600912085 0.01 75
1584600914544 0.01 76
1584600916793 0.01 77
1584600919020 0.01 78
1584600921258 0.01 79
1584600923482 0.01 80
1584600925719 0.01 81
1584600927946 0.01 82
1584600930220 0.01 83
1584600932473 0.01 84
1584600934711 0.01 85
1584600936963 0.01 86
1584600939157 0.01 87
1584600941392 0.01 88
1584600943598 0.01 89
1584600945927 0.01 90
1584600948120 0.01 91
1584600950450 0.01 92
1584600952773 0.01 93
1584600955007 0.01 94
1584600957253 0.01 95
1584600959468 0.01 96
1584600961716 0.01 97
1584600964000 0.01 98
1584600966200 0.01 99
1584600968433 0.01 100
1584600970961 0.01 101
1584600973205 0.01 102
1584600975555 0.01 103
1584600977804 0.01 104
1584600980277 0.01 105
1584600982770 0.01 106
1584600985077 0.01 107
1584600987365 0.01 108
1584600989595 0.01 109
1584600991824 0.01 110
1584600994058 0.01 111
1584600996289 0.01 112
1584600998513 0.01 113
1584601000789 0.01 114
1584601003059 0.01 115
1584601005307 0.01 116
1584601007542 0.01 117
1584601009825 0.01 118
1584601012149 0.01 119
1584601014396 0.01 120
1584601016636 0.01 121
1584601018836 0.01 122
1584601021092 0.01 123
1584601023323 0.01 124
1584601025552 0.01 125
1584601027802 0.01 126
1584601030031 0.01 127
1584601032258 0.01 128
1584601034493 0.01 129
1584601036763 0.01 130
1584601039013 0.01 131
1584601041339 0.01 132
1584601043553 0.01 133
1584601045802 0.01 134
1584601048176 0.01 135
1584601050420 0.01 136
1584601052668 0.01 137
1584601054932 0.01 138
1584601057161 0.01 139
1584601059413 0.01 140
1584601061663 0.01 141
1584601063896 0.01 142
1584601066136 0.01 143
1584601068358 0.01 144
1584601070597 0.01 145
1584601072871 0.01 146
1584601075092 0.01 147
1584601077376 0.01 148
1584601079612 0.01 149
1584601081877 0.01 150
1584601084144 0.01 151
1584601086362 0.01 152
1584601088599 0.01 153
1584601090986 0.01 154
1584601093220 0.01 155
1584601095467 0.01 156
1584601097710 0.01 157
1584601099930 0.01 158
1584601102190 0.01 159
1584601104420 0.01 160
1584601106640 0.01 161
1584601108951 0.01 162
1584601111168 0.01 163
1584601113437 0.01 164
1584601115686 0.01 165
1584601117902 0.01 166
1584601120136 0.01 167
1584601122354 0.01 168
1584601124613 0.01 169
1584601126868 0.01 170
1584601129102 0.01 171
1584601131330 0.01 172
1584601133547 0.01 173
1584601135800 0.01 174
1584601138055 0.01 175
1584601140306 0.01 176
1584601142539 0.01 177
1584601144979 0.01 178
1584601147216 0.01 179
1584601149460 0.01 180
1584601151700 0.01 181
1584601153971 0.01 182
1584601156208 0.01 183
1584601158431 0.01 184
1584601160662 0.01 185
1584601162917 0.01 186
1584601165160 0.01 187
1584601167398 0.01 188
1584601169639 0.01 189
1584601171920 0.01 190
1584601174182 0.01 191
1584601176454 0.01 192
1584601178689 0.01 193
1584601180965 0.01 194
1584601183200 0.01 195
1584601185481 0.01 196
1584601187732 0.01 197
1584601190016 0.01 198
1584601192232 0.01 199
1584601194474 0.01 200
1584601196769 0.01 201
1584601199130 0.01 202
1584601201432 0.01 203
1584601203709 0.01 204
1584601206000 0.01 205
1584601208239 0.01 206
1584601210477 0.01 207
1584601212742 0.01 208
1584601214990 0.01 209
1584601217247 0.01 210
1584601219452 0.01 211
1584601221704 0.01 212
1584601223943 0.01 213
1584601226213 0.01 214
1584601228430 0.01 215
1584601230746 0.01 216
1584601232973 0.01 217
1584601235224 0.01 218
1584601237448 0.01 219
1584601239758 0.01 220
1584601242142 0.01 221
1584601244373 0.01 222
1584601246634 0.01 223
1584601248888 0.01 224
1584601251139 0.01 225
1584601253391 0.01 226
1584601255659 0.01 227
1584601257903 0.01 228
1584601260173 0.01 229
1584601262431 0.01 230
1584601264667 0.01 231
1584601266929 0.01 232
1584601269163 0.01 233
1584601271454 0.01 234
1584601273701 0.01 235
1584601276022 0.01 236
1584601278277 0.01 237
1584601280546 0.01 238
1584601282842 0.01 239
1584601285065 0.01 240
1584601287310 0.01 241
1584601289576 0.01 242
1584601291811 0.01 243
1584601294091 0.01 244
1584601296339 0.01 245
1584601298586 0.01 246
1584601300862 0.01 247
1584601303102 0.01 248
1584601305347 0.01 249
1584601307604 0.01 250
1584601309920 0.01 251
1584601312446 0.01 252
1584601314706 0.01 253
1584601316988 0.01 254
1584601319234 0.01 255
1584601321658 0.01 256
1584601323931 0.01 257
1584601326209 0.01 258
1584601328430 0.01 259
1584601330711 0.01 260
1584601332983 0.01 261
1584601335212 0.01 262
1584601337603 0.01 263
1584601339843 0.01 264
1584601342095 0.01 265
1584601344367 0.01 266
1584601346610 0.01 267
1584601348872 0.01 268
1584601351130 0.01 269
1584601353380 0.01 270
1584601355616 0.01 271
1584601357896 0.01 272
1584601360134 0.01 273
1584601362396 0.01 274
1584601364625 0.01 275
1584601366901 0.01 276
1584601369175 0.01 277
1584601371415 0.01 278
1584601373684 0.01 279
1584601376050 0.01 280
1584601378287 0.01 281
1584601380551 0.01 282
1584601382793 0.01 283
1584601385049 0.01 284
1584601387283 0.01 285
1584601389563 0.01 286
1584601391800 0.01 287
1584601394074 0.01 288
1584601396362 0.01 289
1584601398661 0.01 290
1584601400903 0.01 291
1584601403205 0.01 292
1584601405449 0.01 293
1584601407672 0.01 294
1584601409924 0.01 295
1584601412204 0.01 296
1584601414446 0.01 297
1584601416697 0.01 298
1584601418933 0.01 299
1584601421213 0.01 300
1584601423528 0.01 301
1584601425868 0.01 302
1584601428120 0.01 303
1584601430389 0.01 304
1584601432646 0.01 305
1584601435053 0.01 306
1584601437273 0.01 307
1584601439499 0.01 308
1584601441773 0.01 309
1584601444049 0.01 310
1584601446287 0.01 311
1584601448538 0.01 312
1584601450810 0.01 313
1584601453049 0.01 314
1584601455300 0.01 315
1584601457544 0.01 316
1584601459830 0.01 317
1584601462632 0.01 318
1584601466757 0.01 319
1584601471366 0.01 320
1584601473801 0.01 321
1584601476025 0.01 322
1584601478262 0.01 323
1584601480503 0.01 324
1584601482873 0.01 325
1584601485160 0.01 326
1584601487397 0.01 327
1584601489635 0.01 328
1584601492076 0.01 329
1584601494403 0.01 330
1584601496708 0.01 331
1584601498966 0.01 332
1584601501224 0.01 333
1584601503509 0.01 334
1584601505767 0.01 335
1584601508009 0.01 336
1584601510258 0.01 337
1584601512501 0.01 338
1584601514721 0.01 339
1584601516966 0.01 340
1584601519203 0.01 341
1584601521497 0.01 342
1584601523718 0.01 343
1584601525981 0.01 344
1584601528237 0.01 345
1584601530584 0.01 346
1584601532901 0.01 347
1584601535149 0.01 348
1584601537405 0.01 349
1584601539674 0.01 350
1584601541931 0.01 351
1584601544201 0.01 352
1584601546478 0.01 353
1584601548731 0.01 354
1584601550997 0.01 355
1584601553253 0.01 356
1584601555484 0.01 357
1584601557721 0.01 358
1584601559980 0.01 359
1584601562254 0.01 360
1584601564479 0.01 361
1584601566737 0.01 362
1584601569001 0.01 363
1584601571259 0.01 364
1584601573509 0.01 365
1584601575792 0.01 366
1584601578056 0.01 367
1584601580307 0.01 368
1584601582663 0.01 369
1584601584966 0.01 370
1584601587246 0.01 371
1584601589631 0.01 372
1584601591942 0.01 373
1584601594210 0.01 374
1584601596463 0.01 375
1584601598732 0.01 376
1584601601048 0.01 377
1584601603369 0.01 378
1584601605653 0.01 379
1584601607975 0.01 380
1584601610227 0.01 381
1584601612600 0.01 382
1584601614848 0.01 383
1584601617153 0.01 384
1584601619387 0.01 385
1584601621671 0.01 386
1584601623956 0.01 387
1584601626210 0.01 388
1584601628637 0.01 389
1584601630908 0.01 390
1584601633159 0.01 391
1584601635398 0.01 392
1584601637667 0.01 393
1584601639922 0.01 394
1584601642179 0.01 395
1584601644445 0.01 396
1584601646721 0.01 397
1584601649020 0.01 398
1584601651486 0.01 399
1584601653892 0.01 400
1584601656241 0.01 401
1584601658618 0.01 402
1584601660900 0.01 403
1584601663185 0.01 404
1584601665422 0.01 405
1584601667703 0.01 406
1584601669993 0.01 407
1584601672253 0.01 408
1584601674522 0.01 409
1584601676793 0.01 410
1584601679099 0.01 411
1584601681376 0.01 412
1584601683641 0.01 413
1584601685888 0.01 414
1584601688179 0.01 415
1584601690473 0.01 416
1584601692719 0.01 417
1584601694996 0.01 418
1584601697258 0.01 419
1584601699546 0.01 420
1584601701809 0.01 421
1584601704090 0.01 422
1584601706315 0.01 423
1584601708572 0.01 424
1584601710844 0.01 425
1584601713128 0.01 426
1584601715413 0.01 427
1584601717660 0.01 428
1584601720003 0.01 429
1584601722258 0.01 430
1584601724594 0.01 431
1584601726850 0.01 432
1584601729133 0.01 433
1584601731383 0.01 434
1584601733674 0.01 435
1584601735932 0.01 436
1584601738192 0.01 437
1584601740443 0.01 438
1584601742695 0.01 439
1584601745002 0.01 440
1584601747252 0.01 441
1584601749615 0.01 442
1584601751893 0.01 443
1584601754147 0.01 444
1584601756415 0.01 445
1584601758666 0.01 446
1584601760941 0.01 447
1584601763185 0.01 448
1584601765466 0.01 449
1584601767739 0.01 450
1584601770009 0.01 451
1584601772280 0.01 452
1584601774525 0.01 453
1584601776761 0.01 454
1584601779037 0.01 455
1584601781371 0.01 456
1584601783635 0.01 457
1584601785969 0.01 458
1584601788220 0.01 459
1584601790512 0.01 460
1584601792761 0.01 461
1584601795056 0.01 462
1584601797302 0.01 463
1584601799578 0.01 464
1584601801872 0.01 465
1584601804155 0.01 466
1584601806407 0.01 467
1584601808655 0.01 468
1584601810925 0.01 469
1584601813168 0.01 470
1584601815440 0.01 471
1584601817664 0.01 472
1584601819979 0.01 473
1584601822325 0.01 474
1584601824589 0.01 475
1584601826885 0.01 476
1584601829134 0.01 477
1584601831417 0.01 478
1584601833659 0.01 479
1584601835933 0.01 480
1584601838189 0.01 481
1584601840468 0.01 482
1584601842736 0.01 483
1584601844990 0.01 484
1584601847281 0.01 485
1584601849596 0.01 486
1584601852177 0.01 487
1584601854454 0.01 488
1584601856707 0.01 489
1584601858980 0.01 490
1584601861239 0.01 491
1584601863517 0.01 492
1584601865743 0.01 493
1584601868038 0.01 494
1584601870305 0.01 495
1584601872592 0.01 496
1584601874825 0.01 497
1584601877159 0.01 498
1584601879406 0.01 499
1584601881712 0.01 500
1584601884019 0.01 501
1584601886279 0.01 502
1584601888563 0.01 503
1584601890814 0.01 504
1584601893095 0.01 505
1584601895364 0.01 506
1584601897628 0.01 507
1584601899882 0.01 508
1584601902165 0.01 509
1584601904506 0.01 510
1584601906881 0.01 511
1584601909125 0.01 512
1584601911408 0.01 513
1584601913679 0.01 514
1584601915982 0.01 515
1584601918372 0.01 516
1584601920636 0.01 517
1584601922939 0.01 518
1584601925197 0.01 519
1584601927464 0.01 520
1584601929701 0.01 521
1584601931958 0.01 522
1584601934242 0.01 523
1584601936479 0.01 524
1584601938768 0.01 525
1584601941060 0.01 526
1584601943332 0.01 527
1584601945592 0.01 528
1584601947886 0.01 529
1584601950168 0.01 530
1584601952434 0.01 531
1584601954702 0.01 532
1584601956943 0.01 533
1584601959220 0.01 534
1584601961477 0.01 535
1584601963732 0.01 536
1584601965987 0.01 537
1584601968256 0.01 538
1584601970533 0.01 539
1584601972813 0.01 540
1584601975105 0.01 541
1584601977354 0.01 542
1584601979621 0.01 543
1584601981903 0.01 544
1584601984168 0.01 545
1584601986422 0.01 546
1584601988695 0.01 547
1584601991002 0.01 548
1584601993248 0.01 549
1584601995499 0.01 550
1584601997764 0.01 551
1584602000065 0.01 552
1584602002291 0.01 553
1584602004530 0.01 554
1584602006937 0.01 555
1584602009375 0.01 556
1584602011690 0.01 557
1584602014185 0.01 558
1584602016444 0.01 559
1584602018717 0.01 560
1584602021001 0.01 561
1584602023265 0.01 562
1584602025555 0.01 563
1584602027818 0.01 564
1584602030085 0.01 565
1584602032353 0.01 566
1584602034612 0.01 567
1584602036868 0.01 568
1584602039125 0.01 569
1584602041378 0.01 570
1584602043622 0.01 571
1584602045929 0.01 572
1584602048192 0.01 573
1584602050464 0.01 574
1584602052726 0.01 575
1584602055002 0.01 576
1584602057230 0.01 577
1584602059487 0.01 578
1584602061706 0.01 579
1584602063971 0.01 580
1584602066246 0.01 581
1584602068489 0.01 582
1584602070798 0.01 583
1584602073041 0.01 584
1584602075363 0.01 585
1584602077615 0.01 586
1584602079862 0.01 587
1584602082106 0.01 588
1584602084365 0.01 589
1584602086650 0.01 590
1584602088916 0.01 591
1584602091174 0.01 592
1584602093418 0.01 593
1584602095663 0.01 594
1584602097959 0.01 595
1584602100228 0.01 596
1584602102461 0.01 597
1584602104807 0.01 598
1584602107040 0.01 599
1584602109300 0.01 600
1584602111893 0.01 601
1584602114170 0.01 602
1584602116434 0.01 603
1584602118680 0.01 604
1584602121009 0.01 605
1584602123282 0.01 606
1584602125535 0.01 607
1584602127792 0.01 608
1584602130053 0.01 609
1584602132443 0.01 610
1584602134713 0.01 611
1584602136950 0.01 612
1584602139202 0.01 613
1584602141792 0.01 614
1584602144235 0.01 615
1584602146528 0.01 616
1584602148780 0.01 617
1584602151058 0.01 618
1584602153284 0.01 619
1584602155567 0.01 620
1584602157822 0.01 621
1584602160186 0.01 622
1584602162454 0.01 623
1584602164783 0.01 624
1584602167044 0.01 625
1584602169296 0.01 626
1584602171633 0.01 627
1584602173900 0.01 628
1584602176194 0.01 629
1584602178466 0.01 630
1584602180800 0.01 631
1584602183078 0.01 632
1584602185551 0.01 633
1584602187876 0.01 634
1584602190130 0.01 635
1584602192413 0.01 636
1584602194627 0.01 637
1584602197050 0.01 638
1584602200581 0.01 639
1584602203721 0.01 640
1584602207749 0.01 641
1584602210026 0.01 642
1584602212265 0.01 643
1584602214538 0.01 644
1584602216793 0.01 645
1584602219067 0.01 646
1584602221326 0.01 647
1584602223606 0.01 648
1584602226082 0.01 649
1584602228346 0.01 650
1584602230583 0.01 651
1584602232893 0.01 652
1584602235110 0.01 653
1584602237408 0.01 654
1584602239684 0.01 655
1584602241931 0.01 656
1584602244174 0.01 657
1584602246408 0.01 658
1584602248679 0.01 659
1584602250936 0.01 660
1584602253185 0.01 661
1584602255446 0.01 662
1584602257729 0.01 663
1584602259970 0.01 664
1584602262204 0.01 665
1584602264463 0.01 666
1584602266737 0.01 667
1584602269030 0.01 668
1584602271244 0.01 669
1584602273487 0.01 670
1584602275752 0.01 671
1584602278001 0.01 672
1584602280265 0.01 673
1584602282507 0.01 674
1584602284790 0.01 675
1584602287045 0.01 676
1584602289309 0.01 677
1584602291568 0.01 678
1584602293849 0.01 679
1584602296117 0.01 680
1584602298390 0.01 681
1584602300675 0.01 682
1584602302981 0.01 683
1584602305355 0.01 684
1584602307607 0.01 685
1584602309879 0.01 686
1584602312161 0.01 687
1584602314402 0.01 688
1584602316668 0.01 689
1584602318949 0.01 690
1584602321206 0.01 691
1584602323453 0.01 692
1584602325732 0.01 693
1584602327990 0.01 694
1584602330248 0.01 695
1584602332505 0.01 696
1584602334825 0.01 697
1584602337069 0.01 698
1584602339315 0.01 699
1584602341688 0.01 700
1584602344045 0.01 701
1584602346314 0.01 702
1584602348569 0.01 703
1584602350809 0.01 704
1584602353078 0.01 705
1584602355352 0.01 706
1584602357623 0.01 707
1584602359916 0.01 708
1584602362186 0.01 709
1584602364513 0.01 710
1584602366768 0.01 711
1584602369028 0.01 712
1584602371311 0.01 713
1584602373539 0.01 714
1584602375837 0.01 715
1584602378115 0.01 716
1584602380394 0.01 717
1584602382630 0.01 718
1584602384871 0.01 719
1584602387203 0.01 720
1584602389446 0.01 721
1584602391724 0.01 722
1584602393988 0.01 723
1584602396310 0.01 724
1584602398559 0.01 725
1584602401087 0.01 726
1584602403396 0.01 727
1584602405667 0.01 728
1584602407890 0.01 729
1584602410142 0.01 730
1584602412413 0.01 731
1584602414665 0.01 732
1584602416934 0.01 733
1584602419182 0.01 734
1584602421446 0.01 735
1584602423711 0.01 736
1584602426006 0.01 737
1584602428258 0.01 738
1584602430529 0.01 739
1584602432806 0.01 740
1584602435066 0.01 741
1584602437377 0.01 742
1584602439620 0.01 743
1584602441933 0.01 744
1584602444176 0.01 745
1584602446483 0.01 746
1584602448744 0.01 747
1584602451151 0.01 748
1584602453413 0.01 749
1584602455666 0.01 750
1584602457902 0.01 751
1584602460176 0.01 752
1584602462537 0.01 753
1584602464799 0.01 754
1584602467080 0.01 755
1584602469345 0.01 756
1584602471617 0.01 757
1584602473869 0.01 758
1584602476156 0.01 759
1584602478430 0.01 760
1584602480697 0.01 761
1584602482977 0.01 762
1584602485229 0.01 763
1584602487550 0.01 764
1584602489929 0.01 765
1584602492248 0.01 766
1584602494499 0.01 767
1584602496829 0.01 768
1584602499136 0.01 769
1584602501380 0.01 770
1584602503620 0.01 771
1584602505914 0.01 772
1584602508149 0.01 773
1584602510406 0.01 774
1584602512656 0.01 775
1584602514969 0.01 776
1584602517216 0.01 777
1584602519460 0.01 778
1584602521751 0.01 779
1584602524073 0.01 780
1584602526306 0.01 781
1584602528664 0.01 782
1584602530906 0.01 783
1584602533194 0.01 784
1584602535459 0.01 785
1584602537756 0.01 786
1584602540018 0.01 787
1584602542269 0.01 788
1584602544502 0.01 789
1584602546749 0.01 790
1584602549004 0.01 791
1584602551288 0.01 792
1584602553553 0.01 793
1584602555812 0.01 794
1584602558155 0.01 795
1584602560415 0.01 796
1584602562680 0.01 797
1584602564938 0.01 798
1584602567200 0.01 799
1584602569484 0.01 800
1584602571809 0.01 801
1584602574213 0.01 802
1584602576484 0.01 803
1584602578756 0.01 804
1584602581029 0.01 805
1584602583307 0.01 806
1584602585596 0.01 807
1584602587892 0.01 808
1584602590157 0.01 809
1584602592432 0.01 810
1584602594924 0.01 811
1584602597479 0.01 812
1584602599850 0.01 813
1584602602186 0.01 814
