1583096897709 0.0 1
1583096900537 3.0 2
1583096903038 4.0 3
1583096905155 -1.0 4
1583096907275 -1.0 5
1583096909451 0.0 6
1583096911563 -1.0 7
1583096913668 1.0 8
1583096915793 0.0 9
1583096917887 0.0 10
1583096920203 1.0 11
1583096922530 2.0 12
1583096924619 -1.0 13
1583096926895 -1.0 14
1583096929216 -3.0 15
1583096931644 1.0 16
1583096933756 0.0 17
1583096936382 0.0 18
1583096938561 0.0 19
1583096940829 -1.0 20
1583096943235 0.0 21
1583096945538 0.0 22
1583096947674 -1.0 23
1583096949943 -2.0 24
1583096952165 0.0 25
1583096954327 0.0 26
1583096956969 1.0 27
1583096959086 1.0 28
1583096961213 2.0 29
1583096963731 0.0 30
1583096965826 2.0 31
1583096967931 0.0 32
1583096970100 -1.0 33
1583096972490 -1.0 34
1583096975021 -1.0 35
1583096977501 1.0 36
1583096980106 0.0 37
1583096982241 1.0 38
1583096984354 0.0 39
1583096986492 -1.0 40
1583096988596 -2.0 41
1583096990732 2.0 42
1583096992853 0.0 43
1583096994977 2.0 44
1583096997095 -1.0 45
1583096999236 0.0 46
1583097001347 1.0 47
1583097003479 2.0 48
1583097005589 0.0 49
1583097007710 -1.0 50
1583097010124 -1.0 51
1583097012281 0.0 52
1583097014409 0.0 53
1583097016548 0.0 54
1583097018671 0.0 55
1583097020972 -1.0 56
1583097023105 0.0 57
1583097025261 1.0 58
1583097027412 -1.0 59
1583097030036 0.0 60
1583097032281 0.0 61
1583097034535 0.0 62
1583097036630 0.0 63
1583097038767 -1.0 64
1583097040871 -2.0 65
1583097042976 -1.0 66
1583097045090 0.0 67
1583097047204 -2.0 68
1583097049305 -2.0 69
1583097051412 0.0 70
1583097053550 0.0 71
1583097055661 1.0 72
1583097057761 1.0 73
1583097059868 0.0 74
1583097061974 1.0 75
1583097064091 -1.0 76
1583097066217 0.0 77
1583097068340 0.0 78
1583097070469 -1.0 79
1583097072589 0.0 80
1583097074680 0.0 81
1583097076798 -1.0 82
1583097078903 0.0 83
1583097081006 0.0 84
1583097083116 -1.0 85
1583097085415 1.0 86
1583097087512 -1.0 87
1583097090087 0.0 88
1583097092238 1.0 89
1583097094347 -1.0 90
1583097096454 1.0 91
1583097098592 -2.0 92
1583097100714 1.0 93
1583097102822 2.0 94
1583097105002 2.0 95
1583097107351 1.0 96
1583097109608 1.0 97
1583097111826 0.0 98
1583097114034 1.0 99
1583097116153 -1.0 100
1583097118522 0.0 101
1583097120864 0.0 102
1583097122988 0.0 103
1583097125115 1.0 104
1583097127249 0.0 105
1583097129386 -1.0 106
1583097131547 0.0 107
1583097133774 0.0 108
1583097136141 0.0 109
1583097138586 -2.0 110
1583097141017 -1.0 111
1583097143216 -1.0 112
1583097145357 1.0 113
1583097147529 0.0 114
1583097149666 1.0 115
1583097151823 1.0 116
1583097154233 1.0 117
1583097156370 0.0 118
1583097158474 0.0 119
1583097160596 1.0 120
1583097162856 1.0 121
1583097165254 0.0 122
1583097167490 0.0 123
1583097169588 -1.0 124
1583097171696 -1.0 125
1583097173798 1.0 126
1583097175900 0.0 127
1583097178004 0.0 128
1583097180132 -1.0 129
1583097182301 1.0 130
1583097184672 0.0 131
1583097186787 1.0 132
1583097188910 1.0 133
1583097191030 0.0 134
1583097193136 0.0 135
1583097195242 0.0 136
1583097197361 1.0 137
1583097199474 0.0 138
1583097201595 0.0 139
1583097203701 -1.0 140
1583097205820 1.0 141
1583097207927 0.0 142
1583097210036 0.0 143
1583097212181 1.0 144
1583097214327 0.0 145
1583097216452 0.0 146
1583097218550 0.0 147
1583097220671 2.0 148
1583097222783 2.0 149
1583097224882 0.0 150
1583097226978 2.0 151
1583097229088 0.0 152
1583097231186 1.0 153
1583097233296 0.0 154
1583097235417 1.0 155
1583097237520 -1.0 156
1583097239655 -1.0 157
1583097241770 0.0 158
1583097243913 0.0 159
1583097246318 0.0 160
1583097248658 0.0 161
1583097251115 0.0 162
1583097254102 0.0 163
1583097256706 0.0 164
1583097259460 0.0 165
1583097261911 0.0 166
1583097264163 0.0 167
1583097266373 -2.0 168
1583097268664 -1.0 169
1583097270922 1.0 170
1583097273311 -2.0 171
1583097275768 0.0 172
1583097277912 0.0 173
1583097280274 -2.0 174
1583097282592 1.0 175
1583097285224 0.0 176
1583097287961 1.0 177
1583097290495 0.0 178
1583097292841 0.0 179
1583097295140 0.0 180
1583097297256 0.0 181
1583097299369 -1.0 182
1583097301465 -1.0 183
1583097303621 0.0 184
1583097305834 0.0 185
1583097308358 0.0 186
1583097310509 0.0 187
1583097312629 0.0 188
1583097314744 0.0 189
1583097316858 1.0 190
1583097318978 1.0 191
1583097321109 0.0 192
1583097323243 2.0 193
1583097325682 -1.0 194
1583097327980 0.0 195
1583097330209 0.0 196
1583097332370 -2.0 197
1583097334489 1.0 198
1583097337424 1.0 199
1583097339775 0.0 200
1583097341898 -1.0 201
1583097344017 0.0 202
1583097346139 0.0 203
1583097348266 0.0 204
1583097350383 0.0 205
1583097352548 -1.0 206
1583097354653 0.0 207
1583097356778 0.0 208
1583097358938 0.0 209
1583097361090 -2.0 210
1583097363219 0.0 211
1583097365355 1.0 212
1583097367470 0.0 213
1583097369588 0.0 214
1583097371752 0.0 215
1583097373874 -1.0 216
1583097376009 1.0 217
1583097378119 0.0 218
1583097380254 0.0 219
1583097382365 -1.0 220
1583097384483 -2.0 221
1583097386590 0.0 222
1583097388714 1.0 223
1583097390951 0.0 224
1583097393164 1.0 225
1583097395264 0.0 226
1583097397391 0.0 227
1583097399510 0.0 228
1583097401633 0.0 229
1583097403733 1.0 230
1583097405923 -1.0 231
1583097408047 -2.0 232
1583097410474 0.0 233
1583097412590 0.0 234
1583097414928 0.0 235
1583097417295 0.0 236
1583097419716 1.0 237
1583097422068 0.0 238
1583097425393 0.0 239
1583097427757 -1.0 240
1583097430268 -1.0 241
1583097432641 0.0 242
1583097434917 0.0 243
1583097437059 0.0 244
1583097439269 0.0 245
1583097441564 0.0 246
