1583062113853 1.0 1
1583062116872 0.995 2
1583062119040 0.990025 3
1583062121139 0.985074875 4
1583062123260 0.9801495006250001 5
1583062125387 0.9752487531218751 6
1583062127537 0.9703725093562657 7
1583062129635 0.9655206468094844 8
1583062131771 0.960693043575437 9
1583062133902 0.9558895783575597 10
1583062136051 0.9511101304657719 11
1583062138170 0.946354579813443 12
1583062140288 0.9416228069143757 13
1583062142413 0.9369146928798039 14
1583062144518 0.9322301194154049 15
1583062146632 0.9275689688183278 16
1583062148772 0.9229311239742362 17
1583062150894 0.918316468354365 18
1583062153026 0.9137248860125932 19
1583062155147 0.9091562615825302 20
