1584560440300 1 1
1584560442477 1 2
1584560444665 1 3
1584560446844 1 4
1584560449070 1 5
1584560451264 1 6
1584560453439 1 7
1584560455596 1 8
1584560457743 1 9
1584560459858 1 10
1584560462096 1 11
1584560464248 1 12
1584560466389 1 13
1584560468537 1 14
1584560470639 1 15
1584560472790 1 16
1584560474965 1 17
1584560477131 1 18
1584560479295 1 19
1584560481489 1 20
1584560483623 1 21
1584560485796 1 22
1584560487958 1 23
1584560490147 1 24
1584560492311 1 25
1584560494481 1 26
1584560496627 1 27
1584560498818 1 28
1584560501004 1 29
1584560503164 1 30
1584560505337 1 31
1584560507513 1 32
1584560509701 1 33
1584560511868 1 34
1584560514033 1 35
1584560516217 1 36
1584560518412 1 37
1584560520606 1 38
1584560522775 1 39
1584560524949 1 40
1584560527095 1 41
1584560529298 1 42
1584560531507 1 43
1584560533752 1 44
1584560535911 1 45
1584560538062 1 46
1584560540239 1 47
1584560542440 1 48
1584560544643 1 49
1584560546801 1 50
1584560548989 1 51
1584560551140 1 52
1584560553321 1 53
1584560555527 1 54
1584560557705 1 55
1584560559895 1 56
1584560562058 1 57
1584560564218 1 58
1584560566387 1 59
1584560568524 1 60
1584560570701 1 61
1584560572878 1 62
1584560575029 1 63
1584560577212 1 64
1584560579414 1 65
1584560581571 1 66
1584560583806 1 67
1584560585947 1 68
1584560588138 1 69
1584560590298 1 70
1584560592502 1 71
1584560594648 1 72
1584560596805 1 73
1584560599019 1 74
1584560601220 1 75
1584560603380 1 76
1584560605526 1 77
1584560608030 1 78
1584560610179 1 79
1584560612324 1 80
1584560614493 1 81
1584560616672 1 82
1584560618838 1 83
1584560620991 1 84
1584560623172 1 85
1584560625351 1 86
1584560627509 1 87
1584560629659 1 88
1584560631826 1 89
1584560634000 1 90
1584560636193 1 91
1584560638370 1 92
1584560640546 1 93
1584560642773 1 94
1584560644946 1 95
1584560647103 1 96
1584560649281 1 97
1584560651481 1 98
1584560653663 1 99
1584560655838 1 100
1584560657994 1 101
1584560660126 1 102
1584560662275 1 103
1584560664469 1 104
1584560666635 1 105
1584560668841 1 106
1584560671039 1 107
1584560673215 1 108
1584560675369 1 109
1584560677551 1 110
1584560679706 1 111
1584560681852 1 112
1584560684000 1 113
1584560686162 1 114
1584560688287 1 115
1584560690510 1 116
1584560692730 1 117
1584560694912 1 118
1584560697069 1 119
1584560699244 1 120
1584560701428 1 121
1584560703625 1 122
1584560705797 1 123
1584560707993 1 124
1584560710167 1 125
1584560712342 1 126
1584560714506 1 127
1584560716670 1 128
1584560718850 1 129
1584560721041 1 130
1584560723215 1 131
1584560725382 1 132
1584560727593 1 133
1584560729766 1 134
1584560731895 1 135
1584560734057 1 136
1584560736216 1 137
1584560738350 1 138
1584560740490 1 139
1584560742619 1 140
1584560744763 1 141
1584560746894 1 142
1584560749045 1 143
1584560751209 1 144
1584560753401 1 145
1584560755559 1 146
1584560757720 1 147
1584560759929 1 148
1584560762130 1 149
1584560764317 1 150
1584560766492 1 151
1584560768660 1 152
1584560770840 1 153
1584560772993 1 154
1584560775163 1 155
1584560777380 1 156
1584560779561 1 157
1584560781750 1 158
1584560783908 1 159
1584560786085 1 160
1584560788300 1 161
1584560790484 1 162
1584560792623 1 163
1584560794804 1 164
1584560796964 1 165
1584560799130 1 166
1584560801305 1 167
1584560803485 1 168
1584560805678 1 169
1584560807841 1 170
1584560809997 1 171
1584560812157 1 172
1584560814316 1 173
1584560816475 1 174
1584560818674 1 175
1584560820885 1 176
1584560823056 1 177
1584560825204 1 178
1584560827397 1 179
1584560829625 1 180
1584560831792 1 181
1584560833956 1 182
1584560836103 1 183
1584560838288 1 184
1584560840447 1 185
1584560842604 1 186
1584560844793 1 187
1584560846941 1 188
1584560849093 1 189
1584560851268 1 190
1584560853450 1 191
1584560855645 1 192
1584560857821 1 193
1584560860000 1 194
1584560862196 1 195
1584560864375 1 196
1584560866570 1 197
1584560868754 1 198
1584560870936 1 199
1584560873109 1 200
1584560875279 1 201
1584560877442 1 202
1584560879610 1 203
1584560881796 1 204
1584560883994 1 205
1584560886201 1 206
1584560888410 1 207
1584560890628 1 208
1584560892779 1 209
1584560894948 1 210
1584560897074 1 211
1584560899281 1 212
1584560901434 1 213
1584560903595 1 214
1584560905770 1 215
1584560907916 1 216
1584560910110 1 217
1584560912280 1 218
1584560914497 1 219
1584560916708 1 220
1584560918837 1 221
1584560920996 1 222
1584560923165 1 223
1584560925352 1 224
1584560927533 1 225
1584560929724 1 226
1584560931885 1 227
1584560934070 1 228
1584560936254 1 229
1584560938472 1 230
1584560940648 1 231
1584560942870 1 232
1584560945024 1 233
1584560947198 1 234
1584560949380 1 235
1584560951538 1 236
1584560953688 1 237
1584560955834 1 238
1584560957989 1 239
1584560960154 1 240
1584560962353 1 241
1584560964527 1 242
1584560966711 1 243
1584560968892 1 244
1584560971078 1 245
1584560973217 1 246
1584560975401 1 247
1584560977581 1 248
1584560979768 1 249
1584560981930 1 250
1584560984092 1 251
1584560986262 1 252
1584560988438 1 253
1584560990605 1 254
1584560992803 1 255
1584560994952 1 256
1584560997125 1 257
1584560999277 1 258
1584561001458 1 259
1584561003637 1 260
1584561005786 1 261
1584561007970 1 262
1584561010137 1 263
1584561012324 1 264
1584561014517 1 265
1584561016721 1 266
1584561018881 1 267
1584561021067 1 268
1584561023267 1 269
1584561025464 1 270
1584561027643 1 271
1584561029805 1 272
1584561032016 1 273
1584561034197 1 274
1584561036382 1 275
1584561038564 1 276
1584561040744 1 277
1584561042907 1 278
1584561045091 1 279
1584561047257 1 280
1584561049445 1 281
1584561051640 1 282
1584561053800 1 283
1584561055945 1 284
1584561058095 1 285
1584561060278 1 286
1584561062465 1 287
1584561064639 1 288
1584561066863 1 289
1584561069009 1 290
1584561071193 1 291
1584561073358 1 292
1584561075545 1 293
1584561077794 1 294
1584561079969 1 295
1584561082134 1 296
1584561084298 1 297
1584561086478 1 298
1584561088682 1 299
1584561090874 1 300
1584561093061 1 301
1584561095220 1 302
1584561097435 1 303
1584561099588 1 304
1584561101795 1 305
1584561103983 1 306
1584561106214 1 307
1584561108396 1 308
1584561110546 1 309
1584561112796 1 310
1584561114985 1 311
1584561117141 1 312
1584561119298 1 313
1584561121454 1 314
1584561123602 1 315
1584561125764 1 316
1584561127938 1 317
1584561130127 1 318
1584561132376 1 319
1584561134557 1 320
1584561136729 1 321
1584561138885 1 322
1584561141057 1 323
1584561143235 1 324
1584561145448 1 325
1584561147618 1 326
1584561149777 1 327
1584561151943 1 328
1584561154141 1 329
1584561156336 1 330
1584561158507 1 331
1584561160675 1 332
1584561162808 1 333
1584561164990 1 334
1584561167149 1 335
1584561169320 1 336
1584561171504 1 337
1584561173681 1 338
1584561175850 1 339
1584561178000 1 340
1584561180160 1 341
1584561182343 1 342
1584561184590 1 343
1584561186758 1 344
1584561188936 1 345
1584561191088 1 346
1584561193261 1 347
1584561195443 1 348
1584561197652 1 349
1584561199824 1 350
1584561201951 1 351
1584561204086 1 352
1584561206246 1 353
1584561208436 1 354
1584561210620 1 355
1584561212772 1 356
1584561214965 1 357
1584561217163 1 358
1584561219299 1 359
1584561221460 1 360
1584561223634 1 361
1584561225847 1 362
1584561228003 1 363
1584561230157 1 364
1584561232308 1 365
1584561234515 1 366
1584561236680 1 367
1584561238878 1 368
1584561241063 1 369
1584561243246 1 370
1584561245411 1 371
1584561247600 1 372
1584561249800 1 373
1584561252005 1 374
1584561254164 1 375
1584561256335 1 376
1584561258506 1 377
1584561260704 1 378
1584561262874 1 379
1584561265049 1 380
1584561267248 1 381
1584561269442 1 382
1584561271633 1 383
1584561273800 1 384
1584561275929 1 385
1584561278107 1 386
1584561280315 1 387
1584561282446 1 388
1584561284635 1 389
1584561286785 1 390
1584561288952 1 391
1584561291125 1 392
1584561293299 1 393
1584561295513 1 394
1584561297724 1 395
1584561299885 1 396
1584561302034 1 397
1584561304226 1 398
1584561306527 1 399
1584561308716 1 400
1584561311033 1 401
1584561313191 1 402
1584561315368 1 403
1584561317575 1 404
1584561319776 1 405
1584561321996 1 406
1584561324218 1 407
1584561326423 1 408
1584561328664 1 409
1584561331177 1 410
1584561333438 1 411
1584561335631 1 412
1584561337784 1 413
1584561339961 1 414
1584561342130 1 415
1584561344324 1 416
1584561346509 1 417
1584561348699 1 418
1584561350871 1 419
1584561353042 1 420
1584561355191 1 421
1584561357352 1 422
1584561359563 1 423
1584561361773 1 424
1584561364009 1 425
1584561366155 1 426
1584561368345 1 427
1584561370723 1 428
1584561372947 1 429
1584561375226 1 430
1584561377454 1 431
1584561379638 1 432
1584561381783 1 433
1584561383948 1 434
1584561386107 1 435
1584561388301 1 436
1584561390494 1 437
1584561392653 1 438
1584561394824 1 439
1584561397022 1 440
1584561399183 1 441
1584561401346 1 442
1584561403529 1 443
1584561405717 1 444
1584561407903 1 445
1584561410084 1 446
1584561412246 1 447
1584561414401 1 448
1584561416604 1 449
1584561418803 1 450
1584561420984 1 451
1584561423165 1 452
1584561425341 1 453
1584561427557 1 454
1584561430088 1 455
1584561433539 1 456
1584561437715 1 457
1584561439873 1 458
1584561442021 1 459
1584561444215 1 460
1584561446539 1 461
1584561448840 1 462
1584561451174 1 463
1584561454647 1 464
1584561458566 1 465
1584561461093 1 466
1584561463303 1 467
1584561465501 1 468
1584561467633 1 469
1584561469806 1 470
1584561471956 1 471
1584561474134 1 472
1584561476318 1 473
1584561478493 1 474
1584561480669 1 475
1584561482846 1 476
1584561484972 1 477
1584561487185 1 478
1584561489423 1 479
1584561491654 1 480
1584561494471 1 481
1584561498260 1 482
1584561502077 1 483
1584561504228 1 484
1584561506455 1 485
1584561508787 1 486
1584561511107 1 487
1584561513499 1 488
1584561516927 1 489
1584561521130 1 490
1584561523684 1 491
1584561525848 1 492
1584561528056 1 493
1584561530479 1 494
1584561533995 1 495
1584561538391 1 496
1584561540980 1 497
1584561543404 1 498
1584561545654 1 499
1584561548197 1 500
1584561550400 1 501
1584561552568 1 502
1584561554738 1 503
1584561557096 1 504
1584561560686 1 505
1584561563179 1 506
1584561567318 1 507
1584561569805 1 508
1584561572159 1 509
1584561574398 1 510
1584561576889 1 511
1584561579118 1 512
1584561581388 1 513
1584561583591 1 514
1584561585739 1 515
1584561587926 1 516
1584561590103 1 517
1584561592269 1 518
1584561594452 1 519
1584561596657 1 520
1584561598820 1 521
1584561600976 1 522
1584561603167 1 523
1584561605382 1 524
1584561607763 1 525
1584561611350 1 526
1584561613979 1 527
1584561617491 1 528
1584561619768 1 529
1584561621950 1 530
1584561624384 1 531
1584561628000 1 532
1584561632185 1 533
1584561634623 1 534
1584561636846 1 535
1584561639053 1 536
1584561641233 1 537
1584561643388 1 538
1584561645539 1 539
1584561647710 1 540
1584561649912 1 541
1584561652113 1 542
1584561654286 1 543
1584561656596 1 544
1584561658935 1 545
1584561662184 1 546
1584561664904 1 547
1584561669319 1 548
1584561671946 1 549
1584561674354 1 550
1584561676500 1 551
1584561678714 1 552
1584561680888 1 553
1584561683059 1 554
1584561685247 1 555
1584561687418 1 556
1584561689633 1 557
1584561691804 1 558
1584561693935 1 559
1584561696117 1 560
1584561698321 1 561
1584561700505 1 562
1584561702681 1 563
1584561704830 1 564
1584561706948 1 565
1584561709128 1 566
1584561711802 1 567
1584561714024 1 568
1584561716187 1 569
1584561718363 1 570
1584561720525 1 571
1584561722689 1 572
1584561724880 1 573
1584561727090 1 574
1584561729269 1 575
1584561731428 1 576
1584561733576 1 577
1584561735771 1 578
1584561737948 1 579
1584561740122 1 580
1584561742320 1 581
1584561744463 1 582
1584561746614 1 583
1584561748775 1 584
1584561750904 1 585
1584561753052 1 586
1584561755212 1 587
1584561757374 1 588
1584561759522 1 589
1584561761807 1 590
1584561765310 1 591
1584561767869 1 592
1584561772606 1 593
1584561774774 1 594
1584561776952 1 595
1584561779121 1 596
1584561781276 1 597
1584561783927 1 598
1584561787648 1 599
1584561792470 1 600
1584561794874 1 601
1584561797045 1 602
1584561799270 1 603
1584561801449 1 604
1584561803602 1 605
1584561805754 1 606
1584561807897 1 607
1584561810315 1 608
1584561813269 1 609
1584561816590 1 610
1584561821166 1 611
1584561823906 1 612
1584561826317 1 613
1584561828478 1 614
1584561830736 1 615
1584561832902 1 616
1584561835064 1 617
1584561837224 1 618
1584561839405 1 619
1584561841582 1 620
1584561843719 1 621
1584561845864 1 622
1584561848035 1 623
1584561850194 1 624
1584561852395 1 625
1584561854552 1 626
1584561856731 1 627
1584561858898 1 628
1584561861074 1 629
1584561863238 1 630
1584561865429 1 631
1584561867705 1 632
1584561870297 1 633
1584561873352 1 634
1584561877767 1 635
1584561880030 1 636
1584561882219 1 637
1584561884385 1 638
1584561886658 1 639
1584561889982 1 640
1584561895313 1 641
1584561897765 1 642
1584561900725 1 643
1584561902934 1 644
1584561905124 1 645
1584561907274 1 646
1584561909432 1 647
1584561911601 1 648
1584561913762 1 649
1584561915933 1 650
1584561918096 1 651
1584561920241 1 652
1584561922401 1 653
1584561924614 1 654
1584561926840 1 655
1584561929058 1 656
1584561931260 1 657
1584561933460 1 658
1584561935641 1 659
1584561937817 1 660
1584561939970 1 661
1584561942149 1 662
1584561944321 1 663
1584561946499 1 664
1584561948671 1 665
1584561950850 1 666
1584561953051 1 667
1584561955225 1 668
1584561957379 1 669
1584561959572 1 670
1584561961731 1 671
1584561963907 1 672
1584561966061 1 673
1584561968255 1 674
1584561970442 1 675
1584561972586 1 676
1584561974741 1 677
1584561976896 1 678
1584561979079 1 679
1584561981262 1 680
1584561983445 1 681
1584561985636 1 682
1584561987789 1 683
1584561989999 1 684
1584561992184 1 685
1584561994345 1 686
1584561996533 1 687
1584561998830 1 688
1584562002235 1 689
1584562006232 1 690
1584562009400 1 691
1584562011833 1 692
1584562014064 1 693
1584562016243 1 694
1584562018412 1 695
1584562020611 1 696
1584562022776 1 697
1584562024945 1 698
1584562027122 1 699
1584562029285 1 700
1584562031529 1 701
1584562033686 1 702
1584562035936 1 703
1584562038177 1 704
1584562040321 1 705
1584562042523 1 706
1584562044685 1 707
1584562046872 1 708
1584562049049 1 709
1584562051233 1 710
1584562053399 1 711
1584562055594 1 712
1584562057740 1 713
1584562059900 1 714
1584562062050 1 715
1584562064239 1 716
1584562066422 1 717
1584562068604 1 718
1584562070787 1 719
1584562072966 1 720
1584562075132 1 721
1584562077324 1 722
1584562079518 1 723
1584562081685 1 724
1584562083858 1 725
1584562086041 1 726
1584562088214 1 727
1584562090400 1 728
1584562092602 1 729
1584562094791 1 730
1584562096951 1 731
1584562099101 1 732
1584562101231 1 733
1584562103401 1 734
1584562105567 1 735
1584562107756 1 736
1584562109939 1 737
1584562112093 1 738
1584562114251 1 739
1584562116407 1 740
1584562118573 1 741
1584562120720 1 742
1584562122887 1 743
1584562125050 1 744
1584562127205 1 745
1584562129377 1 746
1584562131539 1 747
1584562133693 1 748
1584562135867 1 749
1584562138035 1 750
1584562140194 1 751
1584562142364 1 752
1584562144548 1 753
1584562146727 1 754
1584562148908 1 755
1584562151116 1 756
1584562153272 1 757
1584562155432 1 758
1584562157599 1 759
1584562159743 1 760
1584562161903 1 761
1584562164065 1 762
1584562166232 1 763
1584562168394 1 764
1584562170549 1 765
1584562172710 1 766
1584562174884 1 767
1584562177118 1 768
1584562179303 1 769
1584562181499 1 770
1584562183634 1 771
1584562185792 1 772
1584562187967 1 773
1584562190153 1 774
1584562192346 1 775
1584562194484 1 776
1584562196674 1 777
1584562198882 1 778
1584562201053 1 779
1584562203245 1 780
1584562205425 1 781
1584562207607 1 782
1584562209765 1 783
1584562211910 1 784
1584562214087 1 785
1584562216256 1 786
1584562218413 1 787
1584562220579 1 788
1584562222744 1 789
1584562224903 1 790
1584562227063 1 791
1584562229294 1 792
1584562231473 1 793
1584562233675 1 794
1584562235838 1 795
1584562238009 1 796
1584562240171 1 797
1584562242380 1 798
1584562244561 1 799
1584562246740 1 800
1584562248952 1 801
1584562251121 1 802
1584562253310 1 803
1584562255482 1 804
1584562257640 1 805
1584562259851 1 806
1584562262073 1 807
1584562264249 1 808
1584562266412 1 809
1584562268607 1 810
1584562270790 1 811
1584562272966 1 812
1584562275134 1 813
1584562277333 1 814
1584562279535 1 815
1584562281759 1 816
1584562283929 1 817
1584562286130 1 818
1584562288318 1 819
1584562290502 1 820
1584562292670 1 821
1584562294824 1 822
1584562296989 1 823
1584562299157 1 824
1584562301331 1 825
1584562303489 1 826
1584562305651 1 827
1584562307829 1 828
1584562310025 1 829
1584562312202 1 830
1584562314400 1 831
1584562316589 1 832
1584562318799 1 833
1584562320964 1 834
1584562323117 1 835
1584562325304 1 836
1584562327473 1 837
1584562329654 1 838
1584562331825 1 839
1584562333995 1 840
1584562336158 1 841
1584562338339 1 842
1584562340508 1 843
1584562342706 1 844
1584562344885 1 845
1584562347037 1 846
1584562349213 1 847
1584562351394 1 848
1584562353598 1 849
1584562355797 1 850
1584562357955 1 851
1584562360123 1 852
1584562362277 1 853
1584562364430 1 854
1584562366617 1 855
1584562368806 1 856
1584562371010 1 857
1584562373174 1 858
1584562375326 1 859
1584562377548 1 860
1584562379766 1 861
1584562381978 1 862
1584562384134 1 863
1584562386332 1 864
1584562388505 1 865
1584562390700 1 866
1584562392845 1 867
1584562395025 1 868
1584562397214 1 869
1584562399408 1 870
1584562401603 1 871
1584562403772 1 872
1584562405925 1 873
1584562408061 1 874
1584562410200 1 875
1584562412343 1 876
1584562414516 1 877
1584562416719 1 878
1584562418900 1 879
1584562421062 1 880
1584562423248 1 881
1584562425429 1 882
1584562427559 1 883
1584562429734 1 884
1584562431897 1 885
1584562434060 1 886
1584562436234 1 887
1584562438411 1 888
1584562440565 1 889
1584562442730 1 890
1584562444902 1 891
1584562447072 1 892
1584562449280 1 893
1584562451494 1 894
1584562453663 1 895
1584562455846 1 896
1584562457992 1 897
1584562460183 1 898
1584562462360 1 899
1584562464540 1 900
1584562466818 1 901
1584562468994 1 902
1584562471145 1 903
1584562473354 1 904
1584562475528 1 905
1584562477712 1 906
1584562479911 1 907
1584562482056 1 908
1584562484237 1 909
1584562486422 1 910
1584562488630 1 911
1584562490803 1 912
1584562492961 1 913
1584562495146 1 914
1584562497311 1 915
1584562499502 1 916
