1584560440300 1 1
1584560442477 0.4 2
1584560444665 0.16000000000000003 3
1584560446844 0.06400000000000002 4
1584560449070 0.025600000000000008 5
1584560451264 0.010240000000000004 6
1584560453439 0.01 7
1584560455596 0.01 8
1584560457743 0.01 9
1584560459858 0.01 10
1584560462096 0.01 11
1584560464248 0.01 12
1584560466389 0.01 13
1584560468537 0.01 14
1584560470639 0.01 15
1584560472790 0.01 16
1584560474965 0.01 17
1584560477131 0.01 18
1584560479295 0.01 19
1584560481489 0.01 20
1584560483623 0.01 21
1584560485796 0.01 22
1584560487958 0.01 23
1584560490147 0.01 24
1584560492311 0.01 25
1584560494481 0.01 26
1584560496627 0.01 27
1584560498818 0.01 28
1584560501004 0.01 29
1584560503164 0.01 30
1584560505337 0.01 31
1584560507513 0.01 32
1584560509701 0.01 33
1584560511868 0.01 34
1584560514033 0.01 35
1584560516217 0.01 36
1584560518412 0.01 37
1584560520606 0.01 38
1584560522775 0.01 39
1584560524949 0.01 40
1584560527095 0.01 41
1584560529298 0.01 42
1584560531507 0.01 43
1584560533752 0.01 44
1584560535911 0.01 45
1584560538062 0.01 46
1584560540239 0.01 47
1584560542440 0.01 48
1584560544643 0.01 49
1584560546801 0.01 50
1584560548989 0.01 51
1584560551140 0.01 52
1584560553321 0.01 53
1584560555527 0.01 54
1584560557705 0.01 55
1584560559895 0.01 56
1584560562058 0.01 57
1584560564218 0.01 58
1584560566387 0.01 59
1584560568524 0.01 60
1584560570701 0.01 61
1584560572878 0.01 62
1584560575029 0.01 63
1584560577212 0.01 64
1584560579414 0.01 65
1584560581571 0.01 66
1584560583806 0.01 67
1584560585947 0.01 68
1584560588138 0.01 69
1584560590298 0.01 70
1584560592502 0.01 71
1584560594648 0.01 72
1584560596805 0.01 73
1584560599019 0.01 74
1584560601220 0.01 75
1584560603380 0.01 76
1584560605526 0.01 77
1584560608030 0.01 78
1584560610179 0.01 79
1584560612324 0.01 80
1584560614493 0.01 81
1584560616672 0.01 82
1584560618838 0.01 83
1584560620991 0.01 84
1584560623172 0.01 85
1584560625351 0.01 86
1584560627509 0.01 87
1584560629659 0.01 88
1584560631826 0.01 89
1584560634000 0.01 90
1584560636193 0.01 91
1584560638370 0.01 92
1584560640546 0.01 93
1584560642773 0.01 94
1584560644946 0.01 95
1584560647103 0.01 96
1584560649281 0.01 97
1584560651481 0.01 98
1584560653663 0.01 99
1584560655838 0.01 100
1584560657994 0.01 101
1584560660126 0.01 102
1584560662275 0.01 103
1584560664469 0.01 104
1584560666635 0.01 105
1584560668841 0.01 106
1584560671039 0.01 107
1584560673215 0.01 108
1584560675369 0.01 109
1584560677551 0.01 110
1584560679706 0.01 111
1584560681852 0.01 112
1584560684000 0.01 113
1584560686162 0.01 114
1584560688287 0.01 115
1584560690510 0.01 116
1584560692730 0.01 117
1584560694912 0.01 118
1584560697069 0.01 119
1584560699244 0.01 120
1584560701428 0.01 121
1584560703625 0.01 122
1584560705797 0.01 123
1584560707993 0.01 124
1584560710167 0.01 125
1584560712342 0.01 126
1584560714506 0.01 127
1584560716670 0.01 128
1584560718850 0.01 129
1584560721041 0.01 130
1584560723215 0.01 131
1584560725382 0.01 132
1584560727593 0.01 133
1584560729766 0.01 134
1584560731895 0.01 135
1584560734057 0.01 136
1584560736216 0.01 137
1584560738350 0.01 138
1584560740490 0.01 139
1584560742619 0.01 140
1584560744763 0.01 141
1584560746894 0.01 142
1584560749045 0.01 143
1584560751209 0.01 144
1584560753401 0.01 145
1584560755559 0.01 146
1584560757720 0.01 147
1584560759929 0.01 148
1584560762130 0.01 149
1584560764317 0.01 150
1584560766492 0.01 151
1584560768660 0.01 152
1584560770840 0.01 153
1584560772993 0.01 154
1584560775163 0.01 155
1584560777380 0.01 156
1584560779561 0.01 157
1584560781750 0.01 158
1584560783908 0.01 159
1584560786085 0.01 160
1584560788300 0.01 161
1584560790484 0.01 162
1584560792623 0.01 163
1584560794804 0.01 164
1584560796964 0.01 165
1584560799130 0.01 166
1584560801305 0.01 167
1584560803485 0.01 168
1584560805678 0.01 169
1584560807841 0.01 170
1584560809997 0.01 171
1584560812157 0.01 172
1584560814316 0.01 173
1584560816475 0.01 174
1584560818674 0.01 175
1584560820885 0.01 176
1584560823056 0.01 177
1584560825204 0.01 178
1584560827397 0.01 179
1584560829625 0.01 180
1584560831792 0.01 181
1584560833956 0.01 182
1584560836103 0.01 183
1584560838288 0.01 184
1584560840447 0.01 185
1584560842604 0.01 186
1584560844793 0.01 187
1584560846941 0.01 188
1584560849093 0.01 189
1584560851268 0.01 190
1584560853450 0.01 191
1584560855645 0.01 192
1584560857821 0.01 193
1584560860000 0.01 194
1584560862196 0.01 195
1584560864375 0.01 196
1584560866570 0.01 197
1584560868754 0.01 198
1584560870936 0.01 199
1584560873109 0.01 200
1584560875279 0.01 201
1584560877442 0.01 202
1584560879610 0.01 203
1584560881796 0.01 204
1584560883994 0.01 205
1584560886201 0.01 206
1584560888410 0.01 207
1584560890628 0.01 208
1584560892779 0.01 209
1584560894948 0.01 210
1584560897074 0.01 211
1584560899281 0.01 212
1584560901434 0.01 213
1584560903595 0.01 214
1584560905770 0.01 215
1584560907916 0.01 216
1584560910110 0.01 217
1584560912280 0.01 218
1584560914497 0.01 219
1584560916708 0.01 220
1584560918837 0.01 221
1584560920996 0.01 222
1584560923165 0.01 223
1584560925352 0.01 224
1584560927533 0.01 225
1584560929724 0.01 226
1584560931885 0.01 227
1584560934070 0.01 228
1584560936254 0.01 229
1584560938472 0.01 230
1584560940648 0.01 231
1584560942870 0.01 232
1584560945024 0.01 233
1584560947198 0.01 234
1584560949380 0.01 235
1584560951538 0.01 236
1584560953688 0.01 237
1584560955834 0.01 238
1584560957989 0.01 239
1584560960154 0.01 240
1584560962353 0.01 241
1584560964527 0.01 242
1584560966711 0.01 243
1584560968892 0.01 244
1584560971078 0.01 245
1584560973217 0.01 246
1584560975401 0.01 247
1584560977581 0.01 248
1584560979768 0.01 249
1584560981930 0.01 250
1584560984092 0.01 251
1584560986262 0.01 252
1584560988438 0.01 253
1584560990605 0.01 254
1584560992803 0.01 255
1584560994952 0.01 256
1584560997125 0.01 257
1584560999277 0.01 258
1584561001458 0.01 259
1584561003637 0.01 260
1584561005786 0.01 261
1584561007970 0.01 262
1584561010137 0.01 263
1584561012324 0.01 264
1584561014517 0.01 265
1584561016721 0.01 266
1584561018881 0.01 267
1584561021067 0.01 268
1584561023267 0.01 269
1584561025464 0.01 270
1584561027643 0.01 271
1584561029805 0.01 272
1584561032016 0.01 273
1584561034197 0.01 274
1584561036382 0.01 275
1584561038564 0.01 276
1584561040744 0.01 277
1584561042907 0.01 278
1584561045091 0.01 279
1584561047257 0.01 280
1584561049445 0.01 281
1584561051640 0.01 282
1584561053800 0.01 283
1584561055945 0.01 284
1584561058095 0.01 285
1584561060278 0.01 286
1584561062465 0.01 287
1584561064639 0.01 288
1584561066863 0.01 289
1584561069009 0.01 290
1584561071193 0.01 291
1584561073358 0.01 292
1584561075545 0.01 293
1584561077794 0.01 294
1584561079969 0.01 295
1584561082134 0.01 296
1584561084298 0.01 297
1584561086478 0.01 298
1584561088682 0.01 299
1584561090874 0.01 300
1584561093061 0.01 301
1584561095220 0.01 302
1584561097435 0.01 303
1584561099588 0.01 304
1584561101795 0.01 305
1584561103983 0.01 306
1584561106214 0.01 307
1584561108396 0.01 308
1584561110546 0.01 309
1584561112796 0.01 310
1584561114985 0.01 311
1584561117141 0.01 312
1584561119298 0.01 313
1584561121454 0.01 314
1584561123602 0.01 315
1584561125764 0.01 316
1584561127938 0.01 317
1584561130127 0.01 318
1584561132376 0.01 319
1584561134557 0.01 320
1584561136729 0.01 321
1584561138885 0.01 322
1584561141057 0.01 323
1584561143235 0.01 324
1584561145448 0.01 325
1584561147618 0.01 326
1584561149777 0.01 327
1584561151943 0.01 328
1584561154141 0.01 329
1584561156336 0.01 330
1584561158507 0.01 331
1584561160675 0.01 332
1584561162808 0.01 333
1584561164990 0.01 334
1584561167149 0.01 335
1584561169320 0.01 336
1584561171504 0.01 337
1584561173681 0.01 338
1584561175850 0.01 339
1584561178000 0.01 340
1584561180160 0.01 341
1584561182343 0.01 342
1584561184590 0.01 343
1584561186758 0.01 344
1584561188936 0.01 345
1584561191088 0.01 346
1584561193261 0.01 347
1584561195443 0.01 348
1584561197652 0.01 349
1584561199824 0.01 350
1584561201951 0.01 351
1584561204086 0.01 352
1584561206246 0.01 353
1584561208436 0.01 354
1584561210620 0.01 355
1584561212772 0.01 356
1584561214965 0.01 357
1584561217163 0.01 358
1584561219299 0.01 359
1584561221460 0.01 360
1584561223634 0.01 361
1584561225847 0.01 362
1584561228003 0.01 363
1584561230157 0.01 364
1584561232308 0.01 365
1584561234515 0.01 366
1584561236680 0.01 367
1584561238878 0.01 368
1584561241063 0.01 369
1584561243246 0.01 370
1584561245411 0.01 371
1584561247600 0.01 372
1584561249800 0.01 373
1584561252005 0.01 374
1584561254164 0.01 375
1584561256335 0.01 376
1584561258506 0.01 377
1584561260704 0.01 378
1584561262874 0.01 379
1584561265049 0.01 380
1584561267248 0.01 381
1584561269442 0.01 382
1584561271633 0.01 383
1584561273800 0.01 384
1584561275929 0.01 385
1584561278107 0.01 386
1584561280315 0.01 387
1584561282446 0.01 388
1584561284635 0.01 389
1584561286785 0.01 390
1584561288952 0.01 391
1584561291125 0.01 392
1584561293299 0.01 393
1584561295513 0.01 394
1584561297724 0.01 395
1584561299885 0.01 396
1584561302034 0.01 397
1584561304226 0.01 398
1584561306527 0.01 399
1584561308716 0.01 400
1584561311033 0.01 401
1584561313191 0.01 402
1584561315368 0.01 403
1584561317575 0.01 404
1584561319776 0.01 405
1584561321996 0.01 406
1584561324218 0.01 407
1584561326423 0.01 408
1584561328664 0.01 409
1584561331177 0.01 410
1584561333438 0.01 411
1584561335631 0.01 412
1584561337784 0.01 413
1584561339961 0.01 414
1584561342130 0.01 415
1584561344324 0.01 416
1584561346509 0.01 417
1584561348699 0.01 418
1584561350871 0.01 419
1584561353042 0.01 420
1584561355191 0.01 421
1584561357352 0.01 422
1584561359563 0.01 423
1584561361773 0.01 424
1584561364009 0.01 425
1584561366155 0.01 426
1584561368345 0.01 427
1584561370723 0.01 428
1584561372947 0.01 429
1584561375226 0.01 430
1584561377454 0.01 431
1584561379638 0.01 432
1584561381783 0.01 433
1584561383948 0.01 434
1584561386107 0.01 435
1584561388301 0.01 436
1584561390494 0.01 437
1584561392653 0.01 438
1584561394824 0.01 439
1584561397022 0.01 440
1584561399183 0.01 441
1584561401346 0.01 442
1584561403529 0.01 443
1584561405717 0.01 444
1584561407903 0.01 445
1584561410084 0.01 446
1584561412246 0.01 447
1584561414401 0.01 448
1584561416604 0.01 449
1584561418803 0.01 450
1584561420984 0.01 451
1584561423165 0.01 452
1584561425341 0.01 453
1584561427557 0.01 454
1584561430088 0.01 455
1584561433539 0.01 456
1584561437715 0.01 457
1584561439873 0.01 458
1584561442021 0.01 459
1584561444215 0.01 460
1584561446539 0.01 461
1584561448840 0.01 462
1584561451174 0.01 463
1584561454647 0.01 464
1584561458566 0.01 465
1584561461093 0.01 466
1584561463303 0.01 467
1584561465501 0.01 468
1584561467633 0.01 469
1584561469806 0.01 470
1584561471956 0.01 471
1584561474134 0.01 472
1584561476318 0.01 473
1584561478493 0.01 474
1584561480669 0.01 475
1584561482846 0.01 476
1584561484972 0.01 477
1584561487185 0.01 478
1584561489423 0.01 479
1584561491654 0.01 480
1584561494471 0.01 481
1584561498260 0.01 482
1584561502077 0.01 483
1584561504228 0.01 484
1584561506455 0.01 485
1584561508787 0.01 486
1584561511107 0.01 487
1584561513499 0.01 488
1584561516927 0.01 489
1584561521130 0.01 490
1584561523684 0.01 491
1584561525848 0.01 492
1584561528056 0.01 493
1584561530479 0.01 494
1584561533995 0.01 495
1584561538391 0.01 496
1584561540980 0.01 497
1584561543404 0.01 498
1584561545654 0.01 499
1584561548197 0.01 500
1584561550400 0.01 501
1584561552568 0.01 502
1584561554738 0.01 503
1584561557096 0.01 504
1584561560686 0.01 505
1584561563179 0.01 506
1584561567318 0.01 507
1584561569805 0.01 508
1584561572159 0.01 509
1584561574398 0.01 510
1584561576889 0.01 511
1584561579118 0.01 512
1584561581388 0.01 513
1584561583591 0.01 514
1584561585739 0.01 515
1584561587926 0.01 516
1584561590103 0.01 517
1584561592269 0.01 518
1584561594452 0.01 519
1584561596657 0.01 520
1584561598820 0.01 521
1584561600976 0.01 522
1584561603167 0.01 523
1584561605382 0.01 524
1584561607763 0.01 525
1584561611350 0.01 526
1584561613979 0.01 527
1584561617491 0.01 528
1584561619768 0.01 529
1584561621950 0.01 530
1584561624384 0.01 531
1584561628000 0.01 532
1584561632185 0.01 533
1584561634623 0.01 534
1584561636846 0.01 535
1584561639053 0.01 536
1584561641233 0.01 537
1584561643388 0.01 538
1584561645539 0.01 539
1584561647710 0.01 540
1584561649912 0.01 541
1584561652113 0.01 542
1584561654286 0.01 543
1584561656596 0.01 544
1584561658935 0.01 545
1584561662184 0.01 546
1584561664904 0.01 547
1584561669319 0.01 548
1584561671946 0.01 549
1584561674354 0.01 550
1584561676500 0.01 551
1584561678714 0.01 552
1584561680888 0.01 553
1584561683059 0.01 554
1584561685247 0.01 555
1584561687418 0.01 556
1584561689633 0.01 557
1584561691804 0.01 558
1584561693935 0.01 559
1584561696117 0.01 560
1584561698321 0.01 561
1584561700505 0.01 562
1584561702681 0.01 563
1584561704830 0.01 564
1584561706948 0.01 565
1584561709128 0.01 566
1584561711802 0.01 567
1584561714024 0.01 568
1584561716187 0.01 569
1584561718363 0.01 570
1584561720525 0.01 571
1584561722689 0.01 572
1584561724880 0.01 573
1584561727090 0.01 574
1584561729269 0.01 575
1584561731428 0.01 576
1584561733576 0.01 577
1584561735771 0.01 578
1584561737948 0.01 579
1584561740122 0.01 580
1584561742320 0.01 581
1584561744463 0.01 582
1584561746614 0.01 583
1584561748775 0.01 584
1584561750904 0.01 585
1584561753052 0.01 586
1584561755212 0.01 587
1584561757374 0.01 588
1584561759522 0.01 589
1584561761807 0.01 590
1584561765310 0.01 591
1584561767869 0.01 592
1584561772606 0.01 593
1584561774774 0.01 594
1584561776952 0.01 595
1584561779121 0.01 596
1584561781276 0.01 597
1584561783927 0.01 598
1584561787648 0.01 599
1584561792470 0.01 600
1584561794874 0.01 601
1584561797045 0.01 602
1584561799270 0.01 603
1584561801449 0.01 604
1584561803602 0.01 605
1584561805754 0.01 606
1584561807897 0.01 607
1584561810315 0.01 608
1584561813269 0.01 609
1584561816590 0.01 610
1584561821166 0.01 611
1584561823906 0.01 612
1584561826317 0.01 613
1584561828478 0.01 614
1584561830736 0.01 615
1584561832902 0.01 616
1584561835064 0.01 617
1584561837224 0.01 618
1584561839405 0.01 619
1584561841582 0.01 620
1584561843719 0.01 621
1584561845864 0.01 622
1584561848035 0.01 623
1584561850194 0.01 624
1584561852395 0.01 625
1584561854552 0.01 626
1584561856731 0.01 627
1584561858898 0.01 628
1584561861074 0.01 629
1584561863238 0.01 630
1584561865429 0.01 631
1584561867705 0.01 632
1584561870297 0.01 633
1584561873352 0.01 634
1584561877767 0.01 635
1584561880030 0.01 636
1584561882219 0.01 637
1584561884385 0.01 638
1584561886658 0.01 639
1584561889982 0.01 640
1584561895313 0.01 641
1584561897765 0.01 642
1584561900725 0.01 643
1584561902934 0.01 644
1584561905124 0.01 645
1584561907274 0.01 646
1584561909432 0.01 647
1584561911601 0.01 648
1584561913762 0.01 649
1584561915933 0.01 650
1584561918096 0.01 651
1584561920241 0.01 652
1584561922401 0.01 653
1584561924614 0.01 654
1584561926840 0.01 655
1584561929058 0.01 656
1584561931260 0.01 657
1584561933460 0.01 658
1584561935641 0.01 659
1584561937817 0.01 660
1584561939970 0.01 661
1584561942149 0.01 662
1584561944321 0.01 663
1584561946499 0.01 664
1584561948671 0.01 665
1584561950850 0.01 666
1584561953051 0.01 667
1584561955225 0.01 668
1584561957379 0.01 669
1584561959572 0.01 670
1584561961731 0.01 671
1584561963907 0.01 672
1584561966061 0.01 673
1584561968255 0.01 674
1584561970442 0.01 675
1584561972586 0.01 676
1584561974741 0.01 677
1584561976896 0.01 678
1584561979079 0.01 679
1584561981262 0.01 680
1584561983445 0.01 681
1584561985636 0.01 682
1584561987789 0.01 683
1584561989999 0.01 684
1584561992184 0.01 685
1584561994345 0.01 686
1584561996533 0.01 687
1584561998830 0.01 688
1584562002235 0.01 689
1584562006232 0.01 690
1584562009400 0.01 691
1584562011833 0.01 692
1584562014064 0.01 693
1584562016243 0.01 694
1584562018412 0.01 695
1584562020611 0.01 696
1584562022776 0.01 697
1584562024945 0.01 698
1584562027122 0.01 699
1584562029285 0.01 700
1584562031529 0.01 701
1584562033686 0.01 702
1584562035936 0.01 703
1584562038177 0.01 704
1584562040321 0.01 705
1584562042523 0.01 706
1584562044685 0.01 707
1584562046872 0.01 708
1584562049049 0.01 709
1584562051233 0.01 710
1584562053399 0.01 711
1584562055594 0.01 712
1584562057740 0.01 713
1584562059900 0.01 714
1584562062050 0.01 715
1584562064239 0.01 716
1584562066422 0.01 717
1584562068604 0.01 718
1584562070787 0.01 719
1584562072966 0.01 720
1584562075132 0.01 721
1584562077324 0.01 722
1584562079518 0.01 723
1584562081685 0.01 724
1584562083858 0.01 725
1584562086041 0.01 726
1584562088214 0.01 727
1584562090400 0.01 728
1584562092602 0.01 729
1584562094791 0.01 730
1584562096951 0.01 731
1584562099101 0.01 732
1584562101231 0.01 733
1584562103401 0.01 734
1584562105567 0.01 735
1584562107756 0.01 736
1584562109939 0.01 737
1584562112093 0.01 738
1584562114251 0.01 739
1584562116407 0.01 740
1584562118573 0.01 741
1584562120720 0.01 742
1584562122887 0.01 743
1584562125050 0.01 744
1584562127205 0.01 745
1584562129377 0.01 746
1584562131539 0.01 747
1584562133693 0.01 748
1584562135867 0.01 749
1584562138035 0.01 750
1584562140194 0.01 751
1584562142364 0.01 752
1584562144548 0.01 753
1584562146727 0.01 754
1584562148908 0.01 755
1584562151116 0.01 756
1584562153272 0.01 757
1584562155432 0.01 758
1584562157599 0.01 759
1584562159743 0.01 760
1584562161903 0.01 761
1584562164065 0.01 762
1584562166232 0.01 763
1584562168394 0.01 764
1584562170549 0.01 765
1584562172710 0.01 766
1584562174884 0.01 767
1584562177118 0.01 768
1584562179303 0.01 769
1584562181499 0.01 770
1584562183634 0.01 771
1584562185792 0.01 772
1584562187967 0.01 773
1584562190153 0.01 774
1584562192346 0.01 775
1584562194484 0.01 776
1584562196674 0.01 777
1584562198882 0.01 778
1584562201053 0.01 779
1584562203245 0.01 780
1584562205425 0.01 781
1584562207607 0.01 782
1584562209765 0.01 783
1584562211910 0.01 784
1584562214087 0.01 785
1584562216256 0.01 786
1584562218413 0.01 787
1584562220579 0.01 788
1584562222744 0.01 789
1584562224903 0.01 790
1584562227063 0.01 791
1584562229294 0.01 792
1584562231473 0.01 793
1584562233675 0.01 794
1584562235838 0.01 795
1584562238009 0.01 796
1584562240171 0.01 797
1584562242380 0.01 798
1584562244561 0.01 799
1584562246740 0.01 800
1584562248952 0.01 801
1584562251121 0.01 802
1584562253310 0.01 803
1584562255482 0.01 804
1584562257640 0.01 805
1584562259851 0.01 806
1584562262073 0.01 807
1584562264249 0.01 808
1584562266412 0.01 809
1584562268607 0.01 810
1584562270790 0.01 811
1584562272966 0.01 812
1584562275134 0.01 813
1584562277333 0.01 814
1584562279535 0.01 815
1584562281759 0.01 816
1584562283929 0.01 817
1584562286130 0.01 818
1584562288318 0.01 819
1584562290502 0.01 820
1584562292670 0.01 821
1584562294824 0.01 822
1584562296989 0.01 823
1584562299157 0.01 824
1584562301331 0.01 825
1584562303489 0.01 826
1584562305651 0.01 827
1584562307829 0.01 828
1584562310025 0.01 829
1584562312202 0.01 830
1584562314400 0.01 831
1584562316589 0.01 832
1584562318799 0.01 833
1584562320964 0.01 834
1584562323117 0.01 835
1584562325304 0.01 836
1584562327473 0.01 837
1584562329654 0.01 838
1584562331825 0.01 839
1584562333995 0.01 840
1584562336158 0.01 841
1584562338339 0.01 842
1584562340508 0.01 843
1584562342706 0.01 844
1584562344885 0.01 845
1584562347037 0.01 846
1584562349213 0.01 847
1584562351394 0.01 848
1584562353598 0.01 849
1584562355797 0.01 850
1584562357955 0.01 851
1584562360123 0.01 852
1584562362277 0.01 853
1584562364430 0.01 854
1584562366617 0.01 855
1584562368806 0.01 856
1584562371010 0.01 857
1584562373174 0.01 858
1584562375326 0.01 859
1584562377548 0.01 860
1584562379766 0.01 861
1584562381978 0.01 862
1584562384134 0.01 863
1584562386332 0.01 864
1584562388505 0.01 865
1584562390700 0.01 866
1584562392845 0.01 867
1584562395025 0.01 868
1584562397214 0.01 869
1584562399408 0.01 870
1584562401603 0.01 871
1584562403772 0.01 872
1584562405925 0.01 873
1584562408061 0.01 874
1584562410200 0.01 875
1584562412343 0.01 876
1584562414516 0.01 877
1584562416719 0.01 878
1584562418900 0.01 879
1584562421062 0.01 880
1584562423248 0.01 881
1584562425429 0.01 882
1584562427559 0.01 883
1584562429734 0.01 884
1584562431897 0.01 885
1584562434060 0.01 886
1584562436234 0.01 887
1584562438411 0.01 888
1584562440565 0.01 889
1584562442730 0.01 890
1584562444902 0.01 891
1584562447072 0.01 892
1584562449280 0.01 893
1584562451494 0.01 894
1584562453663 0.01 895
1584562455846 0.01 896
1584562457992 0.01 897
1584562460183 0.01 898
1584562462360 0.01 899
1584562464540 0.01 900
1584562466818 0.01 901
1584562468994 0.01 902
1584562471145 0.01 903
1584562473354 0.01 904
1584562475528 0.01 905
1584562477712 0.01 906
1584562479911 0.01 907
1584562482056 0.01 908
1584562484237 0.01 909
1584562486422 0.01 910
1584562488630 0.01 911
1584562490803 0.01 912
1584562492961 0.01 913
1584562495146 0.01 914
1584562497311 0.01 915
1584562499502 0.01 916
