1584560440300 300 1
1584560442477 300 2
1584560444665 300 3
1584560446844 300 4
1584560449070 300 5
1584560451264 300 6
1584560453439 300 7
1584560455596 300 8
1584560457743 300 9
1584560459858 300 10
1584560462096 300 11
1584560464248 300 12
1584560466389 300 13
1584560468537 300 14
1584560470639 300 15
1584560472790 300 16
1584560474965 300 17
1584560477131 300 18
1584560479295 300 19
1584560481489 300 20
1584560483623 300 21
1584560485796 300 22
1584560487958 300 23
1584560490147 300 24
1584560492311 300 25
1584560494481 300 26
1584560496627 300 27
1584560498818 300 28
1584560501004 300 29
1584560503164 300 30
1584560505337 300 31
1584560507513 300 32
1584560509701 300 33
1584560511868 300 34
1584560514033 300 35
1584560516217 300 36
1584560518412 300 37
1584560520606 300 38
1584560522775 300 39
1584560524949 300 40
1584560527095 300 41
1584560529298 300 42
1584560531507 300 43
1584560533752 300 44
1584560535911 300 45
1584560538062 300 46
1584560540239 300 47
1584560542440 300 48
1584560544643 300 49
1584560546801 300 50
1584560548989 300 51
1584560551140 300 52
1584560553321 300 53
1584560555527 300 54
1584560557705 300 55
1584560559895 300 56
1584560562058 300 57
1584560564218 300 58
1584560566387 300 59
1584560568524 300 60
1584560570701 300 61
1584560572878 300 62
1584560575029 300 63
1584560577212 300 64
1584560579414 300 65
1584560581571 300 66
1584560583806 300 67
1584560585947 300 68
1584560588138 300 69
1584560590298 300 70
1584560592502 300 71
1584560594648 300 72
1584560596805 300 73
1584560599019 300 74
1584560601220 300 75
1584560603380 300 76
1584560605526 300 77
1584560608030 300 78
1584560610179 300 79
1584560612324 300 80
1584560614493 300 81
1584560616672 300 82
1584560618838 300 83
1584560620991 300 84
1584560623172 300 85
1584560625351 300 86
1584560627509 300 87
1584560629659 300 88
1584560631826 300 89
1584560634000 300 90
1584560636193 300 91
1584560638370 300 92
1584560640546 300 93
1584560642773 300 94
1584560644946 300 95
1584560647103 300 96
1584560649281 300 97
1584560651481 300 98
1584560653663 300 99
1584560655838 300 100
1584560657994 300 101
1584560660126 300 102
1584560662275 300 103
1584560664469 300 104
1584560666635 300 105
1584560668841 300 106
1584560671039 300 107
1584560673215 300 108
1584560675369 300 109
1584560677551 300 110
1584560679706 300 111
1584560681852 300 112
1584560684000 300 113
1584560686162 300 114
1584560688287 300 115
1584560690510 300 116
1584560692730 300 117
1584560694912 300 118
1584560697069 300 119
1584560699244 300 120
1584560701428 300 121
1584560703625 300 122
1584560705797 300 123
1584560707993 300 124
1584560710167 300 125
1584560712342 300 126
1584560714506 300 127
1584560716670 300 128
1584560718850 300 129
1584560721041 300 130
1584560723215 300 131
1584560725382 300 132
1584560727593 300 133
1584560729766 300 134
1584560731895 300 135
1584560734057 300 136
1584560736216 300 137
1584560738350 300 138
1584560740490 300 139
1584560742619 300 140
1584560744763 300 141
1584560746894 300 142
1584560749045 300 143
1584560751209 300 144
1584560753401 300 145
1584560755559 300 146
1584560757720 300 147
1584560759929 300 148
1584560762130 300 149
1584560764317 300 150
1584560766492 300 151
1584560768660 300 152
1584560770840 300 153
1584560772993 300 154
1584560775163 300 155
1584560777380 300 156
1584560779561 300 157
1584560781750 300 158
1584560783908 300 159
1584560786085 300 160
1584560788300 300 161
1584560790484 300 162
1584560792623 300 163
1584560794804 300 164
1584560796964 300 165
1584560799130 300 166
1584560801305 300 167
1584560803485 300 168
1584560805678 300 169
1584560807841 300 170
1584560809997 300 171
1584560812157 300 172
1584560814316 300 173
1584560816475 300 174
1584560818674 300 175
1584560820885 300 176
1584560823056 300 177
1584560825204 300 178
1584560827397 300 179
1584560829625 300 180
1584560831792 300 181
1584560833956 300 182
1584560836103 300 183
1584560838288 300 184
1584560840447 300 185
1584560842604 300 186
1584560844793 300 187
1584560846941 300 188
1584560849093 300 189
1584560851268 300 190
1584560853450 300 191
1584560855645 300 192
1584560857821 300 193
1584560860000 300 194
1584560862196 300 195
1584560864375 300 196
1584560866570 300 197
1584560868754 300 198
1584560870936 300 199
1584560873109 300 200
1584560875279 300 201
1584560877442 300 202
1584560879610 300 203
1584560881796 300 204
1584560883994 300 205
1584560886201 300 206
1584560888410 300 207
1584560890628 300 208
1584560892779 300 209
1584560894948 300 210
1584560897074 300 211
1584560899281 300 212
1584560901434 300 213
1584560903595 300 214
1584560905770 300 215
1584560907916 300 216
1584560910110 300 217
1584560912280 300 218
1584560914497 300 219
1584560916708 300 220
1584560918837 300 221
1584560920996 300 222
1584560923165 300 223
1584560925352 300 224
1584560927533 300 225
1584560929724 300 226
1584560931885 300 227
1584560934070 300 228
1584560936254 300 229
1584560938472 300 230
1584560940648 300 231
1584560942870 300 232
1584560945024 300 233
1584560947198 300 234
1584560949380 300 235
1584560951538 300 236
1584560953688 300 237
1584560955834 300 238
1584560957989 300 239
1584560960154 300 240
1584560962353 300 241
1584560964527 300 242
1584560966711 300 243
1584560968892 300 244
1584560971078 300 245
1584560973217 300 246
1584560975401 300 247
1584560977581 300 248
1584560979768 300 249
1584560981930 300 250
1584560984092 300 251
1584560986262 300 252
1584560988438 300 253
1584560990605 300 254
1584560992803 300 255
1584560994952 300 256
1584560997125 300 257
1584560999277 300 258
1584561001458 300 259
1584561003637 300 260
1584561005786 300 261
1584561007970 300 262
1584561010137 300 263
1584561012324 300 264
1584561014517 300 265
1584561016721 300 266
1584561018881 300 267
1584561021067 300 268
1584561023267 300 269
1584561025464 300 270
1584561027643 300 271
1584561029805 300 272
1584561032016 300 273
1584561034197 300 274
1584561036382 300 275
1584561038564 300 276
1584561040744 300 277
1584561042907 300 278
1584561045091 300 279
1584561047257 300 280
1584561049445 300 281
1584561051640 300 282
1584561053800 300 283
1584561055945 300 284
1584561058095 300 285
1584561060278 300 286
1584561062465 300 287
1584561064639 300 288
1584561066863 300 289
1584561069009 300 290
1584561071193 300 291
1584561073358 300 292
1584561075545 300 293
1584561077794 300 294
1584561079969 300 295
1584561082134 300 296
1584561084298 300 297
1584561086478 300 298
1584561088682 300 299
1584561090874 300 300
1584561093061 300 301
1584561095220 300 302
1584561097435 300 303
1584561099588 300 304
1584561101795 300 305
1584561103983 300 306
1584561106214 300 307
1584561108396 300 308
1584561110546 300 309
1584561112796 300 310
1584561114985 300 311
1584561117141 300 312
1584561119298 300 313
1584561121454 300 314
1584561123602 300 315
1584561125764 300 316
1584561127938 300 317
1584561130127 300 318
1584561132376 300 319
1584561134557 300 320
1584561136729 300 321
1584561138885 300 322
1584561141057 300 323
1584561143235 300 324
1584561145448 300 325
1584561147618 300 326
1584561149777 300 327
1584561151943 300 328
1584561154141 300 329
1584561156336 300 330
1584561158507 300 331
1584561160675 300 332
1584561162808 300 333
1584561164990 300 334
1584561167149 300 335
1584561169320 300 336
1584561171504 300 337
1584561173681 300 338
1584561175850 300 339
1584561178000 300 340
1584561180160 300 341
1584561182343 300 342
1584561184590 300 343
1584561186758 300 344
1584561188936 300 345
1584561191088 300 346
1584561193261 300 347
1584561195443 300 348
1584561197652 300 349
1584561199824 300 350
1584561201951 300 351
1584561204086 300 352
1584561206246 300 353
1584561208436 300 354
1584561210620 300 355
1584561212772 300 356
1584561214965 300 357
1584561217163 300 358
1584561219299 300 359
1584561221460 300 360
1584561223634 300 361
1584561225847 300 362
1584561228003 300 363
1584561230157 300 364
1584561232308 300 365
1584561234515 300 366
1584561236680 300 367
1584561238878 300 368
1584561241063 300 369
1584561243246 300 370
1584561245411 300 371
1584561247600 300 372
1584561249800 300 373
1584561252005 300 374
1584561254164 300 375
1584561256335 300 376
1584561258506 300 377
1584561260704 300 378
1584561262874 300 379
1584561265049 300 380
1584561267248 300 381
1584561269442 300 382
1584561271633 300 383
1584561273800 300 384
1584561275929 300 385
1584561278107 300 386
1584561280315 300 387
1584561282446 300 388
1584561284635 300 389
1584561286785 300 390
1584561288952 300 391
1584561291125 300 392
1584561293299 300 393
1584561295513 300 394
1584561297724 300 395
1584561299885 300 396
1584561302034 300 397
1584561304226 300 398
1584561306527 300 399
1584561308716 300 400
1584561311033 300 401
1584561313191 300 402
1584561315368 300 403
1584561317575 300 404
1584561319776 300 405
1584561321996 300 406
1584561324218 300 407
1584561326423 300 408
1584561328664 300 409
1584561331177 300 410
1584561333438 300 411
1584561335631 300 412
1584561337784 300 413
1584561339961 300 414
1584561342130 300 415
1584561344324 300 416
1584561346509 300 417
1584561348699 300 418
1584561350871 300 419
1584561353042 300 420
1584561355191 300 421
1584561357352 300 422
1584561359563 300 423
1584561361773 300 424
1584561364009 300 425
1584561366155 300 426
1584561368345 300 427
1584561370723 300 428
1584561372947 300 429
1584561375226 300 430
1584561377454 300 431
1584561379638 300 432
1584561381783 300 433
1584561383948 300 434
1584561386107 300 435
1584561388301 300 436
1584561390494 300 437
1584561392653 300 438
1584561394824 300 439
1584561397022 300 440
1584561399183 300 441
1584561401346 300 442
1584561403529 300 443
1584561405717 300 444
1584561407903 300 445
1584561410084 300 446
1584561412246 300 447
1584561414401 300 448
1584561416604 300 449
1584561418803 300 450
1584561420984 300 451
1584561423165 300 452
1584561425341 300 453
1584561427557 300 454
1584561430088 300 455
1584561433539 300 456
1584561437715 300 457
1584561439873 300 458
1584561442021 300 459
1584561444215 300 460
1584561446539 300 461
1584561448840 300 462
1584561451174 300 463
1584561454647 300 464
1584561458566 300 465
1584561461093 300 466
1584561463303 300 467
1584561465501 300 468
1584561467633 300 469
1584561469806 300 470
1584561471956 300 471
1584561474134 300 472
1584561476318 300 473
1584561478493 300 474
1584561480669 300 475
1584561482846 300 476
1584561484972 300 477
1584561487185 300 478
1584561489423 300 479
1584561491654 300 480
1584561494471 300 481
1584561498260 300 482
1584561502077 300 483
1584561504228 300 484
1584561506455 300 485
1584561508787 300 486
1584561511107 300 487
1584561513499 300 488
1584561516927 300 489
1584561521130 300 490
1584561523684 300 491
1584561525848 300 492
1584561528056 300 493
1584561530479 300 494
1584561533995 300 495
1584561538391 300 496
1584561540980 300 497
1584561543404 300 498
1584561545654 300 499
1584561548197 300 500
1584561550400 300 501
1584561552568 300 502
1584561554738 300 503
1584561557096 300 504
1584561560686 300 505
1584561563179 300 506
1584561567318 300 507
1584561569805 300 508
1584561572159 300 509
1584561574398 300 510
1584561576889 300 511
1584561579118 300 512
1584561581388 300 513
1584561583591 300 514
1584561585739 300 515
1584561587926 300 516
1584561590103 300 517
1584561592269 300 518
1584561594452 300 519
1584561596657 300 520
1584561598820 300 521
1584561600976 300 522
1584561603167 300 523
1584561605382 300 524
1584561607763 300 525
1584561611350 300 526
1584561613979 300 527
1584561617491 300 528
1584561619768 300 529
1584561621950 300 530
1584561624384 300 531
1584561628000 300 532
1584561632185 300 533
1584561634623 300 534
1584561636846 300 535
1584561639053 300 536
1584561641233 300 537
1584561643388 300 538
1584561645539 300 539
1584561647710 300 540
1584561649912 300 541
1584561652113 300 542
1584561654286 300 543
1584561656596 300 544
1584561658935 300 545
1584561662184 300 546
1584561664904 300 547
1584561669319 300 548
1584561671946 300 549
1584561674354 300 550
1584561676500 300 551
1584561678714 300 552
1584561680888 300 553
1584561683059 300 554
1584561685247 300 555
1584561687418 300 556
1584561689633 300 557
1584561691804 300 558
1584561693935 300 559
1584561696117 300 560
1584561698321 300 561
1584561700505 300 562
1584561702681 300 563
1584561704830 300 564
1584561706948 300 565
1584561709128 300 566
1584561711802 300 567
1584561714024 300 568
1584561716187 300 569
1584561718363 300 570
1584561720525 300 571
1584561722689 300 572
1584561724880 300 573
1584561727090 300 574
1584561729269 300 575
1584561731428 300 576
1584561733576 300 577
1584561735771 300 578
1584561737948 300 579
1584561740122 300 580
1584561742320 300 581
1584561744463 300 582
1584561746614 300 583
1584561748775 300 584
1584561750904 300 585
1584561753052 300 586
1584561755212 300 587
1584561757374 300 588
1584561759522 300 589
1584561761807 300 590
1584561765310 300 591
1584561767869 300 592
1584561772606 300 593
1584561774774 300 594
1584561776952 300 595
1584561779121 300 596
1584561781276 300 597
1584561783927 300 598
1584561787648 300 599
1584561792470 300 600
1584561794874 300 601
1584561797045 300 602
1584561799270 300 603
1584561801449 300 604
1584561803602 300 605
1584561805754 300 606
1584561807897 300 607
1584561810315 300 608
1584561813269 300 609
1584561816590 300 610
1584561821166 300 611
1584561823906 300 612
1584561826317 300 613
1584561828478 300 614
1584561830736 300 615
1584561832902 300 616
1584561835064 300 617
1584561837224 300 618
1584561839405 300 619
1584561841582 300 620
1584561843719 300 621
1584561845864 300 622
1584561848035 300 623
1584561850194 300 624
1584561852395 300 625
1584561854552 300 626
1584561856731 300 627
1584561858898 300 628
1584561861074 300 629
1584561863238 300 630
1584561865429 300 631
1584561867705 300 632
1584561870297 300 633
1584561873352 300 634
1584561877767 300 635
1584561880030 300 636
1584561882219 300 637
1584561884385 300 638
1584561886658 300 639
1584561889982 300 640
1584561895313 300 641
1584561897765 300 642
1584561900725 300 643
1584561902934 300 644
1584561905124 300 645
1584561907274 300 646
1584561909432 300 647
1584561911601 300 648
1584561913762 300 649
1584561915933 300 650
1584561918096 300 651
1584561920241 300 652
1584561922401 300 653
1584561924614 300 654
1584561926840 300 655
1584561929058 300 656
1584561931260 300 657
1584561933460 300 658
1584561935641 300 659
1584561937817 300 660
1584561939970 300 661
1584561942149 300 662
1584561944321 300 663
1584561946499 300 664
1584561948671 300 665
1584561950850 300 666
1584561953051 300 667
1584561955225 300 668
1584561957379 300 669
1584561959572 300 670
1584561961731 300 671
1584561963907 300 672
1584561966061 300 673
1584561968255 300 674
1584561970442 300 675
1584561972586 300 676
1584561974741 300 677
1584561976896 300 678
1584561979079 300 679
1584561981262 300 680
1584561983445 300 681
1584561985636 300 682
1584561987789 300 683
1584561989999 300 684
1584561992184 300 685
1584561994345 300 686
1584561996533 300 687
1584561998830 300 688
1584562002235 300 689
1584562006232 300 690
1584562009400 300 691
1584562011833 300 692
1584562014064 300 693
1584562016243 300 694
1584562018412 300 695
1584562020611 300 696
1584562022776 300 697
1584562024945 300 698
1584562027122 300 699
1584562029285 300 700
1584562031529 300 701
1584562033686 300 702
1584562035936 300 703
1584562038177 300 704
1584562040321 300 705
1584562042523 300 706
1584562044685 300 707
1584562046872 300 708
1584562049049 300 709
1584562051233 300 710
1584562053399 300 711
1584562055594 300 712
1584562057740 300 713
1584562059900 300 714
1584562062050 300 715
1584562064239 300 716
1584562066422 300 717
1584562068604 300 718
1584562070787 300 719
1584562072966 300 720
1584562075132 300 721
1584562077324 300 722
1584562079518 300 723
1584562081685 300 724
1584562083858 300 725
1584562086041 300 726
1584562088214 300 727
1584562090400 300 728
1584562092602 300 729
1584562094791 300 730
1584562096951 300 731
1584562099101 300 732
1584562101231 300 733
1584562103401 300 734
1584562105567 300 735
1584562107756 300 736
1584562109939 300 737
1584562112093 300 738
1584562114251 300 739
1584562116407 300 740
1584562118573 300 741
1584562120720 300 742
1584562122887 300 743
1584562125050 300 744
1584562127205 300 745
1584562129377 300 746
1584562131539 300 747
1584562133693 300 748
1584562135867 300 749
1584562138035 300 750
1584562140194 300 751
1584562142364 300 752
1584562144548 300 753
1584562146727 300 754
1584562148908 300 755
1584562151116 300 756
1584562153272 300 757
1584562155432 300 758
1584562157599 300 759
1584562159743 300 760
1584562161903 300 761
1584562164065 300 762
1584562166232 300 763
1584562168394 300 764
1584562170549 300 765
1584562172710 300 766
1584562174884 300 767
1584562177118 300 768
1584562179303 300 769
1584562181499 300 770
1584562183634 300 771
1584562185792 300 772
1584562187967 300 773
1584562190153 300 774
1584562192346 300 775
1584562194484 300 776
1584562196674 300 777
1584562198882 300 778
1584562201053 300 779
1584562203245 300 780
1584562205425 300 781
1584562207607 300 782
1584562209765 300 783
1584562211910 300 784
1584562214087 300 785
1584562216256 300 786
1584562218413 300 787
1584562220579 300 788
1584562222744 300 789
1584562224903 300 790
1584562227063 300 791
1584562229294 300 792
1584562231473 300 793
1584562233675 300 794
1584562235838 300 795
1584562238009 300 796
1584562240171 300 797
1584562242380 300 798
1584562244561 300 799
1584562246740 300 800
1584562248952 300 801
1584562251121 300 802
1584562253310 300 803
1584562255482 300 804
1584562257640 300 805
1584562259851 300 806
1584562262073 300 807
1584562264249 300 808
1584562266412 300 809
1584562268607 300 810
1584562270790 300 811
1584562272966 300 812
1584562275134 300 813
1584562277333 300 814
1584562279535 300 815
1584562281759 300 816
1584562283929 300 817
1584562286130 300 818
1584562288318 300 819
1584562290502 300 820
1584562292670 300 821
1584562294824 300 822
1584562296989 300 823
1584562299157 300 824
1584562301331 300 825
1584562303489 300 826
1584562305651 300 827
1584562307829 300 828
1584562310025 300 829
1584562312202 300 830
1584562314400 300 831
1584562316589 300 832
1584562318799 300 833
1584562320964 300 834
1584562323117 300 835
1584562325304 300 836
1584562327473 300 837
1584562329654 300 838
1584562331825 300 839
1584562333995 300 840
1584562336158 300 841
1584562338339 300 842
1584562340508 300 843
1584562342706 300 844
1584562344885 300 845
1584562347037 300 846
1584562349213 300 847
1584562351394 300 848
1584562353598 300 849
1584562355797 300 850
1584562357955 300 851
1584562360123 300 852
1584562362277 300 853
1584562364430 300 854
1584562366617 300 855
1584562368806 300 856
1584562371010 300 857
1584562373174 300 858
1584562375326 300 859
1584562377548 300 860
1584562379766 300 861
1584562381978 300 862
1584562384134 300 863
1584562386332 300 864
1584562388505 300 865
1584562390700 300 866
1584562392845 300 867
1584562395025 300 868
1584562397214 300 869
1584562399408 300 870
1584562401603 300 871
1584562403772 300 872
1584562405925 300 873
1584562408061 300 874
1584562410200 300 875
1584562412343 300 876
1584562414516 300 877
1584562416719 300 878
1584562418900 300 879
1584562421062 300 880
1584562423248 300 881
1584562425429 300 882
1584562427559 300 883
1584562429734 300 884
1584562431897 300 885
1584562434060 300 886
1584562436234 300 887
1584562438411 300 888
1584562440565 300 889
1584562442730 300 890
1584562444902 300 891
1584562447072 300 892
1584562449280 300 893
1584562451494 300 894
1584562453663 300 895
1584562455846 300 896
1584562457992 300 897
1584562460183 300 898
1584562462360 300 899
1584562464540 300 900
1584562466818 300 901
1584562468994 300 902
1584562471145 300 903
1584562473354 300 904
1584562475528 300 905
1584562477712 300 906
1584562479911 300 907
1584562482056 300 908
1584562484237 300 909
1584562486422 300 910
1584562488630 300 911
1584562490803 300 912
1584562492961 300 913
1584562495146 300 914
1584562497311 300 915
1584562499502 300 916
