1584560440300 -1.0 1
1584560442477 0.0 2
1584560444665 0.0 3
1584560446844 -2.0 4
1584560449070 -1.0 5
1584560451264 0.0 6
1584560453439 -1.0 7
1584560455596 1.0 8
1584560457743 1.0 9
1584560459858 -1.0 10
1584560462096 3.0 11
1584560464248 0.0 12
1584560466389 2.0 13
1584560468537 3.0 14
1584560470639 0.0 15
1584560472790 0.0 16
1584560474965 1.0 17
1584560477131 4.0 18
1584560479295 4.0 19
1584560481489 -1.0 20
1584560483623 3.0 21
1584560485796 0.0 22
1584560487958 6.0 23
1584560490147 2.0 24
1584560492311 1.0 25
1584560494481 1.0 26
1584560496627 2.0 27
1584560498818 5.0 28
1584560501004 0.0 29
1584560503164 -3.0 30
1584560505337 -1.0 31
1584560507513 0.0 32
1584560509701 1.0 33
1584560511868 1.0 34
1584560514033 1.0 35
1584560516217 6.0 36
1584560518412 0.0 37
1584560520606 1.0 38
1584560522775 1.0 39
1584560524949 1.0 40
1584560527095 -1.0 41
1584560529298 4.0 42
1584560531507 0.0 43
1584560533752 0.0 44
1584560535911 1.0 45
1584560538062 0.0 46
1584560540239 6.0 47
1584560542440 2.0 48
1584560544643 0.0 49
1584560546801 1.0 50
1584560548989 -1.0 51
1584560551140 -3.0 52
1584560553321 2.0 53
1584560555527 2.0 54
1584560557705 0.0 55
1584560559895 2.0 56
1584560562058 1.0 57
1584560564218 3.0 58
1584560566387 0.0 59
1584560568524 -1.0 60
1584560570701 1.0 61
1584560572878 2.0 62
1584560575029 0.0 63
1584560577212 -2.0 64
1584560579414 0.0 65
1584560581571 0.0 66
1584560583806 0.0 67
1584560585947 0.0 68
1584560588138 -1.0 69
1584560590298 1.0 70
1584560592502 -1.0 71
1584560594648 4.0 72
1584560596805 1.0 73
1584560599019 0.0 74
1584560601220 3.0 75
1584560603380 0.0 76
1584560605526 1.0 77
1584560608030 1.0 78
1584560610179 -2.0 79
1584560612324 -1.0 80
1584560614493 -1.0 81
1584560616672 1.0 82
1584560618838 0.0 83
1584560620991 1.0 84
1584560623172 3.0 85
1584560625351 -1.0 86
1584560627509 3.0 87
1584560629659 3.0 88
1584560631826 0.0 89
1584560634000 -2.0 90
1584560636193 1.0 91
1584560638370 5.0 92
1584560640546 1.0 93
1584560642773 1.0 94
1584560644946 -1.0 95
1584560647103 0.0 96
1584560649281 -1.0 97
1584560651481 -1.0 98
1584560653663 7.0 99
1584560655838 5.0 100
1584560657994 -1.0 101
1584560660126 0.0 102
1584560662275 3.0 103
1584560664469 2.0 104
1584560666635 0.0 105
1584560668841 -1.0 106
1584560671039 3.0 107
1584560673215 0.0 108
1584560675369 4.0 109
1584560677551 1.0 110
1584560679706 0.0 111
1584560681852 1.0 112
1584560684000 1.0 113
1584560686162 2.0 114
1584560688287 0.0 115
1584560690510 1.0 116
1584560692730 0.0 117
1584560694912 2.0 118
1584560697069 1.0 119
1584560699244 3.0 120
1584560701428 3.0 121
1584560703625 2.0 122
1584560705797 0.0 123
1584560707993 3.0 124
1584560710167 3.0 125
1584560712342 1.0 126
1584560714506 4.0 127
1584560716670 8.0 128
1584560718850 2.0 129
1584560721041 1.0 130
1584560723215 1.0 131
1584560725382 0.0 132
1584560727593 1.0 133
1584560729766 -2.0 134
1584560731895 5.0 135
1584560734057 1.0 136
1584560736216 2.0 137
1584560738350 0.0 138
1584560740490 0.0 139
1584560742619 1.0 140
1584560744763 9.0 141
1584560746894 5.0 142
1584560749045 5.0 143
1584560751209 4.0 144
1584560753401 1.0 145
1584560755559 7.0 146
1584560757720 -1.0 147
1584560759929 1.0 148
1584560762130 2.0 149
1584560764317 0.0 150
1584560766492 5.0 151
1584560768660 0.0 152
1584560770840 2.0 153
1584560772993 2.0 154
1584560775163 3.0 155
1584560777380 3.0 156
1584560779561 2.0 157
1584560781750 2.0 158
1584560783908 5.0 159
1584560786085 3.0 160
1584560788300 3.0 161
1584560790484 5.0 162
1584560792623 1.0 163
1584560794804 4.0 164
1584560796964 0.0 165
1584560799130 2.0 166
1584560801305 4.0 167
1584560803485 5.0 168
1584560805678 9.0 169
1584560807841 2.0 170
1584560809997 3.0 171
1584560812157 3.0 172
1584560814316 3.0 173
1584560816475 6.0 174
1584560818674 8.0 175
1584560820885 6.0 176
1584560823056 3.0 177
1584560825204 3.0 178
1584560827397 6.0 179
1584560829625 2.0 180
1584560831792 6.0 181
1584560833956 1.0 182
1584560836103 7.0 183
1584560838288 3.0 184
1584560840447 2.0 185
1584560842604 1.0 186
1584560844793 7.0 187
1584560846941 2.0 188
1584560849093 4.0 189
1584560851268 3.0 190
1584560853450 8.0 191
1584560855645 0.0 192
1584560857821 9.0 193
1584560860000 10.0 194
1584560862196 6.0 195
1584560864375 5.0 196
1584560866570 3.0 197
1584560868754 8.0 198
1584560870936 5.0 199
1584560873109 1.0 200
1584560875279 2.0 201
1584560877442 4.0 202
1584560879610 7.0 203
1584560881796 1.0 204
1584560883994 6.0 205
1584560886201 3.0 206
1584560888410 10.0 207
1584560890628 4.0 208
1584560892779 5.0 209
1584560894948 6.0 210
1584560897074 5.0 211
1584560899281 3.0 212
1584560901434 2.0 213
1584560903595 7.0 214
1584560905770 3.0 215
1584560907916 11.0 216
1584560910110 10.0 217
1584560912280 0.0 218
1584560914497 10.0 219
1584560916708 9.0 220
1584560918837 12.0 221
1584560920996 3.0 222
1584560923165 9.0 223
1584560925352 8.0 224
1584560927533 14.0 225
1584560929724 7.0 226
1584560931885 7.0 227
1584560934070 5.0 228
1584560936254 14.0 229
1584560938472 1.0 230
1584560940648 3.0 231
1584560942870 8.0 232
1584560945024 1.0 233
1584560947198 10.0 234
1584560949380 9.0 235
1584560951538 4.0 236
1584560953688 2.0 237
1584560955834 6.0 238
1584560957989 11.0 239
1584560960154 3.0 240
1584560962353 -1.0 241
1584560964527 2.0 242
1584560966711 15.0 243
1584560968892 3.0 244
1584560971078 9.0 245
1584560973217 2.0 246
1584560975401 6.0 247
1584560977581 4.0 248
1584560979768 7.0 249
1584560981930 0.0 250
1584560984092 3.0 251
1584560986262 11.0 252
1584560988438 9.0 253
1584560990605 9.0 254
1584560992803 5.0 255
1584560994952 6.0 256
1584560997125 1.0 257
1584560999277 13.0 258
1584561001458 8.0 259
1584561003637 4.0 260
1584561005786 7.0 261
1584561007970 1.0 262
1584561010137 6.0 263
1584561012324 13.0 264
1584561014517 9.0 265
1584561016721 10.0 266
1584561018881 7.0 267
1584561021067 3.0 268
1584561023267 3.0 269
1584561025464 11.0 270
1584561027643 6.0 271
1584561029805 4.0 272
1584561032016 4.0 273
1584561034197 12.0 274
1584561036382 3.0 275
1584561038564 10.0 276
1584561040744 2.0 277
1584561042907 8.0 278
1584561045091 5.0 279
1584561047257 3.0 280
1584561049445 7.0 281
1584561051640 6.0 282
1584561053800 13.0 283
1584561055945 10.0 284
1584561058095 14.0 285
1584561060278 13.0 286
1584561062465 7.0 287
1584561064639 10.0 288
1584561066863 4.0 289
1584561069009 6.0 290
1584561071193 4.0 291
1584561073358 8.0 292
1584561075545 5.0 293
1584561077794 0.0 294
1584561079969 9.0 295
1584561082134 9.0 296
1584561084298 14.0 297
1584561086478 10.0 298
1584561088682 7.0 299
1584561090874 9.0 300
1584561093061 10.0 301
1584561095220 6.0 302
1584561097435 12.0 303
1584561099588 11.0 304
1584561101795 5.0 305
1584561103983 8.0 306
1584561106214 10.0 307
1584561108396 5.0 308
1584561110546 11.0 309
1584561112796 17.0 310
1584561114985 12.0 311
1584561117141 12.0 312
1584561119298 6.0 313
1584561121454 13.0 314
1584561123602 13.0 315
1584561125764 7.0 316
1584561127938 3.0 317
1584561130127 15.0 318
1584561132376 13.0 319
1584561134557 16.0 320
1584561136729 10.0 321
1584561138885 13.0 322
1584561141057 9.0 323
1584561143235 7.0 324
1584561145448 11.0 325
1584561147618 10.0 326
1584561149777 8.0 327
1584561151943 7.0 328
1584561154141 11.0 329
1584561156336 10.0 330
1584561158507 8.0 331
1584561160675 1.0 332
1584561162808 12.0 333
1584561164990 1.0 334
1584561167149 13.0 335
1584561169320 9.0 336
1584561171504 6.0 337
1584561173681 20.0 338
1584561175850 14.0 339
1584561178000 9.0 340
1584561180160 10.0 341
1584561182343 9.0 342
1584561184590 10.0 343
1584561186758 8.0 344
1584561188936 10.0 345
1584561191088 8.0 346
1584561193261 8.0 347
1584561195443 5.0 348
1584561197652 5.0 349
1584561199824 2.0 350
1584561201951 11.0 351
1584561204086 12.0 352
1584561206246 6.0 353
1584561208436 17.0 354
1584561210620 8.0 355
1584561212772 3.0 356
1584561214965 13.0 357
1584561217163 8.0 358
1584561219299 13.0 359
1584561221460 11.0 360
1584561223634 1.0 361
1584561225847 2.0 362
1584561228003 11.0 363
1584561230157 16.0 364
1584561232308 5.0 365
1584561234515 13.0 366
1584561236680 9.0 367
1584561238878 15.0 368
1584561241063 9.0 369
1584561243246 20.0 370
1584561245411 9.0 371
1584561247600 6.0 372
1584561249800 6.0 373
1584561252005 4.0 374
1584561254164 7.0 375
1584561256335 12.0 376
1584561258506 5.0 377
1584561260704 7.0 378
1584561262874 7.0 379
1584561265049 9.0 380
1584561267248 25.0 381
1584561269442 4.0 382
1584561271633 13.0 383
1584561273800 8.0 384
1584561275929 13.0 385
1584561278107 14.0 386
1584561280315 4.0 387
1584561282446 16.0 388
1584561284635 10.0 389
1584561286785 5.0 390
1584561288952 14.0 391
1584561291125 7.0 392
1584561293299 0.0 393
1584561295513 8.0 394
1584561297724 8.0 395
1584561299885 15.0 396
1584561302034 14.0 397
1584561304226 5.0 398
1584561306527 14.0 399
1584561308716 9.0 400
1584561311033 15.0 401
1584561313191 15.0 402
1584561315368 9.0 403
1584561317575 7.0 404
1584561319776 1.0 405
1584561321996 11.0 406
1584561324218 10.0 407
1584561326423 12.0 408
1584561328664 14.0 409
1584561331177 8.0 410
1584561333438 10.0 411
1584561335631 4.0 412
1584561337784 12.0 413
1584561339961 16.0 414
1584561342130 7.0 415
1584561344324 6.0 416
1584561346509 12.0 417
1584561348699 7.0 418
1584561350871 8.0 419
1584561353042 2.0 420
1584561355191 13.0 421
1584561357352 6.0 422
1584561359563 9.0 423
1584561361773 2.0 424
1584561364009 11.0 425
1584561366155 18.0 426
1584561368345 9.0 427
1584561370723 20.0 428
1584561372947 10.0 429
1584561375226 12.0 430
1584561377454 2.0 431
1584561379638 15.0 432
1584561381783 10.0 433
1584561383948 12.0 434
1584561386107 0.0 435
1584561388301 13.0 436
1584561390494 9.0 437
1584561392653 4.0 438
1584561394824 7.0 439
1584561397022 8.0 440
1584561399183 0.0 441
1584561401346 11.0 442
1584561403529 2.0 443
1584561405717 4.0 444
1584561407903 13.0 445
1584561410084 7.0 446
1584561412246 12.0 447
1584561414401 15.0 448
1584561416604 7.0 449
1584561418803 4.0 450
1584561420984 13.0 451
1584561423165 16.0 452
1584561425341 16.0 453
1584561427557 14.0 454
1584561430088 8.0 455
1584561433539 3.0 456
1584561437715 16.0 457
1584561439873 0.0 458
1584561442021 14.0 459
1584561444215 6.0 460
1584561446539 16.0 461
1584561448840 4.0 462
1584561451174 6.0 463
1584561454647 8.0 464
1584561458566 8.0 465
1584561461093 6.0 466
1584561463303 9.0 467
1584561465501 3.0 468
1584561467633 15.0 469
1584561469806 6.0 470
1584561471956 10.0 471
1584561474134 4.0 472
1584561476318 2.0 473
1584561478493 8.0 474
1584561480669 16.0 475
1584561482846 4.0 476
1584561484972 11.0 477
1584561487185 1.0 478
1584561489423 12.0 479
1584561491654 12.0 480
1584561494471 2.0 481
1584561498260 1.0 482
1584561502077 10.0 483
1584561504228 11.0 484
1584561506455 14.0 485
1584561508787 12.0 486
1584561511107 8.0 487
1584561513499 8.0 488
1584561516927 2.0 489
1584561521130 15.0 490
1584561523684 6.0 491
1584561525848 6.0 492
1584561528056 17.0 493
1584561530479 12.0 494
1584561533995 7.0 495
1584561538391 10.0 496
1584561540980 15.0 497
1584561543404 13.0 498
1584561545654 7.0 499
1584561548197 11.0 500
1584561550400 9.0 501
1584561552568 12.0 502
1584561554738 10.0 503
1584561557096 16.0 504
1584561560686 4.0 505
1584561563179 10.0 506
1584561567318 11.0 507
1584561569805 16.0 508
1584561572159 14.0 509
1584561574398 8.0 510
1584561576889 4.0 511
1584561579118 4.0 512
1584561581388 18.0 513
1584561583591 6.0 514
1584561585739 12.0 515
1584561587926 8.0 516
1584561590103 10.0 517
1584561592269 22.0 518
1584561594452 17.0 519
1584561596657 8.0 520
1584561598820 18.0 521
1584561600976 14.0 522
1584561603167 16.0 523
1584561605382 12.0 524
1584561607763 12.0 525
1584561611350 10.0 526
1584561613979 12.0 527
1584561617491 11.0 528
1584561619768 20.0 529
1584561621950 7.0 530
1584561624384 14.0 531
1584561628000 11.0 532
1584561632185 23.0 533
1584561634623 16.0 534
1584561636846 5.0 535
1584561639053 8.0 536
1584561641233 6.0 537
1584561643388 8.0 538
1584561645539 16.0 539
1584561647710 15.0 540
1584561649912 1.0 541
1584561652113 12.0 542
1584561654286 6.0 543
1584561656596 8.0 544
1584561658935 13.0 545
1584561662184 18.0 546
1584561664904 11.0 547
1584561669319 13.0 548
1584561671946 15.0 549
1584561674354 14.0 550
1584561676500 6.0 551
1584561678714 16.0 552
1584561680888 16.0 553
1584561683059 18.0 554
1584561685247 16.0 555
1584561687418 16.0 556
1584561689633 10.0 557
1584561691804 8.0 558
1584561693935 15.0 559
1584561696117 20.0 560
1584561698321 20.0 561
1584561700505 15.0 562
1584561702681 8.0 563
1584561704830 15.0 564
1584561706948 10.0 565
1584561709128 13.0 566
1584561711802 19.0 567
1584561714024 11.0 568
1584561716187 11.0 569
1584561718363 20.0 570
1584561720525 12.0 571
1584561722689 15.0 572
1584561724880 10.0 573
1584561727090 14.0 574
1584561729269 15.0 575
1584561731428 19.0 576
1584561733576 11.0 577
1584561735771 10.0 578
1584561737948 12.0 579
1584561740122 13.0 580
1584561742320 16.0 581
1584561744463 15.0 582
1584561746614 21.0 583
1584561748775 17.0 584
1584561750904 16.0 585
1584561753052 15.0 586
1584561755212 18.0 587
1584561757374 14.0 588
1584561759522 12.0 589
1584561761807 7.0 590
1584561765310 14.0 591
1584561767869 8.0 592
1584561772606 7.0 593
1584561774774 19.0 594
1584561776952 13.0 595
1584561779121 14.0 596
1584561781276 20.0 597
1584561783927 17.0 598
1584561787648 16.0 599
1584561792470 17.0 600
1584561794874 13.0 601
1584561797045 18.0 602
1584561799270 4.0 603
1584561801449 12.0 604
1584561803602 18.0 605
1584561805754 8.0 606
1584561807897 12.0 607
1584561810315 14.0 608
1584561813269 14.0 609
1584561816590 17.0 610
1584561821166 8.0 611
1584561823906 14.0 612
1584561826317 10.0 613
1584561828478 12.0 614
1584561830736 15.0 615
1584561832902 13.0 616
1584561835064 18.0 617
1584561837224 16.0 618
1584561839405 6.0 619
1584561841582 17.0 620
1584561843719 13.0 621
1584561845864 9.0 622
1584561848035 23.0 623
1584561850194 15.0 624
1584561852395 10.0 625
1584561854552 9.0 626
1584561856731 12.0 627
1584561858898 17.0 628
1584561861074 17.0 629
1584561863238 16.0 630
1584561865429 12.0 631
1584561867705 3.0 632
1584561870297 14.0 633
1584561873352 14.0 634
1584561877767 13.0 635
1584561880030 12.0 636
1584561882219 13.0 637
1584561884385 14.0 638
1584561886658 17.0 639
1584561889982 13.0 640
1584561895313 19.0 641
1584561897765 12.0 642
1584561900725 16.0 643
1584561902934 18.0 644
1584561905124 11.0 645
1584561907274 23.0 646
1584561909432 12.0 647
1584561911601 16.0 648
1584561913762 11.0 649
1584561915933 8.0 650
1584561918096 18.0 651
1584561920241 13.0 652
1584561922401 15.0 653
1584561924614 19.0 654
1584561926840 14.0 655
1584561929058 24.0 656
1584561931260 18.0 657
1584561933460 6.0 658
1584561935641 9.0 659
1584561937817 14.0 660
1584561939970 19.0 661
1584561942149 17.0 662
1584561944321 20.0 663
1584561946499 18.0 664
1584561948671 18.0 665
1584561950850 19.0 666
1584561953051 15.0 667
1584561955225 18.0 668
1584561957379 14.0 669
1584561959572 11.0 670
1584561961731 14.0 671
1584561963907 14.0 672
1584561966061 17.0 673
1584561968255 12.0 674
1584561970442 10.0 675
1584561972586 18.0 676
1584561974741 13.0 677
1584561976896 21.0 678
1584561979079 17.0 679
1584561981262 16.0 680
1584561983445 10.0 681
1584561985636 19.0 682
1584561987789 16.0 683
1584561989999 14.0 684
1584561992184 13.0 685
1584561994345 15.0 686
1584561996533 14.0 687
1584561998830 13.0 688
1584562002235 8.0 689
1584562006232 10.0 690
1584562009400 13.0 691
1584562011833 16.0 692
1584562014064 8.0 693
1584562016243 16.0 694
1584562018412 21.0 695
1584562020611 20.0 696
1584562022776 17.0 697
1584562024945 15.0 698
1584562027122 18.0 699
1584562029285 11.0 700
1584562031529 11.0 701
1584562033686 18.0 702
1584562035936 16.0 703
1584562038177 22.0 704
1584562040321 16.0 705
1584562042523 9.0 706
1584562044685 16.0 707
1584562046872 17.0 708
1584562049049 21.0 709
1584562051233 10.0 710
1584562053399 18.0 711
1584562055594 10.0 712
1584562057740 17.0 713
1584562059900 13.0 714
1584562062050 13.0 715
1584562064239 15.0 716
1584562066422 20.0 717
1584562068604 16.0 718
1584562070787 15.0 719
1584562072966 12.0 720
1584562075132 15.0 721
1584562077324 17.0 722
1584562079518 19.0 723
1584562081685 17.0 724
1584562083858 18.0 725
1584562086041 15.0 726
1584562088214 11.0 727
1584562090400 17.0 728
1584562092602 19.0 729
1584562094791 7.0 730
1584562096951 14.0 731
1584562099101 17.0 732
1584562101231 21.0 733
1584562103401 15.0 734
1584562105567 19.0 735
1584562107756 8.0 736
1584562109939 16.0 737
1584562112093 19.0 738
1584562114251 12.0 739
1584562116407 20.0 740
1584562118573 9.0 741
1584562120720 12.0 742
1584562122887 15.0 743
1584562125050 20.0 744
1584562127205 12.0 745
1584562129377 13.0 746
1584562131539 14.0 747
1584562133693 14.0 748
1584562135867 19.0 749
1584562138035 9.0 750
1584562140194 5.0 751
1584562142364 18.0 752
1584562144548 11.0 753
1584562146727 10.0 754
1584562148908 15.0 755
1584562151116 17.0 756
1584562153272 15.0 757
1584562155432 16.0 758
1584562157599 12.0 759
1584562159743 16.0 760
1584562161903 17.0 761
1584562164065 18.0 762
1584562166232 11.0 763
1584562168394 18.0 764
1584562170549 17.0 765
1584562172710 15.0 766
1584562174884 12.0 767
1584562177118 19.0 768
1584562179303 15.0 769
1584562181499 9.0 770
1584562183634 18.0 771
1584562185792 15.0 772
1584562187967 16.0 773
1584562190153 20.0 774
1584562192346 15.0 775
1584562194484 21.0 776
1584562196674 16.0 777
1584562198882 15.0 778
1584562201053 20.0 779
1584562203245 19.0 780
1584562205425 19.0 781
1584562207607 16.0 782
1584562209765 18.0 783
1584562211910 21.0 784
1584562214087 18.0 785
1584562216256 17.0 786
1584562218413 21.0 787
1584562220579 10.0 788
1584562222744 18.0 789
1584562224903 13.0 790
1584562227063 18.0 791
1584562229294 19.0 792
1584562231473 18.0 793
1584562233675 15.0 794
1584562235838 14.0 795
1584562238009 16.0 796
1584562240171 17.0 797
1584562242380 17.0 798
1584562244561 20.0 799
1584562246740 20.0 800
1584562248952 14.0 801
1584562251121 20.0 802
1584562253310 17.0 803
1584562255482 16.0 804
1584562257640 18.0 805
1584562259851 12.0 806
1584562262073 16.0 807
1584562264249 15.0 808
1584562266412 17.0 809
1584562268607 18.0 810
1584562270790 17.0 811
1584562272966 20.0 812
1584562275134 18.0 813
1584562277333 15.0 814
1584562279535 18.0 815
1584562281759 19.0 816
1584562283929 13.0 817
1584562286130 18.0 818
1584562288318 18.0 819
1584562290502 17.0 820
1584562292670 15.0 821
1584562294824 14.0 822
1584562296989 18.0 823
1584562299157 13.0 824
1584562301331 20.0 825
1584562303489 0.0 826
1584562305651 18.0 827
1584562307829 14.0 828
1584562310025 19.0 829
1584562312202 13.0 830
1584562314400 11.0 831
1584562316589 19.0 832
1584562318799 20.0 833
1584562320964 12.0 834
1584562323117 17.0 835
1584562325304 21.0 836
1584562327473 21.0 837
1584562329654 13.0 838
1584562331825 19.0 839
1584562333995 12.0 840
1584562336158 18.0 841
1584562338339 16.0 842
1584562340508 15.0 843
1584562342706 12.0 844
1584562344885 14.0 845
1584562347037 15.0 846
1584562349213 20.0 847
1584562351394 23.0 848
1584562353598 17.0 849
1584562355797 14.0 850
1584562357955 15.0 851
1584562360123 9.0 852
1584562362277 13.0 853
1584562364430 17.0 854
1584562366617 21.0 855
1584562368806 17.0 856
1584562371010 18.0 857
1584562373174 12.0 858
1584562375326 20.0 859
1584562377548 14.0 860
1584562379766 16.0 861
1584562381978 16.0 862
1584562384134 17.0 863
1584562386332 17.0 864
1584562388505 18.0 865
1584562390700 14.0 866
1584562392845 12.0 867
1584562395025 18.0 868
1584562397214 14.0 869
1584562399408 14.0 870
1584562401603 14.0 871
1584562403772 17.0 872
1584562405925 16.0 873
1584562408061 19.0 874
1584562410200 16.0 875
1584562412343 17.0 876
1584562414516 18.0 877
1584562416719 10.0 878
1584562418900 15.0 879
1584562421062 13.0 880
1584562423248 23.0 881
1584562425429 13.0 882
1584562427559 19.0 883
1584562429734 15.0 884
1584562431897 16.0 885
1584562434060 14.0 886
1584562436234 15.0 887
1584562438411 13.0 888
1584562440565 18.0 889
1584562442730 18.0 890
1584562444902 19.0 891
1584562447072 18.0 892
1584562449280 15.0 893
1584562451494 6.0 894
1584562453663 18.0 895
1584562455846 17.0 896
1584562457992 12.0 897
1584562460183 22.0 898
1584562462360 18.0 899
1584562464540 15.0 900
1584562466818 13.0 901
1584562468994 16.0 902
1584562471145 20.0 903
1584562473354 12.0 904
1584562475528 13.0 905
1584562477712 18.0 906
1584562479911 14.0 907
1584562482056 15.0 908
1584562484237 20.0 909
1584562486422 20.0 910
1584562488630 16.0 911
1584562490803 19.0 912
1584562492961 16.0 913
1584562495146 15.0 914
1584562497311 14.0 915
1584562499502 13.0 916
