1584307235583 1 1
1584307238043 1 2
1584307240234 1 3
1584307242934 1 4
1584307245092 1 5
1584307247226 1 6
1584307249365 1 7
1584307251707 1 8
1584307254039 1 9
1584307256414 1 10
1584307259119 1 11
1584307261681 1 12
1584307264075 1 13
1584307266581 1 14
1584307268970 1 15
1584307271225 1 16
1584307273427 1 17
1584307276198 1 18
1584307278614 1 19
1584307281090 1 20
1584307283424 1 21
1584307285969 1 22
1584307288102 1 23
1584307290229 1 24
1584307292358 1 25
1584307294467 1 26
1584307296584 1 27
1584307298687 1 28
1584307300783 1 29
1584307302901 1 30
1584307305058 1 31
1584307307173 1 32
1584307309288 1 33
1584307311434 1 34
1584307313814 1 35
1584307316103 1 36
1584307318514 1 37
1584307320649 1 38
1584307322763 1 39
1584307324897 1 40
1584307327023 1 41
1584307329311 1 42
1584307331455 1 43
1584307333614 1 44
1584307335889 1 45
1584307338017 1 46
1584307340328 1 47
1584307342448 1 48
1584307344559 1 49
1584307346704 1 50
1584307348836 1 51
1584307350954 1 52
1584307353070 1 53
1584307355226 1 54
1584307357363 1 55
1584307359499 1 56
1584307361617 1 57
1584307363731 1 58
1584307365840 1 59
1584307367945 1 60
1584307370254 1 61
1584307372600 1 62
1584307374912 1 63
1584307377080 1 64
1584307379222 1 65
1584307381358 1 66
1584307383543 1 67
1584307385861 1 68
1584307388017 1 69
1584307390159 1 70
1584307392273 1 71
1584307394439 1 72
1584307396556 1 73
1584307398705 1 74
1584307400854 1 75
1584307402978 1 76
1584307405103 1 77
1584307407228 1 78
1584307409349 1 79
1584307411490 1 80
1584307413608 1 81
1584307415754 1 82
1584307417868 1 83
1584307419984 1 84
1584307422085 1 85
1584307424218 1 86
1584307426367 1 87
1584307428502 1 88
1584307430682 1 89
1584307432815 1 90
1584307434932 1 91
1584307437199 1 92
1584307439324 1 93
1584307441442 1 94
1584307443574 1 95
1584307445692 1 96
1584307447855 1 97
1584307450484 1 98
1584307453099 1 99
1584307455628 1 100
1584307458244 1 101
1584307460949 1 102
1584307463418 1 103
1584307465860 1 104
1584307468338 1 105
1584307470460 1 106
1584307472591 1 107
1584307474727 1 108
1584307476871 1 109
1584307479035 1 110
1584307481177 1 111
1584307483336 1 112
1584307485453 1 113
1584307487663 1 114
1584307489788 1 115
1584307491928 1 116
1584307494079 1 117
1584307497156 1 118
1584307499710 1 119
1584307502385 1 120
1584307504524 1 121
1584307506639 1 122
1584307508768 1 123
1584307510902 1 124
1584307513071 1 125
1584307515213 1 126
1584307517380 1 127
1584307519515 1 128
1584307521644 1 129
1584307523775 1 130
1584307525921 1 131
1584307528074 1 132
1584307530227 1 133
1584307532366 1 134
1584307534579 1 135
1584307536694 1 136
1584307538823 1 137
1584307540968 1 138
1584307543096 1 139
1584307545208 1 140
1584307547359 1 141
1584307549467 1 142
1584307551630 1 143
1584307553732 1 144
1584307555878 1 145
1584307558010 1 146
1584307560172 1 147
1584307562328 1 148
1584307564482 1 149
1584307566588 1 150
1584307568700 1 151
1584307570831 1 152
1584307572993 1 153
1584307575118 1 154
1584307577239 1 155
1584307579358 1 156
1584307581483 1 157
1584307583610 1 158
1584307585727 1 159
1584307590939 1 160
1584307594801 1 161
1584307597307 1 162
1584307599471 1 163
1584307601597 1 164
1584307603741 1 165
1584307605867 1 166
1584307608041 1 167
1584307610213 1 168
1584307612349 1 169
1584307614566 1 170
1584307616695 1 171
1584307618816 1 172
1584307620967 1 173
1584307623082 1 174
1584307625303 1 175
1584307627427 1 176
1584307629720 1 177
1584307631863 1 178
1584307634146 1 179
1584307636674 1 180
1584307639112 1 181
1584307641604 1 182
1584307644295 1 183
1584307646752 1 184
1584307648920 1 185
1584307651077 1 186
1584307653217 1 187
1584307655347 1 188
1584307657493 1 189
1584307659634 1 190
1584307661827 1 191
1584307664001 1 192
1584307666170 1 193
1584307668323 1 194
1584307670478 1 195
1584307672738 1 196
1584307674869 1 197
1584307677012 1 198
1584307679127 1 199
1584307681313 1 200
1584307683817 1 201
1584307686454 1 202
1584307688754 1 203
1584307691119 1 204
1584307693563 1 205
1584307695715 1 206
1584307697806 1 207
1584307699907 1 208
1584307702250 1 209
1584307704975 1 210
1584307707303 1 211
1584307709597 1 212
1584307711872 1 213
1584307714852 1 214
1584307717316 1 215
1584307719683 1 216
1584307722193 1 217
1584307724660 1 218
1584307727204 1 219
1584307729395 1 220
1584307731542 1 221
1584307733682 1 222
1584307735840 1 223
1584307737966 1 224
1584307740089 1 225
1584307742226 1 226
1584307744355 1 227
1584307746494 1 228
1584307748626 1 229
1584307750746 1 230
1584307752874 1 231
1584307755017 1 232
1584307757299 1 233
1584307759404 1 234
1584307761543 1 235
1584307763703 1 236
1584307765855 1 237
1584307768001 1 238
1584307770147 1 239
1584307772295 1 240
1584307774467 1 241
1584307776614 1 242
1584307778736 1 243
1584307780859 1 244
1584307783016 1 245
1584307785152 1 246
1584307787345 1 247
1584307789495 1 248
1584307791665 1 249
1584307793799 1 250
1584307795945 1 251
1584307798116 1 252
1584307800258 1 253
1584307802399 1 254
1584307804542 1 255
1584307806687 1 256
1584307808833 1 257
1584307810965 1 258
1584307813093 1 259
1584307815233 1 260
1584307817376 1 261
1584307819541 1 262
1584307821658 1 263
1584307823936 1 264
1584307826095 1 265
1584307828253 1 266
1584307830439 1 267
1584307832588 1 268
1584307834722 1 269
1584307836882 1 270
1584307839035 1 271
1584307841174 1 272
1584307843757 1 273
1584307845884 1 274
1584307848055 1 275
1584307850418 1 276
1584307852749 1 277
1584307855157 1 278
1584307857358 1 279
1584307859932 1 280
1584307862853 1 281
1584307865189 1 282
1584307867321 1 283
1584307869458 1 284
1584307871621 1 285
1584307873771 1 286
1584307876424 1 287
1584307878642 1 288
1584307881039 1 289
1584307883307 1 290
1584307885480 1 291
1584307887637 1 292
1584307890145 1 293
1584307892381 1 294
1584307894740 1 295
1584307897042 1 296
1584307899167 1 297
1584307901277 1 298
1584307903497 1 299
1584307905638 1 300
1584307907773 1 301
1584307909927 1 302
1584307912074 1 303
1584307914237 1 304
1584307916411 1 305
1584307918579 1 306
1584307920848 1 307
1584307923012 1 308
1584307925197 1 309
1584307927351 1 310
1584307929480 1 311
1584307931620 1 312
1584307933764 1 313
1584307935909 1 314
1584307938061 1 315
1584307940207 1 316
1584307942331 1 317
1584307944727 1 318
1584307947349 1 319
1584307949735 1 320
1584307951962 1 321
1584307954524 1 322
1584307956820 1 323
1584307959115 1 324
1584307961267 1 325
1584307963412 1 326
1584307965553 1 327
1584307967724 1 328
1584307969867 1 329
1584307971997 1 330
1584307974181 1 331
1584307976342 1 332
1584307978498 1 333
1584307981004 1 334
1584307983355 1 335
1584307986021 1 336
1584307988496 1 337
1584307991774 1 338
1584307995562 1 339
1584307997989 1 340
1584308000258 1 341
1584308002697 1 342
1584308004830 1 343
1584308007019 1 344
1584308009388 1 345
1584308013559 1 346
1584308017222 1 347
1584308019365 1 348
1584308021746 1 349
1584308024050 1 350
1584308026317 1 351
1584308028540 1 352
1584308030810 1 353
1584308033149 1 354
1584308035372 1 355
1584308037839 1 356
1584308040052 1 357
1584308042213 1 358
1584308044570 1 359
1584308046732 1 360
1584308048954 1 361
1584308051091 1 362
1584308053285 1 363
1584308055572 1 364
1584308058003 1 365
1584308060159 1 366
1584308062436 1 367
1584308064779 1 368
1584308066986 1 369
1584308069478 1 370
1584308071952 1 371
1584308074135 1 372
1584308076357 1 373
1584308078830 1 374
1584308081167 1 375
1584308083325 1 376
1584308085485 1 377
1584308087647 1 378
1584308089788 1 379
1584308092262 1 380
1584308094588 1 381
1584308096933 1 382
1584308099185 1 383
1584308101329 1 384
1584308103488 1 385
1584308105659 1 386
1584308107841 1 387
1584308110093 1 388
1584308112383 1 389
1584308115075 1 390
1584308117221 1 391
1584308119385 1 392
1584308121652 1 393
1584308124172 1 394
1584308126829 1 395
1584308129501 1 396
1584308132046 1 397
1584308134549 1 398
1584308136879 1 399
1584308139040 1 400
1584308141196 1 401
1584308143387 1 402
1584308145914 1 403
1584308148131 1 404
1584308150342 1 405
1584308152652 1 406
1584308154904 1 407
1584308161964 1 408
1584308167632 1 409
1584308176658 1 410
1584308181058 1 411
1584308183543 1 412
1584308186040 1 413
1584308188519 1 414
1584308191945 1 415
1584308195170 1 416
1584308197606 1 417
1584308200138 1 418
1584308202919 1 419
1584308205370 1 420
1584308210194 1 421
1584308214075 1 422
1584308217870 1 423
1584308221626 1 424
1584308224091 1 425
1584308226559 1 426
1584308230592 1 427
1584308234167 1 428
1584308238338 1 429
1584308241414 1 430
1584308244709 1 431
1584308247595 1 432
1584308250795 1 433
1584308254177 1 434
1584308256575 1 435
1584308259092 1 436
1584308261547 1 437
1584308264109 1 438
1584308266628 1 439
1584308269175 1 440
1584308271820 1 441
1584308275096 1 442
1584308279818 1 443
1584308283592 1 444
1584308286560 1 445
1584308289795 1 446
1584308293794 1 447
1584308297208 1 448
1584308299677 1 449
1584308302369 1 450
1584308306302 1 451
1584308310548 1 452
1584308313284 1 453
1584308315793 1 454
1584308319761 1 455
1584308324190 1 456
1584308327309 1 457
1584308331142 1 458
1584308333940 1 459
1584308337011 1 460
1584308340410 1 461
1584308344494 1 462
1584308347976 1 463
1584308350223 1 464
1584308352491 1 465
1584308355277 1 466
1584308357422 1 467
1584308360042 1 468
1584308362962 1 469
1584308365477 1 470
1584308367670 1 471
1584308370287 1 472
1584308373482 1 473
1584308375988 1 474
1584308378610 1 475
1584308380989 1 476
1584308383153 1 477
1584308385335 1 478
1584308387518 1 479
1584308389663 1 480
1584308391805 1 481
1584308393950 1 482
1584308396094 1 483
1584308398241 1 484
1584308400404 1 485
1584308402625 1 486
1584308404778 1 487
1584308407009 1 488
1584308409169 1 489
1584308411314 1 490
1584308414024 1 491
1584308416434 1 492
1584308418791 1 493
1584308421163 1 494
1584308423621 1 495
1584308425811 1 496
1584308428319 1 497
1584308431087 1 498
1584308433989 1 499
1584308436553 1 500
1584308438843 1 501
1584308441023 1 502
1584308443190 1 503
1584308445377 1 504
1584308447552 1 505
1584308449778 1 506
1584308451976 1 507
1584308454164 1 508
1584308456327 1 509
1584308458775 1 510
1584308461709 1 511
1584308464076 1 512
1584308466470 1 513
1584308468763 1 514
1584308470961 1 515
1584308473421 1 516
1584308476564 1 517
1584308479029 1 518
1584308481271 1 519
1584308483444 1 520
1584308485672 1 521
1584308488692 1 522
1584308491111 1 523
1584308493579 1 524
1584308495800 1 525
1584308498377 1 526
1584308500584 1 527
1584308503462 1 528
1584308505670 1 529
1584308507830 1 530
1584308510478 1 531
1584308512915 1 532
1584308515209 1 533
1584308517541 1 534
1584308520184 1 535
1584308522702 1 536
1584308524995 1 537
1584308527393 1 538
1584308529759 1 539
1584308531978 1 540
1584308534188 1 541
1584308536349 1 542
1584308538534 1 543
1584308540752 1 544
1584308542929 1 545
1584308545120 1 546
1584308547380 1 547
1584308549847 1 548
1584308552206 1 549
1584308554354 1 550
1584308556513 1 551
1584308558688 1 552
1584308560951 1 553
1584308563852 1 554
1584308566242 1 555
1584308568466 1 556
1584308570910 1 557
1584308573137 1 558
1584308575459 1 559
1584308578046 1 560
1584308580690 1 561
1584308583122 1 562
1584308585424 1 563
1584308587589 1 564
1584308590036 1 565
1584308592366 1 566
1584308594786 1 567
1584308597016 1 568
1584308599182 1 569
1584308601527 1 570
1584308603711 1 571
1584308605996 1 572
1584308608227 1 573
1584308610398 1 574
1584308612546 1 575
1584308614709 1 576
1584308617043 1 577
1584308619214 1 578
1584308621432 1 579
1584308623618 1 580
1584308625819 1 581
1584308628034 1 582
1584308630216 1 583
1584308632561 1 584
1584308634724 1 585
1584308636910 1 586
1584308639247 1 587
1584308641601 1 588
1584308643813 1 589
1584308645995 1 590
1584308648197 1 591
1584308650412 1 592
1584308652804 1 593
1584308655165 1 594
1584308657570 1 595
1584308659739 1 596
1584308661925 1 597
1584308664123 1 598
1584308666459 1 599
1584308668990 1 600
1584308671643 1 601
1584308673939 1 602
1584308676270 1 603
1584308678628 1 604
1584308680778 1 605
1584308683038 1 606
1584308685396 1 607
1584308687544 1 608
1584308689778 1 609
1584308692246 1 610
1584308694557 1 611
1584308697756 1 612
1584308700181 1 613
1584308702393 1 614
1584308704590 1 615
1584308706776 1 616
1584308709287 1 617
1584308711498 1 618
1584308714094 1 619
1584308716271 1 620
1584308718459 1 621
1584308720888 1 622
1584308723086 1 623
1584308725621 1 624
1584308727826 1 625
1584308730209 1 626
1584308732611 1 627
1584308734768 1 628
1584308736897 1 629
1584308739032 1 630
1584308741157 1 631
1584308743352 1 632
1584308745583 1 633
1584308748090 1 634
