1584307235583 1 1
1584307238043 0.995 2
1584307240234 0.990025 3
1584307242934 0.985074875 4
1584307245092 0.9801495006250001 5
1584307247226 0.9752487531218751 6
1584307249365 0.9703725093562657 7
1584307251707 0.9655206468094844 8
1584307254039 0.960693043575437 9
1584307256414 0.9558895783575597 10
1584307259119 0.9511101304657719 11
1584307261681 0.946354579813443 12
1584307264075 0.9416228069143757 13
1584307266581 0.9369146928798039 14
1584307268970 0.9322301194154049 15
1584307271225 0.9275689688183278 16
1584307273427 0.9229311239742362 17
1584307276198 0.918316468354365 18
1584307278614 0.9137248860125932 19
1584307281090 0.9091562615825302 20
1584307283424 0.9046104802746175 21
1584307285969 0.9000874278732445 22
1584307288102 0.8955869907338783 23
1584307290229 0.8911090557802088 24
1584307292358 0.8866535105013078 25
1584307294467 0.8822202429488013 26
1584307296584 0.8778091417340573 27
1584307298687 0.8734200960253871 28
1584307300783 0.8690529955452602 29
1584307302901 0.8647077305675338 30
1584307305058 0.8603841919146962 31
1584307307173 0.8560822709551227 32
1584307309288 0.851801859600347 33
1584307311434 0.8475428503023453 34
1584307313814 0.8433051360508336 35
1584307316103 0.8390886103705794 36
1584307318514 0.8348931673187264 37
1584307320649 0.8307187014821328 38
1584307322763 0.8265651079747222 39
1584307324897 0.8224322824348486 40
1584307327023 0.8183201210226743 41
1584307329311 0.8142285204175609 42
1584307331455 0.810157377815473 43
1584307333614 0.8061065909263957 44
1584307335889 0.8020760579717637 45
1584307338017 0.798065677681905 46
1584307340328 0.7940753492934954 47
1584307342448 0.7901049725470279 48
1584307344559 0.7861544476842928 49
1584307346704 0.7822236754458713 50
1584307348836 0.778312557068642 51
1584307350954 0.7744209942832988 52
1584307353070 0.7705488893118823 53
1584307355226 0.7666961448653229 54
1584307357363 0.7628626641409962 55
1584307359499 0.7590483508202912 56
1584307361617 0.7552531090661897 57
1584307363731 0.7514768435208588 58
1584307365840 0.7477194593032545 59
1584307367945 0.7439808620067382 60
1584307370254 0.7402609576967045 61
1584307372600 0.736559652908221 62
1584307374912 0.7328768546436799 63
1584307377080 0.7292124703704616 64
1584307379222 0.7255664080186093 65
1584307381358 0.7219385759785162 66
1584307383543 0.7183288830986236 67
1584307385861 0.7147372386831305 68
1584307388017 0.7111635524897149 69
1584307390159 0.7076077347272662 70
1584307392273 0.7040696960536299 71
1584307394439 0.7005493475733617 72
1584307396556 0.697046600835495 73
1584307398705 0.6935613678313175 74
1584307400854 0.6900935609921609 75
1584307402978 0.6866430931872001 76
1584307405103 0.6832098777212641 77
1584307407228 0.6797938283326578 78
1584307409349 0.6763948591909945 79
1584307411490 0.6730128848950395 80
1584307413608 0.6696478204705644 81
1584307415754 0.6662995813682115 82
1584307417868 0.6629680834613705 83
1584307419984 0.6596532430440636 84
1584307422085 0.6563549768288433 85
1584307424218 0.653073201944699 86
1584307426367 0.6498078359349755 87
1584307428502 0.6465587967553006 88
1584307430682 0.6433260027715241 89
1584307432815 0.6401093727576664 90
1584307434932 0.6369088258938781 91
1584307437199 0.6337242817644086 92
1584307439324 0.6305556603555866 93
1584307441442 0.6274028820538087 94
1584307443574 0.6242658676435396 95
1584307445692 0.6211445383053219 96
1584307447855 0.6180388156137953 97
1584307450484 0.6149486215357263 98
1584307453099 0.6118738784280476 99
1584307455628 0.6088145090359074 100
1584307458244 0.6057704364907278 101
1584307460949 0.6027415843082742 102
1584307463418 0.5997278763867329 103
1584307465860 0.5967292370047992 104
1584307468338 0.5937455908197752 105
1584307470460 0.5907768628656763 106
1584307472591 0.5878229785513479 107
1584307474727 0.5848838636585911 108
1584307476871 0.5819594443402982 109
1584307479035 0.5790496471185967 110
1584307481177 0.5761543988830038 111
1584307483336 0.5732736268885887 112
1584307485453 0.5704072587541458 113
1584307487663 0.567555222460375 114
1584307489788 0.5647174463480732 115
1584307491928 0.5618938591163328 116
1584307494079 0.5590843898207511 117
1584307497156 0.5562889678716474 118
1584307499710 0.5535075230322891 119
1584307502385 0.5507399854171277 120
1584307504524 0.547986285490042 121
1584307506639 0.5452463540625918 122
1584307508768 0.5425201222922789 123
1584307510902 0.5398075216808175 124
1584307513071 0.5371084840724134 125
1584307515213 0.5344229416520513 126
1584307517380 0.531750826943791 127
1584307519515 0.5290920728090721 128
1584307521644 0.5264466124450268 129
1584307523775 0.5238143793828016 130
1584307525921 0.5211953074858876 131
1584307528074 0.5185893309484582 132
1584307530227 0.5159963842937159 133
1584307532366 0.5134164023722473 134
1584307534579 0.510849320360386 135
1584307536694 0.5082950737585841 136
1584307538823 0.5057535983897912 137
1584307540968 0.5032248303978422 138
1584307543096 0.500708706245853 139
1584307545208 0.4982051627146237 140
1584307547359 0.49571413690105054 141
1584307549467 0.4932355662165453 142
1584307551630 0.4907693883854626 143
1584307553732 0.4883155414435353 144
1584307555878 0.4858739637363176 145
1584307558010 0.483444593917636 146
1584307560172 0.4810273709480478 147
1584307562328 0.47862223409330756 148
1584307564482 0.47622912292284103 149
1584307566588 0.4738479773082268 150
1584307568700 0.47147873742168567 151
1584307570831 0.46912134373457726 152
1584307572993 0.46677573701590436 153
1584307575118 0.46444185833082485 154
1584307577239 0.46211964903917074 155
1584307579358 0.4598090507939749 156
1584307581483 0.457510005540005 157
1584307583610 0.45522245551230495 158
1584307585727 0.4529463432347434 159
1584307590939 0.4506816115185697 160
1584307594801 0.4484282034609769 161
1584307597307 0.446186062443672 162
1584307599471 0.4439551321314536 163
1584307601597 0.4417353564707963 164
1584307603741 0.43952667968844233 165
1584307605867 0.43732904629000013 166
1584307608041 0.4351424010585501 167
1584307610213 0.43296668905325736 168
1584307612349 0.43080185560799106 169
1584307614566 0.4286478463299511 170
1584307616695 0.42650460709830135 171
1584307618816 0.42437208406280985 172
1584307620967 0.4222502236424958 173
1584307623082 0.42013897252428334 174
1584307625303 0.4180382776616619 175
1584307627427 0.4159480862733536 176
1584307629720 0.41386834584198684 177
1584307631863 0.4117990041127769 178
1584307634146 0.40974000909221303 179
1584307636674 0.40769130904675194 180
1584307639112 0.40565285250151817 181
1584307641604 0.4036245882390106 182
1584307644295 0.4016064652978155 183
1584307646752 0.3995984329713264 184
1584307648920 0.3976004408064698 185
1584307651077 0.39561243860243744 186
1584307653217 0.3936343764094253 187
1584307655347 0.39166620452737816 188
1584307657493 0.3897078735047413 189
1584307659634 0.3877593341372176 190
1584307661827 0.3858205374665315 191
1584307664001 0.38389143477919885 192
1584307666170 0.3819719776053028 193
1584307668323 0.3800621177172763 194
1584307670478 0.37816180712868996 195
1584307672738 0.37627099809304654 196
1584307674869 0.3743896431025813 197
1584307677012 0.37251769488706843 198
1584307679127 0.3706551064126331 199
1584307681313 0.36880183088056995 200
1584307683817 0.3669578217261671 201
1584307686454 0.36512303261753626 202
1584307688754 0.3632974174544486 203
1584307691119 0.3614809303671764 204
1584307693563 0.3596735257153405 205
1584307695715 0.3578751580867638 206
1584307697806 0.35608578229633 207
1584307699907 0.3543053533848483 208
1584307702250 0.35253382661792404 209
1584307704975 0.3507711574848344 210
1584307707303 0.34901730169741024 211
1584307709597 0.3472722151889232 212
1584307711872 0.3455358541129786 213
1584307714852 0.3438081748424137 214
1584307717316 0.3420891339682016 215
1584307719683 0.3403786882983606 216
1584307722193 0.3386767948568688 217
1584307724660 0.33698341088258443 218
1584307727204 0.3352984938281715 219
1584307729395 0.33362200135903064 220
1584307731542 0.33195389135223546 221
1584307733682 0.3302941218954743 222
1584307735840 0.32864265128599696 223
1584307737966 0.326999438029567 224
1584307740089 0.3253644408394192 225
1584307742226 0.3237376186352221 226
1584307744355 0.322118930542046 227
1584307746494 0.32050833588933575 228
1584307748626 0.31890579420988907 229
1584307750746 0.3173112652388396 230
1584307752874 0.3157247089126454 231
1584307755017 0.3141460853680822 232
1584307757299 0.3125753549412418 233
1584307759404 0.31101247816653554 234
1584307761543 0.30945741577570285 235
1584307763703 0.3079101286968243 236
1584307765855 0.3063705780533402 237
1584307768001 0.30483872516307353 238
1584307770147 0.3033145315372582 239
1584307772295 0.3017979588795719 240
1584307774467 0.30028896908517405 241
1584307776614 0.2987875242397482 242
1584307778736 0.29729358661854943 243
1584307780859 0.29580711868545667 244
1584307783016 0.2943280830920294 245
1584307785152 0.29285644267656924 246
1584307787345 0.2913921604631864 247
1584307789495 0.28993519966087045 248
1584307791665 0.2884855236625661 249
1584307793799 0.28704309604425327 250
1584307795945 0.285607880564032 251
1584307798116 0.28417984116121187 252
1584307800258 0.2827589419554058 253
1584307802399 0.28134514724562876 254
1584307804542 0.2799384215094006 255
1584307806687 0.27853872940185365 256
1584307808833 0.27714603575484437 257
1584307810965 0.2757603055760701 258
1584307813093 0.2743815040481898 259
1584307815233 0.2730095965279488 260
1584307817376 0.27164454854530906 261
1584307819541 0.2702863258025825 262
1584307821658 0.2689348941735696 263
1584307823936 0.26759021970270175 264
1584307826095 0.2662522686041882 265
1584307828253 0.2649210072611673 266
1584307830439 0.26359640222486147 267
1584307832588 0.26227842021373715 268
1584307834722 0.2609670281126685 269
1584307836882 0.25966219297210513 270
1584307839035 0.2583638820072446 271
1584307841174 0.2570720625972084 272
1584307843757 0.25578670228422234 273
1584307845884 0.25450776877280124 274
1584307848055 0.2532352299289372 275
1584307850418 0.2519690537792925 276
1584307852749 0.2507092085103961 277
1584307855157 0.2494556624678441 278
1584307857358 0.24820838415550486 279
1584307859932 0.24696734223472733 280
1584307862853 0.2457325055235537 281
1584307865189 0.24450384299593592 282
1584307867321 0.24328132378095624 283
1584307869458 0.24206491716205145 284
1584307871621 0.2408545925762412 285
1584307873771 0.23965031961336 286
1584307876424 0.2384520680152932 287
1584307878642 0.23725980767521673 288
1584307881039 0.23607350863684065 289
1584307883307 0.23489314109365644 290
1584307885480 0.23371867538818816 291
1584307887637 0.23255008201124722 292
1584307890145 0.231387331601191 293
1584307892381 0.23023039494318503 294
1584307894740 0.2290792429684691 295
1584307897042 0.22793384675362674 296
1584307899167 0.22679417751985861 297
1584307901277 0.22566020663225933 298
1584307903497 0.22453190559909803 299
1584307905638 0.22340924607110255 300
1584307907773 0.22229219984074702 301
1584307909927 0.2211807388415433 302
1584307912074 0.22007483514733558 303
1584307914237 0.2189744609715989 304
1584307916411 0.2178795886667409 305
1584307918579 0.2167901907234072 306
1584307920848 0.21570623976979014 307
1584307923012 0.21462770857094118 308
1584307925197 0.21355457002808648 309
1584307927351 0.21248679717794605 310
1584307929480 0.21142436319205632 311
1584307931620 0.21036724137609603 312
1584307933764 0.20931540516921554 313
1584307935909 0.20826882814336947 314
1584307938061 0.20722748400265262 315
1584307940207 0.20619134658263935 316
1584307942331 0.20516038984972615 317
1584307944727 0.2041345879004775 318
1584307947349 0.2031139149609751 319
1584307949735 0.20209834538617025 320
1584307951962 0.2010878536592394 321
1584307954524 0.2000824143909432 322
1584307956820 0.19908200231898848 323
1584307959115 0.19808659230739353 324
1584307961267 0.19709615934585656 325
1584307963412 0.19611067854912728 326
1584307965553 0.19513012515638165 327
1584307967724 0.19415447453059972 328
1584307969867 0.19318370215794672 329
1584307971997 0.192217783647157 330
1584307974181 0.1912566947289212 331
1584307976342 0.1903004112552766 332
1584307978498 0.18934890919900021 333
1584307981004 0.18840216465300522 334
1584307983355 0.18746015382974018 335
1584307986021 0.1865228530605915 336
1584307988496 0.18559023879528855 337
1584307991774 0.1846622876013121 338
1584307995562 0.18373897616330553 339
1584307997989 0.182820281282489 340
1584308000258 0.18190617987607657 341
1584308002697 0.18099664897669618 342
1584308004830 0.1800916657318127 343
1584308007019 0.17919120740315364 344
1584308009388 0.17829525136613786 345
1584308013559 0.17740377510930716 346
1584308017222 0.17651675623376062 347
1584308019365 0.1756341724525918 348
1584308021746 0.17475600159032884 349
1584308024050 0.17388222158237718 350
1584308026317 0.1730128104744653 351
1584308028540 0.17214774642209296 352
1584308030810 0.1712870076899825 353
1584308033149 0.17043057265153258 354
1584308035372 0.16957841978827493 355
1584308037839 0.16873052768933355 356
1584308040052 0.1678868750508869 357
1584308042213 0.16704744067563246 358
1584308044570 0.1662122034722543 359
1584308046732 0.16538114245489302 360
1584308048954 0.16455423674261854 361
1584308051091 0.16373146555890544 362
1584308053285 0.16291280823111093 363
1584308055572 0.16209824418995536 364
1584308058003 0.16128775296900558 365
1584308060159 0.16048131420416054 366
1584308062436 0.15967890763313974 367
1584308064779 0.15888051309497406 368
1584308066986 0.1580861105294992 369
1584308069478 0.1572956799768517 370
1584308071952 0.15650920157696743 371
1584308074135 0.1557266555690826 372
1584308076357 0.1549480222912372 373
1584308078830 0.15417328217978102 374
1584308081167 0.1534024157688821 375
1584308083325 0.1526354036900377 376
1584308085485 0.1518722266715875 377
1584308087647 0.15111286553822956 378
1584308089788 0.15035730121053842 379
1584308092262 0.14960551470448571 380
1584308094588 0.14885748713096328 381
1584308096933 0.14811319969530845 382
1584308099185 0.1473726336968319 383
1584308101329 0.14663577052834775 384
1584308103488 0.14590259167570602 385
1584308105659 0.1451730787173275 386
1584308107841 0.14444721332374086 387
1584308110093 0.14372497725712216 388
1584308112383 0.14300635237083656 389
1584308115075 0.14229132060898236 390
1584308117221 0.14157986400593744 391
1584308119385 0.14087196468590776 392
1584308121652 0.14016760486247823 393
1584308124172 0.13946676683816583 394
1584308126829 0.138769433003975 395
1584308129501 0.13807558583895513 396
1584308132046 0.13738520790976036 397
1584308134549 0.13669828187021155 398
1584308136879 0.13601479046086049 399
1584308139040 0.1353347165085562 400
1584308141196 0.1346580429260134 401
1584308143387 0.13398475271138335 402
1584308145914 0.13331482894782642 403
1584308148131 0.13264825480308728 404
1584308150342 0.13198501352907185 405
1584308152652 0.1313250884614265 406
1584308154904 0.13066846301911936 407
1584308161964 0.13001512070402377 408
1584308167632 0.12936504510050365 409
1584308176658 0.12871821987500112 410
1584308181058 0.12807462877562611 411
1584308183543 0.12743425563174798 412
1584308186040 0.12679708435358925 413
1584308188519 0.1261630989318213 414
1584308191945 0.1255322834371622 415
1584308195170 0.12490462201997637 416
1584308197606 0.1242800989098765 417
1584308200138 0.12365869841532712 418
1584308202919 0.12304040492325048 419
1584308205370 0.12242520289863423 420
1584308210194 0.12181307688414106 421
1584308214075 0.12120401149972035 422
1584308217870 0.12059799144222175 423
1584308221626 0.11999500148501063 424
1584308224091 0.11939502647758558 425
1584308226559 0.11879805134519765 426
1584308230592 0.11820406108847166 427
1584308234167 0.1176130407830293 428
1584308238338 0.11702497557911415 429
1584308241414 0.11643985070121858 430
1584308244709 0.11585765144771248 431
1584308247595 0.11527836319047392 432
1584308250795 0.11470197137452155 433
1584308254177 0.11412846151764894 434
1584308256575 0.1135578192100607 435
1584308259092 0.11299003011401039 436
1584308261547 0.11242507996344034 437
1584308264109 0.11186295456362313 438
1584308266628 0.11130363979080501 439
1584308269175 0.11074712159185099 440
1584308271820 0.11019338598389174 441
1584308275096 0.10964241905397228 442
1584308279818 0.10909420695870241 443
1584308283592 0.1085487359239089 444
1584308286560 0.10800599224428936 445
1584308289795 0.10746596228306791 446
1584308293794 0.10692863247165257 447
1584308297208 0.1063939893092943 448
1584308299677 0.10586201936274783 449
1584308302369 0.10533270926593409 450
1584308306302 0.10480604571960442 451
1584308310548 0.1042820154910064 452
1584308313284 0.10376060541355137 453
1584308315793 0.1032418023864836 454
1584308319761 0.10272559337455119 455
1584308324190 0.10221196540767843 456
1584308327309 0.10170090558064004 457
1584308331142 0.10119240105273684 458
1584308333940 0.10068643904747315 459
1584308337011 0.10018300685223579 460
1584308340410 0.0996820918179746 461
1584308344494 0.09918368135888474 462
1584308347976 0.09868776295209031 463
1584308350223 0.09819432413732986 464
1584308352491 0.09770335251664321 465
1584308355277 0.09721483575406 466
1584308357422 0.09672876157528969 467
1584308360042 0.09624511776741324 468
1584308362962 0.09576389217857617 469
1584308365477 0.09528507271768329 470
1584308367670 0.09480864735409487 471
1584308370287 0.0943346041173244 472
1584308373482 0.09386293109673778 473
1584308375988 0.09339361644125409 474
1584308378610 0.09292664835904782 475
1584308380989 0.09246201511725258 476
1584308383153 0.09199970504166631 477
1584308385335 0.09153970651645797 478
1584308387518 0.09108200798387568 479
1584308389663 0.0906265979439563 480
1584308391805 0.09017346495423652 481
1584308393950 0.08972259762946533 482
1584308396094 0.089273984641318 483
1584308398241 0.0888276147181114 484
1584308400404 0.08838347664452084 485
1584308402625 0.08794155926129824 486
1584308404778 0.08750185146499175 487
1584308407009 0.08706434220766679 488
1584308409169 0.08662902049662846 489
1584308411314 0.08619587539414532 490
1584308414024 0.08576489601717459 491
1584308416434 0.08533607153708872 492
1584308418791 0.08490939117940327 493
1584308421163 0.08448484422350626 494
1584308423621 0.08406242000238873 495
1584308425811 0.08364210790237678 496
1584308428319 0.0832238973628649 497
1584308431087 0.08280777787605056 498
1584308433989 0.08239373898667031 499
1584308436553 0.08198177029173696 500
1584308438843 0.08157186144027828 501
1584308441023 0.0811640021330769 502
1584308443190 0.08075818212241151 503
1584308445377 0.08035439121179945 504
1584308447552 0.07995261925574046 505
1584308449778 0.07955285615946175 506
1584308451976 0.07915509187866444 507
1584308454164 0.07875931641927113 508
1584308456327 0.07836551983717477 509
1584308458775 0.07797369223798889 510
1584308461709 0.07758382377679894 511
1584308464076 0.07719590465791494 512
1584308466470 0.07680992513462537 513
1584308468763 0.07642587550895225 514
1584308470961 0.07604374613140748 515
1584308473421 0.07566352740075044 516
1584308476564 0.07528520976374668 517
1584308479029 0.07490878371492794 518
1584308481271 0.0745342397963533 519
1584308483444 0.07416156859737154 520
1584308485672 0.07379076075438468 521
1584308488692 0.07342180695061275 522
1584308491111 0.07305469791585968 523
1584308493579 0.07268942442628039 524
1584308495800 0.07232597730414898 525
1584308498377 0.07196434741762824 526
1584308500584 0.0716045256805401 527
1584308503462 0.0712465030521374 528
1584308505670 0.0708902705368767 529
1584308507830 0.07053581918419231 530
1584308510478 0.07018314008827135 531
1584308512915 0.06983222438783 532
1584308515209 0.06948306326589085 533
1584308517541 0.0691356479495614 534
1584308520184 0.06878996970981359 535
1584308522702 0.06844601986126451 536
1584308524995 0.06810378976195819 537
1584308527393 0.0677632708131484 538
1584308529759 0.06742445445908266 539
1584308531978 0.06708733218678724 540
1584308534188 0.0667518955258533 541
1584308536349 0.06641813604822402 542
1584308538534 0.0660860453679829 543
1584308540752 0.06575561514114299 544
1584308542929 0.06542683706543727 545
1584308545120 0.06509970288011008 546
1584308547380 0.06477420436570952 547
1584308549847 0.06445033334388098 548
1584308552206 0.06412808167716157 549
1584308554354 0.06380744126877576 550
1584308556513 0.06348840406243188 551
1584308558688 0.06317096204211972 552
1584308560951 0.06285510723190912 553
1584308563852 0.06254083169574957 554
1584308566242 0.062228127537270826 555
1584308568466 0.06191698689958447 556
1584308570910 0.061607401965086545 557
1584308573137 0.06129936495526111 558
1584308575459 0.0609928681304848 559
1584308578046 0.060687903789832374 560
1584308580690 0.06038446427088321 561
1584308583122 0.06008254194952879 562
1584308585424 0.05978212923978115 563
1584308587589 0.05948321859358224 564
1584308590036 0.05918580250061433 565
1584308592366 0.058889873488111255 566
1584308594786 0.058595424120670696 567
1584308597016 0.05830244700006734 568
1584308599182 0.058010934765067 569
1584308601527 0.05772088009124167 570
1584308603711 0.05743227569078546 571
1584308605996 0.05714511431233153 572
1584308608227 0.05685938874076987 573
1584308610398 0.056575091797066025 574
1584308612546 0.056292216338080694 575
1584308614709 0.05601075525639029 576
1584308617043 0.05573070148010834 577
1584308619214 0.0554520479727078 578
1584308621432 0.05517478773284426 579
1584308623618 0.05489891379418004 580
1584308625819 0.05462441922520914 581
1584308628034 0.0543512971290831 582
1584308630216 0.05407954064343768 583
1584308632561 0.05380914294022049 584
1584308634724 0.05354009722551939 585
1584308636910 0.05327239673939179 586
1584308639247 0.053006034755694834 587
1584308641601 0.052741004581916356 588
1584308643813 0.052477299559006776 589
1584308645995 0.052214913061211746 590
1584308648197 0.05195383849590569 591
1584308650412 0.05169406930342616 592
1584308652804 0.05143559895690903 593
1584308655165 0.051178420962124486 594
1584308657570 0.05092252885731386 595
1584308659739 0.05066791621302729 596
1584308661925 0.05041457663196215 597
1584308664123 0.050162503748802344 598
1584308666459 0.049911691230058335 599
1584308668990 0.04966213277390804 600
1584308671643 0.0494138221100385 601
1584308673939 0.04916675299948831 602
1584308676270 0.04892091923449087 603
1584308678628 0.04867631463831842 604
1584308680778 0.048432933065126825 605
1584308683038 0.048190768399801194 606
1584308685396 0.04794981455780219 607
1584308687544 0.04771006548501318 608
1584308689778 0.047471515157588115 609
1584308692246 0.047234157581800176 610
1584308694557 0.046997986793891174 611
1584308697756 0.04676299685992172 612
1584308700181 0.04652918187562211 613
1584308702393 0.046296535966244 614
1584308704590 0.046065053286412784 615
1584308706776 0.04583472801998072 616
1584308709287 0.045605554379880814 617
1584308711498 0.04537752660798141 618
1584308714094 0.0451506389749415 619
1584308716271 0.044924885780066794 620
1584308718459 0.04470026135116646 621
1584308720888 0.04447676004441063 622
1584308723086 0.04425437624418858 623
1584308725621 0.04403310436296763 624
1584308727826 0.043812938841152796 625
1584308730209 0.04359387414694703 626
1584308732611 0.043375904776212296 627
1584308734768 0.043159025252331236 628
1584308736897 0.04294323012606958 629
1584308739032 0.04272851397543923 630
1584308741157 0.04251487140556204 631
1584308743352 0.04230229704853423 632
1584308745583 0.04209078556329156 633
1584308748090 0.0418803316354751 634
