1584307235583 0.0 1
1584307238043 2.0 2
1584307240234 0.0 3
1584307242934 0.0 4
1584307245092 -2.0 5
1584307247226 -1.0 6
1584307249365 1.0 7
1584307251707 0.0 8
1584307254039 -1.0 9
1584307256414 0.0 10
1584307259119 0.0 11
1584307261681 -1.0 12
1584307264075 -1.0 13
1584307266581 4.0 14
1584307268970 0.0 15
1584307271225 1.0 16
1584307273427 2.0 17
1584307276198 0.0 18
1584307278614 1.0 19
1584307281090 -1.0 20
1584307283424 -1.0 21
1584307285969 0.0 22
1584307288102 0.0 23
1584307290229 3.0 24
1584307292358 0.0 25
1584307294467 3.0 26
1584307296584 -2.0 27
1584307298687 -2.0 28
1584307300783 0.0 29
1584307302901 0.0 30
1584307305058 0.0 31
1584307307173 1.0 32
1584307309288 -1.0 33
1584307311434 1.0 34
1584307313814 1.0 35
1584307316103 -1.0 36
1584307318514 0.0 37
1584307320649 1.0 38
1584307322763 2.0 39
1584307324897 1.0 40
1584307327023 2.0 41
1584307329311 1.0 42
1584307331455 4.0 43
1584307333614 2.0 44
1584307335889 -1.0 45
1584307338017 -2.0 46
1584307340328 0.0 47
1584307342448 0.0 48
1584307344559 0.0 49
1584307346704 -1.0 50
1584307348836 1.0 51
1584307350954 0.0 52
1584307353070 3.0 53
1584307355226 2.0 54
1584307357363 -2.0 55
1584307359499 -1.0 56
1584307361617 0.0 57
1584307363731 2.0 58
1584307365840 0.0 59
1584307367945 -1.0 60
1584307370254 0.0 61
1584307372600 0.0 62
1584307374912 6.0 63
1584307377080 -1.0 64
1584307379222 4.0 65
1584307381358 1.0 66
1584307383543 -1.0 67
1584307385861 -1.0 68
1584307388017 1.0 69
1584307390159 0.0 70
1584307392273 0.0 71
1584307394439 0.0 72
1584307396556 0.0 73
1584307398705 2.0 74
1584307400854 -1.0 75
1584307402978 -2.0 76
1584307405103 1.0 77
1584307407228 0.0 78
1584307409349 2.0 79
1584307411490 1.0 80
1584307413608 2.0 81
1584307415754 1.0 82
1584307417868 0.0 83
1584307419984 0.0 84
1584307422085 1.0 85
1584307424218 1.0 86
1584307426367 2.0 87
1584307428502 2.0 88
1584307430682 2.0 89
1584307432815 3.0 90
1584307434932 1.0 91
1584307437199 2.0 92
1584307439324 2.0 93
1584307441442 0.0 94
1584307443574 0.0 95
1584307445692 1.0 96
1584307447855 -3.0 97
1584307450484 0.0 98
1584307453099 2.0 99
1584307455628 1.0 100
1584307458244 2.0 101
1584307460949 0.0 102
1584307463418 0.0 103
1584307465860 4.0 104
1584307468338 0.0 105
1584307470460 1.0 106
1584307472591 1.0 107
1584307474727 0.0 108
1584307476871 0.0 109
1584307479035 1.0 110
1584307481177 0.0 111
1584307483336 2.0 112
1584307485453 0.0 113
1584307487663 0.0 114
1584307489788 8.0 115
1584307491928 5.0 116
1584307494079 3.0 117
1584307497156 2.0 118
1584307499710 3.0 119
1584307502385 4.0 120
1584307504524 3.0 121
1584307506639 3.0 122
1584307508768 1.0 123
1584307510902 8.0 124
1584307513071 4.0 125
1584307515213 1.0 126
1584307517380 0.0 127
1584307519515 1.0 128
1584307521644 0.0 129
1584307523775 4.0 130
1584307525921 4.0 131
1584307528074 5.0 132
1584307530227 1.0 133
1584307532366 5.0 134
1584307534579 10.0 135
1584307536694 1.0 136
1584307538823 5.0 137
1584307540968 3.0 138
1584307543096 1.0 139
1584307545208 1.0 140
1584307547359 4.0 141
1584307549467 6.0 142
1584307551630 0.0 143
1584307553732 6.0 144
1584307555878 6.0 145
1584307558010 3.0 146
1584307560172 2.0 147
1584307562328 -1.0 148
1584307564482 1.0 149
1584307566588 5.0 150
1584307568700 3.0 151
1584307570831 1.0 152
1584307572993 9.0 153
1584307575118 -1.0 154
1584307577239 2.0 155
1584307579358 1.0 156
1584307581483 8.0 157
1584307583610 5.0 158
1584307585727 2.0 159
1584307590939 4.0 160
1584307594801 5.0 161
1584307597307 7.0 162
1584307599471 3.0 163
1584307601597 3.0 164
1584307603741 2.0 165
1584307605867 7.0 166
1584307608041 1.0 167
1584307610213 6.0 168
1584307612349 4.0 169
1584307614566 5.0 170
1584307616695 6.0 171
1584307618816 4.0 172
1584307620967 5.0 173
1584307623082 8.0 174
1584307625303 4.0 175
1584307627427 3.0 176
1584307629720 4.0 177
1584307631863 9.0 178
1584307634146 2.0 179
1584307636674 1.0 180
1584307639112 10.0 181
1584307641604 4.0 182
1584307644295 11.0 183
1584307646752 2.0 184
1584307648920 6.0 185
1584307651077 2.0 186
1584307653217 3.0 187
1584307655347 3.0 188
1584307657493 4.0 189
1584307659634 7.0 190
1584307661827 7.0 191
1584307664001 7.0 192
1584307666170 10.0 193
1584307668323 8.0 194
1584307670478 3.0 195
1584307672738 6.0 196
1584307674869 8.0 197
1584307677012 6.0 198
1584307679127 4.0 199
1584307681313 8.0 200
1584307683817 8.0 201
1584307686454 7.0 202
1584307688754 6.0 203
1584307691119 7.0 204
1584307693563 2.0 205
1584307695715 10.0 206
1584307697806 4.0 207
1584307699907 6.0 208
1584307702250 4.0 209
1584307704975 1.0 210
1584307707303 4.0 211
1584307709597 6.0 212
1584307711872 3.0 213
1584307714852 6.0 214
1584307717316 8.0 215
1584307719683 8.0 216
1584307722193 14.0 217
1584307724660 3.0 218
1584307727204 10.0 219
1584307729395 10.0 220
1584307731542 5.0 221
1584307733682 9.0 222
1584307735840 8.0 223
1584307737966 5.0 224
1584307740089 8.0 225
1584307742226 9.0 226
1584307744355 4.0 227
1584307746494 6.0 228
1584307748626 9.0 229
1584307750746 6.0 230
1584307752874 6.0 231
1584307755017 11.0 232
1584307757299 3.0 233
1584307759404 9.0 234
1584307761543 6.0 235
1584307763703 5.0 236
1584307765855 8.0 237
1584307768001 4.0 238
1584307770147 8.0 239
1584307772295 9.0 240
1584307774467 8.0 241
1584307776614 11.0 242
1584307778736 11.0 243
1584307780859 11.0 244
1584307783016 6.0 245
1584307785152 12.0 246
1584307787345 6.0 247
1584307789495 10.0 248
1584307791665 9.0 249
1584307793799 11.0 250
1584307795945 6.0 251
1584307798116 9.0 252
1584307800258 7.0 253
1584307802399 5.0 254
1584307804542 4.0 255
1584307806687 4.0 256
1584307808833 6.0 257
1584307810965 9.0 258
1584307813093 11.0 259
1584307815233 6.0 260
1584307817376 7.0 261
1584307819541 7.0 262
1584307821658 10.0 263
1584307823936 10.0 264
1584307826095 9.0 265
1584307828253 9.0 266
1584307830439 8.0 267
1584307832588 8.0 268
1584307834722 5.0 269
1584307836882 13.0 270
1584307839035 3.0 271
1584307841174 8.0 272
1584307843757 13.0 273
1584307845884 15.0 274
1584307848055 7.0 275
1584307850418 7.0 276
1584307852749 15.0 277
1584307855157 2.0 278
1584307857358 3.0 279
1584307859932 10.0 280
1584307862853 4.0 281
1584307865189 11.0 282
1584307867321 8.0 283
1584307869458 10.0 284
1584307871621 8.0 285
1584307873771 13.0 286
1584307876424 5.0 287
1584307878642 4.0 288
1584307881039 10.0 289
1584307883307 8.0 290
1584307885480 8.0 291
1584307887637 11.0 292
1584307890145 12.0 293
1584307892381 10.0 294
1584307894740 9.0 295
1584307897042 8.0 296
1584307899167 8.0 297
1584307901277 14.0 298
1584307903497 12.0 299
1584307905638 3.0 300
1584307907773 7.0 301
1584307909927 3.0 302
1584307912074 9.0 303
1584307914237 9.0 304
1584307916411 9.0 305
1584307918579 11.0 306
1584307920848 13.0 307
1584307923012 11.0 308
1584307925197 9.0 309
1584307927351 15.0 310
1584307929480 16.0 311
1584307931620 8.0 312
1584307933764 13.0 313
1584307935909 13.0 314
1584307938061 4.0 315
1584307940207 11.0 316
1584307942331 8.0 317
1584307944727 9.0 318
1584307947349 16.0 319
1584307949735 9.0 320
1584307951962 7.0 321
1584307954524 6.0 322
1584307956820 4.0 323
1584307959115 12.0 324
1584307961267 13.0 325
1584307963412 7.0 326
1584307965553 10.0 327
1584307967724 9.0 328
1584307969867 15.0 329
1584307971997 12.0 330
1584307974181 11.0 331
1584307976342 6.0 332
1584307978498 4.0 333
1584307981004 13.0 334
1584307983355 9.0 335
1584307986021 14.0 336
1584307988496 14.0 337
1584307991774 2.0 338
1584307995562 9.0 339
1584307997989 10.0 340
1584308000258 12.0 341
1584308002697 1.0 342
1584308004830 13.0 343
1584308007019 6.0 344
1584308009388 13.0 345
1584308013559 11.0 346
1584308017222 12.0 347
1584308019365 8.0 348
1584308021746 9.0 349
1584308024050 6.0 350
1584308026317 11.0 351
1584308028540 7.0 352
1584308030810 7.0 353
1584308033149 2.0 354
1584308035372 15.0 355
1584308037839 13.0 356
1584308040052 3.0 357
1584308042213 13.0 358
1584308044570 9.0 359
1584308046732 9.0 360
1584308048954 11.0 361
1584308051091 10.0 362
1584308053285 12.0 363
1584308055572 14.0 364
1584308058003 12.0 365
1584308060159 14.0 366
1584308062436 15.0 367
1584308064779 9.0 368
1584308066986 4.0 369
1584308069478 21.0 370
1584308071952 13.0 371
1584308074135 7.0 372
1584308076357 7.0 373
1584308078830 13.0 374
1584308081167 10.0 375
1584308083325 14.0 376
1584308085485 10.0 377
1584308087647 11.0 378
1584308089788 10.0 379
1584308092262 8.0 380
1584308094588 18.0 381
1584308096933 8.0 382
1584308099185 16.0 383
1584308101329 13.0 384
1584308103488 11.0 385
1584308105659 16.0 386
1584308107841 3.0 387
1584308110093 13.0 388
1584308112383 12.0 389
1584308115075 13.0 390
1584308117221 12.0 391
1584308119385 12.0 392
1584308121652 6.0 393
1584308124172 13.0 394
1584308126829 7.0 395
1584308129501 13.0 396
1584308132046 8.0 397
1584308134549 13.0 398
1584308136879 6.0 399
1584308139040 8.0 400
1584308141196 6.0 401
1584308143387 14.0 402
1584308145914 8.0 403
1584308148131 12.0 404
1584308150342 18.0 405
1584308152652 8.0 406
1584308154904 14.0 407
1584308161964 14.0 408
1584308167632 15.0 409
1584308176658 12.0 410
1584308181058 10.0 411
1584308183543 9.0 412
1584308186040 9.0 413
1584308188519 12.0 414
1584308191945 2.0 415
1584308195170 16.0 416
1584308197606 17.0 417
1584308200138 3.0 418
1584308202919 16.0 419
1584308205370 11.0 420
1584308210194 12.0 421
1584308214075 8.0 422
1584308217870 9.0 423
1584308221626 15.0 424
1584308224091 10.0 425
1584308226559 16.0 426
1584308230592 14.0 427
1584308234167 13.0 428
1584308238338 12.0 429
1584308241414 10.0 430
1584308244709 15.0 431
1584308247595 5.0 432
1584308250795 17.0 433
1584308254177 10.0 434
1584308256575 17.0 435
1584308259092 12.0 436
1584308261547 20.0 437
1584308264109 13.0 438
1584308266628 10.0 439
1584308269175 7.0 440
1584308271820 18.0 441
1584308275096 18.0 442
1584308279818 14.0 443
1584308283592 13.0 444
1584308286560 15.0 445
1584308289795 17.0 446
1584308293794 12.0 447
1584308297208 8.0 448
1584308299677 4.0 449
1584308302369 10.0 450
1584308306302 16.0 451
1584308310548 15.0 452
1584308313284 2.0 453
1584308315793 11.0 454
1584308319761 8.0 455
1584308324190 15.0 456
1584308327309 10.0 457
1584308331142 14.0 458
1584308333940 13.0 459
1584308337011 11.0 460
1584308340410 8.0 461
1584308344494 8.0 462
1584308347976 11.0 463
1584308350223 10.0 464
1584308352491 13.0 465
1584308355277 9.0 466
1584308357422 10.0 467
1584308360042 9.0 468
1584308362962 12.0 469
1584308365477 11.0 470
1584308367670 18.0 471
1584308370287 9.0 472
1584308373482 12.0 473
1584308375988 6.0 474
1584308378610 12.0 475
1584308380989 10.0 476
1584308383153 18.0 477
1584308385335 17.0 478
1584308387518 12.0 479
1584308389663 18.0 480
1584308391805 16.0 481
1584308393950 9.0 482
1584308396094 18.0 483
1584308398241 18.0 484
1584308400404 16.0 485
1584308402625 9.0 486
1584308404778 13.0 487
1584308407009 16.0 488
1584308409169 8.0 489
1584308411314 10.0 490
1584308414024 14.0 491
1584308416434 6.0 492
1584308418791 10.0 493
1584308421163 8.0 494
1584308423621 15.0 495
1584308425811 18.0 496
1584308428319 13.0 497
1584308431087 14.0 498
1584308433989 9.0 499
1584308436553 13.0 500
1584308438843 13.0 501
1584308441023 15.0 502
1584308443190 12.0 503
1584308445377 14.0 504
1584308447552 10.0 505
1584308449778 12.0 506
1584308451976 12.0 507
1584308454164 13.0 508
1584308456327 7.0 509
1584308458775 11.0 510
1584308461709 11.0 511
1584308464076 9.0 512
1584308466470 9.0 513
1584308468763 6.0 514
1584308470961 14.0 515
1584308473421 16.0 516
1584308476564 14.0 517
1584308479029 14.0 518
1584308481271 14.0 519
1584308483444 14.0 520
1584308485672 11.0 521
1584308488692 7.0 522
1584308491111 14.0 523
1584308493579 13.0 524
1584308495800 17.0 525
1584308498377 10.0 526
1584308500584 10.0 527
1584308503462 11.0 528
1584308505670 11.0 529
1584308507830 11.0 530
1584308510478 21.0 531
1584308512915 16.0 532
1584308515209 9.0 533
1584308517541 11.0 534
1584308520184 12.0 535
1584308522702 13.0 536
1584308524995 8.0 537
1584308527393 11.0 538
1584308529759 17.0 539
1584308531978 16.0 540
1584308534188 14.0 541
1584308536349 17.0 542
1584308538534 13.0 543
1584308540752 13.0 544
1584308542929 12.0 545
1584308545120 17.0 546
1584308547380 17.0 547
1584308549847 16.0 548
1584308552206 15.0 549
1584308554354 11.0 550
1584308556513 5.0 551
1584308558688 19.0 552
1584308560951 19.0 553
1584308563852 13.0 554
1584308566242 14.0 555
1584308568466 13.0 556
1584308570910 16.0 557
1584308573137 16.0 558
1584308575459 14.0 559
1584308578046 17.0 560
1584308580690 13.0 561
1584308583122 16.0 562
1584308585424 15.0 563
1584308587589 19.0 564
1584308590036 11.0 565
1584308592366 13.0 566
1584308594786 12.0 567
1584308597016 10.0 568
1584308599182 13.0 569
1584308601527 13.0 570
1584308603711 21.0 571
1584308605996 11.0 572
1584308608227 13.0 573
1584308610398 13.0 574
1584308612546 13.0 575
1584308614709 12.0 576
1584308617043 12.0 577
1584308619214 16.0 578
1584308621432 15.0 579
1584308623618 19.0 580
1584308625819 18.0 581
1584308628034 18.0 582
1584308630216 18.0 583
1584308632561 19.0 584
1584308634724 6.0 585
1584308636910 17.0 586
1584308639247 8.0 587
1584308641601 17.0 588
1584308643813 13.0 589
1584308645995 20.0 590
1584308648197 12.0 591
1584308650412 18.0 592
1584308652804 16.0 593
1584308655165 16.0 594
1584308657570 15.0 595
1584308659739 11.0 596
1584308661925 7.0 597
1584308664123 17.0 598
1584308666459 16.0 599
1584308668990 10.0 600
1584308671643 15.0 601
1584308673939 11.0 602
1584308676270 9.0 603
1584308678628 12.0 604
1584308680778 10.0 605
1584308683038 14.0 606
1584308685396 17.0 607
1584308687544 8.0 608
1584308689778 11.0 609
1584308692246 13.0 610
1584308694557 17.0 611
1584308697756 18.0 612
1584308700181 11.0 613
1584308702393 19.0 614
1584308704590 18.0 615
1584308706776 7.0 616
1584308709287 20.0 617
1584308711498 13.0 618
1584308714094 8.0 619
1584308716271 13.0 620
1584308718459 21.0 621
1584308720888 13.0 622
1584308723086 14.0 623
1584308725621 19.0 624
1584308727826 12.0 625
1584308730209 19.0 626
1584308732611 19.0 627
1584308734768 13.0 628
1584308736897 15.0 629
1584308739032 14.0 630
1584308741157 21.0 631
1584308743352 18.0 632
1584308745583 22.0 633
1584308748090 5.0 634
