1584592289916 1 1
1584592292152 0.4 2
1584592294488 0.16000000000000003 3
1584592296729 0.06400000000000002 4
1584592298970 0.025600000000000008 5
1584592301197 0.010240000000000004 6
1584592303512 0.01 7
1584592305744 0.01 8
1584592307945 0.01 9
1584592310160 0.01 10
1584592312358 0.01 11
1584592314534 0.01 12
1584592316709 0.01 13
1584592318866 0.01 14
1584592321035 0.01 15
1584592323222 0.01 16
1584592325366 0.01 17
1584592327569 0.01 18
1584592329764 0.01 19
1584592331951 0.01 20
1584592334099 0.01 21
1584592336286 0.01 22
1584592338467 0.01 23
1584592340642 0.01 24
1584592342816 0.01 25
1584592345042 0.01 26
1584592347243 0.01 27
1584592349440 0.01 28
1584592351742 0.01 29
1584592353924 0.01 30
1584592356124 0.01 31
1584592358350 0.01 32
1584592360555 0.01 33
1584592362779 0.01 34
1584592364995 0.01 35
1584592367193 0.01 36
1584592369412 0.01 37
1584592371618 0.01 38
1584592373798 0.01 39
1584592376011 0.01 40
1584592378194 0.01 41
1584592380415 0.01 42
1584592382608 0.01 43
1584592384799 0.01 44
1584592386988 0.01 45
1584592389179 0.01 46
1584592391389 0.01 47
1584592393611 0.01 48
1584592395805 0.01 49
1584592398009 0.01 50
1584592400291 0.01 51
1584592402501 0.01 52
1584592404709 0.01 53
1584592406912 0.01 54
1584592409146 0.01 55
1584592411934 0.01 56
1584592414190 0.01 57
1584592416378 0.01 58
1584592418549 0.01 59
1584592420754 0.01 60
1584592422952 0.01 61
1584592425146 0.01 62
1584592427357 0.01 63
1584592429569 0.01 64
1584592431734 0.01 65
1584592433915 0.01 66
1584592436076 0.01 67
1584592438266 0.01 68
1584592440476 0.01 69
1584592442671 0.01 70
1584592444840 0.01 71
1584592447096 0.01 72
1584592449295 0.01 73
1584592451512 0.01 74
1584592453715 0.01 75
1584592455920 0.01 76
1584592458099 0.01 77
1584592460278 0.01 78
1584592462483 0.01 79
1584592464684 0.01 80
1584592466870 0.01 81
1584592469045 0.01 82
1584592471217 0.01 83
1584592473410 0.01 84
1584592475579 0.01 85
1584592477801 0.01 86
1584592480009 0.01 87
1584592482223 0.01 88
1584592484437 0.01 89
1584592486634 0.01 90
1584592488890 0.01 91
1584592491363 0.01 92
1584592493556 0.01 93
1584592495767 0.01 94
1584592497946 0.01 95
1584592500126 0.01 96
1584592502316 0.01 97
1584592504540 0.01 98
1584592506713 0.01 99
1584592508910 0.01 100
1584592511133 0.01 101
1584592513355 0.01 102
1584592515552 0.01 103
1584592517727 0.01 104
1584592519894 0.01 105
1584592522090 0.01 106
1584592524280 0.01 107
1584592526479 0.01 108
1584592528708 0.01 109
1584592530916 0.01 110
1584592533121 0.01 111
1584592535322 0.01 112
1584592537526 0.01 113
1584592539759 0.01 114
1584592541927 0.01 115
1584592544699 0.01 116
1584592546855 0.01 117
1584592549008 0.01 118
1584592551149 0.01 119
1584592553457 0.01 120
1584592555770 0.01 121
1584592557930 0.01 122
1584592560106 0.01 123
1584592562277 0.01 124
1584592564517 0.01 125
1584592566982 0.01 126
1584592569182 0.01 127
1584592571376 0.01 128
1584592573542 0.01 129
1584592575771 0.01 130
1584592577942 0.01 131
1584592580100 0.01 132
1584592582297 0.01 133
1584592584505 0.01 134
1584592586688 0.01 135
1584592588839 0.01 136
1584592591007 0.01 137
1584592593187 0.01 138
1584592595360 0.01 139
1584592597545 0.01 140
1584592599727 0.01 141
1584592601911 0.01 142
1584592604067 0.01 143
1584592606216 0.01 144
1584592608385 0.01 145
1584592610601 0.01 146
1584592612748 0.01 147
1584592614921 0.01 148
1584592617072 0.01 149
1584592619261 0.01 150
1584592621472 0.01 151
1584592623649 0.01 152
1584592625794 0.01 153
1584592627947 0.01 154
1584592630118 0.01 155
1584592632290 0.01 156
1584592634446 0.01 157
1584592636618 0.01 158
1584592638785 0.01 159
1584592641027 0.01 160
1584592643173 0.01 161
1584592645379 0.01 162
1584592647557 0.01 163
1584592649705 0.01 164
1584592651894 0.01 165
1584592654068 0.01 166
1584592656274 0.01 167
1584592658452 0.01 168
1584592660629 0.01 169
1584592662797 0.01 170
1584592665008 0.01 171
1584592667209 0.01 172
1584592669414 0.01 173
1584592671582 0.01 174
1584592673721 0.01 175
1584592675906 0.01 176
1584592678069 0.01 177
1584592680235 0.01 178
1584592682405 0.01 179
1584592684553 0.01 180
1584592686719 0.01 181
1584592688913 0.01 182
1584592691064 0.01 183
1584592693225 0.01 184
1584592695400 0.01 185
1584592697532 0.01 186
1584592699687 0.01 187
1584592701901 0.01 188
1584592704054 0.01 189
1584592706250 0.01 190
1584592708420 0.01 191
1584592710574 0.01 192
1584592712738 0.01 193
1584592714897 0.01 194
1584592717053 0.01 195
1584592719194 0.01 196
1584592721381 0.01 197
1584592723538 0.01 198
1584592725705 0.01 199
1584592727845 0.01 200
1584592730039 0.01 201
1584592732266 0.01 202
1584592734444 0.01 203
1584592736654 0.01 204
1584592738813 0.01 205
1584592740977 0.01 206
1584592743141 0.01 207
1584592745306 0.01 208
1584592747464 0.01 209
1584592749637 0.01 210
1584592751819 0.01 211
1584592753981 0.01 212
1584592756141 0.01 213
1584592758323 0.01 214
1584592760484 0.01 215
1584592762655 0.01 216
1584592764824 0.01 217
1584592767001 0.01 218
1584592769155 0.01 219
1584592771361 0.01 220
1584592773558 0.01 221
1584592775743 0.01 222
1584592777955 0.01 223
1584592780140 0.01 224
1584592782283 0.01 225
1584592784458 0.01 226
1584592786623 0.01 227
1584592788796 0.01 228
1584592790956 0.01 229
1584592793146 0.01 230
1584592795309 0.01 231
1584592797636 0.01 232
1584592799810 0.01 233
1584592801987 0.01 234
1584592804153 0.01 235
1584592806324 0.01 236
1584592808519 0.01 237
1584592810677 0.01 238
1584592812845 0.01 239
1584592815011 0.01 240
1584592817186 0.01 241
1584592819372 0.01 242
1584592821531 0.01 243
1584592823701 0.01 244
1584592825876 0.01 245
1584592828082 0.01 246
1584592830243 0.01 247
1584592832410 0.01 248
1584592834658 0.01 249
1584592836819 0.01 250
1584592838998 0.01 251
1584592841216 0.01 252
1584592843415 0.01 253
1584592845629 0.01 254
1584592847825 0.01 255
1584592850016 0.01 256
1584592852227 0.01 257
1584592854434 0.01 258
1584592856643 0.01 259
1584592858820 0.01 260
1584592861021 0.01 261
1584592863238 0.01 262
1584592865474 0.01 263
1584592867678 0.01 264
1584592869877 0.01 265
1584592872069 0.01 266
1584592874275 0.01 267
1584592876470 0.01 268
1584592878683 0.01 269
1584592880883 0.01 270
1584592883064 0.01 271
1584592885261 0.01 272
1584592887439 0.01 273
1584592889663 0.01 274
1584592891902 0.01 275
1584592894138 0.01 276
1584592896314 0.01 277
1584592898501 0.01 278
1584592900707 0.01 279
1584592902943 0.01 280
1584592905134 0.01 281
1584592907333 0.01 282
1584592909516 0.01 283
1584592911716 0.01 284
1584592913909 0.01 285
1584592916084 0.01 286
1584592918258 0.01 287
1584592920445 0.01 288
1584592922691 0.01 289
1584592924948 0.01 290
1584592927154 0.01 291
1584592929342 0.01 292
1584592931576 0.01 293
1584592933754 0.01 294
1584592935936 0.01 295
1584592938108 0.01 296
1584592940323 0.01 297
1584592942572 0.01 298
1584592944759 0.01 299
1584592946944 0.01 300
1584592949201 0.01 301
1584592951402 0.01 302
1584592953606 0.01 303
1584592955801 0.01 304
1584592957991 0.01 305
1584592960170 0.01 306
1584592962398 0.01 307
1584592964601 0.01 308
1584592966812 0.01 309
1584592968999 0.01 310
1584592971205 0.01 311
1584592973384 0.01 312
1584592975600 0.01 313
1584592977799 0.01 314
1584592980011 0.01 315
1584592982253 0.01 316
1584592984449 0.01 317
1584592986668 0.01 318
1584592988870 0.01 319
1584592991122 0.01 320
1584592993322 0.01 321
1584592995532 0.01 322
1584592997718 0.01 323
1584592999921 0.01 324
1584593002110 0.01 325
1584593004338 0.01 326
1584593006533 0.01 327
1584593008720 0.01 328
1584593010926 0.01 329
1584593013128 0.01 330
1584593015306 0.01 331
1584593017491 0.01 332
1584593019663 0.01 333
1584593021897 0.01 334
1584593024071 0.01 335
1584593026460 0.01 336
1584593028650 0.01 337
1584593030797 0.01 338
1584593032945 0.01 339
1584593035235 0.01 340
1584593037627 0.01 341
1584593039786 0.01 342
1584593041954 0.01 343
1584593044124 0.01 344
1584593046285 0.01 345
1584593048453 0.01 346
1584593050618 0.01 347
1584593052777 0.01 348
1584593054912 0.01 349
1584593057087 0.01 350
1584593059249 0.01 351
1584593061429 0.01 352
1584593063609 0.01 353
1584593065769 0.01 354
1584593067933 0.01 355
1584593070116 0.01 356
1584593072300 0.01 357
1584593074452 0.01 358
1584593076621 0.01 359
1584593078819 0.01 360
1584593080980 0.01 361
1584593083177 0.01 362
1584593085351 0.01 363
1584593087544 0.01 364
1584593089733 0.01 365
1584593091902 0.01 366
1584593094065 0.01 367
1584593096252 0.01 368
1584593098459 0.01 369
1584593100622 0.01 370
1584593102789 0.01 371
1584593104948 0.01 372
1584593107147 0.01 373
1584593109318 0.01 374
1584593111495 0.01 375
1584593113670 0.01 376
1584593115827 0.01 377
1584593118051 0.01 378
1584593120203 0.01 379
1584593122445 0.01 380
1584593124653 0.01 381
1584593126829 0.01 382
1584593129001 0.01 383
1584593131193 0.01 384
1584593133346 0.01 385
1584593135533 0.01 386
1584593137675 0.01 387
1584593139838 0.01 388
1584593142157 0.01 389
1584593144352 0.01 390
1584593146550 0.01 391
1584593148730 0.01 392
1584593150903 0.01 393
1584593153076 0.01 394
1584593155295 0.01 395
1584593157475 0.01 396
1584593159659 0.01 397
1584593161813 0.01 398
1584593163993 0.01 399
1584593166192 0.01 400
1584593168452 0.01 401
1584593170606 0.01 402
1584593172754 0.01 403
1584593174946 0.01 404
1584593177151 0.01 405
1584593179357 0.01 406
1584593181533 0.01 407
1584593183735 0.01 408
1584593185915 0.01 409
1584593188094 0.01 410
1584593190277 0.01 411
1584593192456 0.01 412
1584593194633 0.01 413
1584593196831 0.01 414
1584593199029 0.01 415
1584593201254 0.01 416
1584593203410 0.01 417
1584593205583 0.01 418
1584593207759 0.01 419
1584593209948 0.01 420
1584593212124 0.01 421
1584593214350 0.01 422
1584593216521 0.01 423
1584593218707 0.01 424
1584593221012 0.01 425
1584593223193 0.01 426
1584593225401 0.01 427
1584593227566 0.01 428
1584593229718 0.01 429
1584593231910 0.01 430
1584593234104 0.01 431
1584593236274 0.01 432
1584593238436 0.01 433
1584593240618 0.01 434
1584593242801 0.01 435
1584593245008 0.01 436
1584593247192 0.01 437
1584593249386 0.01 438
1584593251588 0.01 439
1584593253783 0.01 440
1584593256086 0.01 441
1584593258286 0.01 442
1584593260509 0.01 443
1584593262694 0.01 444
1584593264859 0.01 445
1584593267056 0.01 446
1584593269273 0.01 447
1584593271478 0.01 448
1584593273689 0.01 449
1584593275840 0.01 450
1584593278020 0.01 451
1584593280260 0.01 452
1584593282451 0.01 453
1584593284637 0.01 454
1584593286807 0.01 455
1584593289017 0.01 456
1584593291212 0.01 457
1584593293484 0.01 458
1584593295707 0.01 459
1584593297884 0.01 460
1584593300067 0.01 461
1584593302287 0.01 462
1584593304474 0.01 463
1584593306674 0.01 464
1584593308838 0.01 465
1584593311050 0.01 466
1584593313216 0.01 467
1584593315423 0.01 468
1584593317747 0.01 469
1584593319921 0.01 470
1584593322126 0.01 471
1584593324342 0.01 472
1584593326504 0.01 473
1584593328712 0.01 474
1584593330905 0.01 475
1584593333111 0.01 476
1584593335332 0.01 477
1584593337525 0.01 478
1584593339691 0.01 479
1584593341870 0.01 480
1584593344046 0.01 481
1584593346235 0.01 482
1584593348467 0.01 483
1584593350655 0.01 484
1584593352826 0.01 485
1584593354998 0.01 486
1584593357214 0.01 487
1584593359425 0.01 488
1584593361602 0.01 489
1584593363804 0.01 490
1584593365977 0.01 491
1584593368152 0.01 492
1584593370366 0.01 493
1584593372638 0.01 494
1584593374816 0.01 495
1584593377050 0.01 496
1584593379266 0.01 497
1584593381459 0.01 498
1584593383654 0.01 499
1584593385828 0.01 500
1584593388050 0.01 501
1584593390252 0.01 502
1584593392424 0.01 503
1584593394634 0.01 504
1584593396831 0.01 505
1584593399005 0.01 506
1584593401196 0.01 507
1584593403413 0.01 508
1584593405610 0.01 509
1584593407830 0.01 510
1584593409999 0.01 511
1584593412224 0.01 512
1584593414514 0.01 513
1584593416683 0.01 514
1584593418863 0.01 515
1584593421059 0.01 516
1584593423256 0.01 517
1584593425423 0.01 518
1584593427566 0.01 519
1584593429759 0.01 520
1584593431925 0.01 521
1584593434124 0.01 522
1584593436297 0.01 523
1584593438472 0.01 524
1584593440653 0.01 525
1584593442831 0.01 526
1584593445078 0.01 527
1584593447287 0.01 528
1584593449511 0.01 529
1584593451684 0.01 530
1584593453855 0.01 531
1584593456035 0.01 532
1584593458210 0.01 533
1584593460415 0.01 534
1584593462604 0.01 535
1584593464803 0.01 536
1584593467019 0.01 537
1584593469254 0.01 538
1584593471485 0.01 539
1584593473746 0.01 540
1584593476139 0.01 541
1584593478394 0.01 542
1584593480624 0.01 543
1584593482800 0.01 544
1584593485097 0.01 545
1584593487458 0.01 546
1584593489720 0.01 547
1584593492077 0.01 548
1584593494282 0.01 549
1584593496453 0.01 550
1584593498612 0.01 551
1584593500788 0.01 552
1584593502991 0.01 553
1584593505204 0.01 554
1584593507387 0.01 555
1584593509597 0.01 556
1584593511809 0.01 557
1584593513968 0.01 558
1584593516154 0.01 559
1584593518338 0.01 560
1584593520542 0.01 561
1584593522719 0.01 562
1584593524880 0.01 563
1584593527084 0.01 564
1584593529266 0.01 565
1584593531478 0.01 566
1584593533638 0.01 567
1584593535849 0.01 568
1584593538020 0.01 569
1584593540198 0.01 570
1584593542406 0.01 571
1584593544588 0.01 572
1584593546766 0.01 573
1584593548967 0.01 574
1584593551137 0.01 575
1584593553348 0.01 576
1584593555520 0.01 577
1584593557694 0.01 578
1584593559874 0.01 579
1584593562038 0.01 580
1584593564223 0.01 581
1584593566406 0.01 582
1584593568578 0.01 583
1584593570793 0.01 584
1584593572974 0.01 585
1584593575186 0.01 586
1584593577390 0.01 587
1584593579651 0.01 588
1584593581838 0.01 589
1584593584037 0.01 590
1584593586210 0.01 591
1584593588421 0.01 592
1584593590597 0.01 593
1584593592819 0.01 594
1584593595035 0.01 595
1584593597258 0.01 596
1584593599426 0.01 597
1584593601665 0.01 598
1584593603830 0.01 599
1584593606038 0.01 600
1584593608349 0.01 601
1584593610536 0.01 602
1584593612716 0.01 603
1584593614901 0.01 604
1584593617065 0.01 605
1584593619259 0.01 606
1584593621476 0.01 607
1584593623656 0.01 608
1584593625830 0.01 609
1584593628020 0.01 610
1584593630214 0.01 611
1584593632378 0.01 612
1584593634543 0.01 613
1584593636708 0.01 614
1584593638939 0.01 615
1584593641103 0.01 616
1584593643335 0.01 617
1584593645495 0.01 618
1584593647665 0.01 619
1584593649856 0.01 620
1584593652051 0.01 621
1584593654264 0.01 622
1584593656443 0.01 623
1584593658693 0.01 624
1584593660889 0.01 625
1584593663077 0.01 626
1584593665272 0.01 627
1584593667507 0.01 628
1584593669715 0.01 629
1584593671890 0.01 630
1584593674063 0.01 631
1584593676271 0.01 632
1584593678481 0.01 633
1584593680701 0.01 634
1584593682903 0.01 635
1584593685113 0.01 636
1584593687321 0.01 637
1584593689532 0.01 638
1584593691724 0.01 639
1584593693918 0.01 640
1584593696126 0.01 641
1584593698336 0.01 642
1584593700537 0.01 643
1584593702745 0.01 644
1584593705027 0.01 645
1584593707216 0.01 646
1584593709400 0.01 647
1584593711613 0.01 648
1584593713784 0.01 649
1584593715981 0.01 650
1584593718176 0.01 651
1584593720361 0.01 652
1584593722572 0.01 653
1584593724763 0.01 654
1584593726989 0.01 655
1584593729206 0.01 656
1584593731405 0.01 657
1584593733606 0.01 658
1584593735805 0.01 659
1584593737990 0.01 660
1584593740175 0.01 661
1584593742375 0.01 662
1584593744553 0.01 663
1584593746760 0.01 664
1584593748944 0.01 665
1584593751162 0.01 666
1584593753375 0.01 667
1584593755580 0.01 668
1584593757777 0.01 669
1584593759995 0.01 670
1584593762200 0.01 671
1584593764457 0.01 672
1584593766647 0.01 673
1584593768859 0.01 674
1584593771043 0.01 675
1584593773267 0.01 676
1584593775451 0.01 677
1584593777665 0.01 678
1584593779860 0.01 679
1584593782051 0.01 680
1584593784241 0.01 681
1584593786464 0.01 682
1584593788673 0.01 683
1584593790880 0.01 684
1584593793056 0.01 685
1584593795349 0.01 686
1584593797551 0.01 687
1584593799727 0.01 688
1584593801948 0.01 689
1584593804147 0.01 690
1584593806345 0.01 691
1584593808545 0.01 692
1584593810759 0.01 693
1584593812935 0.01 694
1584593815137 0.01 695
1584593817313 0.01 696
1584593819505 0.01 697
1584593821860 0.01 698
1584593824046 0.01 699
1584593826272 0.01 700
1584593828556 0.01 701
1584593830785 0.01 702
1584593832967 0.01 703
1584593835138 0.01 704
1584593837336 0.01 705
1584593839553 0.01 706
1584593841759 0.01 707
1584593843950 0.01 708
1584593846131 0.01 709
1584593848378 0.01 710
1584593850597 0.01 711
1584593852802 0.01 712
1584593854972 0.01 713
1584593857160 0.01 714
1584593859360 0.01 715
1584593861603 0.01 716
1584593863792 0.01 717
1584593865980 0.01 718
1584593868174 0.01 719
1584593870384 0.01 720
1584593872586 0.01 721
1584593874786 0.01 722
1584593876987 0.01 723
1584593879185 0.01 724
1584593881385 0.01 725
1584593883582 0.01 726
1584593885759 0.01 727
1584593887954 0.01 728
1584593890148 0.01 729
1584593892402 0.01 730
1584593894555 0.01 731
1584593896822 0.01 732
1584593898999 0.01 733
1584593901188 0.01 734
1584593903425 0.01 735
1584593905603 0.01 736
1584593907760 0.01 737
1584593909945 0.01 738
1584593912139 0.01 739
1584593914322 0.01 740
1584593916488 0.01 741
1584593918651 0.01 742
1584593920844 0.01 743
1584593923049 0.01 744
1584593925230 0.01 745
1584593927444 0.01 746
1584593929627 0.01 747
1584593931794 0.01 748
1584593933996 0.01 749
1584593936165 0.01 750
1584593938360 0.01 751
1584593940556 0.01 752
1584593942719 0.01 753
1584593944911 0.01 754
1584593947087 0.01 755
1584593949276 0.01 756
1584593951434 0.01 757
1584593953693 0.01 758
