1584291190344 1 1
1584291195364 0.995 2
1584291199473 0.990025 3
1584291202825 0.985074875 4
1584291206397 0.9801495006250001 5
1584291210064 0.9752487531218751 6
1584291212614 0.9703725093562657 7
1584291215135 0.9655206468094844 8
1584291217611 0.960693043575437 9
1584291219813 0.9558895783575597 10
1584291222154 0.9511101304657719 11
1584291224340 0.946354579813443 12
1584291226721 0.9416228069143757 13
1584291229194 0.9369146928798039 14
1584291232536 0.9322301194154049 15
1584291235313 0.9275689688183278 16
1584291238162 0.9229311239742362 17
1584291240891 0.918316468354365 18
1584291243447 0.9137248860125932 19
1584291246303 0.9091562615825302 20
1584291248535 0.9046104802746175 21
1584291250989 0.9000874278732445 22
1584291254482 0.8955869907338783 23
1584291257624 0.8911090557802088 24
1584291260699 0.8866535105013078 25
1584291263907 0.8822202429488013 26
1584291266724 0.8778091417340573 27
1584291269457 0.8734200960253871 28
1584291272421 0.8690529955452602 29
1584291274771 0.8647077305675338 30
1584291277325 0.8603841919146962 31
1584291279712 0.8560822709551227 32
1584291281885 0.851801859600347 33
1584291284066 0.8475428503023453 34
1584291286254 0.8433051360508336 35
1584291288496 0.8390886103705794 36
1584291290766 0.8348931673187264 37
1584291293000 0.8307187014821328 38
1584291295204 0.8265651079747222 39
1584291297387 0.8224322824348486 40
1584291299588 0.8183201210226743 41
1584291301776 0.8142285204175609 42
1584291304042 0.810157377815473 43
1584291306210 0.8061065909263957 44
1584291308387 0.8020760579717637 45
1584291310539 0.798065677681905 46
1584291312752 0.7940753492934954 47
1584291314938 0.7901049725470279 48
1584291317138 0.7861544476842928 49
1584291319388 0.7822236754458713 50
1584291321518 0.778312557068642 51
1584291323774 0.7744209942832988 52
1584291326032 0.7705488893118823 53
1584291328187 0.7666961448653229 54
1584291330372 0.7628626641409962 55
1584291332572 0.7590483508202912 56
1584291334783 0.7552531090661897 57
1584291336912 0.7514768435208588 58
1584291339115 0.7477194593032545 59
1584291341331 0.7439808620067382 60
1584291343502 0.7402609576967045 61
1584291345664 0.736559652908221 62
1584291347830 0.7328768546436799 63
1584291350024 0.7292124703704616 64
1584291352137 0.7255664080186093 65
1584291354387 0.7219385759785162 66
1584291356585 0.7183288830986236 67
1584291358776 0.7147372386831305 68
1584291360959 0.7111635524897149 69
1584291363143 0.7076077347272662 70
1584291365309 0.7040696960536299 71
1584291367450 0.7005493475733617 72
1584291369610 0.697046600835495 73
1584291371806 0.6935613678313175 74
1584291373969 0.6900935609921609 75
1584291376162 0.6866430931872001 76
1584291378326 0.6832098777212641 77
1584291380502 0.6797938283326578 78
1584291382704 0.6763948591909945 79
1584291384933 0.6730128848950395 80
1584291387085 0.6696478204705644 81
1584291389218 0.6662995813682115 82
1584291391389 0.6629680834613705 83
1584291393564 0.6596532430440636 84
1584291395754 0.6563549768288433 85
1584291397931 0.653073201944699 86
1584291400159 0.6498078359349755 87
1584291402336 0.6465587967553006 88
1584291404500 0.6433260027715241 89
1584291406698 0.6401093727576664 90
1584291409103 0.6369088258938781 91
1584291411305 0.6337242817644086 92
1584291413538 0.6305556603555866 93
1584291415927 0.6274028820538087 94
1584291418076 0.6242658676435396 95
1584291420330 0.6211445383053219 96
1584291422565 0.6180388156137953 97
1584291424744 0.6149486215357263 98
1584291426897 0.6118738784280476 99
1584291429090 0.6088145090359074 100
1584291431215 0.6057704364907278 101
1584291433381 0.6027415843082742 102
1584291435547 0.5997278763867329 103
1584291437733 0.5967292370047992 104
1584291439893 0.5937455908197752 105
1584291442035 0.5907768628656763 106
1584291444295 0.5878229785513479 107
1584291446439 0.5848838636585911 108
1584291448557 0.5819594443402982 109
1584291450675 0.5790496471185967 110
1584291452894 0.5761543988830038 111
1584291455024 0.5732736268885887 112
1584291457141 0.5704072587541458 113
1584291459252 0.567555222460375 114
1584291461391 0.5647174463480732 115
1584291463507 0.5618938591163328 116
1584291465652 0.5590843898207511 117
1584291467761 0.5562889678716474 118
1584291469885 0.5535075230322891 119
1584291472001 0.5507399854171277 120
1584291474145 0.547986285490042 121
1584291476275 0.5452463540625918 122
1584291478451 0.5425201222922789 123
1584291480621 0.5398075216808175 124
1584291482915 0.5371084840724134 125
1584291485071 0.5344229416520513 126
1584291487242 0.531750826943791 127
1584291489414 0.5290920728090721 128
1584291491582 0.5264466124450268 129
1584291493759 0.5238143793828016 130
1584291495939 0.5211953074858876 131
1584291498115 0.5185893309484582 132
1584291500281 0.5159963842937159 133
1584291502453 0.5134164023722473 134
1584291504628 0.510849320360386 135
1584291506807 0.5082950737585841 136
1584291508973 0.5057535983897912 137
1584291511139 0.5032248303978422 138
1584291513368 0.500708706245853 139
1584291515522 0.4982051627146237 140
1584291517785 0.49571413690105054 141
1584291519951 0.4932355662165453 142
1584291522149 0.4907693883854626 143
1584291524319 0.4883155414435353 144
1584291526497 0.4858739637363176 145
1584291528683 0.483444593917636 146
1584291530852 0.4810273709480478 147
1584291533004 0.47862223409330756 148
1584291535176 0.47622912292284103 149
1584291537380 0.4738479773082268 150
1584291539571 0.47147873742168567 151
1584291541733 0.46912134373457726 152
1584291543916 0.46677573701590436 153
1584291546117 0.46444185833082485 154
1584291548302 0.46211964903917074 155
1584291550453 0.4598090507939749 156
1584291552605 0.457510005540005 157
1584291554760 0.45522245551230495 158
1584291556924 0.4529463432347434 159
1584291559096 0.4506816115185697 160
1584291561247 0.4484282034609769 161
1584291563429 0.446186062443672 162
1584291565646 0.4439551321314536 163
1584291567838 0.4417353564707963 164
1584291570005 0.43952667968844233 165
1584291572176 0.43732904629000013 166
1584291574383 0.4351424010585501 167
1584291576534 0.43296668905325736 168
1584291578810 0.43080185560799106 169
1584291580991 0.4286478463299511 170
1584291583151 0.42650460709830135 171
1584291585327 0.42437208406280985 172
1584291587468 0.4222502236424958 173
1584291589642 0.42013897252428334 174
1584291591808 0.4180382776616619 175
1584291593971 0.4159480862733536 176
1584291596149 0.41386834584198684 177
1584291598334 0.4117990041127769 178
1584291600492 0.40974000909221303 179
1584291602675 0.40769130904675194 180
1584291604889 0.40565285250151817 181
1584291607048 0.4036245882390106 182
1584291609292 0.4016064652978155 183
1584291611462 0.3995984329713264 184
1584291613762 0.3976004408064698 185
1584291615957 0.39561243860243744 186
1584291618122 0.3936343764094253 187
1584291620331 0.39166620452737816 188
1584291622505 0.3897078735047413 189
1584291624703 0.3877593341372176 190
1584291626878 0.3858205374665315 191
1584291629048 0.38389143477919885 192
1584291631238 0.3819719776053028 193
1584291633409 0.3800621177172763 194
1584291635594 0.37816180712868996 195
1584291637775 0.37627099809304654 196
1584291639933 0.3743896431025813 197
1584291642088 0.37251769488706843 198
1584291644319 0.3706551064126331 199
1584291646506 0.36880183088056995 200
1584291648709 0.3669578217261671 201
1584291650858 0.36512303261753626 202
1584291653048 0.3632974174544486 203
1584291655210 0.3614809303671764 204
1584291657361 0.3596735257153405 205
1584291659519 0.3578751580867638 206
1584291661686 0.35608578229633 207
1584291663881 0.3543053533848483 208
1584291666055 0.35253382661792404 209
1584291668236 0.3507711574848344 210
1584291670412 0.34901730169741024 211
1584291672608 0.3472722151889232 212
1584291674808 0.3455358541129786 213
1584291676965 0.3438081748424137 214
1584291679157 0.3420891339682016 215
1584291681329 0.3403786882983606 216
1584291683484 0.3386767948568688 217
1584291685665 0.33698341088258443 218
1584291687881 0.3352984938281715 219
1584291690097 0.33362200135903064 220
1584291692276 0.33195389135223546 221
1584291694471 0.3302941218954743 222
1584291696636 0.32864265128599696 223
1584291698840 0.326999438029567 224
1584291701060 0.3253644408394192 225
1584291703241 0.3237376186352221 226
1584291705444 0.322118930542046 227
1584291707628 0.32050833588933575 228
1584291709789 0.31890579420988907 229
1584291712061 0.3173112652388396 230
1584291714274 0.3157247089126454 231
1584291716448 0.3141460853680822 232
1584291718632 0.3125753549412418 233
1584291720797 0.31101247816653554 234
1584291722978 0.30945741577570285 235
1584291725171 0.3079101286968243 236
1584291727344 0.3063705780533402 237
1584291729500 0.30483872516307353 238
1584291731707 0.3033145315372582 239
1584291733940 0.3017979588795719 240
1584291736135 0.30028896908517405 241
1584291738321 0.2987875242397482 242
1584291740549 0.29729358661854943 243
1584291742739 0.29580711868545667 244
1584291744918 0.2943280830920294 245
1584291747096 0.29285644267656924 246
1584291749277 0.2913921604631864 247
1584291751406 0.28993519966087045 248
1584291753599 0.2884855236625661 249
1584291755800 0.28704309604425327 250
1584291757965 0.285607880564032 251
1584291760154 0.28417984116121187 252
1584291762392 0.2827589419554058 253
1584291764560 0.28134514724562876 254
1584291766742 0.2799384215094006 255
1584291768924 0.27853872940185365 256
1584291771068 0.27714603575484437 257
1584291773266 0.2757603055760701 258
1584291775399 0.2743815040481898 259
1584291777594 0.2730095965279488 260
1584291779770 0.27164454854530906 261
1584291781925 0.2702863258025825 262
1584291784084 0.2689348941735696 263
1584291786235 0.26759021970270175 264
1584291788393 0.2662522686041882 265
1584291790549 0.2649210072611673 266
1584291792740 0.26359640222486147 267
1584291794925 0.26227842021373715 268
1584291797082 0.2609670281126685 269
1584291799228 0.25966219297210513 270
1584291801485 0.2583638820072446 271
1584291803726 0.2570720625972084 272
1584291805908 0.25578670228422234 273
1584291808337 0.25450776877280124 274
1584291810541 0.2532352299289372 275
1584291812720 0.2519690537792925 276
1584291814932 0.2507092085103961 277
1584291817099 0.2494556624678441 278
1584291819280 0.24820838415550486 279
1584291821443 0.24696734223472733 280
1584291823620 0.2457325055235537 281
1584291825821 0.24450384299593592 282
1584291828018 0.24328132378095624 283
1584291830179 0.24206491716205145 284
1584291832399 0.2408545925762412 285
1584291834587 0.23965031961336 286
1584291836744 0.2384520680152932 287
1584291838960 0.23725980767521673 288
