1584602605367 1 1
1584602607906 1 2
1584602610688 1 3
1584602613194 1 4
1584602615701 1 5
1584602618160 1 6
1584602620668 1 7
1584602623109 1 8
1584602625763 1 9
1584602628166 1 10
1584602630791 1 11
1584602633368 1 12
1584602635712 1 13
1584602638035 1 14
1584602640379 1 15
1584602642673 1 16
1584602645028 1 17
1584602647360 1 18
1584602649720 1 19
1584602652055 1 20
1584602654451 1 21
1584602656797 1 22
1584602659160 1 23
1584602661434 1 24
1584602663828 1 25
1584602666164 1 26
1584602668482 1 27
1584602670903 1 28
1584602673220 1 29
1584602675524 1 30
1584602677790 1 31
1584602680161 1 32
1584602682455 1 33
1584602684811 1 34
1584602687125 1 35
1584602689591 1 36
1584602692073 1 37
1584602694391 1 38
1584602696699 1 39
1584602698958 1 40
1584602701241 1 41
1584602703569 1 42
1584602705886 1 43
1584602708208 1 44
1584602710544 1 45
1584602712807 1 46
1584602715110 1 47
1584602717429 1 48
1584602719738 1 49
1584602722172 1 50
1584602724486 1 51
1584602726799 1 52
1584602729088 1 53
1584602731376 1 54
1584602733659 1 55
1584602736065 1 56
1584602738368 1 57
1584602740686 1 58
1584602742990 1 59
1584602745304 1 60
1584602747659 1 61
1584602749940 1 62
1584602752296 1 63
1584602754597 1 64
1584602756875 1 65
1584602759185 1 66
1584602761532 1 67
1584602763831 1 68
1584602766128 1 69
1584602768414 1 70
1584602770723 1 71
1584602773032 1 72
1584602775364 1 73
1584602777718 1 74
1584602780100 1 75
1584602782476 1 76
1584602784854 1 77
1584602787395 1 78
1584602789678 1 79
1584602792069 1 80
1584602795443 1 81
1584602797793 1 82
1584602800200 1 83
1584602802537 1 84
1584602804804 1 85
1584602807123 1 86
1584602809505 1 87
1584602811956 1 88
1584602814254 1 89
1584602816527 1 90
1584602818855 1 91
1584602821170 1 92
1584602823485 1 93
1584602825787 1 94
1584602828126 1 95
1584602830425 1 96
1584602832746 1 97
1584602835045 1 98
1584602837347 1 99
1584602839676 1 100
1584602842135 1 101
1584602844593 1 102
1584602846912 1 103
1584602849280 1 104
1584602851586 1 105
1584602853883 1 106
1584602856204 1 107
1584602858475 1 108
1584602860788 1 109
1584602863098 1 110
1584602865379 1 111
1584602867729 1 112
1584602870068 1 113
1584602872341 1 114
1584602874615 1 115
1584602876938 1 116
1584602879337 1 117
1584602881683 1 118
1584602884218 1 119
1584602886513 1 120
1584602888832 1 121
1584602891180 1 122
1584602893488 1 123
1584602895810 1 124
1584602898121 1 125
1584602900420 1 126
1584602902764 1 127
1584602905161 1 128
1584602907468 1 129
1584602909791 1 130
1584602912133 1 131
1584602914484 1 132
1584602916819 1 133
1584602919145 1 134
1584602921470 1 135
1584602923780 1 136
1584602926099 1 137
1584602928397 1 138
1584602930730 1 139
1584602933032 1 140
1584602935315 1 141
1584602937826 1 142
1584602940233 1 143
1584602943117 1 144
1584602946075 1 145
1584602948413 1 146
1584602950738 1 147
1584602953044 1 148
1584602955337 1 149
1584602957615 1 150
1584602959923 1 151
1584602962259 1 152
1584602964591 1 153
1584602966881 1 154
1584602969192 1 155
1584602971506 1 156
1584602973818 1 157
1584602976181 1 158
1584602978524 1 159
1584602981126 1 160
1584602983419 1 161
1584602985905 1 162
1584602988217 1 163
1584602990531 1 164
1584602992870 1 165
1584602995403 1 166
1584602997892 1 167
1584603000293 1 168
1584603002661 1 169
1584603004983 1 170
1584603007306 1 171
1584603009613 1 172
1584603012027 1 173
1584603014334 1 174
1584603016666 1 175
1584603018940 1 176
1584603021228 1 177
1584603023513 1 178
1584603025818 1 179
1584603028132 1 180
1584603030423 1 181
1584603032732 1 182
1584603035092 1 183
1584603037413 1 184
1584603039737 1 185
1584603042145 1 186
1584603044416 1 187
1584603046763 1 188
1584603049053 1 189
1584603051349 1 190
1584603053642 1 191
1584603055946 1 192
1584603058241 1 193
1584603060573 1 194
1584603062864 1 195
1584603065179 1 196
1584603067501 1 197
1584603069806 1 198
1584603072253 1 199
1584603074668 1 200
1584603077391 1 201
1584603079795 1 202
1584603082160 1 203
1584603084505 1 204
1584603086811 1 205
1584603089147 1 206
1584603091455 1 207
1584603093764 1 208
1584603096068 1 209
1584603098370 1 210
1584603100692 1 211
1584603103018 1 212
1584603105309 1 213
1584603107651 1 214
1584603109978 1 215
1584603112303 1 216
1584603114605 1 217
1584603116928 1 218
1584603119219 1 219
1584603121641 1 220
1584603123962 1 221
1584603126285 1 222
1584603128623 1 223
1584603130930 1 224
1584603133260 1 225
1584603136459 1 226
1584603141689 1 227
1584603145165 1 228
1584603147487 1 229
1584603149834 1 230
1584603152545 1 231
1584603155131 1 232
1584603157445 1 233
1584603159777 1 234
1584603162091 1 235
1584603164393 1 236
1584603166738 1 237
1584603169131 1 238
1584603171427 1 239
1584603173957 1 240
1584603176255 1 241
1584603178553 1 242
1584603180897 1 243
1584603183179 1 244
1584603185497 1 245
1584603187819 1 246
1584603190175 1 247
1584603192487 1 248
1584603194790 1 249
1584603197156 1 250
1584603199535 1 251
1584603201830 1 252
1584603204178 1 253
1584603206466 1 254
1584603208750 1 255
1584603211066 1 256
1584603213367 1 257
1584603215725 1 258
1584603218042 1 259
1584603220343 1 260
1584603222677 1 261
1584603224956 1 262
1584603227280 1 263
1584603229563 1 264
1584603231890 1 265
1584603234247 1 266
1584603236527 1 267
1584603238831 1 268
1584603241137 1 269
1584603243418 1 270
1584603245707 1 271
1584603248078 1 272
1584603251203 1 273
1584603256839 1 274
1584603259205 1 275
1584603261522 1 276
1584603264163 1 277
1584603266672 1 278
1584603269225 1 279
1584603271827 1 280
1584603274139 1 281
1584603276464 1 282
1584603278773 1 283
1584603281097 1 284
1584603283400 1 285
1584603285724 1 286
1584603288088 1 287
1584603290403 1 288
1584603292730 1 289
1584603295055 1 290
1584603297378 1 291
1584603299690 1 292
1584603302121 1 293
1584603304453 1 294
1584603306811 1 295
1584603309142 1 296
1584603311474 1 297
1584603313801 1 298
1584603316144 1 299
1584603318469 1 300
1584603320966 1 301
1584603323245 1 302
1584603325616 1 303
1584603327919 1 304
1584603330268 1 305
1584603332743 1 306
1584603335086 1 307
1584603337426 1 308
1584603339745 1 309
1584603342061 1 310
1584603344353 1 311
1584603346717 1 312
1584603349033 1 313
1584603351350 1 314
1584603353672 1 315
1584603356019 1 316
1584603358985 1 317
1584603361363 1 318
1584603363718 1 319
1584603366052 1 320
1584603370534 1 321
1584603372855 1 322
1584603375210 1 323
1584603377579 1 324
1584603379989 1 325
1584603382346 1 326
1584603384811 1 327
1584603387297 1 328
1584603389697 1 329
1584603392207 1 330
1584603394622 1 331
1584603396991 1 332
1584603399409 1 333
1584603401796 1 334
1584603404162 1 335
1584603406556 1 336
1584603408931 1 337
1584603411312 1 338
1584603413717 1 339
1584603416073 1 340
1584603418424 1 341
1584603420827 1 342
1584603423207 1 343
1584603425555 1 344
1584603427959 1 345
1584603430355 1 346
1584603432688 1 347
1584603435058 1 348
1584603437395 1 349
1584603439777 1 350
1584603442116 1 351
1584603444462 1 352
1584603446803 1 353
1584603449187 1 354
1584603451599 1 355
1584603453911 1 356
1584603456236 1 357
1584603458655 1 358
1584603461029 1 359
1584603463442 1 360
1584603466269 1 361
1584603468624 1 362
1584603471084 1 363
1584603473416 1 364
1584603475779 1 365
1584603478092 1 366
1584603480506 1 367
1584603482874 1 368
1584603485216 1 369
1584603487553 1 370
1584603489918 1 371
1584603492255 1 372
1584603494607 1 373
1584603496974 1 374
1584603499400 1 375
1584603502062 1 376
1584603504454 1 377
1584603506827 1 378
1584603509365 1 379
1584603512117 1 380
1584603514514 1 381
1584603516867 1 382
1584603519219 1 383
1584603521587 1 384
1584603523930 1 385
1584603526370 1 386
1584603528734 1 387
1584603531096 1 388
1584603533453 1 389
1584603535815 1 390
1584603538131 1 391
1584603540468 1 392
1584603542813 1 393
1584603545164 1 394
1584603547477 1 395
1584603549849 1 396
1584603552216 1 397
1584603554531 1 398
1584603556951 1 399
1584603559315 1 400
1584603562085 1 401
1584603564486 1 402
1584603566842 1 403
1584603569159 1 404
1584603571527 1 405
1584603573835 1 406
1584603576242 1 407
1584603578591 1 408
1584603580932 1 409
1584603583283 1 410
1584603585681 1 411
1584603588076 1 412
1584603590453 1 413
1584603592880 1 414
1584603595208 1 415
1584603597556 1 416
1584603599904 1 417
1584603602286 1 418
1584603604605 1 419
1584603606905 1 420
1584603609228 1 421
1584603611572 1 422
1584603613906 1 423
1584603616230 1 424
1584603618581 1 425
1584603620950 1 426
1584603623380 1 427
1584603625875 1 428
1584603628248 1 429
1584603630629 1 430
1584603632998 1 431
1584603635327 1 432
1584603637672 1 433
1584603639991 1 434
1584603642353 1 435
1584603644695 1 436
1584603647041 1 437
1584603649401 1 438
1584603651820 1 439
1584603654195 1 440
1584603656538 1 441
1584603659146 1 442
1584603661501 1 443
1584603663832 1 444
1584603666156 1 445
1584603668509 1 446
1584603670855 1 447
1584603673209 1 448
1584603675556 1 449
1584603677996 1 450
1584603680397 1 451
1584603682736 1 452
1584603685111 1 453
1584603687427 1 454
1584603689810 1 455
1584603692156 1 456
1584603694519 1 457
1584603696847 1 458
1584603699161 1 459
1584603701503 1 460
1584603703821 1 461
1584603706121 1 462
1584603708416 1 463
1584603710737 1 464
1584603713072 1 465
1584603715419 1 466
1584603717733 1 467
1584603720167 1 468
1584603722511 1 469
1584603724989 1 470
1584603727322 1 471
1584603729639 1 472
1584603732029 1 473
1584603734334 1 474
1584603736684 1 475
1584603739018 1 476
1584603741318 1 477
1584603743634 1 478
1584603745989 1 479
1584603748426 1 480
1584603750798 1 481
1584603753122 1 482
1584603755826 1 483
1584603758171 1 484
1584603760539 1 485
1584603762875 1 486
1584603765223 1 487
1584603767631 1 488
1584603769976 1 489
1584603772280 1 490
1584603774651 1 491
1584603776987 1 492
1584603779321 1 493
1584603781678 1 494
1584603784026 1 495
1584603786444 1 496
1584603788791 1 497
1584603791174 1 498
1584603793483 1 499
1584603795794 1 500
1584603798238 1 501
1584603800616 1 502
1584603802998 1 503
1584603805354 1 504
1584603807702 1 505
1584603810078 1 506
1584603812418 1 507
1584603814768 1 508
1584603817194 1 509
1584603819526 1 510
1584603821884 1 511
1584603824220 1 512
1584603826565 1 513
1584603828893 1 514
1584603831235 1 515
1584603833554 1 516
1584603835925 1 517
1584603838245 1 518
1584603840823 1 519
1584603843198 1 520
1584603845588 1 521
1584603847931 1 522
1584603850314 1 523
1584603852978 1 524
1584603855302 1 525
1584603857666 1 526
1584603860007 1 527
1584603862350 1 528
1584603864715 1 529
1584603867035 1 530
1584603869359 1 531
1584603871729 1 532
1584603874031 1 533
1584603876362 1 534
1584603878685 1 535
1584603881035 1 536
1584603883477 1 537
1584603885838 1 538
1584603888176 1 539
1584603890538 1 540
1584603892879 1 541
1584603895205 1 542
1584603897549 1 543
1584603899900 1 544
1584603902252 1 545
1584603904559 1 546
1584603906886 1 547
1584603909256 1 548
1584603911607 1 549
1584603914000 1 550
1584603916338 1 551
1584603918688 1 552
1584603921026 1 553
1584603923358 1 554
1584603925725 1 555
1584603928057 1 556
1584603930418 1 557
1584603932775 1 558
1584603935108 1 559
1584603937434 1 560
1584603939761 1 561
1584603942155 1 562
1584603944500 1 563
1584603946882 1 564
1584603949400 1 565
1584603951736 1 566
1584603954094 1 567
1584603956427 1 568
1584603958751 1 569
1584603961123 1 570
1584603963629 1 571
1584603965980 1 572
1584603968328 1 573
1584603970639 1 574
1584603972998 1 575
1584603975343 1 576
1584603977758 1 577
1584603980226 1 578
1584603982551 1 579
1584603984934 1 580
1584603987298 1 581
1584603989673 1 582
1584603992211 1 583
1584603994566 1 584
1584603996929 1 585
1584603999294 1 586
1584604001995 1 587
1584604004488 1 588
1584604006841 1 589
1584604009257 1 590
1584604011583 1 591
1584604013958 1 592
1584604016312 1 593
1584604018679 1 594
1584604021022 1 595
1584604023358 1 596
1584604025710 1 597
1584604028025 1 598
1584604030357 1 599
1584604032700 1 600
1584604035126 1 601
1584604037471 1 602
1584604039931 1 603
1584604042247 1 604
1584604044881 1 605
1584604047225 1 606
1584604049570 1 607
1584604051912 1 608
1584604054278 1 609
1584604056604 1 610
1584604058933 1 611
1584604061303 1 612
1584604063650 1 613
1584604065991 1 614
1584604068339 1 615
1584604070764 1 616
1584604073102 1 617
1584604075516 1 618
1584604077874 1 619
1584604080226 1 620
1584604082543 1 621
1584604084934 1 622
1584604087279 1 623
1584604089679 1 624
1584604092032 1 625
1584604094354 1 626
1584604096795 1 627
1584604099152 1 628
1584604101533 1 629
1584604103915 1 630
1584604106329 1 631
1584604108729 1 632
1584604111131 1 633
1584604113649 1 634
1584604116017 1 635
1584604118329 1 636
1584604120682 1 637
1584604123072 1 638
1584604125444 1 639
