1584602605367 1 1
1584602607906 0.1 2
1584602610688 0.010000000000000002 3
1584602613194 0.01 4
1584602615701 0.01 5
1584602618160 0.01 6
1584602620668 0.01 7
1584602623109 0.01 8
1584602625763 0.01 9
1584602628166 0.01 10
1584602630791 0.01 11
1584602633368 0.01 12
1584602635712 0.01 13
1584602638035 0.01 14
1584602640379 0.01 15
1584602642673 0.01 16
1584602645028 0.01 17
1584602647360 0.01 18
1584602649720 0.01 19
1584602652055 0.01 20
1584602654451 0.01 21
1584602656797 0.01 22
1584602659160 0.01 23
1584602661434 0.01 24
1584602663828 0.01 25
1584602666164 0.01 26
1584602668482 0.01 27
1584602670903 0.01 28
1584602673220 0.01 29
1584602675524 0.01 30
1584602677790 0.01 31
1584602680161 0.01 32
1584602682455 0.01 33
1584602684811 0.01 34
1584602687125 0.01 35
1584602689591 0.01 36
1584602692073 0.01 37
1584602694391 0.01 38
1584602696699 0.01 39
1584602698958 0.01 40
1584602701241 0.01 41
1584602703569 0.01 42
1584602705886 0.01 43
1584602708208 0.01 44
1584602710544 0.01 45
1584602712807 0.01 46
1584602715110 0.01 47
1584602717429 0.01 48
1584602719738 0.01 49
1584602722172 0.01 50
1584602724486 0.01 51
1584602726799 0.01 52
1584602729088 0.01 53
1584602731376 0.01 54
1584602733659 0.01 55
1584602736065 0.01 56
1584602738368 0.01 57
1584602740686 0.01 58
1584602742990 0.01 59
1584602745304 0.01 60
1584602747659 0.01 61
1584602749940 0.01 62
1584602752296 0.01 63
1584602754597 0.01 64
1584602756875 0.01 65
1584602759185 0.01 66
1584602761532 0.01 67
1584602763831 0.01 68
1584602766128 0.01 69
1584602768414 0.01 70
1584602770723 0.01 71
1584602773032 0.01 72
1584602775364 0.01 73
1584602777718 0.01 74
1584602780100 0.01 75
1584602782476 0.01 76
1584602784854 0.01 77
1584602787395 0.01 78
1584602789678 0.01 79
1584602792069 0.01 80
1584602795443 0.01 81
1584602797793 0.01 82
1584602800200 0.01 83
1584602802537 0.01 84
1584602804804 0.01 85
1584602807123 0.01 86
1584602809505 0.01 87
1584602811956 0.01 88
1584602814254 0.01 89
1584602816527 0.01 90
1584602818855 0.01 91
1584602821170 0.01 92
1584602823485 0.01 93
1584602825787 0.01 94
1584602828126 0.01 95
1584602830425 0.01 96
1584602832746 0.01 97
1584602835045 0.01 98
1584602837347 0.01 99
1584602839676 0.01 100
1584602842135 0.01 101
1584602844593 0.01 102
1584602846912 0.01 103
1584602849280 0.01 104
1584602851586 0.01 105
1584602853883 0.01 106
1584602856204 0.01 107
1584602858475 0.01 108
1584602860788 0.01 109
1584602863098 0.01 110
1584602865379 0.01 111
1584602867729 0.01 112
1584602870068 0.01 113
1584602872341 0.01 114
1584602874615 0.01 115
1584602876938 0.01 116
1584602879337 0.01 117
1584602881683 0.01 118
1584602884218 0.01 119
1584602886513 0.01 120
1584602888832 0.01 121
1584602891180 0.01 122
1584602893488 0.01 123
1584602895810 0.01 124
1584602898121 0.01 125
1584602900420 0.01 126
1584602902764 0.01 127
1584602905161 0.01 128
1584602907468 0.01 129
1584602909791 0.01 130
1584602912133 0.01 131
1584602914484 0.01 132
1584602916819 0.01 133
1584602919145 0.01 134
1584602921470 0.01 135
1584602923780 0.01 136
1584602926099 0.01 137
1584602928397 0.01 138
1584602930730 0.01 139
1584602933032 0.01 140
1584602935315 0.01 141
1584602937826 0.01 142
1584602940233 0.01 143
1584602943117 0.01 144
1584602946075 0.01 145
1584602948413 0.01 146
1584602950738 0.01 147
1584602953044 0.01 148
1584602955337 0.01 149
1584602957615 0.01 150
1584602959923 0.01 151
1584602962259 0.01 152
1584602964591 0.01 153
1584602966881 0.01 154
1584602969192 0.01 155
1584602971506 0.01 156
1584602973818 0.01 157
1584602976181 0.01 158
1584602978524 0.01 159
1584602981126 0.01 160
1584602983419 0.01 161
1584602985905 0.01 162
1584602988217 0.01 163
1584602990531 0.01 164
1584602992870 0.01 165
1584602995403 0.01 166
1584602997892 0.01 167
1584603000293 0.01 168
1584603002661 0.01 169
1584603004983 0.01 170
1584603007306 0.01 171
1584603009613 0.01 172
1584603012027 0.01 173
1584603014334 0.01 174
1584603016666 0.01 175
1584603018940 0.01 176
1584603021228 0.01 177
1584603023513 0.01 178
1584603025818 0.01 179
1584603028132 0.01 180
1584603030423 0.01 181
1584603032732 0.01 182
1584603035092 0.01 183
1584603037413 0.01 184
1584603039737 0.01 185
1584603042145 0.01 186
1584603044416 0.01 187
1584603046763 0.01 188
1584603049053 0.01 189
1584603051349 0.01 190
1584603053642 0.01 191
1584603055946 0.01 192
1584603058241 0.01 193
1584603060573 0.01 194
1584603062864 0.01 195
1584603065179 0.01 196
1584603067501 0.01 197
1584603069806 0.01 198
1584603072253 0.01 199
1584603074668 0.01 200
1584603077391 0.01 201
1584603079795 0.01 202
1584603082160 0.01 203
1584603084505 0.01 204
1584603086811 0.01 205
1584603089147 0.01 206
1584603091455 0.01 207
1584603093764 0.01 208
1584603096068 0.01 209
1584603098370 0.01 210
1584603100692 0.01 211
1584603103018 0.01 212
1584603105309 0.01 213
1584603107651 0.01 214
1584603109978 0.01 215
1584603112303 0.01 216
1584603114605 0.01 217
1584603116928 0.01 218
1584603119219 0.01 219
1584603121641 0.01 220
1584603123962 0.01 221
1584603126285 0.01 222
1584603128623 0.01 223
1584603130930 0.01 224
1584603133260 0.01 225
1584603136459 0.01 226
1584603141689 0.01 227
1584603145165 0.01 228
1584603147487 0.01 229
1584603149834 0.01 230
1584603152545 0.01 231
1584603155131 0.01 232
1584603157445 0.01 233
1584603159777 0.01 234
1584603162091 0.01 235
1584603164393 0.01 236
1584603166738 0.01 237
1584603169131 0.01 238
1584603171427 0.01 239
1584603173957 0.01 240
1584603176255 0.01 241
1584603178553 0.01 242
1584603180897 0.01 243
1584603183179 0.01 244
1584603185497 0.01 245
1584603187819 0.01 246
1584603190175 0.01 247
1584603192487 0.01 248
1584603194790 0.01 249
1584603197156 0.01 250
1584603199535 0.01 251
1584603201830 0.01 252
1584603204178 0.01 253
1584603206466 0.01 254
1584603208750 0.01 255
1584603211066 0.01 256
1584603213367 0.01 257
1584603215725 0.01 258
1584603218042 0.01 259
1584603220343 0.01 260
1584603222677 0.01 261
1584603224956 0.01 262
1584603227280 0.01 263
1584603229563 0.01 264
1584603231890 0.01 265
1584603234247 0.01 266
1584603236527 0.01 267
1584603238831 0.01 268
1584603241137 0.01 269
1584603243418 0.01 270
1584603245707 0.01 271
1584603248078 0.01 272
1584603251203 0.01 273
1584603256839 0.01 274
1584603259205 0.01 275
1584603261522 0.01 276
1584603264163 0.01 277
1584603266672 0.01 278
1584603269225 0.01 279
1584603271827 0.01 280
1584603274139 0.01 281
1584603276464 0.01 282
1584603278773 0.01 283
1584603281097 0.01 284
1584603283400 0.01 285
1584603285724 0.01 286
1584603288088 0.01 287
1584603290403 0.01 288
1584603292730 0.01 289
1584603295055 0.01 290
1584603297378 0.01 291
1584603299690 0.01 292
1584603302121 0.01 293
1584603304453 0.01 294
1584603306811 0.01 295
1584603309142 0.01 296
1584603311474 0.01 297
1584603313801 0.01 298
1584603316144 0.01 299
1584603318469 0.01 300
1584603320966 0.01 301
1584603323245 0.01 302
1584603325616 0.01 303
1584603327919 0.01 304
1584603330268 0.01 305
1584603332743 0.01 306
1584603335086 0.01 307
1584603337426 0.01 308
1584603339745 0.01 309
1584603342061 0.01 310
1584603344353 0.01 311
1584603346717 0.01 312
1584603349033 0.01 313
1584603351350 0.01 314
1584603353672 0.01 315
1584603356019 0.01 316
1584603358985 0.01 317
1584603361363 0.01 318
1584603363718 0.01 319
1584603366052 0.01 320
1584603370534 0.01 321
1584603372855 0.01 322
1584603375210 0.01 323
1584603377579 0.01 324
1584603379989 0.01 325
1584603382346 0.01 326
1584603384811 0.01 327
1584603387297 0.01 328
1584603389697 0.01 329
1584603392207 0.01 330
1584603394622 0.01 331
1584603396991 0.01 332
1584603399409 0.01 333
1584603401796 0.01 334
1584603404162 0.01 335
1584603406556 0.01 336
1584603408931 0.01 337
1584603411312 0.01 338
1584603413717 0.01 339
1584603416073 0.01 340
1584603418424 0.01 341
1584603420827 0.01 342
1584603423207 0.01 343
1584603425555 0.01 344
1584603427959 0.01 345
1584603430355 0.01 346
1584603432688 0.01 347
1584603435058 0.01 348
1584603437395 0.01 349
1584603439777 0.01 350
1584603442116 0.01 351
1584603444462 0.01 352
1584603446803 0.01 353
1584603449187 0.01 354
1584603451599 0.01 355
1584603453911 0.01 356
1584603456236 0.01 357
1584603458655 0.01 358
1584603461029 0.01 359
1584603463442 0.01 360
1584603466269 0.01 361
1584603468624 0.01 362
1584603471084 0.01 363
1584603473416 0.01 364
1584603475779 0.01 365
1584603478092 0.01 366
1584603480506 0.01 367
1584603482874 0.01 368
1584603485216 0.01 369
1584603487553 0.01 370
1584603489918 0.01 371
1584603492255 0.01 372
1584603494607 0.01 373
1584603496974 0.01 374
1584603499400 0.01 375
1584603502062 0.01 376
1584603504454 0.01 377
1584603506827 0.01 378
1584603509365 0.01 379
1584603512117 0.01 380
1584603514514 0.01 381
1584603516867 0.01 382
1584603519219 0.01 383
1584603521587 0.01 384
1584603523930 0.01 385
1584603526370 0.01 386
1584603528734 0.01 387
1584603531096 0.01 388
1584603533453 0.01 389
1584603535815 0.01 390
1584603538131 0.01 391
1584603540468 0.01 392
1584603542813 0.01 393
1584603545164 0.01 394
1584603547477 0.01 395
1584603549849 0.01 396
1584603552216 0.01 397
1584603554531 0.01 398
1584603556951 0.01 399
1584603559315 0.01 400
1584603562085 0.01 401
1584603564486 0.01 402
1584603566842 0.01 403
1584603569159 0.01 404
1584603571527 0.01 405
1584603573835 0.01 406
1584603576242 0.01 407
1584603578591 0.01 408
1584603580932 0.01 409
1584603583283 0.01 410
1584603585681 0.01 411
1584603588076 0.01 412
1584603590453 0.01 413
1584603592880 0.01 414
1584603595208 0.01 415
1584603597556 0.01 416
1584603599904 0.01 417
1584603602286 0.01 418
1584603604605 0.01 419
1584603606905 0.01 420
1584603609228 0.01 421
1584603611572 0.01 422
1584603613906 0.01 423
1584603616230 0.01 424
1584603618581 0.01 425
1584603620950 0.01 426
1584603623380 0.01 427
1584603625875 0.01 428
1584603628248 0.01 429
1584603630629 0.01 430
1584603632998 0.01 431
1584603635327 0.01 432
1584603637672 0.01 433
1584603639991 0.01 434
1584603642353 0.01 435
1584603644695 0.01 436
1584603647041 0.01 437
1584603649401 0.01 438
1584603651820 0.01 439
1584603654195 0.01 440
1584603656538 0.01 441
1584603659146 0.01 442
1584603661501 0.01 443
1584603663832 0.01 444
1584603666156 0.01 445
1584603668509 0.01 446
1584603670855 0.01 447
1584603673209 0.01 448
1584603675556 0.01 449
1584603677996 0.01 450
1584603680397 0.01 451
1584603682736 0.01 452
1584603685111 0.01 453
1584603687427 0.01 454
1584603689810 0.01 455
1584603692156 0.01 456
1584603694519 0.01 457
1584603696847 0.01 458
1584603699161 0.01 459
1584603701503 0.01 460
1584603703821 0.01 461
1584603706121 0.01 462
1584603708416 0.01 463
1584603710737 0.01 464
1584603713072 0.01 465
1584603715419 0.01 466
1584603717733 0.01 467
1584603720167 0.01 468
1584603722511 0.01 469
1584603724989 0.01 470
1584603727322 0.01 471
1584603729639 0.01 472
1584603732029 0.01 473
1584603734334 0.01 474
1584603736684 0.01 475
1584603739018 0.01 476
1584603741318 0.01 477
1584603743634 0.01 478
1584603745989 0.01 479
1584603748426 0.01 480
1584603750798 0.01 481
1584603753122 0.01 482
1584603755826 0.01 483
1584603758171 0.01 484
1584603760539 0.01 485
1584603762875 0.01 486
1584603765223 0.01 487
1584603767631 0.01 488
1584603769976 0.01 489
1584603772280 0.01 490
1584603774651 0.01 491
1584603776987 0.01 492
1584603779321 0.01 493
1584603781678 0.01 494
1584603784026 0.01 495
1584603786444 0.01 496
1584603788791 0.01 497
1584603791174 0.01 498
1584603793483 0.01 499
1584603795794 0.01 500
1584603798238 0.01 501
1584603800616 0.01 502
1584603802998 0.01 503
1584603805354 0.01 504
1584603807702 0.01 505
1584603810078 0.01 506
1584603812418 0.01 507
1584603814768 0.01 508
1584603817194 0.01 509
1584603819526 0.01 510
1584603821884 0.01 511
1584603824220 0.01 512
1584603826565 0.01 513
1584603828893 0.01 514
1584603831235 0.01 515
1584603833554 0.01 516
1584603835925 0.01 517
1584603838245 0.01 518
1584603840823 0.01 519
1584603843198 0.01 520
1584603845588 0.01 521
1584603847931 0.01 522
1584603850314 0.01 523
1584603852978 0.01 524
1584603855302 0.01 525
1584603857666 0.01 526
1584603860007 0.01 527
1584603862350 0.01 528
1584603864715 0.01 529
1584603867035 0.01 530
1584603869359 0.01 531
1584603871729 0.01 532
1584603874031 0.01 533
1584603876362 0.01 534
1584603878685 0.01 535
1584603881035 0.01 536
1584603883477 0.01 537
1584603885838 0.01 538
1584603888176 0.01 539
1584603890538 0.01 540
1584603892879 0.01 541
1584603895205 0.01 542
1584603897549 0.01 543
1584603899900 0.01 544
1584603902252 0.01 545
1584603904559 0.01 546
1584603906886 0.01 547
1584603909256 0.01 548
1584603911607 0.01 549
1584603914000 0.01 550
1584603916338 0.01 551
1584603918688 0.01 552
1584603921026 0.01 553
1584603923358 0.01 554
1584603925725 0.01 555
1584603928057 0.01 556
1584603930418 0.01 557
1584603932775 0.01 558
1584603935108 0.01 559
1584603937434 0.01 560
1584603939761 0.01 561
1584603942155 0.01 562
1584603944500 0.01 563
1584603946882 0.01 564
1584603949400 0.01 565
1584603951736 0.01 566
1584603954094 0.01 567
1584603956427 0.01 568
1584603958751 0.01 569
1584603961123 0.01 570
1584603963629 0.01 571
1584603965980 0.01 572
1584603968328 0.01 573
1584603970639 0.01 574
1584603972998 0.01 575
1584603975343 0.01 576
1584603977758 0.01 577
1584603980226 0.01 578
1584603982551 0.01 579
1584603984934 0.01 580
1584603987298 0.01 581
1584603989673 0.01 582
1584603992211 0.01 583
1584603994566 0.01 584
1584603996929 0.01 585
1584603999294 0.01 586
1584604001995 0.01 587
1584604004488 0.01 588
1584604006841 0.01 589
1584604009257 0.01 590
1584604011583 0.01 591
1584604013958 0.01 592
1584604016312 0.01 593
1584604018679 0.01 594
1584604021022 0.01 595
1584604023358 0.01 596
1584604025710 0.01 597
1584604028025 0.01 598
1584604030357 0.01 599
1584604032700 0.01 600
1584604035126 0.01 601
1584604037471 0.01 602
1584604039931 0.01 603
1584604042247 0.01 604
1584604044881 0.01 605
1584604047225 0.01 606
1584604049570 0.01 607
1584604051912 0.01 608
1584604054278 0.01 609
1584604056604 0.01 610
1584604058933 0.01 611
1584604061303 0.01 612
1584604063650 0.01 613
1584604065991 0.01 614
1584604068339 0.01 615
1584604070764 0.01 616
1584604073102 0.01 617
1584604075516 0.01 618
1584604077874 0.01 619
1584604080226 0.01 620
1584604082543 0.01 621
1584604084934 0.01 622
1584604087279 0.01 623
1584604089679 0.01 624
1584604092032 0.01 625
1584604094354 0.01 626
1584604096795 0.01 627
1584604099152 0.01 628
1584604101533 0.01 629
1584604103915 0.01 630
1584604106329 0.01 631
1584604108729 0.01 632
1584604111131 0.01 633
1584604113649 0.01 634
1584604116017 0.01 635
1584604118329 0.01 636
1584604120682 0.01 637
1584604123072 0.01 638
1584604125444 0.01 639
