1584602605367 0.0 1
1584602607906 -2.0 2
1584602610688 3.0 3
1584602613194 0.0 4
1584602615701 0.0 5
1584602618160 -1.0 6
1584602620668 0.0 7
1584602623109 -1.0 8
1584602625763 0.0 9
1584602628166 1.0 10
1584602630791 1.0 11
1584602633368 0.0 12
1584602635712 -1.0 13
1584602638035 1.0 14
1584602640379 -1.0 15
1584602642673 -3.0 16
1584602645028 1.0 17
1584602647360 2.0 18
1584602649720 -1.0 19
1584602652055 2.0 20
1584602654451 -2.0 21
1584602656797 5.0 22
1584602659160 0.0 23
1584602661434 1.0 24
1584602663828 2.0 25
1584602666164 1.0 26
1584602668482 0.0 27
1584602670903 0.0 28
1584602673220 0.0 29
1584602675524 0.0 30
1584602677790 0.0 31
1584602680161 1.0 32
1584602682455 0.0 33
1584602684811 1.0 34
1584602687125 -1.0 35
1584602689591 -3.0 36
1584602692073 -1.0 37
1584602694391 3.0 38
1584602696699 1.0 39
1584602698958 1.0 40
1584602701241 1.0 41
1584602703569 5.0 42
1584602705886 5.0 43
1584602708208 0.0 44
1584602710544 2.0 45
1584602712807 -1.0 46
1584602715110 4.0 47
1584602717429 2.0 48
1584602719738 4.0 49
1584602722172 5.0 50
1584602724486 2.0 51
1584602726799 7.0 52
1584602729088 1.0 53
1584602731376 1.0 54
1584602733659 8.0 55
1584602736065 3.0 56
1584602738368 2.0 57
1584602740686 5.0 58
1584602742990 -1.0 59
1584602745304 3.0 60
1584602747659 2.0 61
1584602749940 11.0 62
1584602752296 0.0 63
1584602754597 5.0 64
1584602756875 4.0 65
1584602759185 5.0 66
1584602761532 5.0 67
1584602763831 0.0 68
1584602766128 3.0 69
1584602768414 0.0 70
1584602770723 -1.0 71
1584602773032 5.0 72
1584602775364 0.0 73
1584602777718 4.0 74
1584602780100 3.0 75
1584602782476 2.0 76
1584602784854 8.0 77
1584602787395 3.0 78
1584602789678 4.0 79
1584602792069 3.0 80
1584602795443 3.0 81
1584602797793 -2.0 82
1584602800200 4.0 83
1584602802537 1.0 84
1584602804804 1.0 85
1584602807123 6.0 86
1584602809505 1.0 87
1584602811956 4.0 88
1584602814254 4.0 89
1584602816527 6.0 90
1584602818855 8.0 91
1584602821170 2.0 92
1584602823485 5.0 93
1584602825787 8.0 94
1584602828126 3.0 95
1584602830425 8.0 96
1584602832746 5.0 97
1584602835045 4.0 98
1584602837347 9.0 99
1584602839676 2.0 100
1584602842135 3.0 101
1584602844593 1.0 102
1584602846912 4.0 103
1584602849280 5.0 104
1584602851586 1.0 105
1584602853883 6.0 106
1584602856204 3.0 107
1584602858475 8.0 108
1584602860788 4.0 109
1584602863098 7.0 110
1584602865379 12.0 111
1584602867729 8.0 112
1584602870068 6.0 113
1584602872341 10.0 114
1584602874615 10.0 115
1584602876938 11.0 116
1584602879337 7.0 117
1584602881683 8.0 118
1584602884218 8.0 119
1584602886513 15.0 120
1584602888832 0.0 121
1584602891180 11.0 122
1584602893488 5.0 123
1584602895810 6.0 124
1584602898121 9.0 125
1584602900420 12.0 126
1584602902764 1.0 127
1584602905161 3.0 128
1584602907468 7.0 129
1584602909791 11.0 130
1584602912133 6.0 131
1584602914484 8.0 132
1584602916819 11.0 133
1584602919145 5.0 134
1584602921470 16.0 135
1584602923780 10.0 136
1584602926099 8.0 137
1584602928397 8.0 138
1584602930730 3.0 139
1584602933032 8.0 140
1584602935315 4.0 141
1584602937826 4.0 142
1584602940233 9.0 143
1584602943117 7.0 144
1584602946075 12.0 145
1584602948413 9.0 146
1584602950738 3.0 147
1584602953044 8.0 148
1584602955337 6.0 149
1584602957615 12.0 150
1584602959923 5.0 151
1584602962259 12.0 152
1584602964591 9.0 153
1584602966881 11.0 154
1584602969192 4.0 155
1584602971506 11.0 156
1584602973818 1.0 157
1584602976181 7.0 158
1584602978524 9.0 159
1584602981126 3.0 160
1584602983419 10.0 161
1584602985905 11.0 162
1584602988217 8.0 163
1584602990531 11.0 164
1584602992870 4.0 165
1584602995403 12.0 166
1584602997892 11.0 167
1584603000293 3.0 168
1584603002661 17.0 169
1584603004983 12.0 170
1584603007306 3.0 171
1584603009613 8.0 172
1584603012027 7.0 173
1584603014334 7.0 174
1584603016666 13.0 175
1584603018940 5.0 176
1584603021228 2.0 177
1584603023513 13.0 178
1584603025818 5.0 179
1584603028132 8.0 180
1584603030423 11.0 181
1584603032732 11.0 182
1584603035092 9.0 183
1584603037413 8.0 184
1584603039737 5.0 185
1584603042145 4.0 186
1584603044416 9.0 187
1584603046763 14.0 188
1584603049053 6.0 189
1584603051349 4.0 190
1584603053642 12.0 191
1584603055946 7.0 192
1584603058241 12.0 193
1584603060573 5.0 194
1584603062864 14.0 195
1584603065179 9.0 196
1584603067501 10.0 197
1584603069806 8.0 198
1584603072253 10.0 199
1584603074668 3.0 200
1584603077391 11.0 201
1584603079795 11.0 202
1584603082160 9.0 203
1584603084505 10.0 204
1584603086811 4.0 205
1584603089147 11.0 206
1584603091455 15.0 207
1584603093764 7.0 208
1584603096068 9.0 209
1584603098370 12.0 210
1584603100692 1.0 211
1584603103018 10.0 212
1584603105309 0.0 213
1584603107651 12.0 214
1584603109978 6.0 215
1584603112303 10.0 216
1584603114605 6.0 217
1584603116928 3.0 218
1584603119219 13.0 219
1584603121641 4.0 220
1584603123962 9.0 221
1584603126285 11.0 222
1584603128623 11.0 223
1584603130930 7.0 224
1584603133260 5.0 225
1584603136459 8.0 226
1584603141689 0.0 227
1584603145165 11.0 228
1584603147487 12.0 229
1584603149834 12.0 230
1584603152545 20.0 231
1584603155131 8.0 232
1584603157445 4.0 233
1584603159777 6.0 234
1584603162091 8.0 235
1584603164393 16.0 236
1584603166738 11.0 237
1584603169131 8.0 238
1584603171427 5.0 239
1584603173957 7.0 240
1584603176255 9.0 241
1584603178553 10.0 242
1584603180897 19.0 243
1584603183179 12.0 244
1584603185497 14.0 245
1584603187819 14.0 246
1584603190175 1.0 247
1584603192487 9.0 248
1584603194790 16.0 249
1584603197156 14.0 250
1584603199535 15.0 251
1584603201830 18.0 252
1584603204178 15.0 253
1584603206466 11.0 254
1584603208750 14.0 255
1584603211066 13.0 256
1584603213367 14.0 257
1584603215725 7.0 258
1584603218042 12.0 259
1584603220343 11.0 260
1584603222677 11.0 261
1584603224956 6.0 262
1584603227280 7.0 263
1584603229563 12.0 264
1584603231890 9.0 265
1584603234247 4.0 266
1584603236527 8.0 267
1584603238831 6.0 268
1584603241137 11.0 269
1584603243418 10.0 270
1584603245707 10.0 271
1584603248078 3.0 272
1584603251203 10.0 273
1584603256839 19.0 274
1584603259205 13.0 275
1584603261522 11.0 276
1584603264163 13.0 277
1584603266672 13.0 278
1584603269225 14.0 279
1584603271827 15.0 280
1584603274139 3.0 281
1584603276464 18.0 282
1584603278773 15.0 283
1584603281097 12.0 284
1584603283400 14.0 285
1584603285724 10.0 286
1584603288088 15.0 287
1584603290403 6.0 288
1584603292730 12.0 289
1584603295055 16.0 290
1584603297378 17.0 291
1584603299690 16.0 292
1584603302121 9.0 293
1584603304453 15.0 294
1584603306811 19.0 295
1584603309142 14.0 296
1584603311474 13.0 297
1584603313801 16.0 298
1584603316144 16.0 299
1584603318469 11.0 300
1584603320966 14.0 301
1584603323245 11.0 302
1584603325616 8.0 303
1584603327919 15.0 304
1584603330268 18.0 305
1584603332743 18.0 306
1584603335086 21.0 307
1584603337426 7.0 308
1584603339745 13.0 309
1584603342061 10.0 310
1584603344353 18.0 311
1584603346717 7.0 312
1584603349033 21.0 313
1584603351350 9.0 314
1584603353672 12.0 315
1584603356019 15.0 316
1584603358985 4.0 317
1584603361363 18.0 318
1584603363718 17.0 319
1584603366052 19.0 320
1584603370534 14.0 321
1584603372855 16.0 322
1584603375210 14.0 323
1584603377579 18.0 324
1584603379989 19.0 325
1584603382346 17.0 326
1584603384811 8.0 327
1584603387297 11.0 328
1584603389697 18.0 329
1584603392207 22.0 330
1584603394622 12.0 331
1584603396991 19.0 332
1584603399409 19.0 333
1584603401796 15.0 334
1584603404162 12.0 335
1584603406556 16.0 336
1584603408931 20.0 337
1584603411312 5.0 338
1584603413717 14.0 339
1584603416073 13.0 340
1584603418424 16.0 341
1584603420827 16.0 342
1584603423207 14.0 343
1584603425555 18.0 344
1584603427959 14.0 345
1584603430355 20.0 346
1584603432688 14.0 347
1584603435058 14.0 348
1584603437395 17.0 349
1584603439777 12.0 350
1584603442116 17.0 351
1584603444462 21.0 352
1584603446803 19.0 353
1584603449187 12.0 354
1584603451599 13.0 355
1584603453911 17.0 356
1584603456236 18.0 357
1584603458655 14.0 358
1584603461029 10.0 359
1584603463442 12.0 360
1584603466269 8.0 361
1584603468624 7.0 362
1584603471084 19.0 363
1584603473416 20.0 364
1584603475779 20.0 365
1584603478092 14.0 366
1584603480506 12.0 367
1584603482874 15.0 368
1584603485216 13.0 369
1584603487553 20.0 370
1584603489918 18.0 371
1584603492255 14.0 372
1584603494607 15.0 373
1584603496974 15.0 374
1584603499400 11.0 375
1584603502062 15.0 376
1584603504454 20.0 377
1584603506827 7.0 378
1584603509365 20.0 379
1584603512117 9.0 380
1584603514514 18.0 381
1584603516867 16.0 382
1584603519219 21.0 383
1584603521587 13.0 384
1584603523930 15.0 385
1584603526370 17.0 386
1584603528734 12.0 387
1584603531096 12.0 388
1584603533453 17.0 389
1584603535815 17.0 390
1584603538131 14.0 391
1584603540468 17.0 392
1584603542813 9.0 393
1584603545164 13.0 394
1584603547477 18.0 395
1584603549849 19.0 396
1584603552216 13.0 397
1584603554531 17.0 398
1584603556951 15.0 399
1584603559315 14.0 400
1584603562085 17.0 401
1584603564486 16.0 402
1584603566842 14.0 403
1584603569159 14.0 404
1584603571527 10.0 405
1584603573835 12.0 406
1584603576242 22.0 407
1584603578591 11.0 408
1584603580932 15.0 409
1584603583283 17.0 410
1584603585681 19.0 411
1584603588076 20.0 412
1584603590453 17.0 413
1584603592880 15.0 414
1584603595208 13.0 415
1584603597556 18.0 416
1584603599904 20.0 417
1584603602286 12.0 418
1584603604605 12.0 419
1584603606905 15.0 420
1584603609228 14.0 421
1584603611572 12.0 422
1584603613906 19.0 423
1584603616230 12.0 424
1584603618581 9.0 425
1584603620950 19.0 426
1584603623380 18.0 427
1584603625875 22.0 428
1584603628248 20.0 429
1584603630629 11.0 430
1584603632998 15.0 431
1584603635327 18.0 432
1584603637672 13.0 433
1584603639991 8.0 434
1584603642353 17.0 435
1584603644695 10.0 436
1584603647041 14.0 437
1584603649401 15.0 438
1584603651820 16.0 439
1584603654195 12.0 440
1584603656538 13.0 441
1584603659146 12.0 442
1584603661501 20.0 443
1584603663832 20.0 444
1584603666156 15.0 445
1584603668509 18.0 446
1584603670855 17.0 447
1584603673209 15.0 448
1584603675556 12.0 449
1584603677996 14.0 450
1584603680397 17.0 451
1584603682736 15.0 452
1584603685111 14.0 453
1584603687427 11.0 454
1584603689810 17.0 455
1584603692156 16.0 456
1584603694519 18.0 457
1584603696847 15.0 458
1584603699161 15.0 459
1584603701503 21.0 460
1584603703821 16.0 461
1584603706121 12.0 462
1584603708416 17.0 463
1584603710737 16.0 464
1584603713072 21.0 465
1584603715419 17.0 466
1584603717733 18.0 467
1584603720167 16.0 468
1584603722511 18.0 469
1584603724989 15.0 470
1584603727322 15.0 471
1584603729639 20.0 472
1584603732029 19.0 473
1584603734334 16.0 474
1584603736684 15.0 475
1584603739018 24.0 476
1584603741318 18.0 477
1584603743634 0.0 478
1584603745989 18.0 479
1584603748426 22.0 480
1584603750798 14.0 481
1584603753122 19.0 482
1584603755826 22.0 483
1584603758171 17.0 484
1584603760539 15.0 485
1584603762875 18.0 486
1584603765223 12.0 487
1584603767631 20.0 488
1584603769976 17.0 489
1584603772280 15.0 490
1584603774651 12.0 491
1584603776987 18.0 492
1584603779321 26.0 493
1584603781678 10.0 494
1584603784026 13.0 495
1584603786444 16.0 496
1584603788791 20.0 497
1584603791174 20.0 498
1584603793483 16.0 499
1584603795794 13.0 500
1584603798238 14.0 501
1584603800616 17.0 502
1584603802998 20.0 503
1584603805354 13.0 504
1584603807702 16.0 505
1584603810078 13.0 506
1584603812418 21.0 507
1584603814768 15.0 508
1584603817194 19.0 509
1584603819526 11.0 510
1584603821884 17.0 511
1584603824220 13.0 512
1584603826565 15.0 513
1584603828893 20.0 514
1584603831235 12.0 515
1584603833554 17.0 516
1584603835925 11.0 517
1584603838245 18.0 518
1584603840823 20.0 519
1584603843198 14.0 520
1584603845588 19.0 521
1584603847931 9.0 522
1584603850314 11.0 523
1584603852978 19.0 524
1584603855302 12.0 525
1584603857666 14.0 526
1584603860007 14.0 527
1584603862350 16.0 528
1584603864715 13.0 529
1584603867035 21.0 530
1584603869359 17.0 531
1584603871729 18.0 532
1584603874031 21.0 533
1584603876362 8.0 534
1584603878685 16.0 535
1584603881035 15.0 536
1584603883477 20.0 537
1584603885838 18.0 538
1584603888176 19.0 539
1584603890538 13.0 540
1584603892879 27.0 541
1584603895205 17.0 542
1584603897549 17.0 543
1584603899900 15.0 544
1584603902252 14.0 545
1584603904559 12.0 546
1584603906886 15.0 547
1584603909256 8.0 548
1584603911607 16.0 549
1584603914000 14.0 550
1584603916338 15.0 551
1584603918688 11.0 552
1584603921026 18.0 553
1584603923358 17.0 554
1584603925725 21.0 555
1584603928057 17.0 556
1584603930418 17.0 557
1584603932775 11.0 558
1584603935108 19.0 559
1584603937434 17.0 560
1584603939761 19.0 561
1584603942155 15.0 562
1584603944500 11.0 563
1584603946882 19.0 564
1584603949400 15.0 565
1584603951736 10.0 566
1584603954094 17.0 567
1584603956427 15.0 568
1584603958751 18.0 569
1584603961123 9.0 570
1584603963629 20.0 571
1584603965980 18.0 572
1584603968328 6.0 573
1584603970639 20.0 574
1584603972998 18.0 575
1584603975343 19.0 576
1584603977758 18.0 577
1584603980226 15.0 578
1584603982551 18.0 579
1584603984934 21.0 580
1584603987298 21.0 581
1584603989673 20.0 582
1584603992211 9.0 583
1584603994566 13.0 584
1584603996929 22.0 585
1584603999294 22.0 586
1584604001995 13.0 587
1584604004488 22.0 588
1584604006841 21.0 589
1584604009257 13.0 590
1584604011583 22.0 591
1584604013958 17.0 592
1584604016312 15.0 593
1584604018679 15.0 594
1584604021022 19.0 595
1584604023358 22.0 596
1584604025710 17.0 597
1584604028025 12.0 598
1584604030357 15.0 599
1584604032700 18.0 600
1584604035126 15.0 601
1584604037471 10.0 602
1584604039931 19.0 603
1584604042247 11.0 604
1584604044881 18.0 605
1584604047225 19.0 606
1584604049570 19.0 607
1584604051912 18.0 608
1584604054278 18.0 609
1584604056604 16.0 610
1584604058933 19.0 611
1584604061303 13.0 612
1584604063650 16.0 613
1584604065991 20.0 614
1584604068339 12.0 615
1584604070764 16.0 616
1584604073102 12.0 617
1584604075516 15.0 618
1584604077874 14.0 619
1584604080226 16.0 620
1584604082543 8.0 621
1584604084934 10.0 622
1584604087279 16.0 623
1584604089679 18.0 624
1584604092032 18.0 625
1584604094354 16.0 626
1584604096795 20.0 627
1584604099152 17.0 628
1584604101533 22.0 629
1584604103915 16.0 630
1584604106329 15.0 631
1584604108729 15.0 632
1584604111131 15.0 633
1584604113649 18.0 634
1584604116017 10.0 635
1584604118329 16.0 636
1584604120682 16.0 637
1584604123072 11.0 638
1584604125444 1.0 639
