1584698710560 1 1
1584698712841 1 2
1584698715016 1 3
1584698717261 1 4
1584698719435 1 5
1584698721626 1 6
1584698723808 1 7
1584698725982 1 8
1584698728188 1 9
1584698730440 1 10
1584698732721 1 11
1584698735304 1 12
1584698737534 1 13
1584698739775 1 14
1584698742048 1 15
1584698744371 1 16
1584698746703 1 17
1584698749227 1 18
1584698751506 1 19
1584698753702 1 20
1584698755877 1 21
1584698758053 1 22
1584698760221 1 23
1584698762399 1 24
1584698764569 1 25
1584698766727 1 26
1584698768898 1 27
1584698771085 1 28
1584698773245 1 29
1584698775401 1 30
1584698777556 1 31
1584698779736 1 32
1584698781925 1 33
1584698784155 1 34
1584698786348 1 35
1584698788516 1 36
1584698790752 1 37
1584698793015 1 38
1584698795241 1 39
1584698797436 1 40
1584698799623 1 41
1584698801791 1 42
1584698803991 1 43
1584698806215 1 44
1584698808423 1 45
1584698810647 1 46
1584698812881 1 47
1584698815121 1 48
1584698817325 1 49
1584698819508 1 50
1584698821691 1 51
1584698823898 1 52
1584698826077 1 53
1584698828247 1 54
1584698830459 1 55
1584698832631 1 56
1584698834829 1 57
1584698837030 1 58
1584698839257 1 59
1584698841759 1 60
1584698843951 1 61
1584698846176 1 62
1584698848354 1 63
1584698850579 1 64
1584698852796 1 65
1584698855023 1 66
1584698857205 1 67
1584698859516 1 68
1584698862203 1 69
1584698864742 1 70
1584698866968 1 71
1584698869433 1 72
1584698872200 1 73
1584698874402 1 74
1584698876628 1 75
1584698878867 1 76
1584698881127 1 77
1584698883341 1 78
1584698885526 1 79
1584698887694 1 80
1584698889867 1 81
1584698892063 1 82
1584698894266 1 83
1584698896479 1 84
1584698898693 1 85
1584698900863 1 86
1584698903067 1 87
1584698905246 1 88
1584698907447 1 89
1584698909603 1 90
1584698911797 1 91
1584698914404 1 92
1584698916588 1 93
1584698918747 1 94
1584698920927 1 95
1584698923674 1 96
1584698925890 1 97
1584698928104 1 98
1584698930318 1 99
1584698932492 1 100
1584698934718 1 101
1584698936945 1 102
1584698939151 1 103
1584698941401 1 104
1584698943608 1 105
1584698945825 1 106
1584698948041 1 107
1584698950215 1 108
1584698952412 1 109
1584698954601 1 110
1584698956762 1 111
1584698958990 1 112
1584698961197 1 113
1584698963379 1 114
1584698965558 1 115
1584698967746 1 116
1584698969940 1 117
1584698972150 1 118
1584698974397 1 119
1584698976583 1 120
1584698978794 1 121
1584698980993 1 122
1584698983239 1 123
1584698985603 1 124
1584698988251 1 125
1584698990496 1 126
1584698992728 1 127
1584698994912 1 128
1584698997100 1 129
1584698999288 1 130
1584699001464 1 131
1584699003738 1 132
1584699005940 1 133
1584699008297 1 134
1584699010509 1 135
1584699012726 1 136
1584699014947 1 137
1584699017147 1 138
1584699019331 1 139
1584699021517 1 140
1584699023731 1 141
1584699025926 1 142
1584699028117 1 143
1584699030318 1 144
1584699032549 1 145
1584699034906 1 146
1584699037144 1 147
1584699039409 1 148
1584699041623 1 149
1584699043855 1 150
1584699046052 1 151
1584699048240 1 152
1584699050459 1 153
1584699052660 1 154
1584699054881 1 155
1584699057097 1 156
1584699059279 1 157
1584699061468 1 158
1584699063670 1 159
1584699065900 1 160
1584699068111 1 161
1584699070335 1 162
1584699072526 1 163
1584699074730 1 164
1584699076903 1 165
1584699079112 1 166
1584699081277 1 167
1584699083463 1 168
1584699085636 1 169
1584699087825 1 170
1584699090016 1 171
1584699092191 1 172
1584699094409 1 173
1584699096606 1 174
1584699098816 1 175
1584699101023 1 176
1584699103206 1 177
1584699105422 1 178
1584699107591 1 179
1584699109787 1 180
1584699111982 1 181
1584699114168 1 182
1584699116330 1 183
1584699118533 1 184
1584699120750 1 185
1584699122958 1 186
1584699125162 1 187
1584699127343 1 188
1584699129573 1 189
1584699131781 1 190
1584699134080 1 191
1584699136361 1 192
1584699138598 1 193
1584699140842 1 194
1584699143053 1 195
1584699145254 1 196
1584699147463 1 197
1584699149656 1 198
1584699151852 1 199
1584699154273 1 200
1584699156519 1 201
1584699158768 1 202
1584699160979 1 203
1584699163185 1 204
1584699165452 1 205
1584699167670 1 206
1584699169870 1 207
1584699172094 1 208
1584699174298 1 209
1584699176530 1 210
1584699178740 1 211
1584699180947 1 212
1584699183181 1 213
1584699185364 1 214
1584699187540 1 215
1584699189745 1 216
1584699191948 1 217
1584699194124 1 218
1584699196346 1 219
1584699198530 1 220
1584699200724 1 221
1584699202905 1 222
1584699205140 1 223
1584699207321 1 224
1584699209526 1 225
1584699211763 1 226
1584699214007 1 227
1584699216217 1 228
1584699218391 1 229
1584699220594 1 230
1584699222767 1 231
1584699224977 1 232
1584699227189 1 233
1584699229393 1 234
1584699231625 1 235
1584699233803 1 236
1584699235991 1 237
1584699238186 1 238
1584699240371 1 239
1584699242598 1 240
1584699244787 1 241
1584699247004 1 242
1584699249221 1 243
1584699251473 1 244
1584699253647 1 245
1584699255853 1 246
1584699258085 1 247
1584699260303 1 248
1584699262518 1 249
1584699264718 1 250
1584699266917 1 251
1584699269118 1 252
1584699271304 1 253
1584699273872 1 254
1584699276069 1 255
1584699278254 1 256
1584699280470 1 257
1584699282704 1 258
1584699284894 1 259
1584699287204 1 260
1584699289410 1 261
1584699291655 1 262
1584699293878 1 263
1584699296090 1 264
1584699298306 1 265
1584699300508 1 266
1584699302740 1 267
1584699304957 1 268
1584699307138 1 269
1584699309319 1 270
1584699311493 1 271
1584699313720 1 272
1584699315927 1 273
1584699318134 1 274
1584699320332 1 275
1584699322527 1 276
1584699324763 1 277
1584699326989 1 278
1584699329230 1 279
1584699331453 1 280
1584699333752 1 281
1584699335981 1 282
1584699338201 1 283
1584699340416 1 284
1584699342613 1 285
1584699344824 1 286
1584699347023 1 287
1584699349235 1 288
1584699351416 1 289
1584699353611 1 290
1584699355807 1 291
1584699358030 1 292
1584699360267 1 293
1584699362469 1 294
1584699364665 1 295
1584699366874 1 296
1584699369078 1 297
1584699371264 1 298
1584699373468 1 299
1584699375675 1 300
1584699377919 1 301
1584699380123 1 302
1584699382307 1 303
1584699384546 1 304
1584699386772 1 305
1584699389005 1 306
1584699391247 1 307
1584699393498 1 308
1584699395707 1 309
1584699397902 1 310
1584699400121 1 311
1584699402309 1 312
1584699404514 1 313
1584699406748 1 314
1584699408947 1 315
1584699411182 1 316
1584699413375 1 317
1584699415570 1 318
1584699417844 1 319
1584699420109 1 320
1584699422343 1 321
1584699424588 1 322
1584699426807 1 323
1584699428984 1 324
1584699431188 1 325
1584699433357 1 326
1584699435569 1 327
1584699437766 1 328
1584699439962 1 329
1584699442133 1 330
1584699444325 1 331
1584699446527 1 332
1584699448717 1 333
1584699450950 1 334
1584699453146 1 335
1584699455441 1 336
1584699457648 1 337
1584699459849 1 338
1584699462050 1 339
1584699464256 1 340
1584699466458 1 341
1584699468656 1 342
1584699470856 1 343
1584699473050 1 344
1584699475222 1 345
1584699477423 1 346
1584699479639 1 347
1584699481887 1 348
1584699484114 1 349
1584699486391 1 350
1584699488579 1 351
1584699490795 1 352
1584699492991 1 353
1584699495201 1 354
1584699497372 1 355
1584699499597 1 356
1584699501842 1 357
1584699504038 1 358
1584699506240 1 359
1584699508460 1 360
1584699510646 1 361
1584699512937 1 362
1584699515169 1 363
1584699517360 1 364
1584699519557 1 365
1584699521893 1 366
1584699524097 1 367
1584699526311 1 368
1584699528498 1 369
1584699530716 1 370
1584699532905 1 371
1584699535110 1 372
1584699537322 1 373
1584699539524 1 374
1584699541720 1 375
1584699543934 1 376
1584699546130 1 377
1584699548336 1 378
1584699550508 1 379
1584699552737 1 380
1584699554945 1 381
1584699557128 1 382
1584699559299 1 383
1584699561479 1 384
1584699563688 1 385
1584699565907 1 386
1584699568162 1 387
1584699570345 1 388
1584699572561 1 389
1584699574809 1 390
1584699577232 1 391
1584699579424 1 392
1584699581610 1 393
1584699583827 1 394
1584699586043 1 395
1584699588398 1 396
1584699590836 1 397
1584699593186 1 398
1584699595382 1 399
1584699597562 1 400
1584699599825 1 401
1584699602098 1 402
1584699604298 1 403
1584699606486 1 404
1584699608745 1 405
1584699610939 1 406
1584699613177 1 407
1584699615386 1 408
1584699617614 1 409
1584699619879 1 410
1584699622093 1 411
1584699624297 1 412
1584699626502 1 413
1584699628731 1 414
1584699630932 1 415
1584699633517 1 416
1584699635767 1 417
1584699637956 1 418
1584699640185 1 419
1584699642407 1 420
1584699644630 1 421
1584699646829 1 422
1584699649081 1 423
1584699651274 1 424
1584699653473 1 425
1584699655680 1 426
1584699657945 1 427
1584699660144 1 428
1584699662371 1 429
1584699664571 1 430
1584699666750 1 431
1584699668957 1 432
1584699671175 1 433
1584699673394 1 434
1584699675600 1 435
1584699677819 1 436
1584699680005 1 437
1584699682196 1 438
1584699684391 1 439
1584699686565 1 440
1584699688773 1 441
1584699691134 1 442
1584699693382 1 443
1584699695612 1 444
1584699697822 1 445
1584699700005 1 446
1584699702191 1 447
1584699704408 1 448
1584699706581 1 449
1584699708784 1 450
1584699710992 1 451
1584699713221 1 452
1584699715611 1 453
1584699717795 1 454
1584699720003 1 455
1584699722229 1 456
1584699724449 1 457
1584699726655 1 458
1584699728881 1 459
1584699731084 1 460
1584699733292 1 461
1584699735480 1 462
1584699737685 1 463
1584699739891 1 464
1584699742114 1 465
1584699744296 1 466
1584699746522 1 467
1584699748733 1 468
1584699750961 1 469
1584699753293 1 470
1584699755554 1 471
1584699757775 1 472
1584699759982 1 473
1584699762198 1 474
1584699764409 1 475
1584699766613 1 476
1584699768815 1 477
1584699771020 1 478
1584699773229 1 479
1584699775432 1 480
1584699777637 1 481
1584699779857 1 482
1584699782070 1 483
1584699784272 1 484
1584699786461 1 485
1584699788674 1 486
1584699790879 1 487
1584699793088 1 488
1584699795309 1 489
1584699797563 1 490
1584699799787 1 491
1584699802007 1 492
1584699804221 1 493
1584699806447 1 494
1584699808660 1 495
1584699810886 1 496
1584699813230 1 497
1584699815444 1 498
1584699817664 1 499
1584699819899 1 500
1584699822194 1 501
1584699824398 1 502
1584699826593 1 503
1584699828817 1 504
1584699831015 1 505
1584699833226 1 506
1584699835406 1 507
1584699837604 1 508
1584699839830 1 509
1584699842207 1 510
1584699844433 1 511
1584699846640 1 512
1584699848864 1 513
1584699851100 1 514
1584699853322 1 515
1584699855506 1 516
1584699857700 1 517
1584699859922 1 518
1584699862129 1 519
1584699864317 1 520
1584699866503 1 521
1584699868704 1 522
1584699870928 1 523
1584699873236 1 524
1584699875455 1 525
1584699877656 1 526
1584699879860 1 527
1584699882092 1 528
1584699884286 1 529
1584699886472 1 530
1584699888692 1 531
1584699890912 1 532
1584699893146 1 533
1584699895326 1 534
1584699897538 1 535
1584699899755 1 536
1584699902110 1 537
1584699904320 1 538
1584699906609 1 539
1584699908969 1 540
1584699911202 1 541
1584699913447 1 542
1584699915681 1 543
1584699917888 1 544
1584699920128 1 545
1584699922354 1 546
1584699924566 1 547
1584699926784 1 548
1584699928984 1 549
1584699931206 1 550
1584699933461 1 551
1584699935681 1 552
1584699937907 1 553
1584699940146 1 554
1584699942375 1 555
1584699944597 1 556
1584699946793 1 557
1584699949024 1 558
1584699951271 1 559
1584699953484 1 560
1584699955679 1 561
1584699957880 1 562
1584699960103 1 563
1584699962300 1 564
1584699964488 1 565
1584699966676 1 566
1584699968887 1 567
1584699971160 1 568
1584699973362 1 569
1584699975582 1 570
1584699977808 1 571
1584699979980 1 572
1584699982240 1 573
1584699984436 1 574
1584699986648 1 575
1584699988862 1 576
1584699991072 1 577
1584699993567 1 578
1584699995779 1 579
1584699997975 1 580
1584700000187 1 581
1584700002363 1 582
1584700004642 1 583
1584700006889 1 584
1584700009092 1 585
1584700011285 1 586
1584700013458 1 587
1584700015715 1 588
1584700017924 1 589
1584700020119 1 590
1584700022296 1 591
1584700024478 1 592
1584700026680 1 593
1584700028898 1 594
1584700031134 1 595
1584700033348 1 596
1584700035550 1 597
1584700037780 1 598
1584700040047 1 599
1584700042252 1 600
1584700044505 1 601
1584700046711 1 602
1584700048919 1 603
1584700051185 1 604
1584700053426 1 605
1584700055639 1 606
1584700057862 1 607
1584700060098 1 608
1584700062310 1 609
1584700064500 1 610
1584700066799 1 611
1584700069014 1 612
1584700071209 1 613
1584700073379 1 614
1584700075614 1 615
1584700077826 1 616
1584700080060 1 617
1584700082260 1 618
1584700084458 1 619
1584700086669 1 620
1584700088897 1 621
1584700091107 1 622
1584700093324 1 623
1584700095561 1 624
1584700097762 1 625
1584700099978 1 626
1584700102308 1 627
1584700104549 1 628
1584700106760 1 629
1584700108961 1 630
1584700111186 1 631
1584700113410 1 632
1584700115641 1 633
1584700117867 1 634
1584700120086 1 635
1584700122259 1 636
1584700124454 1 637
1584700126675 1 638
1584700128890 1 639
1584700131154 1 640
1584700133383 1 641
1584700135581 1 642
1584700137852 1 643
1584700140169 1 644
1584700142393 1 645
1584700144582 1 646
1584700146775 1 647
1584700148985 1 648
1584700151217 1 649
1584700153423 1 650
1584700155639 1 651
1584700157845 1 652
1584700160066 1 653
1584700162279 1 654
1584700164483 1 655
1584700166704 1 656
1584700168945 1 657
1584700171169 1 658
1584700173449 1 659
1584700175652 1 660
1584700177850 1 661
1584700180080 1 662
1584700182288 1 663
1584700184517 1 664
1584700186705 1 665
1584700188932 1 666
1584700191106 1 667
1584700193291 1 668
1584700195494 1 669
1584700197731 1 670
1584700200006 1 671
1584700202225 1 672
1584700204445 1 673
1584700206630 1 674
1584700208824 1 675
1584700211061 1 676
1584700213276 1 677
1584700215512 1 678
1584700217733 1 679
1584700219932 1 680
1584700222184 1 681
1584700224401 1 682
1584700226597 1 683
1584700228844 1 684
1584700231077 1 685
1584700233455 1 686
1584700235704 1 687
1584700237918 1 688
1584700240137 1 689
1584700242375 1 690
1584700244575 1 691
1584700246959 1 692
1584700249235 1 693
1584700251529 1 694
1584700254017 1 695
1584700256267 1 696
1584700258504 1 697
1584700260746 1 698
1584700262933 1 699
1584700265132 1 700
1584700267430 1 701
1584700269665 1 702
1584700271914 1 703
1584700274145 1 704
1584700276322 1 705
1584700278527 1 706
1584700280719 1 707
1584700282884 1 708
1584700285096 1 709
1584700287296 1 710
1584700289517 1 711
1584700291692 1 712
1584700294033 1 713
1584700296340 1 714
1584700298538 1 715
1584700300745 1 716
1584700302931 1 717
1584700305146 1 718
1584700307373 1 719
1584700309618 1 720
1584700311803 1 721
1584700314007 1 722
1584700316208 1 723
1584700318384 1 724
1584700320577 1 725
1584700322796 1 726
1584700325009 1 727
1584700327299 1 728
1584700329481 1 729
1584700331680 1 730
1584700333890 1 731
1584700336102 1 732
1584700338307 1 733
1584700340520 1 734
1584700342758 1 735
1584700344941 1 736
1584700347153 1 737
1584700349379 1 738
1584700351599 1 739
1584700353880 1 740
1584700356095 1 741
1584700358299 1 742
1584700360469 1 743
1584700362671 1 744
1584700364913 1 745
1584700367153 1 746
1584700369370 1 747
1584700371562 1 748
1584700373778 1 749
1584700376021 1 750
1584700378239 1 751
1584700380461 1 752
1584700382703 1 753
1584700384902 1 754
1584700387157 1 755
1584700389383 1 756
1584700391695 1 757
1584700393955 1 758
1584700396198 1 759
1584700398397 1 760
1584700400558 1 761
1584700402755 1 762
1584700404954 1 763
1584700407285 1 764
1584700409479 1 765
1584700411689 1 766
1584700413941 1 767
1584700416197 1 768
1584700418673 1 769
1584700421252 1 770
1584700424172 1 771
1584700426368 1 772
1584700428579 1 773
1584700430829 1 774
1584700433028 1 775
1584700435243 1 776
1584700437453 1 777
1584700439663 1 778
1584700441866 1 779
1584700444103 1 780
1584700446287 1 781
1584700448487 1 782
1584700450717 1 783
1584700452971 1 784
1584700455161 1 785
1584700457389 1 786
1584700459597 1 787
1584700461787 1 788
1584700463989 1 789
1584700466198 1 790
1584700468399 1 791
1584700470601 1 792
1584700472841 1 793
1584700475046 1 794
1584700477247 1 795
1584700479487 1 796
1584700481729 1 797
1584700483980 1 798
1584700486200 1 799
1584700488464 1 800
1584700490812 1 801
1584700493169 1 802
1584700495438 1 803
1584700497758 1 804
1584700500229 1 805
1584700502476 1 806
1584700504686 1 807
1584700506930 1 808
1584700509214 1 809
1584700511425 1 810
1584700513610 1 811
1584700515857 1 812
1584700518063 1 813
1584700520305 1 814
1584700522491 1 815
1584700524689 1 816
1584700526925 1 817
1584700529165 1 818
1584700531382 1 819
