1584698710560 1 1
1584698712841 0.995 2
1584698715016 0.990025 3
1584698717261 0.985074875 4
1584698719435 0.9801495006250001 5
1584698721626 0.9752487531218751 6
1584698723808 0.9703725093562657 7
1584698725982 0.9655206468094844 8
1584698728188 0.960693043575437 9
1584698730440 0.9558895783575597 10
1584698732721 0.9511101304657719 11
1584698735304 0.946354579813443 12
1584698737534 0.9416228069143757 13
1584698739775 0.9369146928798039 14
1584698742048 0.9322301194154049 15
1584698744371 0.9275689688183278 16
1584698746703 0.9229311239742362 17
1584698749227 0.918316468354365 18
1584698751506 0.9137248860125932 19
1584698753702 0.9091562615825302 20
1584698755877 0.9046104802746175 21
1584698758053 0.9000874278732445 22
1584698760221 0.8955869907338783 23
1584698762399 0.8911090557802088 24
1584698764569 0.8866535105013078 25
1584698766727 0.8822202429488013 26
1584698768898 0.8778091417340573 27
1584698771085 0.8734200960253871 28
1584698773245 0.8690529955452602 29
1584698775401 0.8647077305675338 30
1584698777556 0.8603841919146962 31
1584698779736 0.8560822709551227 32
1584698781925 0.851801859600347 33
1584698784155 0.8475428503023453 34
1584698786348 0.8433051360508336 35
1584698788516 0.8390886103705794 36
1584698790752 0.8348931673187264 37
1584698793015 0.8307187014821328 38
1584698795241 0.8265651079747222 39
1584698797436 0.8224322824348486 40
1584698799623 0.8183201210226743 41
1584698801791 0.8142285204175609 42
1584698803991 0.810157377815473 43
1584698806215 0.8061065909263957 44
1584698808423 0.8020760579717637 45
1584698810647 0.798065677681905 46
1584698812881 0.7940753492934954 47
1584698815121 0.7901049725470279 48
1584698817325 0.7861544476842928 49
1584698819508 0.7822236754458713 50
1584698821691 0.778312557068642 51
1584698823898 0.7744209942832988 52
1584698826077 0.7705488893118823 53
1584698828247 0.7666961448653229 54
1584698830459 0.7628626641409962 55
1584698832631 0.7590483508202912 56
1584698834829 0.7552531090661897 57
1584698837030 0.7514768435208588 58
1584698839257 0.7477194593032545 59
1584698841759 0.7439808620067382 60
1584698843951 0.7402609576967045 61
1584698846176 0.736559652908221 62
1584698848354 0.7328768546436799 63
1584698850579 0.7292124703704616 64
1584698852796 0.7255664080186093 65
1584698855023 0.7219385759785162 66
1584698857205 0.7183288830986236 67
1584698859516 0.7147372386831305 68
1584698862203 0.7111635524897149 69
1584698864742 0.7076077347272662 70
1584698866968 0.7040696960536299 71
1584698869433 0.7005493475733617 72
1584698872200 0.697046600835495 73
1584698874402 0.6935613678313175 74
1584698876628 0.6900935609921609 75
1584698878867 0.6866430931872001 76
1584698881127 0.6832098777212641 77
1584698883341 0.6797938283326578 78
1584698885526 0.6763948591909945 79
1584698887694 0.6730128848950395 80
1584698889867 0.6696478204705644 81
1584698892063 0.6662995813682115 82
1584698894266 0.6629680834613705 83
1584698896479 0.6596532430440636 84
1584698898693 0.6563549768288433 85
1584698900863 0.653073201944699 86
1584698903067 0.6498078359349755 87
1584698905246 0.6465587967553006 88
1584698907447 0.6433260027715241 89
1584698909603 0.6401093727576664 90
1584698911797 0.6369088258938781 91
1584698914404 0.6337242817644086 92
1584698916588 0.6305556603555866 93
1584698918747 0.6274028820538087 94
1584698920927 0.6242658676435396 95
1584698923674 0.6211445383053219 96
1584698925890 0.6180388156137953 97
1584698928104 0.6149486215357263 98
1584698930318 0.6118738784280476 99
1584698932492 0.6088145090359074 100
1584698934718 0.6057704364907278 101
1584698936945 0.6027415843082742 102
1584698939151 0.5997278763867329 103
1584698941401 0.5967292370047992 104
1584698943608 0.5937455908197752 105
1584698945825 0.5907768628656763 106
1584698948041 0.5878229785513479 107
1584698950215 0.5848838636585911 108
1584698952412 0.5819594443402982 109
1584698954601 0.5790496471185967 110
1584698956762 0.5761543988830038 111
1584698958990 0.5732736268885887 112
1584698961197 0.5704072587541458 113
1584698963379 0.567555222460375 114
1584698965558 0.5647174463480732 115
1584698967746 0.5618938591163328 116
1584698969940 0.5590843898207511 117
1584698972150 0.5562889678716474 118
1584698974397 0.5535075230322891 119
1584698976583 0.5507399854171277 120
1584698978794 0.547986285490042 121
1584698980993 0.5452463540625918 122
1584698983239 0.5425201222922789 123
1584698985603 0.5398075216808175 124
1584698988251 0.5371084840724134 125
1584698990496 0.5344229416520513 126
1584698992728 0.531750826943791 127
1584698994912 0.5290920728090721 128
1584698997100 0.5264466124450268 129
1584698999288 0.5238143793828016 130
1584699001464 0.5211953074858876 131
1584699003738 0.5185893309484582 132
1584699005940 0.5159963842937159 133
1584699008297 0.5134164023722473 134
1584699010509 0.510849320360386 135
1584699012726 0.5082950737585841 136
1584699014947 0.5057535983897912 137
1584699017147 0.5032248303978422 138
1584699019331 0.500708706245853 139
1584699021517 0.4982051627146237 140
1584699023731 0.49571413690105054 141
1584699025926 0.4932355662165453 142
1584699028117 0.4907693883854626 143
1584699030318 0.4883155414435353 144
1584699032549 0.4858739637363176 145
1584699034906 0.483444593917636 146
1584699037144 0.4810273709480478 147
1584699039409 0.47862223409330756 148
1584699041623 0.47622912292284103 149
1584699043855 0.4738479773082268 150
1584699046052 0.47147873742168567 151
1584699048240 0.46912134373457726 152
1584699050459 0.46677573701590436 153
1584699052660 0.46444185833082485 154
1584699054881 0.46211964903917074 155
1584699057097 0.4598090507939749 156
1584699059279 0.457510005540005 157
1584699061468 0.45522245551230495 158
1584699063670 0.4529463432347434 159
1584699065900 0.4506816115185697 160
1584699068111 0.4484282034609769 161
1584699070335 0.446186062443672 162
1584699072526 0.4439551321314536 163
1584699074730 0.4417353564707963 164
1584699076903 0.43952667968844233 165
1584699079112 0.43732904629000013 166
1584699081277 0.4351424010585501 167
1584699083463 0.43296668905325736 168
1584699085636 0.43080185560799106 169
1584699087825 0.4286478463299511 170
1584699090016 0.42650460709830135 171
1584699092191 0.42437208406280985 172
1584699094409 0.4222502236424958 173
1584699096606 0.42013897252428334 174
1584699098816 0.4180382776616619 175
1584699101023 0.4159480862733536 176
1584699103206 0.41386834584198684 177
1584699105422 0.4117990041127769 178
1584699107591 0.40974000909221303 179
1584699109787 0.40769130904675194 180
1584699111982 0.40565285250151817 181
1584699114168 0.4036245882390106 182
1584699116330 0.4016064652978155 183
1584699118533 0.3995984329713264 184
1584699120750 0.3976004408064698 185
1584699122958 0.39561243860243744 186
1584699125162 0.3936343764094253 187
1584699127343 0.39166620452737816 188
1584699129573 0.3897078735047413 189
1584699131781 0.3877593341372176 190
1584699134080 0.3858205374665315 191
1584699136361 0.38389143477919885 192
1584699138598 0.3819719776053028 193
1584699140842 0.3800621177172763 194
1584699143053 0.37816180712868996 195
1584699145254 0.37627099809304654 196
1584699147463 0.3743896431025813 197
1584699149656 0.37251769488706843 198
1584699151852 0.3706551064126331 199
1584699154273 0.36880183088056995 200
1584699156519 0.3669578217261671 201
1584699158768 0.36512303261753626 202
1584699160979 0.3632974174544486 203
1584699163185 0.3614809303671764 204
1584699165452 0.3596735257153405 205
1584699167670 0.3578751580867638 206
1584699169870 0.35608578229633 207
1584699172094 0.3543053533848483 208
1584699174298 0.35253382661792404 209
1584699176530 0.3507711574848344 210
1584699178740 0.34901730169741024 211
1584699180947 0.3472722151889232 212
1584699183181 0.3455358541129786 213
1584699185364 0.3438081748424137 214
1584699187540 0.3420891339682016 215
1584699189745 0.3403786882983606 216
1584699191948 0.3386767948568688 217
1584699194124 0.33698341088258443 218
1584699196346 0.3352984938281715 219
1584699198530 0.33362200135903064 220
1584699200724 0.33195389135223546 221
1584699202905 0.3302941218954743 222
1584699205140 0.32864265128599696 223
1584699207321 0.326999438029567 224
1584699209526 0.3253644408394192 225
1584699211763 0.3237376186352221 226
1584699214007 0.322118930542046 227
1584699216217 0.32050833588933575 228
1584699218391 0.31890579420988907 229
1584699220594 0.3173112652388396 230
1584699222767 0.3157247089126454 231
1584699224977 0.3141460853680822 232
1584699227189 0.3125753549412418 233
1584699229393 0.31101247816653554 234
1584699231625 0.30945741577570285 235
1584699233803 0.3079101286968243 236
1584699235991 0.3063705780533402 237
1584699238186 0.30483872516307353 238
1584699240371 0.3033145315372582 239
1584699242598 0.3017979588795719 240
1584699244787 0.30028896908517405 241
1584699247004 0.2987875242397482 242
1584699249221 0.29729358661854943 243
1584699251473 0.29580711868545667 244
1584699253647 0.2943280830920294 245
1584699255853 0.29285644267656924 246
1584699258085 0.2913921604631864 247
1584699260303 0.28993519966087045 248
1584699262518 0.2884855236625661 249
1584699264718 0.28704309604425327 250
1584699266917 0.285607880564032 251
1584699269118 0.28417984116121187 252
1584699271304 0.2827589419554058 253
1584699273872 0.28134514724562876 254
1584699276069 0.2799384215094006 255
1584699278254 0.27853872940185365 256
1584699280470 0.27714603575484437 257
1584699282704 0.2757603055760701 258
1584699284894 0.2743815040481898 259
1584699287204 0.2730095965279488 260
1584699289410 0.27164454854530906 261
1584699291655 0.2702863258025825 262
1584699293878 0.2689348941735696 263
1584699296090 0.26759021970270175 264
1584699298306 0.2662522686041882 265
1584699300508 0.2649210072611673 266
1584699302740 0.26359640222486147 267
1584699304957 0.26227842021373715 268
1584699307138 0.2609670281126685 269
1584699309319 0.25966219297210513 270
1584699311493 0.2583638820072446 271
1584699313720 0.2570720625972084 272
1584699315927 0.25578670228422234 273
1584699318134 0.25450776877280124 274
1584699320332 0.2532352299289372 275
1584699322527 0.2519690537792925 276
1584699324763 0.2507092085103961 277
1584699326989 0.2494556624678441 278
1584699329230 0.24820838415550486 279
1584699331453 0.24696734223472733 280
1584699333752 0.2457325055235537 281
1584699335981 0.24450384299593592 282
1584699338201 0.24328132378095624 283
1584699340416 0.24206491716205145 284
1584699342613 0.2408545925762412 285
1584699344824 0.23965031961336 286
1584699347023 0.2384520680152932 287
1584699349235 0.23725980767521673 288
1584699351416 0.23607350863684065 289
1584699353611 0.23489314109365644 290
1584699355807 0.23371867538818816 291
1584699358030 0.23255008201124722 292
1584699360267 0.231387331601191 293
1584699362469 0.23023039494318503 294
1584699364665 0.2290792429684691 295
1584699366874 0.22793384675362674 296
1584699369078 0.22679417751985861 297
1584699371264 0.22566020663225933 298
1584699373468 0.22453190559909803 299
1584699375675 0.22340924607110255 300
1584699377919 0.22229219984074702 301
1584699380123 0.2211807388415433 302
1584699382307 0.22007483514733558 303
1584699384546 0.2189744609715989 304
1584699386772 0.2178795886667409 305
1584699389005 0.2167901907234072 306
1584699391247 0.21570623976979014 307
1584699393498 0.21462770857094118 308
1584699395707 0.21355457002808648 309
1584699397902 0.21248679717794605 310
1584699400121 0.21142436319205632 311
1584699402309 0.21036724137609603 312
1584699404514 0.20931540516921554 313
1584699406748 0.20826882814336947 314
1584699408947 0.20722748400265262 315
1584699411182 0.20619134658263935 316
1584699413375 0.20516038984972615 317
1584699415570 0.2041345879004775 318
1584699417844 0.2031139149609751 319
1584699420109 0.20209834538617025 320
1584699422343 0.2010878536592394 321
1584699424588 0.2000824143909432 322
1584699426807 0.19908200231898848 323
1584699428984 0.19808659230739353 324
1584699431188 0.19709615934585656 325
1584699433357 0.19611067854912728 326
1584699435569 0.19513012515638165 327
1584699437766 0.19415447453059972 328
1584699439962 0.19318370215794672 329
1584699442133 0.192217783647157 330
1584699444325 0.1912566947289212 331
1584699446527 0.1903004112552766 332
1584699448717 0.18934890919900021 333
1584699450950 0.18840216465300522 334
1584699453146 0.18746015382974018 335
1584699455441 0.1865228530605915 336
1584699457648 0.18559023879528855 337
1584699459849 0.1846622876013121 338
1584699462050 0.18373897616330553 339
1584699464256 0.182820281282489 340
1584699466458 0.18190617987607657 341
1584699468656 0.18099664897669618 342
1584699470856 0.1800916657318127 343
1584699473050 0.17919120740315364 344
1584699475222 0.17829525136613786 345
1584699477423 0.17740377510930716 346
1584699479639 0.17651675623376062 347
1584699481887 0.1756341724525918 348
1584699484114 0.17475600159032884 349
1584699486391 0.17388222158237718 350
1584699488579 0.1730128104744653 351
1584699490795 0.17214774642209296 352
1584699492991 0.1712870076899825 353
1584699495201 0.17043057265153258 354
1584699497372 0.16957841978827493 355
1584699499597 0.16873052768933355 356
1584699501842 0.1678868750508869 357
1584699504038 0.16704744067563246 358
1584699506240 0.1662122034722543 359
1584699508460 0.16538114245489302 360
1584699510646 0.16455423674261854 361
1584699512937 0.16373146555890544 362
1584699515169 0.16291280823111093 363
1584699517360 0.16209824418995536 364
1584699519557 0.16128775296900558 365
1584699521893 0.16048131420416054 366
1584699524097 0.15967890763313974 367
1584699526311 0.15888051309497406 368
1584699528498 0.1580861105294992 369
1584699530716 0.1572956799768517 370
1584699532905 0.15650920157696743 371
1584699535110 0.1557266555690826 372
1584699537322 0.1549480222912372 373
1584699539524 0.15417328217978102 374
1584699541720 0.1534024157688821 375
1584699543934 0.1526354036900377 376
1584699546130 0.1518722266715875 377
1584699548336 0.15111286553822956 378
1584699550508 0.15035730121053842 379
1584699552737 0.14960551470448571 380
1584699554945 0.14885748713096328 381
1584699557128 0.14811319969530845 382
1584699559299 0.1473726336968319 383
1584699561479 0.14663577052834775 384
1584699563688 0.14590259167570602 385
1584699565907 0.1451730787173275 386
1584699568162 0.14444721332374086 387
1584699570345 0.14372497725712216 388
1584699572561 0.14300635237083656 389
1584699574809 0.14229132060898236 390
1584699577232 0.14157986400593744 391
1584699579424 0.14087196468590776 392
1584699581610 0.14016760486247823 393
1584699583827 0.13946676683816583 394
1584699586043 0.138769433003975 395
1584699588398 0.13807558583895513 396
1584699590836 0.13738520790976036 397
1584699593186 0.13669828187021155 398
1584699595382 0.13601479046086049 399
1584699597562 0.1353347165085562 400
1584699599825 0.1346580429260134 401
1584699602098 0.13398475271138335 402
1584699604298 0.13331482894782642 403
1584699606486 0.13264825480308728 404
1584699608745 0.13198501352907185 405
1584699610939 0.1313250884614265 406
1584699613177 0.13066846301911936 407
1584699615386 0.13001512070402377 408
1584699617614 0.12936504510050365 409
1584699619879 0.12871821987500112 410
1584699622093 0.12807462877562611 411
1584699624297 0.12743425563174798 412
1584699626502 0.12679708435358925 413
1584699628731 0.1261630989318213 414
1584699630932 0.1255322834371622 415
1584699633517 0.12490462201997637 416
1584699635767 0.1242800989098765 417
1584699637956 0.12365869841532712 418
1584699640185 0.12304040492325048 419
1584699642407 0.12242520289863423 420
1584699644630 0.12181307688414106 421
1584699646829 0.12120401149972035 422
1584699649081 0.12059799144222175 423
1584699651274 0.11999500148501063 424
1584699653473 0.11939502647758558 425
1584699655680 0.11879805134519765 426
1584699657945 0.11820406108847166 427
1584699660144 0.1176130407830293 428
1584699662371 0.11702497557911415 429
1584699664571 0.11643985070121858 430
1584699666750 0.11585765144771248 431
1584699668957 0.11527836319047392 432
1584699671175 0.11470197137452155 433
1584699673394 0.11412846151764894 434
1584699675600 0.1135578192100607 435
1584699677819 0.11299003011401039 436
1584699680005 0.11242507996344034 437
1584699682196 0.11186295456362313 438
1584699684391 0.11130363979080501 439
1584699686565 0.11074712159185099 440
1584699688773 0.11019338598389174 441
1584699691134 0.10964241905397228 442
1584699693382 0.10909420695870241 443
1584699695612 0.1085487359239089 444
1584699697822 0.10800599224428936 445
1584699700005 0.10746596228306791 446
1584699702191 0.10692863247165257 447
1584699704408 0.1063939893092943 448
1584699706581 0.10586201936274783 449
1584699708784 0.10533270926593409 450
1584699710992 0.10480604571960442 451
1584699713221 0.1042820154910064 452
1584699715611 0.10376060541355137 453
1584699717795 0.1032418023864836 454
1584699720003 0.10272559337455119 455
1584699722229 0.10221196540767843 456
1584699724449 0.10170090558064004 457
1584699726655 0.10119240105273684 458
1584699728881 0.10068643904747315 459
1584699731084 0.10018300685223579 460
1584699733292 0.0996820918179746 461
1584699735480 0.09918368135888474 462
1584699737685 0.09868776295209031 463
1584699739891 0.09819432413732986 464
1584699742114 0.09770335251664321 465
1584699744296 0.09721483575406 466
1584699746522 0.09672876157528969 467
1584699748733 0.09624511776741324 468
1584699750961 0.09576389217857617 469
1584699753293 0.09528507271768329 470
1584699755554 0.09480864735409487 471
1584699757775 0.0943346041173244 472
1584699759982 0.09386293109673778 473
1584699762198 0.09339361644125409 474
1584699764409 0.09292664835904782 475
1584699766613 0.09246201511725258 476
1584699768815 0.09199970504166631 477
1584699771020 0.09153970651645797 478
1584699773229 0.09108200798387568 479
1584699775432 0.0906265979439563 480
1584699777637 0.09017346495423652 481
1584699779857 0.08972259762946533 482
1584699782070 0.089273984641318 483
1584699784272 0.0888276147181114 484
1584699786461 0.08838347664452084 485
1584699788674 0.08794155926129824 486
1584699790879 0.08750185146499175 487
1584699793088 0.08706434220766679 488
1584699795309 0.08662902049662846 489
1584699797563 0.08619587539414532 490
1584699799787 0.08576489601717459 491
1584699802007 0.08533607153708872 492
1584699804221 0.08490939117940327 493
1584699806447 0.08448484422350626 494
1584699808660 0.08406242000238873 495
1584699810886 0.08364210790237678 496
1584699813230 0.0832238973628649 497
1584699815444 0.08280777787605056 498
1584699817664 0.08239373898667031 499
1584699819899 0.08198177029173696 500
1584699822194 0.08157186144027828 501
1584699824398 0.0811640021330769 502
1584699826593 0.08075818212241151 503
1584699828817 0.08035439121179945 504
1584699831015 0.07995261925574046 505
1584699833226 0.07955285615946175 506
1584699835406 0.07915509187866444 507
1584699837604 0.07875931641927113 508
1584699839830 0.07836551983717477 509
1584699842207 0.07797369223798889 510
1584699844433 0.07758382377679894 511
1584699846640 0.07719590465791494 512
1584699848864 0.07680992513462537 513
1584699851100 0.07642587550895225 514
1584699853322 0.07604374613140748 515
1584699855506 0.07566352740075044 516
1584699857700 0.07528520976374668 517
1584699859922 0.07490878371492794 518
1584699862129 0.0745342397963533 519
1584699864317 0.07416156859737154 520
1584699866503 0.07379076075438468 521
1584699868704 0.07342180695061275 522
1584699870928 0.07305469791585968 523
1584699873236 0.07268942442628039 524
1584699875455 0.07232597730414898 525
1584699877656 0.07196434741762824 526
1584699879860 0.0716045256805401 527
1584699882092 0.0712465030521374 528
1584699884286 0.0708902705368767 529
1584699886472 0.07053581918419231 530
1584699888692 0.07018314008827135 531
1584699890912 0.06983222438783 532
1584699893146 0.06948306326589085 533
1584699895326 0.0691356479495614 534
1584699897538 0.06878996970981359 535
1584699899755 0.06844601986126451 536
1584699902110 0.06810378976195819 537
1584699904320 0.0677632708131484 538
1584699906609 0.06742445445908266 539
1584699908969 0.06708733218678724 540
1584699911202 0.0667518955258533 541
1584699913447 0.06641813604822402 542
1584699915681 0.0660860453679829 543
1584699917888 0.06575561514114299 544
1584699920128 0.06542683706543727 545
1584699922354 0.06509970288011008 546
1584699924566 0.06477420436570952 547
1584699926784 0.06445033334388098 548
1584699928984 0.06412808167716157 549
1584699931206 0.06380744126877576 550
1584699933461 0.06348840406243188 551
1584699935681 0.06317096204211972 552
1584699937907 0.06285510723190912 553
1584699940146 0.06254083169574957 554
1584699942375 0.062228127537270826 555
1584699944597 0.06191698689958447 556
1584699946793 0.061607401965086545 557
1584699949024 0.06129936495526111 558
1584699951271 0.0609928681304848 559
1584699953484 0.060687903789832374 560
1584699955679 0.06038446427088321 561
1584699957880 0.06008254194952879 562
1584699960103 0.05978212923978115 563
1584699962300 0.05948321859358224 564
1584699964488 0.05918580250061433 565
1584699966676 0.058889873488111255 566
1584699968887 0.058595424120670696 567
1584699971160 0.05830244700006734 568
1584699973362 0.058010934765067 569
1584699975582 0.05772088009124167 570
1584699977808 0.05743227569078546 571
1584699979980 0.05714511431233153 572
1584699982240 0.05685938874076987 573
1584699984436 0.056575091797066025 574
1584699986648 0.056292216338080694 575
1584699988862 0.05601075525639029 576
1584699991072 0.05573070148010834 577
1584699993567 0.0554520479727078 578
1584699995779 0.05517478773284426 579
1584699997975 0.05489891379418004 580
1584700000187 0.05462441922520914 581
1584700002363 0.0543512971290831 582
1584700004642 0.05407954064343768 583
1584700006889 0.05380914294022049 584
1584700009092 0.05354009722551939 585
1584700011285 0.05327239673939179 586
1584700013458 0.053006034755694834 587
1584700015715 0.052741004581916356 588
1584700017924 0.052477299559006776 589
1584700020119 0.052214913061211746 590
1584700022296 0.05195383849590569 591
1584700024478 0.05169406930342616 592
1584700026680 0.05143559895690903 593
1584700028898 0.051178420962124486 594
1584700031134 0.05092252885731386 595
1584700033348 0.05066791621302729 596
1584700035550 0.05041457663196215 597
1584700037780 0.050162503748802344 598
1584700040047 0.049911691230058335 599
1584700042252 0.04966213277390804 600
1584700044505 0.0494138221100385 601
1584700046711 0.04916675299948831 602
1584700048919 0.04892091923449087 603
1584700051185 0.04867631463831842 604
1584700053426 0.048432933065126825 605
1584700055639 0.048190768399801194 606
1584700057862 0.04794981455780219 607
1584700060098 0.04771006548501318 608
1584700062310 0.047471515157588115 609
1584700064500 0.047234157581800176 610
1584700066799 0.046997986793891174 611
1584700069014 0.04676299685992172 612
1584700071209 0.04652918187562211 613
1584700073379 0.046296535966244 614
1584700075614 0.046065053286412784 615
1584700077826 0.04583472801998072 616
1584700080060 0.045605554379880814 617
1584700082260 0.04537752660798141 618
1584700084458 0.0451506389749415 619
1584700086669 0.044924885780066794 620
1584700088897 0.04470026135116646 621
1584700091107 0.04447676004441063 622
1584700093324 0.04425437624418858 623
1584700095561 0.04403310436296763 624
1584700097762 0.043812938841152796 625
1584700099978 0.04359387414694703 626
1584700102308 0.043375904776212296 627
1584700104549 0.043159025252331236 628
1584700106760 0.04294323012606958 629
1584700108961 0.04272851397543923 630
1584700111186 0.04251487140556204 631
1584700113410 0.04230229704853423 632
1584700115641 0.04209078556329156 633
1584700117867 0.0418803316354751 634
1584700120086 0.041670929977297724 635
1584700122259 0.04146257532741124 636
1584700124454 0.04125526245077418 637
1584700126675 0.04104898613852031 638
1584700128890 0.04084374120782771 639
1584700131154 0.04063952250178857 640
1584700133383 0.04043632488927963 641
1584700135581 0.04023414326483323 642
1584700137852 0.040032972548509065 643
1584700140169 0.03983280768576652 644
1584700142393 0.03963364364733769 645
1584700144582 0.039435475429100995 646
1584700146775 0.03923829805195549 647
1584700148985 0.03904210656169572 648
1584700151217 0.03884689602888724 649
1584700153423 0.0386526615487428 650
1584700155639 0.03845939824099909 651
1584700157845 0.03826710124979409 652
1584700160066 0.038075765743545126 653
1584700162279 0.0378853869148274 654
1584700164483 0.03769595998025326 655
1584700166704 0.03750748018035199 656
1584700168945 0.037319942779450235 657
1584700171169 0.037133343065552986 658
1584700173449 0.03694767635022522 659
1584700175652 0.036762937968474095 660
1584700177850 0.03657912327863173 661
1584700180080 0.036396227662238566 662
1584700182288 0.03621424652392737 663
1584700184517 0.036033175291307735 664
1584700186705 0.03585300941485119 665
1584700188932 0.035673744367776934 666
1584700191106 0.03549537564593805 667
1584700193291 0.035317898767708356 668
1584700195494 0.03514130927386981 669
1584700197731 0.03496560272750046 670
1584700200006 0.03479077471386296 671
1584700202225 0.03461682084029365 672
1584700204445 0.034443736736092176 673
1584700206630 0.034271518052411715 674
1584700208824 0.034100160462149656 675
1584700211061 0.03392965965983891 676
1584700213276 0.033760011361539714 677
1584700215512 0.03359121130473201 678
1584700217733 0.033423255248208356 679
1584700219932 0.03325613897196732 680
1584700222184 0.03308985827710748 681
1584700224401 0.032924408985721944 682
1584700226597 0.03275978694079333 683
1584700228844 0.032595988006089364 684
1584700231077 0.032433008066058915 685
1584700233455 0.03227084302572862 686
1584700235704 0.032109488810599975 687
1584700237918 0.031948941366546975 688
1584700240137 0.03178919665971424 689
1584700242375 0.03163025067641567 690
1584700244575 0.03147209942303359 691
1584700246959 0.03131473892591842 692
1584700249235 0.031158165231288826 693
1584700251529 0.03100237440513238 694
1584700254017 0.030847362533106718 695
1584700256267 0.030693125720441184 696
1584700258504 0.030539660091838977 697
1584700260746 0.03038696179137978 698
1584700262933 0.030235026982422884 699
1584700265132 0.030083851847510768 700
1584700267430 0.029933432588273214 701
1584700269665 0.029783765425331846 702
1584700271914 0.029634846598205186 703
1584700274145 0.02948667236521416 704
1584700276322 0.029339239003388088 705
1584700278527 0.029192542808371146 706
1584700280719 0.02904658009432929 707
1584700282884 0.028901347193857643 708
1584700285096 0.028756840457888354 709
1584700287296 0.02861305625559891 710
1584700289517 0.028469990974320916 711
1584700291692 0.02832764101944931 712
1584700294033 0.028186002814352063 713
1584700296340 0.0280450728002803 714
1584700298538 0.0279048474362789 715
1584700300745 0.027765323199097504 716
1584700302931 0.027626496583102015 717
1584700305146 0.027488364100186506 718
1584700307373 0.027350922279685573 719
1584700309618 0.027214167668287145 720
1584700311803 0.02707809682994571 721
1584700314007 0.02694270634579598 722
1584700316208 0.026807992814067 723
1584700318384 0.026673952849996664 724
1584700320577 0.02654058308574668 725
1584700322796 0.026407880170317945 726
1584700325009 0.026275840769466357 727
1584700327299 0.026144461565619025 728
1584700329481 0.02601373925779093 729
1584700331680 0.025883670561501974 730
1584700333890 0.025754252208694463 731
1584700336102 0.02562548094765099 732
1584700338307 0.025497353542912736 733
1584700340520 0.02536986677519817 734
1584700342758 0.02524301744132218 735
1584700344941 0.025116802354115567 736
1584700347153 0.024991218342344988 737
1584700349379 0.024866262250633264 738
1584700351599 0.024741930939380097 739
1584700353880 0.024618221284683196 740
1584700356095 0.02449513017825978 741
1584700358299 0.02437265452736848 742
1584700360469 0.024250791254731636 743
1584700362671 0.024129537298457977 744
1584700364913 0.024008889611965685 745
1584700367153 0.023888845163905856 746
1584700369370 0.023769400938086327 747
1584700371562 0.023650553933395897 748
1584700373778 0.023532301163728918 749
1584700376021 0.023414639657910272 750
1584700378239 0.023297566459620722 751
1584700380461 0.023181078627322618 752
1584700382703 0.023065173234186005 753
1584700384902 0.022949847368015076 754
1584700387157 0.022835098131175 755
1584700389383 0.022720922640519125 756
1584700391695 0.02260731802731653 757
1584700393955 0.022494281437179946 758
1584700396198 0.022381810029994047 759
1584700398397 0.022269900979844076 760
1584700400558 0.022158551474944856 761
1584700402755 0.022047758717570132 762
1584700404954 0.021937519923982282 763
1584700407285 0.021827832324362372 764
1584700409479 0.02171869316274056 765
1584700411689 0.021610099696926857 766
1584700413941 0.021502049198442223 767
1584700416197 0.021394538952450012 768
1584700418673 0.02128756625768776 769
1584700421252 0.021181128426399323 770
1584700424172 0.021075222784267326 771
1584700426368 0.020969846670345987 772
1584700428579 0.020864997436994256 773
1584700430829 0.020760672449809284 774
1584700433028 0.020656869087560238 775
1584700435243 0.020553584742122436 776
1584700437453 0.020450816818411825 777
1584700439663 0.020348562734319765 778
1584700441866 0.020246819920648168 779
1584700444103 0.020145585821044927 780
1584700446287 0.020044857891939702 781
1584700448487 0.019944633602480003 782
1584700450717 0.019844910434467605 783
1584700452971 0.019745685882295267 784
1584700455161 0.01964695745288379 785
1584700457389 0.01954872266561937 786
1584700459597 0.019450979052291272 787
1584700461787 0.019353724157029815 788
1584700463989 0.019256955536244666 789
1584700466198 0.019160670758563442 790
1584700468399 0.019064867404770626 791
1584700470601 0.018969543067746772 792
1584700472841 0.018874695352408037 793
1584700475046 0.018780321875645996 794
1584700477247 0.018686420266267767 795
1584700479487 0.018592988164936427 796
1584700481729 0.018500023224111744 797
1584700483980 0.018407523107991184 798
1584700486200 0.01831548549245123 799
1584700488464 0.018223908064988973 800
1584700490812 0.018132788524664028 801
1584700493169 0.018042124582040707 802
1584700495438 0.017951913959130504 803
1584700497758 0.01786215438933485 804
1584700500229 0.017772843617388175 805
1584700502476 0.017683979399301233 806
1584700504686 0.017595559502304726 807
1584700506930 0.0175075817047932 808
1584700509214 0.017420043796269234 809
1584700511425 0.017332943577287888 810
1584700513610 0.01724627885940145 811
1584700515857 0.017160047465104442 812
1584700518063 0.01707424722777892 813
1584700520305 0.016988875991640028 814
1584700522491 0.016903931611681827 815
1584700524689 0.01681941195362342 816
1584700526925 0.016735314893855303 817
1584700529165 0.016651638319386028 818
1584700531382 0.0165683801277891 819
