1584698710560 300 1
1584698712841 300 2
1584698715016 300 3
1584698717261 300 4
1584698719435 300 5
1584698721626 300 6
1584698723808 300 7
1584698725982 300 8
1584698728188 300 9
1584698730440 300 10
1584698732721 300 11
1584698735304 300 12
1584698737534 300 13
1584698739775 300 14
1584698742048 300 15
1584698744371 300 16
1584698746703 300 17
1584698749227 300 18
1584698751506 300 19
1584698753702 300 20
1584698755877 300 21
1584698758053 300 22
1584698760221 300 23
1584698762399 300 24
1584698764569 300 25
1584698766727 300 26
1584698768898 300 27
1584698771085 300 28
1584698773245 300 29
1584698775401 300 30
1584698777556 300 31
1584698779736 300 32
1584698781925 300 33
1584698784155 300 34
1584698786348 300 35
1584698788516 300 36
1584698790752 300 37
1584698793015 300 38
1584698795241 300 39
1584698797436 300 40
1584698799623 300 41
1584698801791 300 42
1584698803991 300 43
1584698806215 300 44
1584698808423 300 45
1584698810647 300 46
1584698812881 300 47
1584698815121 300 48
1584698817325 300 49
1584698819508 300 50
1584698821691 300 51
1584698823898 300 52
1584698826077 300 53
1584698828247 300 54
1584698830459 300 55
1584698832631 300 56
1584698834829 300 57
1584698837030 300 58
1584698839257 300 59
1584698841759 300 60
1584698843951 300 61
1584698846176 300 62
1584698848354 300 63
1584698850579 300 64
1584698852796 300 65
1584698855023 300 66
1584698857205 300 67
1584698859516 300 68
1584698862203 300 69
1584698864742 300 70
1584698866968 300 71
1584698869433 300 72
1584698872200 300 73
1584698874402 300 74
1584698876628 300 75
1584698878867 300 76
1584698881127 300 77
1584698883341 300 78
1584698885526 300 79
1584698887694 300 80
1584698889867 300 81
1584698892063 300 82
1584698894266 300 83
1584698896479 300 84
1584698898693 300 85
1584698900863 300 86
1584698903067 300 87
1584698905246 300 88
1584698907447 300 89
1584698909603 300 90
1584698911797 300 91
1584698914404 300 92
1584698916588 300 93
1584698918747 300 94
1584698920927 300 95
1584698923674 300 96
1584698925890 300 97
1584698928104 300 98
1584698930318 300 99
1584698932492 300 100
1584698934718 300 101
1584698936945 300 102
1584698939151 300 103
1584698941401 300 104
1584698943608 300 105
1584698945825 300 106
1584698948041 300 107
1584698950215 300 108
1584698952412 300 109
1584698954601 300 110
1584698956762 300 111
1584698958990 300 112
1584698961197 300 113
1584698963379 300 114
1584698965558 300 115
1584698967746 300 116
1584698969940 300 117
1584698972150 300 118
1584698974397 300 119
1584698976583 300 120
1584698978794 300 121
1584698980993 300 122
1584698983239 300 123
1584698985603 300 124
1584698988251 300 125
1584698990496 300 126
1584698992728 300 127
1584698994912 300 128
1584698997100 300 129
1584698999288 300 130
1584699001464 300 131
1584699003738 300 132
1584699005940 300 133
1584699008297 300 134
1584699010509 300 135
1584699012726 300 136
1584699014947 300 137
1584699017147 300 138
1584699019331 300 139
1584699021517 300 140
1584699023731 300 141
1584699025926 300 142
1584699028117 300 143
1584699030318 300 144
1584699032549 300 145
1584699034906 300 146
1584699037144 300 147
1584699039409 300 148
1584699041623 300 149
1584699043855 300 150
1584699046052 300 151
1584699048240 300 152
1584699050459 300 153
1584699052660 300 154
1584699054881 300 155
1584699057097 300 156
1584699059279 300 157
1584699061468 300 158
1584699063670 300 159
1584699065900 300 160
1584699068111 300 161
1584699070335 300 162
1584699072526 300 163
1584699074730 300 164
1584699076903 300 165
1584699079112 300 166
1584699081277 300 167
1584699083463 300 168
1584699085636 300 169
1584699087825 300 170
1584699090016 300 171
1584699092191 300 172
1584699094409 300 173
1584699096606 300 174
1584699098816 300 175
1584699101023 300 176
1584699103206 300 177
1584699105422 300 178
1584699107591 300 179
1584699109787 300 180
1584699111982 300 181
1584699114168 300 182
1584699116330 300 183
1584699118533 300 184
1584699120750 300 185
1584699122958 300 186
1584699125162 300 187
1584699127343 300 188
1584699129573 300 189
1584699131781 300 190
1584699134080 300 191
1584699136361 300 192
1584699138598 300 193
1584699140842 300 194
1584699143053 300 195
1584699145254 300 196
1584699147463 300 197
1584699149656 300 198
1584699151852 300 199
1584699154273 300 200
1584699156519 300 201
1584699158768 300 202
1584699160979 300 203
1584699163185 300 204
1584699165452 300 205
1584699167670 300 206
1584699169870 300 207
1584699172094 300 208
1584699174298 300 209
1584699176530 300 210
1584699178740 300 211
1584699180947 300 212
1584699183181 300 213
1584699185364 300 214
1584699187540 300 215
1584699189745 300 216
1584699191948 300 217
1584699194124 300 218
1584699196346 300 219
1584699198530 300 220
1584699200724 300 221
1584699202905 300 222
1584699205140 300 223
1584699207321 300 224
1584699209526 300 225
1584699211763 300 226
1584699214007 300 227
1584699216217 300 228
1584699218391 300 229
1584699220594 300 230
1584699222767 300 231
1584699224977 300 232
1584699227189 300 233
1584699229393 300 234
1584699231625 300 235
1584699233803 300 236
1584699235991 300 237
1584699238186 300 238
1584699240371 300 239
1584699242598 300 240
1584699244787 300 241
1584699247004 300 242
1584699249221 300 243
1584699251473 300 244
1584699253647 300 245
1584699255853 300 246
1584699258085 300 247
1584699260303 300 248
1584699262518 300 249
1584699264718 300 250
1584699266917 300 251
1584699269118 300 252
1584699271304 300 253
1584699273872 300 254
1584699276069 300 255
1584699278254 300 256
1584699280470 300 257
1584699282704 300 258
1584699284894 300 259
1584699287204 300 260
1584699289410 300 261
1584699291655 300 262
1584699293878 300 263
1584699296090 300 264
1584699298306 300 265
1584699300508 300 266
1584699302740 300 267
1584699304957 300 268
1584699307138 300 269
1584699309319 300 270
1584699311493 300 271
1584699313720 300 272
1584699315927 300 273
1584699318134 300 274
1584699320332 300 275
1584699322527 300 276
1584699324763 300 277
1584699326989 300 278
1584699329230 300 279
1584699331453 300 280
1584699333752 300 281
1584699335981 300 282
1584699338201 300 283
1584699340416 300 284
1584699342613 300 285
1584699344824 300 286
1584699347023 300 287
1584699349235 300 288
1584699351416 300 289
1584699353611 300 290
1584699355807 300 291
1584699358030 300 292
1584699360267 300 293
1584699362469 300 294
1584699364665 300 295
1584699366874 300 296
1584699369078 300 297
1584699371264 300 298
1584699373468 300 299
1584699375675 300 300
1584699377919 300 301
1584699380123 300 302
1584699382307 300 303
1584699384546 300 304
1584699386772 300 305
1584699389005 300 306
1584699391247 300 307
1584699393498 300 308
1584699395707 300 309
1584699397902 300 310
1584699400121 300 311
1584699402309 300 312
1584699404514 300 313
1584699406748 300 314
1584699408947 300 315
1584699411182 300 316
1584699413375 300 317
1584699415570 300 318
1584699417844 300 319
1584699420109 300 320
1584699422343 300 321
1584699424588 300 322
1584699426807 300 323
1584699428984 300 324
1584699431188 300 325
1584699433357 300 326
1584699435569 300 327
1584699437766 300 328
1584699439962 300 329
1584699442133 300 330
1584699444325 300 331
1584699446527 300 332
1584699448717 300 333
1584699450950 300 334
1584699453146 300 335
1584699455441 300 336
1584699457648 300 337
1584699459849 300 338
1584699462050 300 339
1584699464256 300 340
1584699466458 300 341
1584699468656 300 342
1584699470856 300 343
1584699473050 300 344
1584699475222 300 345
1584699477423 300 346
1584699479639 300 347
1584699481887 300 348
1584699484114 300 349
1584699486391 300 350
1584699488579 300 351
1584699490795 300 352
1584699492991 300 353
1584699495201 300 354
1584699497372 300 355
1584699499597 300 356
1584699501842 300 357
1584699504038 300 358
1584699506240 300 359
1584699508460 300 360
1584699510646 300 361
1584699512937 300 362
1584699515169 300 363
1584699517360 300 364
1584699519557 300 365
1584699521893 300 366
1584699524097 300 367
1584699526311 300 368
1584699528498 300 369
1584699530716 300 370
1584699532905 300 371
1584699535110 300 372
1584699537322 300 373
1584699539524 300 374
1584699541720 300 375
1584699543934 300 376
1584699546130 300 377
1584699548336 300 378
1584699550508 300 379
1584699552737 300 380
1584699554945 300 381
1584699557128 300 382
1584699559299 300 383
1584699561479 300 384
1584699563688 300 385
1584699565907 300 386
1584699568162 300 387
1584699570345 300 388
1584699572561 300 389
1584699574809 300 390
1584699577232 300 391
1584699579424 300 392
1584699581610 300 393
1584699583827 300 394
1584699586043 300 395
1584699588398 300 396
1584699590836 300 397
1584699593186 300 398
1584699595382 300 399
1584699597562 300 400
1584699599825 300 401
1584699602098 300 402
1584699604298 300 403
1584699606486 300 404
1584699608745 300 405
1584699610939 300 406
1584699613177 300 407
1584699615386 300 408
1584699617614 300 409
1584699619879 300 410
1584699622093 300 411
1584699624297 300 412
1584699626502 300 413
1584699628731 300 414
1584699630932 300 415
1584699633517 300 416
1584699635767 300 417
1584699637956 300 418
1584699640185 300 419
1584699642407 300 420
1584699644630 300 421
1584699646829 300 422
1584699649081 300 423
1584699651274 300 424
1584699653473 300 425
1584699655680 300 426
1584699657945 300 427
1584699660144 300 428
1584699662371 300 429
1584699664571 300 430
1584699666750 300 431
1584699668957 300 432
1584699671175 300 433
1584699673394 300 434
1584699675600 300 435
1584699677819 300 436
1584699680005 300 437
1584699682196 300 438
1584699684391 300 439
1584699686565 300 440
1584699688773 300 441
1584699691134 300 442
1584699693382 300 443
1584699695612 300 444
1584699697822 300 445
1584699700005 300 446
1584699702191 300 447
1584699704408 300 448
1584699706581 300 449
1584699708784 300 450
1584699710992 300 451
1584699713221 300 452
1584699715611 300 453
1584699717795 300 454
1584699720003 300 455
1584699722229 300 456
1584699724449 300 457
1584699726655 300 458
1584699728881 300 459
1584699731084 300 460
1584699733292 300 461
1584699735480 300 462
1584699737685 300 463
1584699739891 300 464
1584699742114 300 465
1584699744296 300 466
1584699746522 300 467
1584699748733 300 468
1584699750961 300 469
1584699753293 300 470
1584699755554 300 471
1584699757775 300 472
1584699759982 300 473
1584699762198 300 474
1584699764409 300 475
1584699766613 300 476
1584699768815 300 477
1584699771020 300 478
1584699773229 300 479
1584699775432 300 480
1584699777637 300 481
1584699779857 300 482
1584699782070 300 483
1584699784272 300 484
1584699786461 300 485
1584699788674 300 486
1584699790879 300 487
1584699793088 300 488
1584699795309 300 489
1584699797563 300 490
1584699799787 300 491
1584699802007 300 492
1584699804221 300 493
1584699806447 300 494
1584699808660 300 495
1584699810886 300 496
1584699813230 300 497
1584699815444 300 498
1584699817664 300 499
1584699819899 300 500
1584699822194 300 501
1584699824398 300 502
1584699826593 300 503
1584699828817 300 504
1584699831015 300 505
1584699833226 300 506
1584699835406 300 507
1584699837604 300 508
1584699839830 300 509
1584699842207 300 510
1584699844433 300 511
1584699846640 300 512
1584699848864 300 513
1584699851100 300 514
1584699853322 300 515
1584699855506 300 516
1584699857700 300 517
1584699859922 300 518
1584699862129 300 519
1584699864317 300 520
1584699866503 300 521
1584699868704 300 522
1584699870928 300 523
1584699873236 300 524
1584699875455 300 525
1584699877656 300 526
1584699879860 300 527
1584699882092 300 528
1584699884286 300 529
1584699886472 300 530
1584699888692 300 531
1584699890912 300 532
1584699893146 300 533
1584699895326 300 534
1584699897538 300 535
1584699899755 300 536
1584699902110 300 537
1584699904320 300 538
1584699906609 300 539
1584699908969 300 540
1584699911202 300 541
1584699913447 300 542
1584699915681 300 543
1584699917888 300 544
1584699920128 300 545
1584699922354 300 546
1584699924566 300 547
1584699926784 300 548
1584699928984 300 549
1584699931206 300 550
1584699933461 300 551
1584699935681 300 552
1584699937907 300 553
1584699940146 300 554
1584699942375 300 555
1584699944597 300 556
1584699946793 300 557
1584699949024 300 558
1584699951271 300 559
1584699953484 300 560
1584699955679 300 561
1584699957880 300 562
1584699960103 300 563
1584699962300 300 564
1584699964488 300 565
1584699966676 300 566
1584699968887 300 567
1584699971160 300 568
1584699973362 300 569
1584699975582 300 570
1584699977808 300 571
1584699979980 300 572
1584699982240 300 573
1584699984436 300 574
1584699986648 300 575
1584699988862 300 576
1584699991072 300 577
1584699993567 300 578
1584699995779 300 579
1584699997975 300 580
1584700000187 300 581
1584700002363 300 582
1584700004642 300 583
1584700006889 300 584
1584700009092 300 585
1584700011285 300 586
1584700013458 300 587
1584700015715 300 588
1584700017924 300 589
1584700020119 300 590
1584700022296 300 591
1584700024478 300 592
1584700026680 300 593
1584700028898 300 594
1584700031134 300 595
1584700033348 300 596
1584700035550 300 597
1584700037780 300 598
1584700040047 300 599
1584700042252 300 600
1584700044505 300 601
1584700046711 300 602
1584700048919 300 603
1584700051185 300 604
1584700053426 300 605
1584700055639 300 606
1584700057862 300 607
1584700060098 300 608
1584700062310 300 609
1584700064500 300 610
1584700066799 300 611
1584700069014 300 612
1584700071209 300 613
1584700073379 300 614
1584700075614 300 615
1584700077826 300 616
1584700080060 300 617
1584700082260 300 618
1584700084458 300 619
1584700086669 300 620
1584700088897 300 621
1584700091107 300 622
1584700093324 300 623
1584700095561 300 624
1584700097762 300 625
1584700099978 300 626
1584700102308 300 627
1584700104549 300 628
1584700106760 300 629
1584700108961 300 630
1584700111186 300 631
1584700113410 300 632
1584700115641 300 633
1584700117867 300 634
1584700120086 300 635
1584700122259 300 636
1584700124454 300 637
1584700126675 300 638
1584700128890 300 639
1584700131154 300 640
1584700133383 300 641
1584700135581 300 642
1584700137852 300 643
1584700140169 300 644
1584700142393 300 645
1584700144582 300 646
1584700146775 300 647
1584700148985 300 648
1584700151217 300 649
1584700153423 300 650
1584700155639 300 651
1584700157845 300 652
1584700160066 300 653
1584700162279 300 654
1584700164483 300 655
1584700166704 300 656
1584700168945 300 657
1584700171169 300 658
1584700173449 300 659
1584700175652 300 660
1584700177850 300 661
1584700180080 300 662
1584700182288 300 663
1584700184517 300 664
1584700186705 300 665
1584700188932 300 666
1584700191106 300 667
1584700193291 300 668
1584700195494 300 669
1584700197731 300 670
1584700200006 300 671
1584700202225 300 672
1584700204445 300 673
1584700206630 300 674
1584700208824 300 675
1584700211061 300 676
1584700213276 300 677
1584700215512 300 678
1584700217733 300 679
1584700219932 300 680
1584700222184 300 681
1584700224401 300 682
1584700226597 300 683
1584700228844 300 684
1584700231077 300 685
1584700233455 300 686
1584700235704 300 687
1584700237918 300 688
1584700240137 300 689
1584700242375 300 690
1584700244575 300 691
1584700246959 300 692
1584700249235 300 693
1584700251529 300 694
1584700254017 300 695
1584700256267 300 696
1584700258504 300 697
1584700260746 300 698
1584700262933 300 699
1584700265132 300 700
1584700267430 300 701
1584700269665 300 702
1584700271914 300 703
1584700274145 300 704
1584700276322 300 705
1584700278527 300 706
1584700280719 300 707
1584700282884 300 708
1584700285096 300 709
1584700287296 300 710
1584700289517 300 711
1584700291692 300 712
1584700294033 300 713
1584700296340 300 714
1584700298538 300 715
1584700300745 300 716
1584700302931 300 717
1584700305146 300 718
1584700307373 300 719
1584700309618 300 720
1584700311803 300 721
1584700314007 300 722
1584700316208 300 723
1584700318384 300 724
1584700320577 300 725
1584700322796 300 726
1584700325009 300 727
1584700327299 300 728
1584700329481 300 729
1584700331680 300 730
1584700333890 300 731
1584700336102 300 732
1584700338307 300 733
1584700340520 300 734
1584700342758 300 735
1584700344941 300 736
1584700347153 300 737
1584700349379 300 738
1584700351599 300 739
1584700353880 300 740
1584700356095 300 741
1584700358299 300 742
1584700360469 300 743
1584700362671 300 744
1584700364913 300 745
1584700367153 300 746
1584700369370 300 747
1584700371562 300 748
1584700373778 300 749
1584700376021 300 750
1584700378239 300 751
1584700380461 300 752
1584700382703 300 753
1584700384902 300 754
1584700387157 300 755
1584700389383 300 756
1584700391695 300 757
1584700393955 300 758
1584700396198 300 759
1584700398397 300 760
1584700400558 300 761
1584700402755 300 762
1584700404954 300 763
1584700407285 300 764
1584700409479 300 765
1584700411689 300 766
1584700413941 300 767
1584700416197 300 768
1584700418673 300 769
1584700421252 300 770
1584700424172 300 771
1584700426368 300 772
1584700428579 300 773
1584700430829 300 774
1584700433028 300 775
1584700435243 300 776
1584700437453 300 777
1584700439663 300 778
1584700441866 300 779
1584700444103 300 780
1584700446287 300 781
1584700448487 300 782
1584700450717 300 783
1584700452971 300 784
1584700455161 300 785
1584700457389 300 786
1584700459597 300 787
1584700461787 300 788
1584700463989 300 789
1584700466198 300 790
1584700468399 300 791
1584700470601 300 792
1584700472841 300 793
1584700475046 300 794
1584700477247 300 795
1584700479487 300 796
1584700481729 300 797
1584700483980 300 798
1584700486200 300 799
1584700488464 300 800
1584700490812 300 801
1584700493169 300 802
1584700495438 300 803
1584700497758 300 804
1584700500229 300 805
1584700502476 300 806
1584700504686 300 807
1584700506930 300 808
1584700509214 300 809
1584700511425 300 810
1584700513610 300 811
1584700515857 300 812
1584700518063 300 813
1584700520305 300 814
1584700522491 300 815
1584700524689 300 816
1584700526925 300 817
1584700529165 300 818
1584700531382 300 819
