1584635214041 1 1
1584635216555 1 2
1584635219207 1 3
1584635221650 1 4
1584635224221 1 5
1584635226602 1 6
1584635229331 1 7
1584635231649 1 8
1584635234420 1 9
1584635236900 1 10
1584635239392 1 11
1584635241998 1 12
1584635244923 1 13
1584635247336 1 14
1584635249790 1 15
1584635252383 1 16
1584635256549 1 17
1584635258924 1 18
1584635262462 1 19
1584635265284 1 20
1584635267724 1 21
1584635269851 1 22
1584635272003 1 23
1584635274185 1 24
1584635276335 1 25
1584635278712 1 26
1584635281122 1 27
1584635283251 1 28
1584635285379 1 29
1584635287485 1 30
1584635289646 1 31
1584635291769 1 32
1584635293921 1 33
1584635296059 1 34
1584635298164 1 35
1584635300343 1 36
1584635302472 1 37
1584635305425 1 38
1584635309173 1 39
1584635311645 1 40
1584635314135 1 41
1584635317747 1 42
1584635319944 1 43
1584635322108 1 44
1584635324233 1 45
1584635326385 1 46
1584635328519 1 47
1584635330684 1 48
1584635332935 1 49
1584635335100 1 50
1584635337287 1 51
1584635339464 1 52
1584635341665 1 53
1584635344167 1 54
1584635346318 1 55
1584635349487 1 56
1584635352191 1 57
1584635354719 1 58
1584635358953 1 59
1584635362725 1 60
1584635365876 1 61
1584635368667 1 62
1584635371487 1 63
1584635374683 1 64
1584635378022 1 65
1584635380650 1 66
1584635383073 1 67
1584635386538 1 68
1584635390171 1 69
1584635394479 1 70
1584635397684 1 71
1584635400586 1 72
1584635403911 1 73
1584635406089 1 74
1584635408350 1 75
1584635410639 1 76
1584635412845 1 77
1584635415081 1 78
1584635417393 1 79
1584635419639 1 80
1584635421957 1 81
1584635424316 1 82
1584635426645 1 83
1584635429232 1 84
1584635431457 1 85
1584635433640 1 86
1584635436035 1 87
1584635438263 1 88
1584635440583 1 89
1584635442744 1 90
1584635444916 1 91
1584635447089 1 92
1584635449654 1 93
1584635452926 1 94
1584635456135 1 95
1584635459494 1 96
1584635463120 1 97
1584635465983 1 98
1584635468650 1 99
1584635472300 1 100
1584635475577 1 101
1584635477998 1 102
1584635480576 1 103
1584635483819 1 104
1584635487099 1 105
1584635489725 1 106
1584635492602 1 107
1584635495215 1 108
1584635497784 1 109
1584635500354 1 110
1584635503980 1 111
1584635510371 1 112
1584635516525 1 113
1584635521239 1 114
1584635524324 1 115
1584635529487 1 116
1584635532583 1 117
1584635535234 1 118
1584635539052 1 119
1584635545738 1 120
1584635554353 1 121
1584635562562 1 122
1584635570261 1 123
1584635576283 1 124
1584635582773 1 125
1584635589969 1 126
1584635597711 1 127
1584635601439 1 128
1584635606106 1 129
1584635610001 1 130
1584635614895 1 131
1584635621649 1 132
1584635628522 1 133
1584635632865 1 134
1584635636767 1 135
1584635640869 1 136
1584635645065 1 137
1584635649145 1 138
1584635653916 1 139
1584635660389 1 140
1584635664867 1 141
1584635668263 1 142
1584635672006 1 143
1584635676349 1 144
1584635680860 1 145
1584635684688 1 146
1584635688221 1 147
1584635691590 1 148
1584635694674 1 149
1584635698464 1 150
1584635702271 1 151
1584635706039 1 152
1584635709108 1 153
1584635712547 1 154
1584635717559 1 155
1584635722359 1 156
1584635725624 1 157
1584635730225 1 158
1584635733618 1 159
1584635738609 1 160
1584635743586 1 161
1584635746791 1 162
1584635750161 1 163
1584635754659 1 164
1584635758393 1 165
1584635761871 1 166
1584635765740 1 167
1584635768950 1 168
1584635771903 1 169
1584635775080 1 170
1584635778614 1 171
1584635782112 1 172
1584635785164 1 173
1584635788297 1 174
1584635794207 1 175
1584635797142 1 176
1584635800293 1 177
1584635803554 1 178
1584635806992 1 179
1584635810073 1 180
1584635813120 1 181
1584635816160 1 182
1584635819534 1 183
1584635824640 1 184
1584635828294 1 185
1584635832092 1 186
1584635835270 1 187
1584635838780 1 188
1584635842443 1 189
1584635846076 1 190
1584635849357 1 191
1584635853623 1 192
1584635857189 1 193
1584635860948 1 194
1584635864204 1 195
1584635867350 1 196
1584635870465 1 197
1584635873668 1 198
1584635876739 1 199
1584635879561 1 200
1584635883237 1 201
1584635886567 1 202
1584635889625 1 203
1584635893060 1 204
1584635896423 1 205
1584635899408 1 206
1584635905099 1 207
1584635907940 1 208
1584635910819 1 209
1584635913956 1 210
1584635917160 1 211
1584635920115 1 212
1584635923638 1 213
1584635926525 1 214
1584635930035 1 215
1584635933085 1 216
1584635936096 1 217
1584635939027 1 218
1584635942085 1 219
1584635946062 1 220
1584635948861 1 221
1584635951815 1 222
1584635954766 1 223
1584635957758 1 224
1584635961842 1 225
1584635964755 1 226
1584635967887 1 227
1584635972056 1 228
1584635976648 1 229
1584635982177 1 230
1584635989057 1 231
1584635992711 1 232
1584635997217 1 233
1584636001042 1 234
1584636005096 1 235
1584636008802 1 236
1584636012386 1 237
1584636016111 1 238
1584636020223 1 239
1584636024196 1 240
1584636029047 1 241
1584636033134 1 242
1584636036551 1 243
1584636040207 1 244
1584636043344 1 245
1584636046622 1 246
1584636050139 1 247
1584636053417 1 248
1584636056814 1 249
1584636060669 1 250
1584636064627 1 251
1584636068072 1 252
1584636071408 1 253
1584636075036 1 254
1584636078732 1 255
1584636081950 1 256
1584636085484 1 257
1584636088698 1 258
1584636094041 1 259
1584636097222 1 260
1584636100203 1 261
1584636103446 1 262
1584636106356 1 263
1584636109304 1 264
1584636112300 1 265
1584636115401 1 266
1584636118509 1 267
1584636123163 1 268
1584636126639 1 269
1584636130468 1 270
1584636133704 1 271
1584636137177 1 272
1584636140673 1 273
1584636144018 1 274
1584636147421 1 275
1584636150995 1 276
1584636154381 1 277
1584636157656 1 278
1584636161228 1 279
1584636164797 1 280
1584636170293 1 281
1584636176884 1 282
1584636182951 1 283
1584636186658 1 284
1584636190169 1 285
1584636193495 1 286
1584636197082 1 287
1584636200446 1 288
1584636204375 1 289
1584636207739 1 290
1584636211249 1 291
1584636214700 1 292
1584636218070 1 293
1584636222254 1 294
1584636225878 1 295
1584636230230 1 296
1584636233739 1 297
1584636237156 1 298
1584636240715 1 299
1584636244757 1 300
1584636248909 1 301
1584636255350 1 302
1584636258804 1 303
1584636262483 1 304
1584636266020 1 305
1584636269482 1 306
1584636273150 1 307
1584636276449 1 308
1584636279756 1 309
1584636283326 1 310
1584636286670 1 311
1584636290176 1 312
1584636293668 1 313
1584636297033 1 314
1584636300430 1 315
1584636306147 1 316
1584636310299 1 317
1584636317158 1 318
1584636323302 1 319
1584636327876 1 320
1584636333367 1 321
1584636337183 1 322
1584636340294 1 323
1584636344131 1 324
1584636348089 1 325
1584636351354 1 326
1584636354606 1 327
1584636357764 1 328
1584636361127 1 329
1584636364520 1 330
1584636368188 1 331
1584636371571 1 332
1584636374755 1 333
1584636378091 1 334
1584636381592 1 335
1584636384632 1 336
1584636387667 1 337
1584636391342 1 338
1584636395005 1 339
1584636398337 1 340
1584636401820 1 341
1584636406449 1 342
1584636410163 1 343
1584636413751 1 344
1584636418346 1 345
1584636422978 1 346
1584636427782 1 347
1584636433743 1 348
1584636438517 1 349
1584636442320 1 350
1584636446809 1 351
1584636449955 1 352
1584636453086 1 353
1584636456250 1 354
1584636459751 1 355
1584636463005 1 356
1584636466010 1 357
1584636469192 1 358
1584636472315 1 359
1584636475701 1 360
1584636479132 1 361
1584636482798 1 362
1584636486296 1 363
1584636489674 1 364
1584636493331 1 365
1584636496639 1 366
1584636499731 1 367
1584636502943 1 368
1584636506384 1 369
1584636509479 1 370
1584636512822 1 371
1584636516277 1 372
1584636519563 1 373
1584636522909 1 374
1584636525871 1 375
1584636529515 1 376
1584636532665 1 377
1584636535965 1 378
1584636539082 1 379
1584636542412 1 380
1584636545706 1 381
1584636549117 1 382
1584636552795 1 383
1584636556005 1 384
1584636559200 1 385
1584636562372 1 386
1584636565358 1 387
1584636568478 1 388
1584636571688 1 389
1584636575157 1 390
1584636578523 1 391
1584636582194 1 392
1584636587870 1 393
1584636591389 1 394
1584636594673 1 395
1584636597786 1 396
1584636601232 1 397
1584636604965 1 398
1584636608889 1 399
1584636616422 1 400
1584636621625 1 401
1584636624876 1 402
1584636629808 1 403
1584636634088 1 404
1584636637696 1 405
1584636640888 1 406
1584636645156 1 407
1584636649037 1 408
1584636653613 1 409
1584636658486 1 410
1584636664975 1 411
1584636669221 1 412
1584636674014 1 413
1584636677035 1 414
1584636680427 1 415
1584636684981 1 416
1584636689072 1 417
1584636693466 1 418
1584636697070 1 419
1584636701261 1 420
1584636705484 1 421
1584636711478 1 422
1584636715389 1 423
1584636718771 1 424
1584636723711 1 425
1584636729895 1 426
1584636733360 1 427
1584636736554 1 428
1584636739730 1 429
1584636742893 1 430
1584636746435 1 431
1584636749703 1 432
1584636753747 1 433
1584636760817 1 434
1584636764072 1 435
1584636767337 1 436
1584636770813 1 437
1584636774124 1 438
1584636777890 1 439
1584636781510 1 440
1584636787945 1 441
1584636795052 1 442
1584636799327 1 443
1584636803130 1 444
1584636806583 1 445
1584636809994 1 446
1584636813663 1 447
1584636817050 1 448
1584636820673 1 449
1584636824242 1 450
1584636828792 1 451
1584636832441 1 452
1584636835985 1 453
1584636839354 1 454
1584636842989 1 455
1584636847260 1 456
1584636851094 1 457
1584636854363 1 458
1584636857677 1 459
1584636861160 1 460
1584636864271 1 461
1584636869287 1 462
1584636872895 1 463
1584636878704 1 464
1584636883630 1 465
1584636889059 1 466
1584636893717 1 467
1584636897252 1 468
1584636902328 1 469
1584636907000 1 470
1584636910348 1 471
1584636913724 1 472
1584636917358 1 473
1584636921723 1 474
1584636926411 1 475
1584636930682 1 476
1584636934525 1 477
1584636938535 1 478
1584636942018 1 479
1584636946001 1 480
1584636949972 1 481
1584636953300 1 482
1584636956571 1 483
1584636959821 1 484
1584636964072 1 485
1584636968018 1 486
1584636973041 1 487
1584636976672 1 488
1584636980622 1 489
1584636985278 1 490
1584636991853 1 491
1584636997442 1 492
1584637001825 1 493
1584637005857 1 494
1584637010244 1 495
1584637014119 1 496
1584637017828 1 497
1584637021399 1 498
1584637026737 1 499
1584637031400 1 500
1584637035543 1 501
1584637039524 1 502
1584637043125 1 503
1584637046814 1 504
1584637050203 1 505
1584637053405 1 506
1584637056698 1 507
1584637059824 1 508
1584637063639 1 509
1584637066863 1 510
1584637070319 1 511
1584637073412 1 512
1584637076674 1 513
1584637080021 1 514
1584637083544 1 515
1584637087029 1 516
1584637090059 1 517
1584637093211 1 518
1584637096300 1 519
1584637099516 1 520
1584637102665 1 521
1584637105836 1 522
1584637109156 1 523
1584637113062 1 524
1584637116234 1 525
1584637121103 1 526
1584637125077 1 527
1584637132497 1 528
1584637141620 1 529
1584637150248 1 530
1584637159207 1 531
1584637167436 1 532
1584637173170 1 533
1584637182916 1 534
1584637191744 1 535
1584637200958 1 536
1584637206042 1 537
1584637211038 1 538
1584637217736 1 539
1584637222777 1 540
1584637227424 1 541
1584637232557 1 542
1584637237056 1 543
1584637240255 1 544
1584637243938 1 545
1584637247245 1 546
1584637250816 1 547
1584637254576 1 548
1584637258088 1 549
1584637261965 1 550
1584637265934 1 551
1584637272849 1 552
1584637277799 1 553
1584637283945 1 554
1584637289480 1 555
1584637295379 1 556
1584637301035 1 557
1584637305705 1 558
1584637311307 1 559
1584637317120 1 560
1584637321002 1 561
1584637324912 1 562
1584637328215 1 563
1584637332134 1 564
1584637338531 1 565
1584637342521 1 566
1584637346188 1 567
1584637349420 1 568
1584637353120 1 569
1584637356547 1 570
1584637360112 1 571
1584637363940 1 572
1584637367444 1 573
1584637371836 1 574
1584637375359 1 575
1584637379131 1 576
1584637383084 1 577
1584637386951 1 578
1584637390764 1 579
1584637394339 1 580
1584637397885 1 581
1584637401861 1 582
1584637407178 1 583
1584637412779 1 584
1584637420346 1 585
1584637427327 1 586
1584637431634 1 587
1584637434953 1 588
1584637439819 1 589
1584637444113 1 590
1584637448859 1 591
1584637454743 1 592
1584637457040 1 593
1584637460732 1 594
1584637465273 1 595
1584637468817 1 596
1584637475988 1 597
1584637481710 1 598
1584637485910 1 599
1584637493137 1 600
1584637497797 1 601
1584637501150 1 602
1584637504304 1 603
1584637509241 1 604
1584637513380 1 605
1584637521513 1 606
1584637527547 1 607
1584637532155 1 608
1584637536117 1 609
1584637539753 1 610
1584637544764 1 611
1584637550714 1 612
1584637557905 1 613
1584637563013 1 614
1584637569843 1 615
1584637575678 1 616
1584637580777 1 617
1584637584243 1 618
1584637587155 1 619
1584637589742 1 620
1584637592991 1 621
1584637595986 1 622
1584637601689 1 623
1584637606532 1 624
1584637611315 1 625
1584637615213 1 626
1584637620894 1 627
1584637625302 1 628
1584637630624 1 629
1584637634246 1 630
1584637638622 1 631
1584637641858 1 632
1584637644974 1 633
1584637648700 1 634
1584637651834 1 635
1584637655523 1 636
1584637659147 1 637
1584637663089 1 638
1584637666327 1 639
1584637669771 1 640
1584637673084 1 641
1584637677028 1 642
1584637680331 1 643
1584637683444 1 644
1584637686762 1 645
1584637689979 1 646
1584637693216 1 647
1584637696626 1 648
1584637700084 1 649
1584637703488 1 650
1584637707372 1 651
1584637710717 1 652
1584637714282 1 653
1584637720953 1 654
1584637724839 1 655
1584637728148 1 656
1584637731695 1 657
1584637737801 1 658
1584637742106 1 659
1584637745305 1 660
1584637748481 1 661
1584637751953 1 662
1584637755313 1 663
1584637758788 1 664
1584637762122 1 665
1584637765602 1 666
1584637769038 1 667
1584637772311 1 668
1584637775507 1 669
1584637778763 1 670
1584637781952 1 671
1584637786383 1 672
1584637789369 1 673
1584637794266 1 674
1584637797648 1 675
1584637800840 1 676
1584637804004 1 677
1584637807113 1 678
1584637810113 1 679
1584637813148 1 680
1584637816298 1 681
1584637819244 1 682
1584637822388 1 683
1584637825659 1 684
1584637828822 1 685
1584637832253 1 686
1584637835551 1 687
1584637839938 1 688
1584637847084 1 689
1584637853274 1 690
1584637859087 1 691
1584637866350 1 692
1584637871905 1 693
1584637875315 1 694
1584637880073 1 695
1584637885090 1 696
1584637888265 1 697
1584637892911 1 698
1584637896362 1 699
1584637901404 1 700
1584637905206 1 701
1584637908442 1 702
1584637911600 1 703
1584637914795 1 704
1584637918123 1 705
1584637921516 1 706
1584637925063 1 707
1584637928424 1 708
1584637931995 1 709
1584637935317 1 710
1584637939887 1 711
1584637943228 1 712
1584637946694 1 713
1584637950205 1 714
1584637954354 1 715
1584637957663 1 716
1584637961115 1 717
1584637965228 1 718
1584637969232 1 719
1584637973226 1 720
1584637976608 1 721
1584637979928 1 722
1584637983247 1 723
1584637987550 1 724
1584637990833 1 725
1584637994098 1 726
1584637997186 1 727
1584638000718 1 728
1584638004170 1 729
1584638007624 1 730
1584638010962 1 731
1584638014736 1 732
1584638017840 1 733
1584638021218 1 734
1584638028308 1 735
1584638036118 1 736
1584638040407 1 737
1584638043810 1 738
1584638047489 1 739
1584638051871 1 740
1584638055571 1 741
1584638059808 1 742
1584638063843 1 743
1584638067371 1 744
1584638072051 1 745
1584638075428 1 746
1584638078939 1 747
1584638082321 1 748
1584638086368 1 749
1584638089882 1 750
1584638093368 1 751
1584638099183 1 752
1584638104670 1 753
1584638108233 1 754
1584638111607 1 755
1584638115229 1 756
1584638118404 1 757
1584638121821 1 758
1584638125222 1 759
1584638129558 1 760
1584638133042 1 761
1584638136744 1 762
1584638140502 1 763
1584638144049 1 764
1584638148255 1 765
1584638154216 1 766
1584638161202 1 767
1584638168039 1 768
1584638172882 1 769
1584638177347 1 770
1584638180621 1 771
1584638185042 1 772
1584638188256 1 773
1584638191429 1 774
1584638194601 1 775
1584638197786 1 776
1584638201876 1 777
1584638204960 1 778
1584638208112 1 779
1584638211824 1 780
1584638215157 1 781
1584638219091 1 782
1584638222402 1 783
1584638225462 1 784
1584638228509 1 785
1584638231666 1 786
1584638234757 1 787
1584638238523 1 788
1584638241763 1 789
1584638245213 1 790
1584638248396 1 791
1584638251686 1 792
1584638254985 1 793
1584638258383 1 794
1584638261352 1 795
1584638264252 1 796
1584638267167 1 797
1584638270274 1 798
1584638273014 1 799
1584638276178 1 800
1584638280019 1 801
1584638283260 1 802
1584638286449 1 803
1584638289779 1 804
1584638292848 1 805
1584638295912 1 806
1584638299054 1 807
1584638302188 1 808
1584638305419 1 809
1584638308555 1 810
1584638311749 1 811
1584638314839 1 812
1584638318303 1 813
1584638321289 1 814
1584638324626 1 815
1584638327828 1 816
1584638330727 1 817
1584638333799 1 818
1584638337537 1 819
1584638340981 1 820
1584638344131 1 821
1584638347184 1 822
1584638350034 1 823
1584638353345 1 824
1584638356301 1 825
1584638359714 1 826
1584638362972 1 827
1584638367631 1 828
1584638372375 1 829
1584638377089 1 830
1584638382072 1 831
1584638387258 1 832
1584638392129 1 833
1584638395535 1 834
1584638398887 1 835
1584638405138 1 836
1584638408635 1 837
1584638413746 1 838
1584638418447 1 839
1584638421832 1 840
1584638425099 1 841
1584638428459 1 842
1584638432739 1 843
1584638436761 1 844
1584638440712 1 845
1584638445790 1 846
1584638450071 1 847
1584638455685 1 848
1584638458739 1 849
1584638461763 1 850
1584638465011 1 851
1584638468212 1 852
1584638473778 1 853
1584638480069 1 854
1584638485298 1 855
1584638491687 1 856
1584638499632 1 857
1584638506301 1 858
1584638513692 1 859
1584638518724 1 860
1584638523756 1 861
1584638529243 1 862
1584638534066 1 863
1584638539416 1 864
1584638544304 1 865
1584638549791 1 866
1584638556954 1 867
1584638562970 1 868
1584638569352 1 869
1584638573461 1 870
1584638577464 1 871
1584638581191 1 872
1584638585147 1 873
1584638591089 1 874
1584638597558 1 875
1584638603385 1 876
1584638607080 1 877
1584638610470 1 878
1584638617162 1 879
1584638620700 1 880
1584638624696 1 881
1584638628058 1 882
1584638631629 1 883
1584638634843 1 884
1584638638909 1 885
1584638642554 1 886
1584638645910 1 887
1584638649162 1 888
1584638652350 1 889
1584638655571 1 890
1584638658831 1 891
1584638662181 1 892
1584638665653 1 893
1584638668780 1 894
1584638672251 1 895
1584638675427 1 896
1584638678827 1 897
1584638682089 1 898
1584638685726 1 899
1584638689335 1 900
1584638693457 1 901
1584638697044 1 902
1584638700210 1 903
1584638705618 1 904
1584638709201 1 905
1584638714033 1 906
1584638717375 1 907
1584638720806 1 908
1584638724169 1 909
1584638728048 1 910
1584638733874 1 911
1584638737818 1 912
1584638741506 1 913
1584638744401 1 914
1584638747749 1 915
1584638754272 1 916
1584638759695 1 917
1584638763589 1 918
1584638767794 1 919
1584638772280 1 920
1584638776457 1 921
1584638780899 1 922
1584638785133 1 923
1584638789178 1 924
1584638794573 1 925
1584638798647 1 926
1584638804070 1 927
1584638807449 1 928
1584638811126 1 929
1584638816622 1 930
1584638821558 1 931
1584638827034 1 932
1584638831808 1 933
1584638835966 1 934
1584638840130 1 935
1584638843513 1 936
1584638848022 1 937
1584638853526 1 938
1584638858526 1 939
1584638862252 1 940
1584638866123 1 941
1584638872207 1 942
1584638875526 1 943
1584638878984 1 944
1584638882266 1 945
1584638885461 1 946
1584638889042 1 947
1584638892407 1 948
1584638895663 1 949
1584638899632 1 950
1584638905856 1 951
1584638911348 1 952
1584638917414 1 953
1584638925638 1 954
1584638929524 1 955
1584638933264 1 956
1584638937393 1 957
1584638941825 1 958
1584638945560 1 959
1584638948810 1 960
1584638952478 1 961
1584638955933 1 962
1584638959525 1 963
1584638963005 1 964
1584638967634 1 965
1584638973515 1 966
1584638977053 1 967
1584638980352 1 968
1584638984689 1 969
1584638990409 1 970
1584638995324 1 971
1584639000068 1 972
1584639004742 1 973
1584639009793 1 974
1584639012916 1 975
1584639016445 1 976
1584639020032 1 977
1584639023773 1 978
1584639027251 1 979
1584639030429 1 980
1584639036315 1 981
1584639042493 1 982
1584639048934 1 983
1584639053064 1 984
1584639058209 1 985
1584639063677 1 986
1584639068197 1 987
1584639074423 1 988
1584639081876 1 989
1584639090199 1 990
1584639094366 1 991
1584639098519 1 992
1584639102388 1 993
1584639105751 1 994
1584639108926 1 995
1584639112598 1 996
1584639119482 1 997
1584639123385 1 998
1584639126916 1 999
1584639130358 1 1000
1584639134089 1 1001
1584639140220 1 1002
1584639145239 1 1003
1584639148600 1 1004
1584639152831 1 1005
1584639157114 1 1006
1584639161853 1 1007
1584639166943 1 1008
1584639170510 1 1009
1584639174433 1 1010
1584639178329 1 1011
1584639181987 1 1012
1584639185406 1 1013
1584639190048 1 1014
1584639198519 1 1015
1584639206940 1 1016
1584639216488 1 1017
1584639226845 1 1018
1584639236210 1 1019
1584639245586 1 1020
1584639256294 1 1021
1584639266424 1 1022
1584639275626 1 1023
1584639283758 1 1024
1584639290155 1 1025
1584639294145 1 1026
1584639296909 1 1027
1584639299932 1 1028
1584639303263 1 1029
1584639305933 1 1030
1584639308616 1 1031
1584639311037 1 1032
1584639313328 1 1033
1584639315884 1 1034
1584639318352 1 1035
1584639321008 1 1036
1584639323677 1 1037
1584639325926 1 1038
1584639328315 1 1039
1584639331104 1 1040
1584639333385 1 1041
1584639335640 1 1042
1584639338087 1 1043
1584639340852 1 1044
1584639343601 1 1045
1584639346306 1 1046
1584639348666 1 1047
1584639351044 1 1048
1584639354004 1 1049
1584639356476 1 1050
1584639358815 1 1051
1584639362695 1 1052
1584639366062 1 1053
1584639368777 1 1054
1584639371135 1 1055
1584639373521 1 1056
1584639376616 1 1057
1584639381179 1 1058
1584639383932 1 1059
1584639387347 1 1060
1584639390380 1 1061
1584639393162 1 1062
1584639396959 1 1063
1584639399665 1 1064
1584639403381 1 1065
1584639408402 1 1066
1584639413459 1 1067
1584639417590 1 1068
1584639420489 1 1069
1584639423987 1 1070
1584639427053 1 1071
1584639429583 1 1072
1584639432351 1 1073
1584639435941 1 1074
1584639438569 1 1075
1584639440946 1 1076
1584639443531 1 1077
1584639446337 1 1078
1584639449009 1 1079
1584639452946 1 1080
1584639455861 1 1081
1584639458819 1 1082
1584639461330 1 1083
1584639463577 1 1084
1584639466138 1 1085
1584639468860 1 1086
1584639471835 1 1087
1584639476221 1 1088
1584639478804 1 1089
1584639481605 1 1090
1584639484793 1 1091
1584639487566 1 1092
1584639490295 1 1093
1584639493164 1 1094
1584639495779 1 1095
1584639498357 1 1096
1584639500904 1 1097
1584639503667 1 1098
1584639506144 1 1099
1584639508371 1 1100
1584639511097 1 1101
1584639513661 1 1102
1584639516320 1 1103
1584639518639 1 1104
1584639520926 1 1105
1584639523173 1 1106
1584639525476 1 1107
1584639527690 1 1108
1584639529910 1 1109
1584639532137 1 1110
1584639534520 1 1111
1584639536775 1 1112
1584639539043 1 1113
1584639542980 1 1114
1584639547134 1 1115
1584639551440 1 1116
1584639553666 1 1117
1584639555835 1 1118
1584639558076 1 1119
1584639560288 1 1120
1584639562600 1 1121
1584639564845 1 1122
1584639567084 1 1123
1584639569335 1 1124
1584639571642 1 1125
1584639573868 1 1126
1584639576444 1 1127
1584639579510 1 1128
1584639582476 1 1129
1584639584735 1 1130
1584639587007 1 1131
1584639589302 1 1132
1584639592486 1 1133
1584639595660 1 1134
1584639601249 1 1135
1584639607545 1 1136
1584639613995 1 1137
1584639619312 1 1138
1584639622636 1 1139
1584639625736 1 1140
1584639629131 1 1141
1584639634688 1 1142
1584639641241 1 1143
1584639647836 1 1144
1584639654478 1 1145
1584639658430 1 1146
1584639663376 1 1147
1584639666866 1 1148
1584639670389 1 1149
1584639673089 1 1150
1584639675527 1 1151
1584639677945 1 1152
1584639680865 1 1153
1584639683488 1 1154
1584639687046 1 1155
1584639689277 1 1156
1584639691499 1 1157
1584639693703 1 1158
1584639695966 1 1159
1584639698240 1 1160
1584639700443 1 1161
1584639702661 1 1162
1584639704867 1 1163
1584639707092 1 1164
1584639709280 1 1165
1584639711530 1 1166
1584639713765 1 1167
1584639716056 1 1168
1584639718282 1 1169
1584639720430 1 1170
1584639722736 1 1171
1584639725011 1 1172
1584639727224 1 1173
1584639729398 1 1174
1584639731579 1 1175
1584639733977 1 1176
1584639736131 1 1177
1584639738318 1 1178
1584639741122 1 1179
1584639744673 1 1180
1584639747126 1 1181
1584639749505 1 1182
1584639751746 1 1183
1584639753932 1 1184
1584639756137 1 1185
1584639758377 1 1186
1584639760704 1 1187
1584639762918 1 1188
1584639765179 1 1189
1584639767363 1 1190
1584639769561 1 1191
1584639771744 1 1192
1584639773919 1 1193
1584639776101 1 1194
1584639778304 1 1195
1584639780489 1 1196
1584639782770 1 1197
1584639784962 1 1198
1584639787130 1 1199
1584639789296 1 1200
1584639791686 1 1201
1584639793838 1 1202
1584639795994 1 1203
1584639798183 1 1204
1584639800368 1 1205
1584639802574 1 1206
1584639804824 1 1207
1584639807109 1 1208
1584639809319 1 1209
1584639811515 1 1210
1584639813780 1 1211
1584639815943 1 1212
1584639818138 1 1213
1584639820356 1 1214
1584639822552 1 1215
1584639824768 1 1216
1584639826960 1 1217
1584639829158 1 1218
1584639831347 1 1219
1584639833599 1 1220
1584639835797 1 1221
1584639838028 1 1222
1584639840390 1 1223
1584639842725 1 1224
1584639845054 1 1225
1584639847356 1 1226
1584639849571 1 1227
1584639852353 1 1228
1584639854538 1 1229
1584639857013 1 1230
1584639859180 1 1231
1584639861399 1 1232
1584639863611 1 1233
1584639865835 1 1234
1584639868046 1 1235
1584639870314 1 1236
1584639872536 1 1237
1584639874700 1 1238
1584639876984 1 1239
1584639879214 1 1240
1584639881406 1 1241
1584639884540 1 1242
1584639887225 1 1243
1584639889377 1 1244
1584639891534 1 1245
1584639893722 1 1246
1584639896111 1 1247
1584639901964 1 1248
1584639906180 1 1249
1584639909382 1 1250
1584639912434 1 1251
1584639914712 1 1252
1584639917624 1 1253
1584639920140 1 1254
1584639922427 1 1255
1584639924783 1 1256
1584639927196 1 1257
1584639929360 1 1258
1584639931698 1 1259
1584639934569 1 1260
1584639937446 1 1261
1584639939680 1 1262
1584639941982 1 1263
1584639944205 1 1264
1584639946373 1 1265
1584639948569 1 1266
1584639950782 1 1267
1584639952981 1 1268
1584639955193 1 1269
1584639957369 1 1270
1584639959529 1 1271
1584639961730 1 1272
1584639964050 1 1273
1584639966248 1 1274
1584639968435 1 1275
1584639970615 1 1276
1584639972848 1 1277
1584639975009 1 1278
1584639977167 1 1279
1584639979336 1 1280
1584639981471 1 1281
1584639983690 1 1282
1584639985855 1 1283
1584639988065 1 1284
1584639990232 1 1285
1584639992426 1 1286
1584639994616 1 1287
1584639996803 1 1288
1584639999006 1 1289
1584640001186 1 1290
1584640003416 1 1291
1584640005607 1 1292
1584640007779 1 1293
1584640009972 1 1294
1584640012119 1 1295
1584640014312 1 1296
1584640016512 1 1297
1584640018686 1 1298
1584640020880 1 1299
1584640023558 1 1300
1584640026011 1 1301
1584640028221 1 1302
1584640030394 1 1303
1584640033349 1 1304
1584640035584 1 1305
1584640037959 1 1306
1584640040305 1 1307
1584640042551 1 1308
1584640044734 1 1309
1584640046903 1 1310
1584640049110 1 1311
1584640051284 1 1312
1584640053475 1 1313
1584640055682 1 1314
1584640057849 1 1315
1584640060068 1 1316
1584640062256 1 1317
1584640064462 1 1318
1584640066736 1 1319
1584640069033 1 1320
1584640071248 1 1321
1584640073432 1 1322
1584640075623 1 1323
1584640077811 1 1324
1584640080009 1 1325
1584640082294 1 1326
1584640084504 1 1327
1584640086696 1 1328
1584640088877 1 1329
1584640091046 1 1330
1584640093355 1 1331
1584640095550 1 1332
1584640097712 1 1333
1584640099907 1 1334
1584640102078 1 1335
1584640104316 1 1336
1584640106493 1 1337
1584640108681 1 1338
1584640110868 1 1339
1584640113089 1 1340
1584640115262 1 1341
1584640117444 1 1342
1584640119620 1 1343
1584640121837 1 1344
1584640124035 1 1345
1584640126199 1 1346
1584640128384 1 1347
1584640131097 1 1348
1584640133277 1 1349
1584640135552 1 1350
1584640137783 1 1351
1584640140581 1 1352
1584640142866 1 1353
1584640145040 1 1354
1584640147254 1 1355
1584640149442 1 1356
1584640151665 1 1357
1584640153878 1 1358
1584640156074 1 1359
1584640158206 1 1360
1584640160359 1 1361
1584640162533 1 1362
1584640164794 1 1363
1584640167080 1 1364
1584640169268 1 1365
1584640171446 1 1366
1584640173670 1 1367
1584640175844 1 1368
1584640178023 1 1369
1584640180202 1 1370
1584640182377 1 1371
1584640184562 1 1372
1584640186781 1 1373
1584640188945 1 1374
1584640191113 1 1375
1584640193296 1 1376
1584640195492 1 1377
1584640197757 1 1378
1584640199983 1 1379
1584640202383 1 1380
1584640204614 1 1381
1584640206817 1 1382
1584640208982 1 1383
1584640211122 1 1384
1584640213313 1 1385
1584640215469 1 1386
1584640217739 1 1387
1584640219919 1 1388
1584640222134 1 1389
1584640224332 1 1390
1584640226739 1 1391
1584640229114 1 1392
1584640231614 1 1393
1584640233876 1 1394
1584640236091 1 1395
1584640238351 1 1396
1584640240557 1 1397
1584640242790 1 1398
1584640245000 1 1399
1584640247237 1 1400
1584640249523 1 1401
1584640251741 1 1402
1584640254005 1 1403
1584640256192 1 1404
1584640258434 1 1405
1584640260632 1 1406
1584640263379 1 1407
1584640265600 1 1408
1584640267831 1 1409
1584640270072 1 1410
1584640272263 1 1411
1584640274492 1 1412
1584640276717 1 1413
1584640278925 1 1414
1584640281153 1 1415
1584640283410 1 1416
1584640285602 1 1417
1584640287872 1 1418
1584640290089 1 1419
1584640292315 1 1420
1584640294597 1 1421
1584640296801 1 1422
1584640299032 1 1423
1584640301224 1 1424
1584640303483 1 1425
1584640305714 1 1426
1584640307990 1 1427
1584640310186 1 1428
1584640312505 1 1429
1584640314781 1 1430
1584640316993 1 1431
1584640319231 1 1432
1584640321404 1 1433
1584640323803 1 1434
1584640326016 1 1435
1584640328231 1 1436
1584640330532 1 1437
1584640332777 1 1438
1584640335043 1 1439
1584640337247 1 1440
1584640339463 1 1441
1584640341771 1 1442
1584640344083 1 1443
1584640346296 1 1444
1584640348511 1 1445
1584640350707 1 1446
1584640352942 1 1447
1584640355172 1 1448
1584640357384 1 1449
1584640359688 1 1450
1584640361897 1 1451
1584640364140 1 1452
1584640366369 1 1453
1584640368586 1 1454
1584640370834 1 1455
1584640373488 1 1456
1584640375722 1 1457
1584640377920 1 1458
1584640380132 1 1459
1584640382382 1 1460
1584640384585 1 1461
1584640386769 1 1462
1584640388959 1 1463
1584640391208 1 1464
1584640393382 1 1465
1584640395589 1 1466
1584640397813 1 1467
1584640400037 1 1468
1584640402260 1 1469
1584640404489 1 1470
1584640406766 1 1471
1584640409003 1 1472
1584640411215 1 1473
1584640413458 1 1474
1584640415636 1 1475
1584640417836 1 1476
1584640420094 1 1477
1584640422291 1 1478
1584640424530 1 1479
1584640426904 1 1480
1584640429103 1 1481
1584640431302 1 1482
1584640433506 1 1483
1584640435815 1 1484
1584640438056 1 1485
1584640440293 1 1486
1584640442522 1 1487
1584640444788 1 1488
1584640447001 1 1489
1584640449209 1 1490
1584640451406 1 1491
1584640453640 1 1492
1584640455835 1 1493
1584640458154 1 1494
1584640460368 1 1495
1584640462541 1 1496
1584640464795 1 1497
1584640467093 1 1498
1584640469593 1 1499
1584640471939 1 1500
1584640474449 1 1501
1584640476758 1 1502
1584640478987 1 1503
1584640481226 1 1504
1584640483451 1 1505
1584640485684 1 1506
1584640487904 1 1507
1584640490125 1 1508
1584640492319 1 1509
1584640494508 1 1510
1584640496770 1 1511
1584640499011 1 1512
1584640501202 1 1513
1584640503487 1 1514
1584640505694 1 1515
1584640507927 1 1516
1584640510126 1 1517
1584640512317 1 1518
1584640514514 1 1519
1584640516766 1 1520
1584640518972 1 1521
1584640521331 1 1522
1584640525833 1 1523
1584640528070 1 1524
1584640530265 1 1525
1584640532678 1 1526
1584640535008 1 1527
1584640537384 1 1528
1584640539613 1 1529
1584640541867 1 1530
1584640544280 1 1531
1584640546476 1 1532
1584640548749 1 1533
1584640550937 1 1534
1584640553237 1 1535
1584640555913 1 1536
1584640558898 1 1537
1584640561291 1 1538
1584640564128 1 1539
1584640566406 1 1540
1584640568692 1 1541
1584640570891 1 1542
1584640573049 1 1543
1584640575200 1 1544
1584640577337 1 1545
1584640579498 1 1546
1584640581647 1 1547
1584640583882 1 1548
1584640586080 1 1549
1584640588257 1 1550
1584640590530 1 1551
1584640592746 1 1552
1584640594931 1 1553
1584640597113 1 1554
1584640599301 1 1555
1584640601487 1 1556
1584640603689 1 1557
1584640605868 1 1558
1584640608042 1 1559
1584640610220 1 1560
1584640612537 1 1561
1584640615124 1 1562
1584640617315 1 1563
1584640619536 1 1564
1584640621790 1 1565
1584640624408 1 1566
1584640626589 1 1567
1584640628786 1 1568
1584640630970 1 1569
1584640633136 1 1570
1584640635312 1 1571
1584640637509 1 1572
1584640639750 1 1573
1584640641952 1 1574
1584640644196 1 1575
1584640646341 1 1576
1584640648541 1 1577
1584640650956 1 1578
1584640653170 1 1579
1584640655366 1 1580
1584640657560 1 1581
1584640659758 1 1582
1584640661942 1 1583
1584640664138 1 1584
1584640666300 1 1585
1584640668509 1 1586
1584640670710 1 1587
1584640672894 1 1588
1584640675054 1 1589
1584640677241 1 1590
1584640679419 1 1591
1584640681637 1 1592
1584640683921 1 1593
1584640686096 1 1594
1584640688252 1 1595
1584640690463 1 1596
1584640692671 1 1597
1584640694867 1 1598
1584640697049 1 1599
1584640699234 1 1600
1584640701507 1 1601
1584640703708 1 1602
1584640705884 1 1603
1584640708065 1 1604
1584640710246 1 1605
1584640712477 1 1606
1584640714692 1 1607
1584640716999 1 1608
1584640719145 1 1609
1584640721314 1 1610
1584640723477 1 1611
1584640725695 1 1612
1584640727886 1 1613
1584640730044 1 1614
1584640732220 1 1615
1584640734373 1 1616
1584640736557 1 1617
1584640738724 1 1618
1584640740911 1 1619
1584640743181 1 1620
1584640745360 1 1621
1584640747584 1 1622
1584640749750 1 1623
1584640751920 1 1624
1584640754132 1 1625
1584640756299 1 1626
1584640758483 1 1627
1584640760683 1 1628
1584640762869 1 1629
1584640765063 1 1630
1584640767247 1 1631
1584640769431 1 1632
1584640771581 1 1633
1584640773768 1 1634
1584640775951 1 1635
1584640778182 1 1636
1584640780397 1 1637
1584640782595 1 1638
1584640784815 1 1639
1584640787005 1 1640
1584640789188 1 1641
1584640791381 1 1642
1584640793536 1 1643
1584640795759 1 1644
1584640798019 1 1645
1584640800202 1 1646
1584640802539 1 1647
1584640804722 1 1648
1584640806922 1 1649
1584640809144 1 1650
1584640811322 1 1651
1584640813689 1 1652
1584640815828 1 1653
1584640818017 1 1654
1584640820188 1 1655
1584640822344 1 1656
1584640824583 1 1657
1584640826757 1 1658
1584640828942 1 1659
1584640831100 1 1660
1584640833298 1 1661
1584640835551 1 1662
1584640837802 1 1663
1584640839986 1 1664
1584640842200 1 1665
1584640844433 1 1666
1584640846610 1 1667
1584640848832 1 1668
1584640851009 1 1669
1584640853206 1 1670
1584640855375 1 1671
1584640857569 1 1672
1584640859787 1 1673
1584640862021 1 1674
1584640864260 1 1675
1584640866458 1 1676
1584640868623 1 1677
1584640870822 1 1678
1584640873022 1 1679
1584640875227 1 1680
1584640877406 1 1681
1584640879612 1 1682
1584640881788 1 1683
1584640884027 1 1684
1584640886230 1 1685
1584640888496 1 1686
1584640891267 1 1687
1584640893615 1 1688
1584640895832 1 1689
1584640898051 1 1690
1584640900212 1 1691
1584640902404 1 1692
1584640904620 1 1693
1584640906828 1 1694
1584640909042 1 1695
1584640911332 1 1696
1584640913501 1 1697
1584640915735 1 1698
1584640917963 1 1699
1584640920163 1 1700
1584640922953 1 1701
1584640925125 1 1702
1584640927317 1 1703
1584640929499 1 1704
1584640931692 1 1705
1584640933879 1 1706
1584640936051 1 1707
1584640938223 1 1708
1584640940397 1 1709
1584640942585 1 1710
1584640944789 1 1711
1584640946987 1 1712
1584640949143 1 1713
1584640951327 1 1714
1584640953516 1 1715
1584640955725 1 1716
1584640957932 1 1717
1584640960136 1 1718
1584640962348 1 1719
1584640964525 1 1720
1584640966755 1 1721
1584640968947 1 1722
1584640971172 1 1723
1584640973345 1 1724
1584640975539 1 1725
1584640977753 1 1726
1584640979945 1 1727
1584640982167 1 1728
1584640984358 1 1729
1584640986554 1 1730
1584640988760 1 1731
1584640990929 1 1732
1584640993122 1 1733
1584640995288 1 1734
1584640997463 1 1735
1584640999633 1 1736
1584641001888 1 1737
1584641004097 1 1738
1584641006295 1 1739
1584641008535 1 1740
1584641010706 1 1741
1584641012892 1 1742
1584641015078 1 1743
1584641017257 1 1744
1584641019436 1 1745
1584641021593 1 1746
1584641023784 1 1747
1584641025972 1 1748
1584641028159 1 1749
1584641030322 1 1750
1584641032507 1 1751
1584641034725 1 1752
1584641036926 1 1753
1584641039221 1 1754
1584641043469 1 1755
1584641046924 1 1756
1584641050305 1 1757
1584641053368 1 1758
1584641055746 1 1759
1584641058000 1 1760
1584641060159 1 1761
1584641062346 1 1762
1584641064583 1 1763
1584641066816 1 1764
1584641069026 1 1765
1584641071216 1 1766
1584641073471 1 1767
1584641075679 1 1768
1584641077882 1 1769
1584641080032 1 1770
1584641082256 1 1771
1584641084476 1 1772
1584641086682 1 1773
1584641088848 1 1774
1584641091019 1 1775
1584641093184 1 1776
1584641095365 1 1777
1584641097575 1 1778
1584641099755 1 1779
1584641101949 1 1780
1584641104297 1 1781
1584641106481 1 1782
1584641108729 1 1783
1584641111063 1 1784
1584641113254 1 1785
1584641115481 1 1786
1584641117690 1 1787
1584641120015 1 1788
1584641122307 1 1789
1584641124671 1 1790
1584641126864 1 1791
1584641129055 1 1792
1584641131250 1 1793
1584641133463 1 1794
1584641135685 1 1795
1584641137875 1 1796
1584641140083 1 1797
1584641142273 1 1798
1584641144469 1 1799
1584641146646 1 1800
1584641148968 1 1801
1584641151195 1 1802
1584641153382 1 1803
1584641155581 1 1804
1584641157801 1 1805
1584641160001 1 1806
1584641162233 1 1807
1584641164660 1 1808
1584641166899 1 1809
1584641169072 1 1810
1584641171291 1 1811
1584641173467 1 1812
1584641175712 1 1813
1584641177854 1 1814
1584641180020 1 1815
1584641182199 1 1816
1584641184401 1 1817
1584641186592 1 1818
1584641188767 1 1819
1584641190990 1 1820
1584641193205 1 1821
1584641195409 1 1822
1584641197592 1 1823
1584641199901 1 1824
1584641202139 1 1825
1584641204322 1 1826
1584641206546 1 1827
1584641208752 1 1828
1584641210951 1 1829
1584641213154 1 1830
1584641215351 1 1831
1584641217549 1 1832
1584641219742 1 1833
1584641221932 1 1834
1584641224172 1 1835
1584641226338 1 1836
1584641228542 1 1837
1584641230742 1 1838
1584641232943 1 1839
1584641235287 1 1840
1584641237553 1 1841
1584641239800 1 1842
1584641242007 1 1843
1584641244193 1 1844
1584641246388 1 1845
1584641248554 1 1846
1584641250721 1 1847
1584641252933 1 1848
1584641255138 1 1849
1584641257338 1 1850
1584641259515 1 1851
1584641261828 1 1852
1584641264031 1 1853
1584641266216 1 1854
1584641268395 1 1855
1584641270573 1 1856
1584641272797 1 1857
1584641274983 1 1858
1584641277189 1 1859
1584641279363 1 1860
1584641281538 1 1861
1584641283819 1 1862
1584641286021 1 1863
1584641288241 1 1864
1584641290444 1 1865
1584641292690 1 1866
1584641294874 1 1867
1584641297061 1 1868
1584641299257 1 1869
1584641301469 1 1870
1584641303650 1 1871
1584641305847 1 1872
1584641308054 1 1873
1584641310246 1 1874
1584641312414 1 1875
1584641314629 1 1876
1584641316840 1 1877
1584641319047 1 1878
1584641321244 1 1879
1584641323445 1 1880
1584641325623 1 1881
1584641327815 1 1882
1584641330014 1 1883
1584641332174 1 1884
1584641334374 1 1885
1584641336553 1 1886
1584641338774 1 1887
1584641340989 1 1888
1584641343607 1 1889
1584641346257 1 1890
1584641348529 1 1891
1584641350745 1 1892
1584641352975 1 1893
1584641355441 1 1894
1584641357946 1 1895
1584641360129 1 1896
1584641362361 1 1897
1584641364580 1 1898
1584641366811 1 1899
1584641369021 1 1900
1584641371294 1 1901
1584641373510 1 1902
1584641375668 1 1903
1584641377885 1 1904
1584641380076 1 1905
1584641382258 1 1906
1584641384492 1 1907
1584641386663 1 1908
1584641388890 1 1909
1584641391086 1 1910
1584641393300 1 1911
1584641395467 1 1912
1584641397678 1 1913
1584641399894 1 1914
1584641402122 1 1915
1584641404327 1 1916
1584641406510 1 1917
1584641408782 1 1918
1584641410958 1 1919
1584641413145 1 1920
1584641415328 1 1921
1584641417509 1 1922
1584641419707 1 1923
1584641421916 1 1924
1584641424189 1 1925
1584641426372 1 1926
1584641428570 1 1927
1584641430760 1 1928
1584641432964 1 1929
1584641435207 1 1930
1584641437398 1 1931
1584641439693 1 1932
1584641441866 1 1933
1584641444056 1 1934
1584641446239 1 1935
1584641448431 1 1936
1584641450640 1 1937
1584641452846 1 1938
1584641455062 1 1939
1584641457223 1 1940
1584641459420 1 1941
1584641461625 1 1942
1584641464190 1 1943
1584641466383 1 1944
1584641468575 1 1945
1584641471111 1 1946
1584641473620 1 1947
1584641475824 1 1948
1584641478041 1 1949
1584641480213 1 1950
1584641482401 1 1951
1584641484613 1 1952
1584641486794 1 1953
1584641488998 1 1954
1584641491263 1 1955
1584641493473 1 1956
1584641495669 1 1957
1584641497850 1 1958
1584641500052 1 1959
1584641502249 1 1960
1584641504433 1 1961
1584641506602 1 1962
1584641508805 1 1963
1584641510994 1 1964
1584641513193 1 1965
1584641515377 1 1966
1584641517563 1 1967
1584641519744 1 1968
1584641521972 1 1969
1584641524235 1 1970
1584641526411 1 1971
1584641528579 1 1972
1584641531043 1 1973
1584641533947 1 1974
1584641536176 1 1975
1584641538371 1 1976
1584641540565 1 1977
1584641542806 1 1978
1584641545156 1 1979
1584641547342 1 1980
1584641549539 1 1981
1584641551767 1 1982
1584641553951 1 1983
1584641556153 1 1984
1584641558344 1 1985
1584641560525 1 1986
1584641562723 1 1987
1584641564924 1 1988
1584641567171 1 1989
1584641569362 1 1990
1584641571555 1 1991
1584641573724 1 1992
1584641575938 1 1993
1584641578139 1 1994
1584641580328 1 1995
1584641582518 1 1996
1584641584737 1 1997
1584641587060 1 1998
1584641589236 1 1999
1584641591510 1 2000
