1584635214041 0.0 1
1584635216555 0.0 2
1584635219207 -3.0 3
1584635221650 0.0 4
1584635224221 0.0 5
1584635226602 -3.0 6
1584635229331 -2.0 7
1584635231649 1.0 8
1584635234420 0.0 9
1584635236900 -1.0 10
1584635239392 0.0 11
1584635241998 0.0 12
1584635244923 -2.0 13
1584635247336 0.0 14
1584635249790 1.0 15
1584635252383 0.0 16
1584635256549 0.0 17
1584635258924 0.0 18
1584635262462 2.0 19
1584635265284 0.0 20
1584635267724 2.0 21
1584635269851 0.0 22
1584635272003 1.0 23
1584635274185 2.0 24
1584635276335 1.0 25
1584635278712 0.0 26
1584635281122 0.0 27
1584635283251 -1.0 28
1584635285379 1.0 29
1584635287485 1.0 30
1584635289646 -1.0 31
1584635291769 -1.0 32
1584635293921 0.0 33
1584635296059 -1.0 34
1584635298164 1.0 35
1584635300343 0.0 36
1584635302472 0.0 37
1584635305425 0.0 38
1584635309173 0.0 39
1584635311645 -1.0 40
1584635314135 0.0 41
1584635317747 0.0 42
1584635319944 -1.0 43
1584635322108 0.0 44
1584635324233 -1.0 45
1584635326385 1.0 46
1584635328519 2.0 47
1584635330684 0.0 48
1584635332935 0.0 49
1584635335100 0.0 50
1584635337287 1.0 51
1584635339464 1.0 52
1584635341665 0.0 53
1584635344167 0.0 54
1584635346318 0.0 55
1584635349487 1.0 56
1584635352191 0.0 57
1584635354719 -2.0 58
1584635358953 -2.0 59
1584635362725 1.0 60
1584635365876 0.0 61
1584635368667 0.0 62
1584635371487 0.0 63
1584635374683 -2.0 64
1584635378022 0.0 65
1584635380650 0.0 66
1584635383073 0.0 67
1584635386538 0.0 68
1584635390171 0.0 69
1584635394479 1.0 70
1584635397684 -2.0 71
1584635400586 1.0 72
1584635403911 2.0 73
1584635406089 1.0 74
1584635408350 0.0 75
1584635410639 0.0 76
1584635412845 -1.0 77
1584635415081 1.0 78
1584635417393 -2.0 79
1584635419639 0.0 80
1584635421957 0.0 81
1584635424316 0.0 82
1584635426645 3.0 83
1584635429232 -3.0 84
1584635431457 2.0 85
1584635433640 -1.0 86
1584635436035 1.0 87
1584635438263 1.0 88
1584635440583 0.0 89
1584635442744 0.0 90
1584635444916 -2.0 91
1584635447089 -1.0 92
1584635449654 0.0 93
1584635452926 1.0 94
1584635456135 1.0 95
1584635459494 1.0 96
1584635463120 1.0 97
1584635465983 -1.0 98
1584635468650 2.0 99
1584635472300 0.0 100
1584635475577 -1.0 101
1584635477998 0.0 102
1584635480576 0.0 103
1584635483819 -2.0 104
1584635487099 -1.0 105
1584635489725 -2.0 106
1584635492602 0.0 107
1584635495215 0.0 108
1584635497784 0.0 109
1584635500354 0.0 110
1584635503980 1.0 111
1584635510371 0.0 112
1584635516525 -1.0 113
1584635521239 1.0 114
1584635524324 1.0 115
1584635529487 1.0 116
1584635532583 0.0 117
1584635535234 3.0 118
1584635539052 0.0 119
1584635545738 1.0 120
1584635554353 0.0 121
1584635562562 0.0 122
1584635570261 -1.0 123
1584635576283 2.0 124
1584635582773 0.0 125
1584635589969 1.0 126
1584635597711 1.0 127
1584635601439 -1.0 128
1584635606106 0.0 129
1584635610001 1.0 130
1584635614895 0.0 131
1584635621649 2.0 132
1584635628522 1.0 133
1584635632865 -2.0 134
1584635636767 -1.0 135
1584635640869 1.0 136
1584635645065 -1.0 137
1584635649145 1.0 138
1584635653916 -1.0 139
1584635660389 1.0 140
1584635664867 0.0 141
1584635668263 0.0 142
1584635672006 0.0 143
1584635676349 0.0 144
1584635680860 0.0 145
1584635684688 2.0 146
1584635688221 -2.0 147
1584635691590 1.0 148
1584635694674 -1.0 149
1584635698464 0.0 150
1584635702271 2.0 151
1584635706039 0.0 152
1584635709108 -1.0 153
1584635712547 -1.0 154
1584635717559 0.0 155
1584635722359 1.0 156
1584635725624 0.0 157
1584635730225 0.0 158
1584635733618 -1.0 159
1584635738609 1.0 160
1584635743586 0.0 161
1584635746791 3.0 162
1584635750161 4.0 163
1584635754659 1.0 164
1584635758393 -1.0 165
1584635761871 0.0 166
1584635765740 2.0 167
1584635768950 -2.0 168
1584635771903 -1.0 169
1584635775080 -1.0 170
1584635778614 1.0 171
1584635782112 0.0 172
1584635785164 -1.0 173
1584635788297 -1.0 174
1584635794207 -1.0 175
1584635797142 1.0 176
1584635800293 2.0 177
1584635803554 5.0 178
1584635806992 0.0 179
1584635810073 0.0 180
1584635813120 1.0 181
1584635816160 0.0 182
1584635819534 0.0 183
1584635824640 1.0 184
1584635828294 0.0 185
1584635832092 0.0 186
1584635835270 -1.0 187
1584635838780 -2.0 188
1584635842443 3.0 189
1584635846076 1.0 190
1584635849357 2.0 191
1584635853623 2.0 192
1584635857189 0.0 193
1584635860948 0.0 194
1584635864204 0.0 195
1584635867350 1.0 196
1584635870465 -1.0 197
1584635873668 0.0 198
1584635876739 1.0 199
1584635879561 1.0 200
1584635883237 0.0 201
1584635886567 1.0 202
1584635889625 2.0 203
1584635893060 0.0 204
1584635896423 0.0 205
1584635899408 0.0 206
1584635905099 1.0 207
1584635907940 1.0 208
1584635910819 1.0 209
1584635913956 0.0 210
1584635917160 0.0 211
1584635920115 0.0 212
1584635923638 0.0 213
1584635926525 1.0 214
1584635930035 -1.0 215
1584635933085 1.0 216
1584635936096 -1.0 217
1584635939027 1.0 218
1584635942085 -1.0 219
1584635946062 0.0 220
1584635948861 0.0 221
1584635951815 -2.0 222
1584635954766 -1.0 223
1584635957758 -1.0 224
1584635961842 0.0 225
1584635964755 -1.0 226
1584635967887 0.0 227
1584635972056 -1.0 228
1584635976648 0.0 229
1584635982177 0.0 230
1584635989057 -1.0 231
1584635992711 1.0 232
1584635997217 -1.0 233
1584636001042 -5.0 234
1584636005096 3.0 235
1584636008802 1.0 236
1584636012386 1.0 237
1584636016111 -2.0 238
1584636020223 1.0 239
1584636024196 1.0 240
1584636029047 0.0 241
1584636033134 -3.0 242
1584636036551 1.0 243
1584636040207 -4.0 244
1584636043344 1.0 245
1584636046622 0.0 246
1584636050139 2.0 247
1584636053417 0.0 248
1584636056814 0.0 249
1584636060669 -2.0 250
1584636064627 -1.0 251
1584636068072 -2.0 252
1584636071408 -2.0 253
1584636075036 0.0 254
1584636078732 1.0 255
1584636081950 -1.0 256
1584636085484 1.0 257
1584636088698 0.0 258
1584636094041 2.0 259
1584636097222 1.0 260
1584636100203 1.0 261
1584636103446 0.0 262
1584636106356 -2.0 263
1584636109304 2.0 264
1584636112300 0.0 265
1584636115401 -1.0 266
1584636118509 -2.0 267
1584636123163 -1.0 268
1584636126639 1.0 269
1584636130468 -1.0 270
1584636133704 3.0 271
1584636137177 1.0 272
1584636140673 -1.0 273
1584636144018 2.0 274
1584636147421 -1.0 275
1584636150995 0.0 276
1584636154381 -1.0 277
1584636157656 0.0 278
1584636161228 -1.0 279
1584636164797 2.0 280
1584636170293 0.0 281
1584636176884 1.0 282
1584636182951 -1.0 283
1584636186658 -2.0 284
1584636190169 0.0 285
1584636193495 2.0 286
1584636197082 1.0 287
1584636200446 -1.0 288
1584636204375 3.0 289
1584636207739 1.0 290
1584636211249 -1.0 291
1584636214700 4.0 292
1584636218070 4.0 293
1584636222254 -1.0 294
1584636225878 -2.0 295
1584636230230 1.0 296
1584636233739 2.0 297
1584636237156 -1.0 298
1584636240715 3.0 299
1584636244757 3.0 300
1584636248909 1.0 301
1584636255350 2.0 302
1584636258804 1.0 303
1584636262483 1.0 304
1584636266020 -1.0 305
1584636269482 2.0 306
1584636273150 1.0 307
1584636276449 0.0 308
1584636279756 -1.0 309
1584636283326 0.0 310
1584636286670 -1.0 311
1584636290176 1.0 312
1584636293668 -1.0 313
1584636297033 -1.0 314
1584636300430 1.0 315
1584636306147 0.0 316
1584636310299 0.0 317
1584636317158 1.0 318
1584636323302 2.0 319
1584636327876 1.0 320
1584636333367 1.0 321
1584636337183 0.0 322
1584636340294 0.0 323
1584636344131 1.0 324
1584636348089 0.0 325
1584636351354 1.0 326
1584636354606 1.0 327
1584636357764 3.0 328
1584636361127 -1.0 329
1584636364520 2.0 330
1584636368188 -2.0 331
1584636371571 -3.0 332
1584636374755 -1.0 333
1584636378091 2.0 334
1584636381592 2.0 335
1584636384632 0.0 336
1584636387667 -2.0 337
1584636391342 0.0 338
1584636395005 0.0 339
1584636398337 -2.0 340
1584636401820 4.0 341
1584636406449 0.0 342
1584636410163 0.0 343
1584636413751 0.0 344
1584636418346 0.0 345
1584636422978 0.0 346
1584636427782 1.0 347
1584636433743 0.0 348
1584636438517 1.0 349
1584636442320 3.0 350
1584636446809 -1.0 351
1584636449955 2.0 352
1584636453086 1.0 353
1584636456250 0.0 354
1584636459751 3.0 355
1584636463005 2.0 356
1584636466010 4.0 357
1584636469192 1.0 358
1584636472315 1.0 359
1584636475701 5.0 360
1584636479132 2.0 361
1584636482798 0.0 362
1584636486296 3.0 363
1584636489674 0.0 364
1584636493331 1.0 365
1584636496639 5.0 366
1584636499731 1.0 367
1584636502943 1.0 368
1584636506384 -2.0 369
1584636509479 0.0 370
1584636512822 -1.0 371
1584636516277 2.0 372
1584636519563 0.0 373
1584636522909 2.0 374
1584636525871 0.0 375
1584636529515 1.0 376
1584636532665 -1.0 377
1584636535965 3.0 378
1584636539082 1.0 379
1584636542412 -2.0 380
1584636545706 3.0 381
1584636549117 -2.0 382
1584636552795 0.0 383
1584636556005 2.0 384
1584636559200 1.0 385
1584636562372 1.0 386
1584636565358 2.0 387
1584636568478 2.0 388
1584636571688 0.0 389
1584636575157 0.0 390
1584636578523 1.0 391
1584636582194 2.0 392
1584636587870 1.0 393
1584636591389 3.0 394
1584636594673 0.0 395
1584636597786 1.0 396
1584636601232 3.0 397
1584636604965 2.0 398
1584636608889 1.0 399
1584636616422 -1.0 400
1584636621625 4.0 401
1584636624876 3.0 402
1584636629808 2.0 403
1584636634088 0.0 404
1584636637696 2.0 405
1584636640888 1.0 406
1584636645156 4.0 407
1584636649037 1.0 408
1584636653613 1.0 409
1584636658486 0.0 410
1584636664975 0.0 411
1584636669221 0.0 412
1584636674014 1.0 413
1584636677035 0.0 414
1584636680427 5.0 415
1584636684981 1.0 416
1584636689072 1.0 417
1584636693466 -1.0 418
1584636697070 0.0 419
1584636701261 1.0 420
1584636705484 1.0 421
1584636711478 0.0 422
1584636715389 -1.0 423
1584636718771 2.0 424
1584636723711 3.0 425
1584636729895 1.0 426
1584636733360 2.0 427
1584636736554 1.0 428
1584636739730 2.0 429
1584636742893 -1.0 430
1584636746435 3.0 431
1584636749703 0.0 432
1584636753747 0.0 433
1584636760817 1.0 434
1584636764072 1.0 435
1584636767337 0.0 436
1584636770813 2.0 437
1584636774124 0.0 438
1584636777890 0.0 439
1584636781510 0.0 440
1584636787945 2.0 441
1584636795052 3.0 442
1584636799327 1.0 443
1584636803130 2.0 444
1584636806583 -1.0 445
1584636809994 4.0 446
1584636813663 3.0 447
1584636817050 1.0 448
1584636820673 1.0 449
1584636824242 1.0 450
1584636828792 -3.0 451
1584636832441 3.0 452
1584636835985 1.0 453
1584636839354 1.0 454
1584636842989 0.0 455
1584636847260 0.0 456
1584636851094 2.0 457
1584636854363 2.0 458
1584636857677 3.0 459
1584636861160 2.0 460
1584636864271 0.0 461
1584636869287 2.0 462
1584636872895 2.0 463
1584636878704 3.0 464
1584636883630 2.0 465
1584636889059 3.0 466
1584636893717 1.0 467
1584636897252 -1.0 468
1584636902328 0.0 469
1584636907000 2.0 470
1584636910348 5.0 471
1584636913724 3.0 472
1584636917358 1.0 473
1584636921723 -1.0 474
1584636926411 0.0 475
1584636930682 2.0 476
1584636934525 0.0 477
1584636938535 3.0 478
1584636942018 0.0 479
1584636946001 1.0 480
1584636949972 0.0 481
1584636953300 0.0 482
1584636956571 0.0 483
1584636959821 0.0 484
1584636964072 1.0 485
1584636968018 2.0 486
1584636973041 1.0 487
1584636976672 3.0 488
1584636980622 2.0 489
1584636985278 2.0 490
1584636991853 3.0 491
1584636997442 2.0 492
1584637001825 0.0 493
1584637005857 3.0 494
1584637010244 3.0 495
1584637014119 -1.0 496
1584637017828 0.0 497
1584637021399 -1.0 498
1584637026737 1.0 499
1584637031400 1.0 500
1584637035543 0.0 501
1584637039524 1.0 502
1584637043125 1.0 503
1584637046814 0.0 504
1584637050203 0.0 505
1584637053405 2.0 506
1584637056698 2.0 507
1584637059824 3.0 508
1584637063639 2.0 509
1584637066863 -1.0 510
1584637070319 3.0 511
1584637073412 2.0 512
1584637076674 4.0 513
1584637080021 4.0 514
1584637083544 2.0 515
1584637087029 3.0 516
1584637090059 2.0 517
1584637093211 -1.0 518
1584637096300 2.0 519
1584637099516 0.0 520
1584637102665 4.0 521
1584637105836 1.0 522
1584637109156 2.0 523
1584637113062 5.0 524
1584637116234 2.0 525
1584637121103 4.0 526
1584637125077 4.0 527
1584637132497 4.0 528
1584637141620 1.0 529
1584637150248 0.0 530
1584637159207 0.0 531
1584637167436 3.0 532
1584637173170 0.0 533
1584637182916 3.0 534
1584637191744 3.0 535
1584637200958 1.0 536
1584637206042 3.0 537
1584637211038 1.0 538
1584637217736 2.0 539
1584637222777 1.0 540
1584637227424 0.0 541
1584637232557 1.0 542
1584637237056 4.0 543
1584637240255 -1.0 544
1584637243938 2.0 545
1584637247245 3.0 546
1584637250816 2.0 547
1584637254576 0.0 548
1584637258088 1.0 549
1584637261965 1.0 550
1584637265934 2.0 551
1584637272849 3.0 552
1584637277799 1.0 553
1584637283945 2.0 554
1584637289480 5.0 555
1584637295379 3.0 556
1584637301035 1.0 557
1584637305705 1.0 558
1584637311307 2.0 559
1584637317120 0.0 560
1584637321002 2.0 561
1584637324912 1.0 562
1584637328215 3.0 563
1584637332134 1.0 564
1584637338531 1.0 565
1584637342521 1.0 566
1584637346188 1.0 567
1584637349420 4.0 568
1584637353120 0.0 569
1584637356547 2.0 570
1584637360112 0.0 571
1584637363940 2.0 572
1584637367444 5.0 573
1584637371836 3.0 574
1584637375359 3.0 575
1584637379131 2.0 576
1584637383084 1.0 577
1584637386951 4.0 578
1584637390764 -1.0 579
1584637394339 2.0 580
1584637397885 1.0 581
1584637401861 -1.0 582
1584637407178 4.0 583
1584637412779 3.0 584
1584637420346 2.0 585
1584637427327 3.0 586
1584637431634 0.0 587
1584637434953 1.0 588
1584637439819 2.0 589
1584637444113 5.0 590
1584637448859 6.0 591
1584637454743 6.0 592
1584637457040 2.0 593
1584637460732 1.0 594
1584637465273 2.0 595
1584637468817 3.0 596
1584637475988 5.0 597
1584637481710 -3.0 598
1584637485910 1.0 599
1584637493137 1.0 600
1584637497797 2.0 601
1584637501150 2.0 602
1584637504304 2.0 603
1584637509241 2.0 604
1584637513380 0.0 605
1584637521513 1.0 606
1584637527547 3.0 607
1584637532155 2.0 608
1584637536117 4.0 609
1584637539753 -1.0 610
1584637544764 1.0 611
1584637550714 3.0 612
1584637557905 2.0 613
1584637563013 3.0 614
1584637569843 2.0 615
1584637575678 1.0 616
1584637580777 2.0 617
1584637584243 2.0 618
1584637587155 3.0 619
1584637589742 2.0 620
1584637592991 3.0 621
1584637595986 1.0 622
1584637601689 2.0 623
1584637606532 4.0 624
1584637611315 3.0 625
1584637615213 0.0 626
1584637620894 1.0 627
1584637625302 3.0 628
1584637630624 5.0 629
1584637634246 3.0 630
1584637638622 4.0 631
1584637641858 2.0 632
1584637644974 2.0 633
1584637648700 2.0 634
1584637651834 -1.0 635
1584637655523 4.0 636
1584637659147 7.0 637
1584637663089 2.0 638
1584637666327 5.0 639
1584637669771 0.0 640
1584637673084 5.0 641
1584637677028 3.0 642
1584637680331 0.0 643
1584637683444 0.0 644
1584637686762 3.0 645
1584637689979 4.0 646
1584637693216 4.0 647
1584637696626 2.0 648
1584637700084 2.0 649
1584637703488 0.0 650
1584637707372 3.0 651
1584637710717 2.0 652
1584637714282 0.0 653
1584637720953 1.0 654
1584637724839 4.0 655
1584637728148 5.0 656
1584637731695 4.0 657
1584637737801 1.0 658
1584637742106 1.0 659
1584637745305 1.0 660
1584637748481 1.0 661
1584637751953 4.0 662
1584637755313 3.0 663
1584637758788 4.0 664
1584637762122 4.0 665
1584637765602 0.0 666
1584637769038 0.0 667
1584637772311 6.0 668
1584637775507 2.0 669
1584637778763 5.0 670
1584637781952 3.0 671
1584637786383 5.0 672
1584637789369 2.0 673
1584637794266 2.0 674
1584637797648 -1.0 675
1584637800840 2.0 676
1584637804004 2.0 677
1584637807113 1.0 678
1584637810113 0.0 679
1584637813148 1.0 680
1584637816298 3.0 681
1584637819244 -1.0 682
1584637822388 2.0 683
1584637825659 3.0 684
1584637828822 2.0 685
1584637832253 4.0 686
1584637835551 6.0 687
1584637839938 2.0 688
1584637847084 2.0 689
1584637853274 5.0 690
1584637859087 2.0 691
1584637866350 1.0 692
1584637871905 -1.0 693
1584637875315 3.0 694
1584637880073 4.0 695
1584637885090 5.0 696
1584637888265 5.0 697
1584637892911 1.0 698
1584637896362 1.0 699
1584637901404 4.0 700
1584637905206 1.0 701
1584637908442 4.0 702
1584637911600 2.0 703
1584637914795 2.0 704
1584637918123 1.0 705
1584637921516 2.0 706
1584637925063 3.0 707
1584637928424 5.0 708
1584637931995 4.0 709
1584637935317 3.0 710
1584637939887 3.0 711
1584637943228 1.0 712
1584637946694 -1.0 713
1584637950205 2.0 714
1584637954354 2.0 715
1584637957663 1.0 716
1584637961115 3.0 717
1584637965228 6.0 718
1584637969232 4.0 719
1584637973226 2.0 720
1584637976608 1.0 721
1584637979928 -1.0 722
1584637983247 5.0 723
1584637987550 3.0 724
1584637990833 3.0 725
1584637994098 -1.0 726
1584637997186 3.0 727
1584638000718 0.0 728
1584638004170 3.0 729
1584638007624 -1.0 730
1584638010962 0.0 731
1584638014736 6.0 732
1584638017840 6.0 733
1584638021218 3.0 734
1584638028308 5.0 735
1584638036118 3.0 736
1584638040407 1.0 737
1584638043810 1.0 738
1584638047489 5.0 739
1584638051871 0.0 740
1584638055571 0.0 741
1584638059808 4.0 742
1584638063843 3.0 743
1584638067371 5.0 744
1584638072051 -1.0 745
1584638075428 0.0 746
1584638078939 3.0 747
1584638082321 7.0 748
1584638086368 5.0 749
1584638089882 0.0 750
1584638093368 2.0 751
1584638099183 3.0 752
1584638104670 3.0 753
1584638108233 3.0 754
1584638111607 2.0 755
1584638115229 2.0 756
1584638118404 3.0 757
1584638121821 9.0 758
1584638125222 2.0 759
1584638129558 3.0 760
1584638133042 1.0 761
1584638136744 4.0 762
1584638140502 2.0 763
1584638144049 4.0 764
1584638148255 2.0 765
1584638154216 5.0 766
1584638161202 0.0 767
1584638168039 2.0 768
1584638172882 2.0 769
1584638177347 2.0 770
1584638180621 6.0 771
1584638185042 0.0 772
1584638188256 2.0 773
1584638191429 3.0 774
1584638194601 4.0 775
1584638197786 1.0 776
1584638201876 3.0 777
1584638204960 0.0 778
1584638208112 6.0 779
1584638211824 2.0 780
1584638215157 3.0 781
1584638219091 9.0 782
1584638222402 4.0 783
1584638225462 3.0 784
1584638228509 4.0 785
1584638231666 2.0 786
1584638234757 3.0 787
1584638238523 4.0 788
1584638241763 2.0 789
1584638245213 5.0 790
1584638248396 3.0 791
1584638251686 4.0 792
1584638254985 5.0 793
1584638258383 0.0 794
1584638261352 3.0 795
1584638264252 3.0 796
1584638267167 0.0 797
1584638270274 1.0 798
1584638273014 2.0 799
1584638276178 4.0 800
1584638280019 5.0 801
1584638283260 6.0 802
1584638286449 2.0 803
1584638289779 2.0 804
1584638292848 3.0 805
1584638295912 1.0 806
1584638299054 5.0 807
1584638302188 6.0 808
1584638305419 5.0 809
1584638308555 4.0 810
1584638311749 5.0 811
1584638314839 3.0 812
1584638318303 4.0 813
1584638321289 1.0 814
1584638324626 2.0 815
1584638327828 4.0 816
1584638330727 3.0 817
1584638333799 5.0 818
1584638337537 4.0 819
1584638340981 1.0 820
1584638344131 2.0 821
1584638347184 4.0 822
1584638350034 1.0 823
1584638353345 7.0 824
1584638356301 3.0 825
1584638359714 7.0 826
1584638362972 6.0 827
1584638367631 1.0 828
1584638372375 0.0 829
1584638377089 2.0 830
1584638382072 1.0 831
1584638387258 4.0 832
1584638392129 2.0 833
1584638395535 1.0 834
1584638398887 5.0 835
1584638405138 1.0 836
1584638408635 4.0 837
1584638413746 3.0 838
1584638418447 0.0 839
1584638421832 4.0 840
1584638425099 1.0 841
1584638428459 0.0 842
1584638432739 2.0 843
1584638436761 9.0 844
1584638440712 7.0 845
1584638445790 4.0 846
1584638450071 3.0 847
1584638455685 2.0 848
1584638458739 4.0 849
1584638461763 1.0 850
1584638465011 6.0 851
1584638468212 6.0 852
1584638473778 3.0 853
1584638480069 1.0 854
1584638485298 3.0 855
1584638491687 4.0 856
1584638499632 4.0 857
1584638506301 1.0 858
1584638513692 8.0 859
1584638518724 2.0 860
1584638523756 2.0 861
1584638529243 5.0 862
1584638534066 4.0 863
1584638539416 7.0 864
1584638544304 7.0 865
1584638549791 6.0 866
1584638556954 2.0 867
1584638562970 9.0 868
1584638569352 2.0 869
1584638573461 1.0 870
1584638577464 7.0 871
1584638581191 5.0 872
1584638585147 3.0 873
1584638591089 5.0 874
1584638597558 2.0 875
1584638603385 7.0 876
1584638607080 7.0 877
1584638610470 7.0 878
1584638617162 2.0 879
1584638620700 2.0 880
1584638624696 2.0 881
1584638628058 2.0 882
1584638631629 6.0 883
1584638634843 3.0 884
1584638638909 4.0 885
1584638642554 5.0 886
1584638645910 4.0 887
1584638649162 5.0 888
1584638652350 6.0 889
1584638655571 3.0 890
1584638658831 2.0 891
1584638662181 0.0 892
1584638665653 5.0 893
1584638668780 3.0 894
1584638672251 4.0 895
1584638675427 5.0 896
1584638678827 2.0 897
1584638682089 3.0 898
1584638685726 4.0 899
1584638689335 3.0 900
1584638693457 4.0 901
1584638697044 3.0 902
1584638700210 4.0 903
1584638705618 6.0 904
1584638709201 3.0 905
1584638714033 2.0 906
1584638717375 6.0 907
1584638720806 4.0 908
1584638724169 3.0 909
1584638728048 3.0 910
1584638733874 5.0 911
1584638737818 5.0 912
1584638741506 5.0 913
1584638744401 3.0 914
1584638747749 9.0 915
1584638754272 2.0 916
1584638759695 3.0 917
1584638763589 4.0 918
1584638767794 9.0 919
1584638772280 2.0 920
1584638776457 1.0 921
1584638780899 3.0 922
1584638785133 1.0 923
1584638789178 6.0 924
1584638794573 3.0 925
1584638798647 4.0 926
1584638804070 2.0 927
1584638807449 2.0 928
1584638811126 5.0 929
1584638816622 4.0 930
1584638821558 1.0 931
1584638827034 6.0 932
1584638831808 3.0 933
1584638835966 -1.0 934
1584638840130 -1.0 935
1584638843513 5.0 936
1584638848022 5.0 937
1584638853526 5.0 938
1584638858526 7.0 939
1584638862252 7.0 940
1584638866123 3.0 941
1584638872207 2.0 942
1584638875526 4.0 943
1584638878984 6.0 944
1584638882266 3.0 945
1584638885461 5.0 946
1584638889042 7.0 947
1584638892407 2.0 948
1584638895663 3.0 949
1584638899632 4.0 950
1584638905856 0.0 951
1584638911348 7.0 952
1584638917414 6.0 953
1584638925638 2.0 954
1584638929524 8.0 955
1584638933264 4.0 956
1584638937393 1.0 957
1584638941825 6.0 958
1584638945560 5.0 959
1584638948810 6.0 960
1584638952478 7.0 961
1584638955933 0.0 962
1584638959525 7.0 963
1584638963005 2.0 964
1584638967634 4.0 965
1584638973515 4.0 966
1584638977053 4.0 967
1584638980352 6.0 968
1584638984689 7.0 969
1584638990409 5.0 970
1584638995324 4.0 971
1584639000068 5.0 972
1584639004742 6.0 973
1584639009793 5.0 974
1584639012916 4.0 975
1584639016445 3.0 976
1584639020032 1.0 977
1584639023773 4.0 978
1584639027251 7.0 979
1584639030429 5.0 980
1584639036315 2.0 981
1584639042493 2.0 982
1584639048934 3.0 983
1584639053064 5.0 984
1584639058209 7.0 985
1584639063677 2.0 986
1584639068197 5.0 987
1584639074423 5.0 988
1584639081876 5.0 989
1584639090199 4.0 990
1584639094366 7.0 991
1584639098519 3.0 992
1584639102388 4.0 993
1584639105751 5.0 994
1584639108926 4.0 995
1584639112598 6.0 996
1584639119482 7.0 997
1584639123385 1.0 998
1584639126916 7.0 999
1584639130358 6.0 1000
1584639134089 5.0 1001
1584639140220 2.0 1002
1584639145239 7.0 1003
1584639148600 4.0 1004
1584639152831 3.0 1005
1584639157114 5.0 1006
1584639161853 5.0 1007
1584639166943 3.0 1008
1584639170510 4.0 1009
1584639174433 2.0 1010
1584639178329 5.0 1011
1584639181987 3.0 1012
1584639185406 3.0 1013
1584639190048 1.0 1014
1584639198519 7.0 1015
1584639206940 3.0 1016
1584639216488 0.0 1017
1584639226845 4.0 1018
1584639236210 6.0 1019
1584639245586 5.0 1020
1584639256294 2.0 1021
1584639266424 3.0 1022
1584639275626 1.0 1023
1584639283758 2.0 1024
1584639290155 2.0 1025
1584639294145 10.0 1026
1584639296909 8.0 1027
1584639299932 3.0 1028
1584639303263 4.0 1029
1584639305933 4.0 1030
1584639308616 7.0 1031
1584639311037 7.0 1032
1584639313328 4.0 1033
1584639315884 6.0 1034
1584639318352 5.0 1035
1584639321008 6.0 1036
1584639323677 -3.0 1037
1584639325926 6.0 1038
1584639328315 9.0 1039
1584639331104 5.0 1040
1584639333385 3.0 1041
1584639335640 5.0 1042
1584639338087 5.0 1043
1584639340852 6.0 1044
1584639343601 5.0 1045
1584639346306 6.0 1046
1584639348666 4.0 1047
1584639351044 3.0 1048
1584639354004 3.0 1049
1584639356476 7.0 1050
1584639358815 6.0 1051
1584639362695 2.0 1052
1584639366062 3.0 1053
1584639368777 6.0 1054
1584639371135 5.0 1055
1584639373521 3.0 1056
1584639376616 4.0 1057
1584639381179 7.0 1058
1584639383932 4.0 1059
1584639387347 7.0 1060
1584639390380 5.0 1061
1584639393162 7.0 1062
1584639396959 6.0 1063
1584639399665 6.0 1064
1584639403381 5.0 1065
1584639408402 3.0 1066
1584639413459 9.0 1067
1584639417590 4.0 1068
1584639420489 2.0 1069
1584639423987 10.0 1070
1584639427053 4.0 1071
1584639429583 4.0 1072
1584639432351 6.0 1073
1584639435941 6.0 1074
1584639438569 2.0 1075
1584639440946 0.0 1076
1584639443531 7.0 1077
1584639446337 6.0 1078
1584639449009 6.0 1079
1584639452946 4.0 1080
1584639455861 9.0 1081
1584639458819 7.0 1082
1584639461330 6.0 1083
1584639463577 4.0 1084
1584639466138 7.0 1085
1584639468860 4.0 1086
1584639471835 4.0 1087
1584639476221 7.0 1088
1584639478804 4.0 1089
1584639481605 5.0 1090
1584639484793 8.0 1091
1584639487566 11.0 1092
1584639490295 6.0 1093
1584639493164 8.0 1094
1584639495779 4.0 1095
1584639498357 1.0 1096
1584639500904 5.0 1097
1584639503667 9.0 1098
1584639506144 7.0 1099
1584639508371 8.0 1100
1584639511097 6.0 1101
1584639513661 7.0 1102
1584639516320 5.0 1103
1584639518639 1.0 1104
1584639520926 5.0 1105
1584639523173 6.0 1106
1584639525476 4.0 1107
1584639527690 5.0 1108
1584639529910 6.0 1109
1584639532137 4.0 1110
1584639534520 4.0 1111
1584639536775 2.0 1112
1584639539043 7.0 1113
1584639542980 3.0 1114
1584639547134 6.0 1115
1584639551440 6.0 1116
1584639553666 6.0 1117
1584639555835 6.0 1118
1584639558076 4.0 1119
1584639560288 6.0 1120
1584639562600 12.0 1121
1584639564845 6.0 1122
1584639567084 7.0 1123
1584639569335 2.0 1124
1584639571642 2.0 1125
1584639573868 8.0 1126
1584639576444 10.0 1127
1584639579510 5.0 1128
1584639582476 3.0 1129
1584639584735 2.0 1130
1584639587007 3.0 1131
1584639589302 6.0 1132
1584639592486 10.0 1133
1584639595660 7.0 1134
1584639601249 4.0 1135
1584639607545 0.0 1136
1584639613995 3.0 1137
1584639619312 5.0 1138
1584639622636 8.0 1139
1584639625736 10.0 1140
1584639629131 9.0 1141
1584639634688 6.0 1142
1584639641241 3.0 1143
1584639647836 5.0 1144
1584639654478 9.0 1145
1584639658430 6.0 1146
1584639663376 5.0 1147
1584639666866 6.0 1148
1584639670389 3.0 1149
1584639673089 9.0 1150
1584639675527 1.0 1151
1584639677945 9.0 1152
1584639680865 6.0 1153
1584639683488 3.0 1154
1584639687046 3.0 1155
1584639689277 5.0 1156
1584639691499 6.0 1157
1584639693703 3.0 1158
1584639695966 6.0 1159
1584639698240 8.0 1160
1584639700443 5.0 1161
1584639702661 10.0 1162
1584639704867 3.0 1163
1584639707092 2.0 1164
1584639709280 8.0 1165
1584639711530 6.0 1166
1584639713765 2.0 1167
1584639716056 0.0 1168
1584639718282 8.0 1169
1584639720430 7.0 1170
1584639722736 7.0 1171
1584639725011 2.0 1172
1584639727224 10.0 1173
1584639729398 2.0 1174
1584639731579 1.0 1175
1584639733977 10.0 1176
1584639736131 4.0 1177
1584639738318 5.0 1178
1584639741122 6.0 1179
1584639744673 11.0 1180
1584639747126 7.0 1181
1584639749505 10.0 1182
1584639751746 4.0 1183
1584639753932 7.0 1184
1584639756137 3.0 1185
1584639758377 6.0 1186
1584639760704 3.0 1187
1584639762918 5.0 1188
1584639765179 8.0 1189
1584639767363 13.0 1190
1584639769561 5.0 1191
1584639771744 3.0 1192
1584639773919 5.0 1193
1584639776101 4.0 1194
1584639778304 4.0 1195
1584639780489 5.0 1196
1584639782770 5.0 1197
1584639784962 4.0 1198
1584639787130 7.0 1199
1584639789296 3.0 1200
1584639791686 2.0 1201
1584639793838 3.0 1202
1584639795994 1.0 1203
1584639798183 5.0 1204
1584639800368 5.0 1205
1584639802574 8.0 1206
1584639804824 5.0 1207
1584639807109 4.0 1208
1584639809319 3.0 1209
1584639811515 5.0 1210
1584639813780 7.0 1211
1584639815943 4.0 1212
1584639818138 8.0 1213
1584639820356 5.0 1214
1584639822552 2.0 1215
1584639824768 4.0 1216
1584639826960 6.0 1217
1584639829158 6.0 1218
1584639831347 0.0 1219
1584639833599 6.0 1220
1584639835797 9.0 1221
1584639838028 5.0 1222
1584639840390 4.0 1223
1584639842725 3.0 1224
1584639845054 3.0 1225
1584639847356 7.0 1226
1584639849571 4.0 1227
1584639852353 1.0 1228
1584639854538 6.0 1229
1584639857013 2.0 1230
1584639859180 7.0 1231
1584639861399 7.0 1232
1584639863611 3.0 1233
1584639865835 5.0 1234
1584639868046 5.0 1235
1584639870314 5.0 1236
1584639872536 3.0 1237
1584639874700 5.0 1238
1584639876984 7.0 1239
1584639879214 9.0 1240
1584639881406 4.0 1241
1584639884540 4.0 1242
1584639887225 6.0 1243
1584639889377 3.0 1244
1584639891534 5.0 1245
1584639893722 8.0 1246
1584639896111 8.0 1247
1584639901964 9.0 1248
1584639906180 10.0 1249
1584639909382 9.0 1250
1584639912434 6.0 1251
1584639914712 0.0 1252
1584639917624 8.0 1253
1584639920140 6.0 1254
1584639922427 3.0 1255
1584639924783 0.0 1256
1584639927196 6.0 1257
1584639929360 5.0 1258
1584639931698 1.0 1259
1584639934569 5.0 1260
1584639937446 5.0 1261
1584639939680 3.0 1262
1584639941982 6.0 1263
1584639944205 6.0 1264
1584639946373 5.0 1265
1584639948569 5.0 1266
1584639950782 3.0 1267
1584639952981 11.0 1268
1584639955193 5.0 1269
1584639957369 5.0 1270
1584639959529 8.0 1271
1584639961730 9.0 1272
1584639964050 5.0 1273
1584639966248 2.0 1274
1584639968435 7.0 1275
1584639970615 6.0 1276
1584639972848 3.0 1277
1584639975009 3.0 1278
1584639977167 5.0 1279
1584639979336 4.0 1280
1584639981471 6.0 1281
1584639983690 2.0 1282
1584639985855 5.0 1283
1584639988065 7.0 1284
1584639990232 6.0 1285
1584639992426 8.0 1286
1584639994616 5.0 1287
1584639996803 6.0 1288
1584639999006 6.0 1289
1584640001186 8.0 1290
1584640003416 7.0 1291
1584640005607 8.0 1292
1584640007779 7.0 1293
1584640009972 1.0 1294
1584640012119 1.0 1295
1584640014312 3.0 1296
1584640016512 6.0 1297
1584640018686 4.0 1298
1584640020880 2.0 1299
1584640023558 3.0 1300
1584640026011 5.0 1301
1584640028221 4.0 1302
1584640030394 7.0 1303
1584640033349 6.0 1304
1584640035584 7.0 1305
1584640037959 9.0 1306
1584640040305 6.0 1307
1584640042551 4.0 1308
1584640044734 5.0 1309
1584640046903 8.0 1310
1584640049110 10.0 1311
1584640051284 9.0 1312
1584640053475 1.0 1313
1584640055682 7.0 1314
1584640057849 4.0 1315
1584640060068 7.0 1316
1584640062256 5.0 1317
1584640064462 9.0 1318
1584640066736 3.0 1319
1584640069033 8.0 1320
1584640071248 6.0 1321
1584640073432 6.0 1322
1584640075623 6.0 1323
1584640077811 6.0 1324
1584640080009 4.0 1325
1584640082294 9.0 1326
1584640084504 11.0 1327
1584640086696 7.0 1328
1584640088877 7.0 1329
1584640091046 7.0 1330
1584640093355 4.0 1331
1584640095550 7.0 1332
1584640097712 6.0 1333
1584640099907 8.0 1334
1584640102078 3.0 1335
1584640104316 3.0 1336
1584640106493 4.0 1337
1584640108681 9.0 1338
1584640110868 10.0 1339
1584640113089 7.0 1340
1584640115262 8.0 1341
1584640117444 7.0 1342
1584640119620 9.0 1343
1584640121837 9.0 1344
1584640124035 5.0 1345
1584640126199 4.0 1346
1584640128384 5.0 1347
1584640131097 3.0 1348
1584640133277 4.0 1349
1584640135552 6.0 1350
1584640137783 7.0 1351
1584640140581 0.0 1352
1584640142866 6.0 1353
1584640145040 5.0 1354
1584640147254 1.0 1355
1584640149442 7.0 1356
1584640151665 3.0 1357
1584640153878 4.0 1358
1584640156074 5.0 1359
1584640158206 7.0 1360
1584640160359 3.0 1361
1584640162533 3.0 1362
1584640164794 9.0 1363
1584640167080 6.0 1364
1584640169268 3.0 1365
1584640171446 5.0 1366
1584640173670 8.0 1367
1584640175844 11.0 1368
1584640178023 5.0 1369
1584640180202 11.0 1370
1584640182377 9.0 1371
1584640184562 6.0 1372
1584640186781 8.0 1373
1584640188945 7.0 1374
1584640191113 6.0 1375
1584640193296 4.0 1376
1584640195492 9.0 1377
1584640197757 10.0 1378
1584640199983 6.0 1379
1584640202383 10.0 1380
1584640204614 8.0 1381
1584640206817 4.0 1382
1584640208982 9.0 1383
1584640211122 4.0 1384
1584640213313 7.0 1385
1584640215469 7.0 1386
1584640217739 5.0 1387
1584640219919 4.0 1388
1584640222134 3.0 1389
1584640224332 10.0 1390
1584640226739 5.0 1391
1584640229114 10.0 1392
1584640231614 8.0 1393
1584640233876 9.0 1394
1584640236091 5.0 1395
1584640238351 6.0 1396
1584640240557 7.0 1397
1584640242790 8.0 1398
1584640245000 10.0 1399
1584640247237 3.0 1400
1584640249523 7.0 1401
1584640251741 5.0 1402
1584640254005 3.0 1403
1584640256192 9.0 1404
1584640258434 3.0 1405
1584640260632 7.0 1406
1584640263379 9.0 1407
1584640265600 5.0 1408
1584640267831 8.0 1409
1584640270072 7.0 1410
1584640272263 3.0 1411
1584640274492 4.0 1412
1584640276717 8.0 1413
1584640278925 8.0 1414
1584640281153 3.0 1415
1584640283410 3.0 1416
1584640285602 3.0 1417
1584640287872 5.0 1418
1584640290089 3.0 1419
1584640292315 7.0 1420
1584640294597 6.0 1421
1584640296801 10.0 1422
1584640299032 4.0 1423
1584640301224 9.0 1424
1584640303483 4.0 1425
1584640305714 9.0 1426
1584640307990 6.0 1427
1584640310186 5.0 1428
1584640312505 9.0 1429
1584640314781 3.0 1430
1584640316993 0.0 1431
1584640319231 6.0 1432
1584640321404 2.0 1433
1584640323803 2.0 1434
1584640326016 5.0 1435
1584640328231 3.0 1436
1584640330532 8.0 1437
1584640332777 10.0 1438
1584640335043 3.0 1439
1584640337247 5.0 1440
1584640339463 6.0 1441
1584640341771 1.0 1442
1584640344083 4.0 1443
1584640346296 2.0 1444
1584640348511 10.0 1445
1584640350707 3.0 1446
1584640352942 3.0 1447
1584640355172 6.0 1448
1584640357384 7.0 1449
1584640359688 5.0 1450
1584640361897 6.0 1451
1584640364140 12.0 1452
1584640366369 9.0 1453
1584640368586 9.0 1454
1584640370834 6.0 1455
1584640373488 8.0 1456
1584640375722 8.0 1457
1584640377920 8.0 1458
1584640380132 6.0 1459
1584640382382 4.0 1460
1584640384585 5.0 1461
1584640386769 7.0 1462
1584640388959 8.0 1463
1584640391208 2.0 1464
1584640393382 9.0 1465
1584640395589 9.0 1466
1584640397813 7.0 1467
1584640400037 8.0 1468
1584640402260 9.0 1469
1584640404489 3.0 1470
1584640406766 10.0 1471
1584640409003 3.0 1472
1584640411215 6.0 1473
1584640413458 5.0 1474
1584640415636 6.0 1475
1584640417836 4.0 1476
1584640420094 3.0 1477
1584640422291 6.0 1478
1584640424530 6.0 1479
1584640426904 4.0 1480
1584640429103 9.0 1481
1584640431302 10.0 1482
1584640433506 6.0 1483
1584640435815 4.0 1484
1584640438056 8.0 1485
1584640440293 5.0 1486
1584640442522 5.0 1487
1584640444788 4.0 1488
1584640447001 7.0 1489
1584640449209 5.0 1490
1584640451406 9.0 1491
1584640453640 11.0 1492
1584640455835 5.0 1493
1584640458154 6.0 1494
1584640460368 9.0 1495
1584640462541 12.0 1496
1584640464795 7.0 1497
1584640467093 4.0 1498
1584640469593 8.0 1499
1584640471939 8.0 1500
1584640474449 7.0 1501
1584640476758 11.0 1502
1584640478987 6.0 1503
1584640481226 6.0 1504
1584640483451 6.0 1505
1584640485684 3.0 1506
1584640487904 5.0 1507
1584640490125 1.0 1508
1584640492319 4.0 1509
1584640494508 5.0 1510
1584640496770 10.0 1511
1584640499011 5.0 1512
1584640501202 4.0 1513
1584640503487 11.0 1514
1584640505694 7.0 1515
1584640507927 12.0 1516
1584640510126 8.0 1517
1584640512317 0.0 1518
1584640514514 2.0 1519
1584640516766 5.0 1520
1584640518972 8.0 1521
1584640521331 6.0 1522
1584640525833 8.0 1523
1584640528070 8.0 1524
1584640530265 2.0 1525
1584640532678 10.0 1526
1584640535008 15.0 1527
1584640537384 9.0 1528
1584640539613 6.0 1529
1584640541867 8.0 1530
1584640544280 5.0 1531
1584640546476 6.0 1532
1584640548749 8.0 1533
1584640550937 6.0 1534
1584640553237 10.0 1535
1584640555913 7.0 1536
1584640558898 5.0 1537
1584640561291 9.0 1538
1584640564128 7.0 1539
1584640566406 5.0 1540
1584640568692 6.0 1541
1584640570891 8.0 1542
1584640573049 6.0 1543
1584640575200 8.0 1544
1584640577337 4.0 1545
1584640579498 8.0 1546
1584640581647 10.0 1547
1584640583882 8.0 1548
1584640586080 11.0 1549
1584640588257 3.0 1550
1584640590530 6.0 1551
1584640592746 5.0 1552
1584640594931 6.0 1553
1584640597113 5.0 1554
1584640599301 3.0 1555
1584640601487 7.0 1556
1584640603689 10.0 1557
1584640605868 8.0 1558
1584640608042 8.0 1559
1584640610220 8.0 1560
1584640612537 5.0 1561
1584640615124 10.0 1562
1584640617315 10.0 1563
1584640619536 10.0 1564
1584640621790 10.0 1565
1584640624408 5.0 1566
1584640626589 8.0 1567
1584640628786 7.0 1568
1584640630970 8.0 1569
1584640633136 13.0 1570
1584640635312 8.0 1571
1584640637509 9.0 1572
1584640639750 8.0 1573
1584640641952 11.0 1574
1584640644196 5.0 1575
1584640646341 8.0 1576
1584640648541 5.0 1577
1584640650956 10.0 1578
1584640653170 8.0 1579
1584640655366 7.0 1580
1584640657560 12.0 1581
1584640659758 3.0 1582
1584640661942 14.0 1583
1584640664138 7.0 1584
1584640666300 5.0 1585
1584640668509 8.0 1586
1584640670710 7.0 1587
1584640672894 11.0 1588
1584640675054 11.0 1589
1584640677241 5.0 1590
1584640679419 7.0 1591
1584640681637 10.0 1592
1584640683921 7.0 1593
1584640686096 10.0 1594
1584640688252 6.0 1595
1584640690463 11.0 1596
1584640692671 8.0 1597
1584640694867 10.0 1598
1584640697049 9.0 1599
1584640699234 6.0 1600
1584640701507 9.0 1601
1584640703708 3.0 1602
1584640705884 8.0 1603
1584640708065 13.0 1604
1584640710246 8.0 1605
1584640712477 2.0 1606
1584640714692 8.0 1607
1584640716999 4.0 1608
1584640719145 8.0 1609
1584640721314 12.0 1610
1584640723477 10.0 1611
1584640725695 4.0 1612
1584640727886 11.0 1613
1584640730044 8.0 1614
1584640732220 7.0 1615
1584640734373 7.0 1616
1584640736557 9.0 1617
1584640738724 14.0 1618
1584640740911 4.0 1619
1584640743181 6.0 1620
1584640745360 7.0 1621
1584640747584 7.0 1622
1584640749750 4.0 1623
1584640751920 7.0 1624
1584640754132 4.0 1625
1584640756299 7.0 1626
1584640758483 11.0 1627
1584640760683 7.0 1628
1584640762869 10.0 1629
1584640765063 1.0 1630
1584640767247 5.0 1631
1584640769431 10.0 1632
1584640771581 8.0 1633
1584640773768 7.0 1634
1584640775951 7.0 1635
1584640778182 8.0 1636
1584640780397 7.0 1637
1584640782595 9.0 1638
1584640784815 5.0 1639
1584640787005 6.0 1640
1584640789188 10.0 1641
1584640791381 4.0 1642
1584640793536 4.0 1643
1584640795759 2.0 1644
1584640798019 5.0 1645
1584640800202 7.0 1646
1584640802539 6.0 1647
1584640804722 4.0 1648
1584640806922 9.0 1649
1584640809144 12.0 1650
1584640811322 7.0 1651
1584640813689 12.0 1652
1584640815828 8.0 1653
1584640818017 3.0 1654
1584640820188 4.0 1655
1584640822344 6.0 1656
1584640824583 5.0 1657
1584640826757 3.0 1658
1584640828942 6.0 1659
1584640831100 4.0 1660
1584640833298 7.0 1661
1584640835551 2.0 1662
1584640837802 7.0 1663
1584640839986 9.0 1664
1584640842200 8.0 1665
1584640844433 12.0 1666
1584640846610 3.0 1667
1584640848832 2.0 1668
1584640851009 4.0 1669
1584640853206 7.0 1670
1584640855375 11.0 1671
1584640857569 8.0 1672
1584640859787 7.0 1673
1584640862021 5.0 1674
1584640864260 8.0 1675
1584640866458 7.0 1676
1584640868623 6.0 1677
1584640870822 6.0 1678
1584640873022 6.0 1679
1584640875227 8.0 1680
1584640877406 6.0 1681
1584640879612 8.0 1682
1584640881788 10.0 1683
1584640884027 5.0 1684
1584640886230 11.0 1685
1584640888496 7.0 1686
1584640891267 9.0 1687
1584640893615 7.0 1688
1584640895832 9.0 1689
1584640898051 10.0 1690
1584640900212 5.0 1691
1584640902404 3.0 1692
1584640904620 5.0 1693
1584640906828 14.0 1694
1584640909042 9.0 1695
1584640911332 6.0 1696
1584640913501 10.0 1697
1584640915735 12.0 1698
1584640917963 8.0 1699
1584640920163 9.0 1700
1584640922953 11.0 1701
1584640925125 7.0 1702
1584640927317 6.0 1703
1584640929499 10.0 1704
1584640931692 8.0 1705
1584640933879 7.0 1706
1584640936051 10.0 1707
1584640938223 12.0 1708
1584640940397 9.0 1709
1584640942585 11.0 1710
1584640944789 7.0 1711
1584640946987 12.0 1712
1584640949143 7.0 1713
1584640951327 6.0 1714
1584640953516 7.0 1715
1584640955725 6.0 1716
1584640957932 8.0 1717
1584640960136 7.0 1718
1584640962348 1.0 1719
1584640964525 12.0 1720
1584640966755 11.0 1721
1584640968947 8.0 1722
1584640971172 12.0 1723
1584640973345 3.0 1724
1584640975539 12.0 1725
1584640977753 4.0 1726
1584640979945 13.0 1727
1584640982167 3.0 1728
1584640984358 8.0 1729
1584640986554 8.0 1730
1584640988760 6.0 1731
1584640990929 13.0 1732
1584640993122 11.0 1733
1584640995288 9.0 1734
1584640997463 7.0 1735
1584640999633 8.0 1736
1584641001888 9.0 1737
1584641004097 10.0 1738
1584641006295 9.0 1739
1584641008535 7.0 1740
1584641010706 6.0 1741
1584641012892 6.0 1742
1584641015078 8.0 1743
1584641017257 9.0 1744
1584641019436 9.0 1745
1584641021593 7.0 1746
1584641023784 10.0 1747
1584641025972 5.0 1748
1584641028159 8.0 1749
1584641030322 8.0 1750
1584641032507 5.0 1751
1584641034725 9.0 1752
1584641036926 0.0 1753
1584641039221 5.0 1754
1584641043469 6.0 1755
1584641046924 9.0 1756
1584641050305 12.0 1757
1584641053368 4.0 1758
1584641055746 7.0 1759
1584641058000 5.0 1760
1584641060159 7.0 1761
1584641062346 7.0 1762
1584641064583 9.0 1763
1584641066816 7.0 1764
1584641069026 7.0 1765
1584641071216 7.0 1766
1584641073471 9.0 1767
1584641075679 7.0 1768
1584641077882 8.0 1769
1584641080032 6.0 1770
1584641082256 8.0 1771
1584641084476 6.0 1772
1584641086682 8.0 1773
1584641088848 9.0 1774
1584641091019 7.0 1775
1584641093184 7.0 1776
1584641095365 7.0 1777
1584641097575 7.0 1778
1584641099755 6.0 1779
1584641101949 7.0 1780
1584641104297 9.0 1781
1584641106481 10.0 1782
1584641108729 9.0 1783
1584641111063 3.0 1784
1584641113254 14.0 1785
1584641115481 7.0 1786
1584641117690 9.0 1787
1584641120015 8.0 1788
1584641122307 10.0 1789
1584641124671 12.0 1790
1584641126864 12.0 1791
1584641129055 12.0 1792
1584641131250 11.0 1793
1584641133463 14.0 1794
1584641135685 8.0 1795
1584641137875 6.0 1796
1584641140083 11.0 1797
1584641142273 9.0 1798
1584641144469 7.0 1799
1584641146646 12.0 1800
1584641148968 12.0 1801
1584641151195 8.0 1802
1584641153382 5.0 1803
1584641155581 8.0 1804
1584641157801 5.0 1805
1584641160001 9.0 1806
1584641162233 13.0 1807
1584641164660 11.0 1808
1584641166899 6.0 1809
1584641169072 6.0 1810
1584641171291 12.0 1811
1584641173467 6.0 1812
1584641175712 11.0 1813
1584641177854 6.0 1814
1584641180020 7.0 1815
1584641182199 6.0 1816
1584641184401 11.0 1817
1584641186592 6.0 1818
1584641188767 8.0 1819
1584641190990 11.0 1820
1584641193205 9.0 1821
1584641195409 10.0 1822
1584641197592 10.0 1823
1584641199901 12.0 1824
1584641202139 9.0 1825
1584641204322 8.0 1826
1584641206546 8.0 1827
1584641208752 10.0 1828
1584641210951 9.0 1829
1584641213154 8.0 1830
1584641215351 8.0 1831
1584641217549 10.0 1832
1584641219742 12.0 1833
1584641221932 3.0 1834
1584641224172 5.0 1835
1584641226338 9.0 1836
1584641228542 11.0 1837
1584641230742 8.0 1838
1584641232943 7.0 1839
1584641235287 11.0 1840
1584641237553 10.0 1841
1584641239800 3.0 1842
1584641242007 14.0 1843
1584641244193 6.0 1844
1584641246388 8.0 1845
1584641248554 11.0 1846
1584641250721 12.0 1847
1584641252933 5.0 1848
1584641255138 9.0 1849
1584641257338 6.0 1850
1584641259515 15.0 1851
1584641261828 0.0 1852
1584641264031 12.0 1853
1584641266216 9.0 1854
1584641268395 12.0 1855
1584641270573 9.0 1856
1584641272797 6.0 1857
1584641274983 11.0 1858
1584641277189 7.0 1859
1584641279363 8.0 1860
1584641281538 9.0 1861
1584641283819 5.0 1862
1584641286021 4.0 1863
1584641288241 5.0 1864
1584641290444 9.0 1865
1584641292690 5.0 1866
1584641294874 8.0 1867
1584641297061 5.0 1868
1584641299257 8.0 1869
1584641301469 10.0 1870
1584641303650 11.0 1871
1584641305847 8.0 1872
1584641308054 10.0 1873
1584641310246 4.0 1874
1584641312414 13.0 1875
1584641314629 2.0 1876
1584641316840 9.0 1877
1584641319047 8.0 1878
1584641321244 7.0 1879
1584641323445 5.0 1880
1584641325623 10.0 1881
1584641327815 3.0 1882
1584641330014 9.0 1883
1584641332174 13.0 1884
1584641334374 8.0 1885
1584641336553 13.0 1886
1584641338774 11.0 1887
1584641340989 9.0 1888
1584641343607 8.0 1889
1584641346257 13.0 1890
1584641348529 8.0 1891
1584641350745 11.0 1892
1584641352975 9.0 1893
1584641355441 8.0 1894
1584641357946 8.0 1895
1584641360129 12.0 1896
1584641362361 9.0 1897
1584641364580 9.0 1898
1584641366811 6.0 1899
1584641369021 13.0 1900
1584641371294 13.0 1901
1584641373510 6.0 1902
1584641375668 3.0 1903
1584641377885 5.0 1904
1584641380076 9.0 1905
1584641382258 8.0 1906
1584641384492 14.0 1907
1584641386663 12.0 1908
1584641388890 9.0 1909
1584641391086 3.0 1910
1584641393300 9.0 1911
1584641395467 7.0 1912
1584641397678 9.0 1913
1584641399894 11.0 1914
1584641402122 7.0 1915
1584641404327 12.0 1916
1584641406510 12.0 1917
1584641408782 10.0 1918
1584641410958 9.0 1919
1584641413145 3.0 1920
1584641415328 8.0 1921
1584641417509 10.0 1922
1584641419707 9.0 1923
1584641421916 12.0 1924
1584641424189 6.0 1925
1584641426372 6.0 1926
1584641428570 8.0 1927
1584641430760 10.0 1928
1584641432964 6.0 1929
1584641435207 5.0 1930
1584641437398 10.0 1931
1584641439693 11.0 1932
1584641441866 14.0 1933
1584641444056 12.0 1934
1584641446239 6.0 1935
1584641448431 8.0 1936
1584641450640 5.0 1937
1584641452846 12.0 1938
1584641455062 4.0 1939
1584641457223 7.0 1940
1584641459420 10.0 1941
1584641461625 2.0 1942
1584641464190 7.0 1943
1584641466383 11.0 1944
1584641468575 10.0 1945
1584641471111 12.0 1946
1584641473620 15.0 1947
1584641475824 4.0 1948
1584641478041 5.0 1949
1584641480213 7.0 1950
1584641482401 7.0 1951
1584641484613 6.0 1952
1584641486794 10.0 1953
1584641488998 8.0 1954
1584641491263 9.0 1955
1584641493473 12.0 1956
1584641495669 11.0 1957
1584641497850 5.0 1958
1584641500052 10.0 1959
1584641502249 5.0 1960
1584641504433 9.0 1961
1584641506602 5.0 1962
1584641508805 7.0 1963
1584641510994 4.0 1964
1584641513193 11.0 1965
1584641515377 11.0 1966
1584641517563 2.0 1967
1584641519744 12.0 1968
1584641521972 5.0 1969
1584641524235 9.0 1970
1584641526411 8.0 1971
1584641528579 8.0 1972
1584641531043 11.0 1973
1584641533947 9.0 1974
1584641536176 15.0 1975
1584641538371 10.0 1976
1584641540565 11.0 1977
1584641542806 9.0 1978
1584641545156 11.0 1979
1584641547342 9.0 1980
1584641549539 10.0 1981
1584641551767 9.0 1982
1584641553951 13.0 1983
1584641556153 14.0 1984
1584641558344 9.0 1985
1584641560525 6.0 1986
1584641562723 13.0 1987
1584641564924 9.0 1988
1584641567171 8.0 1989
1584641569362 5.0 1990
1584641571555 6.0 1991
1584641573724 9.0 1992
1584641575938 9.0 1993
1584641578139 4.0 1994
1584641580328 14.0 1995
1584641582518 7.0 1996
1584641584737 6.0 1997
1584641587060 14.0 1998
1584641589236 12.0 1999
1584641591510 8.0 2000
