1583065411415 1.0 1
1583065414336 0.995 2
1583065416509 0.990025 3
1583065418640 0.985074875 4
1583065420749 0.9801495006250001 5
1583065422861 0.9752487531218751 6
1583065425031 0.9703725093562657 7
1583065427222 0.9655206468094844 8
1583065429369 0.960693043575437 9
1583065431485 0.9558895783575597 10
1583065433613 0.9511101304657719 11
1583065435706 0.946354579813443 12
1583065437822 0.9416228069143757 13
1583065439918 0.9369146928798039 14
1583065442049 0.9322301194154049 15
1583065444165 0.9275689688183278 16
1583065446299 0.9229311239742362 17
1583065448433 0.918316468354365 18
1583065450574 0.9137248860125932 19
1583065452719 0.9091562615825302 20
