1583065414328 0.0 1
1583065416503 0.5 2
1583065418634 0.6666666666666666 3
1583065420742 0.75 4
1583065422856 0.6 5
1583065425025 0.3333333333333333 6
1583065427217 0.14285714285714285 7
1583065429366 0.0 8
1583065431479 -0.1111111111111111 9
1583065433609 0.0 10
1583065435701 0.0 11
1583065437816 -0.08333333333333333 12
1583065439909 -0.15384615384615385 13
1583065442043 -0.07142857142857142 14
1583065444161 -0.06666666666666667 15
1583065446295 0.0 16
1583065448426 -0.058823529411764705 17
1583065450568 -0.1111111111111111 18
1583065452713 -0.05263157894736842 19
1583065454816 0.0 20
