1584302864478 0.0 1
1584302866917 2.0 2
1584302869231 0.0 3
1584302871459 1.0 4
1584302873689 -1.0 5
1584302875930 1.0 6
1584302878381 0.0 7
1584302881055 0.0 8
1584302883938 1.0 9
1584302886763 -1.0 10
1584302889509 2.0 11
1584302891894 -1.0 12
1584302894674 -1.0 13
1584302897052 2.0 14
1584302899450 0.0 15
1584302902362 1.0 16
1584302905286 0.0 17
1584302907616 0.0 18
1584302911344 0.0 19
1584302913552 0.0 20
1584302916343 0.0 21
1584302918846 -1.0 22
1584302922327 0.0 23
1584302924978 0.0 24
1584302927222 1.0 25
1584302929392 0.0 26
1584302931743 0.0 27
1584302934277 -1.0 28
1584302936744 1.0 29
1584302940139 0.0 30
1584302942590 0.0 31
1584302944918 -1.0 32
1584302947683 0.0 33
1584302949946 -1.0 34
1584302952120 1.0 35
1584302954544 0.0 36
1584302956845 1.0 37
1584302959300 2.0 38
1584302961600 1.0 39
1584302963917 1.0 40
1584302966162 -1.0 41
1584302968368 1.0 42
1584302970529 0.0 43
1584302972657 0.0 44
1584302974812 0.0 45
1584302976934 0.0 46
1584302979046 4.0 47
1584302981162 0.0 48
1584302983306 1.0 49
1584302985540 0.0 50
1584302987718 1.0 51
1584302990099 1.0 52
1584302992662 3.0 53
1584302995305 1.0 54
1584302997437 0.0 55
1584302999553 2.0 56
1584303001784 0.0 57
1584303003921 2.0 58
1584303006082 0.0 59
1584303008375 1.0 60
1584303010570 2.0 61
1584303012678 0.0 62
1584303014839 0.0 63
1584303017226 0.0 64
1584303019379 3.0 65
1584303021497 1.0 66
1584303023917 3.0 67
1584303026300 0.0 68
1584303028685 1.0 69
1584303031162 0.0 70
1584303033337 0.0 71
1584303035558 2.0 72
1584303037884 0.0 73
1584303040020 1.0 74
1584303042123 3.0 75
1584303044294 2.0 76
1584303046460 0.0 77
1584303048583 4.0 78
1584303050739 2.0 79
1584303053182 4.0 80
1584303056280 2.0 81
1584303058863 1.0 82
1584303061037 2.0 83
1584303063843 0.0 84
1584303066021 1.0 85
1584303068195 2.0 86
1584303070319 3.0 87
1584303073454 4.0 88
1584303078034 3.0 89
1584303080698 1.0 90
1584303083420 0.0 91
1584303085671 5.0 92
1584303087992 1.0 93
1584303091379 1.0 94
1584303093972 4.0 95
1584303096283 5.0 96
1584303099220 3.0 97
1584303102221 0.0 98
1584303104368 2.0 99
1584303106488 -1.0 100
1584303108592 3.0 101
1584303111405 3.0 102
1584303113649 1.0 103
1584303116147 0.0 104
1584303119468 0.0 105
1584303122136 -1.0 106
1584303124626 2.0 107
1584303127596 3.0 108
1584303130290 3.0 109
1584303132701 3.0 110
1584303134926 0.0 111
1584303139035 4.0 112
1584303142013 2.0 113
1584303144554 1.0 114
1584303146802 6.0 115
1584303149719 3.0 116
1584303152672 5.0 117
1584303154879 3.0 118
1584303157254 5.0 119
1584303159401 2.0 120
1584303161550 3.0 121
1584303163775 1.0 122
1584303165893 0.0 123
1584303168045 2.0 124
1584303170347 0.0 125
1584303172788 2.0 126
1584303174976 1.0 127
1584303177117 3.0 128
1584303179242 2.0 129
1584303181476 3.0 130
1584303184760 2.0 131
1584303187647 2.0 132
1584303190620 4.0 133
1584303192871 3.0 134
1584303195558 4.0 135
1584303197695 2.0 136
1584303199809 3.0 137
1584303201934 1.0 138
1584303204159 3.0 139
1584303206782 4.0 140
1584303209040 3.0 141
1584303211954 6.0 142
1584303215406 6.0 143
1584303218993 3.0 144
1584303222149 5.0 145
1584303224585 6.0 146
1584303226768 1.0 147
1584303229041 8.0 148
1584303231348 2.0 149
1584303233573 0.0 150
1584303236483 0.0 151
1584303239053 3.0 152
1584303241208 5.0 153
1584303243433 8.0 154
1584303245787 3.0 155
1584303248296 3.0 156
1584303250529 6.0 157
1584303252697 3.0 158
1584303254929 5.0 159
1584303257515 9.0 160
1584303260508 3.0 161
1584303263495 1.0 162
1584303265661 2.0 163
1584303267859 1.0 164
1584303270295 3.0 165
1584303273216 4.0 166
1584303275428 6.0 167
1584303277598 7.0 168
1584303279795 5.0 169
1584303281973 1.0 170
1584303284316 6.0 171
1584303286855 7.0 172
1584303289471 1.0 173
1584303292053 8.0 174
1584303294255 8.0 175
1584303296495 0.0 176
1584303298660 6.0 177
1584303300859 5.0 178
1584303303155 12.0 179
1584303305670 5.0 180
1584303308627 3.0 181
1584303311052 9.0 182
1584303313308 6.0 183
1584303315503 2.0 184
1584303317866 3.0 185
1584303320120 5.0 186
1584303322370 7.0 187
1584303324592 7.0 188
1584303326863 5.0 189
1584303329228 1.0 190
1584303331426 4.0 191
1584303334280 4.0 192
1584303337438 6.0 193
1584303339659 1.0 194
1584303342091 7.0 195
1584303344568 3.0 196
1584303346904 7.0 197
1584303350538 4.0 198
1584303353391 4.0 199
1584303356464 8.0 200
1584303359382 5.0 201
1584303362788 2.0 202
1584303366883 5.0 203
1584303371220 7.0 204
1584303373762 11.0 205
1584303375960 6.0 206
1584303378681 5.0 207
1584303380853 7.0 208
1584303384450 7.0 209
1584303387702 7.0 210
1584303389950 14.0 211
1584303392104 2.0 212
1584303394301 6.0 213
1584303396625 7.0 214
1584303401595 13.0 215
1584303404029 7.0 216
1584303406269 11.0 217
1584303408623 6.0 218
1584303410987 6.0 219
1584303413494 2.0 220
1584303415765 12.0 221
1584303417957 5.0 222
1584303420545 6.0 223
1584303422760 5.0 224
1584303424991 9.0 225
1584303428524 7.0 226
1584303431502 9.0 227
1584303434999 7.0 228
1584303437299 6.0 229
1584303439436 11.0 230
1584303441567 3.0 231
1584303444201 0.0 232
1584303446357 2.0 233
1584303448503 4.0 234
1584303450972 3.0 235
1584303453188 8.0 236
1584303455447 5.0 237
1584303457558 6.0 238
1584303459751 6.0 239
1584303461911 4.0 240
1584303464210 8.0 241
1584303468192 8.0 242
1584303470604 11.0 243
1584303475987 10.0 244
1584303478339 4.0 245
1584303481162 8.0 246
1584303483290 8.0 247
1584303485474 11.0 248
1584303487771 12.0 249
1584303490423 7.0 250
1584303493452 11.0 251
1584303496574 8.0 252
1584303499231 4.0 253
1584303502273 10.0 254
1584303505182 8.0 255
1584303507350 7.0 256
1584303509498 9.0 257
1584303511645 8.0 258
1584303513855 7.0 259
1584303516753 5.0 260
1584303519662 5.0 261
1584303522548 11.0 262
1584303524725 8.0 263
1584303526935 5.0 264
1584303529565 13.0 265
1584303532037 9.0 266
1584303535089 5.0 267
1584303537393 9.0 268
1584303539643 14.0 269
1584303541890 6.0 270
1584303544110 13.0 271
1584303546319 9.0 272
1584303548533 11.0 273
1584303550685 7.0 274
1584303552865 4.0 275
1584303555354 5.0 276
1584303557666 9.0 277
1584303559817 9.0 278
1584303561977 4.0 279
1584303564180 13.0 280
1584303566378 11.0 281
1584303568548 14.0 282
1584303570735 10.0 283
1584303573359 6.0 284
1584303576431 9.0 285
1584303580455 12.0 286
1584303583254 6.0 287
1584303585495 13.0 288
1584303587797 18.0 289
1584303590176 7.0 290
1584303592505 13.0 291
1584303594922 10.0 292
1584303597350 4.0 293
1584303599571 2.0 294
1584303601784 3.0 295
1584303605006 4.0 296
1584303608419 16.0 297
1584303611750 12.0 298
1584303613924 8.0 299
1584303616101 6.0 300
1584303618258 1.0 301
1584303620727 10.0 302
1584303623303 15.0 303
1584303626492 9.0 304
1584303629343 9.0 305
1584303631518 6.0 306
1584303633650 8.0 307
1584303635858 9.0 308
1584303638699 9.0 309
1584303642099 6.0 310
1584303644998 14.0 311
1584303648261 5.0 312
