1584704994725 1 1
1584704997120 1 2
1584704999503 1 3
1584705001782 1 4
1584705004108 1 5
1584705006474 1 6
1584705008820 1 7
1584705011241 1 8
1584705013592 1 9
1584705015954 1 10
1584705018333 1 11
1584705020958 1 12
1584705023354 1 13
1584705025782 1 14
1584705028111 1 15
1584705031268 1 16
1584705034003 1 17
1584705036534 1 18
1584705038918 1 19
1584705041246 1 20
1584705043524 1 21
1584705045777 1 22
1584705048059 1 23
1584705050323 1 24
1584705052675 1 25
1584705055020 1 26
1584705057328 1 27
1584705059584 1 28
1584705061968 1 29
1584705064278 1 30
1584705066575 1 31
1584705068828 1 32
1584705071093 1 33
1584705073422 1 34
1584705075695 1 35
1584705077962 1 36
1584705080240 1 37
1584705082521 1 38
1584705084814 1 39
1584705087096 1 40
1584705089405 1 41
1584705091803 1 42
1584705094232 1 43
1584705096539 1 44
1584705098811 1 45
1584705101068 1 46
1584705103388 1 47
1584705105670 1 48
1584705107960 1 49
1584705110261 1 50
1584705112579 1 51
1584705114876 1 52
1584705117197 1 53
1584705119478 1 54
1584705121919 1 55
1584705124231 1 56
1584705126565 1 57
1584705129144 1 58
1584705131431 1 59
1584705133732 1 60
1584705136002 1 61
1584705138312 1 62
1584705140567 1 63
1584705142853 1 64
1584705145161 1 65
1584705147458 1 66
1584705149746 1 67
1584705152041 1 68
1584705154397 1 69
1584705156690 1 70
1584705159041 1 71
1584705161341 1 72
1584705163644 1 73
1584705166132 1 74
1584705169126 1 75
1584705171461 1 76
1584705173814 1 77
1584705176097 1 78
1584705178417 1 79
1584705180702 1 80
1584705183023 1 81
1584705185355 1 82
1584705187634 1 83
1584705189992 1 84
1584705192306 1 85
1584705194583 1 86
1584705196884 1 87
1584705199161 1 88
1584705201460 1 89
1584705203755 1 90
1584705206058 1 91
1584705208353 1 92
1584705210617 1 93
1584705213001 1 94
1584705215352 1 95
1584705217684 1 96
1584705220077 1 97
1584705222355 1 98
1584705224900 1 99
1584705227242 1 100
1584705229589 1 101
1584705231930 1 102
1584705234217 1 103
1584705236503 1 104
1584705238790 1 105
1584705241054 1 106
1584705243422 1 107
1584705245720 1 108
1584705248020 1 109
1584705250345 1 110
1584705252644 1 111
1584705255019 1 112
1584705257324 1 113
1584705259623 1 114
1584705261902 1 115
1584705264217 1 116
1584705266515 1 117
1584705268802 1 118
1584705271093 1 119
1584705273547 1 120
1584705275859 1 121
1584705278162 1 122
1584705280466 1 123
1584705282706 1 124
1584705285131 1 125
1584705287432 1 126
1584705289717 1 127
1584705292109 1 128
1584705294479 1 129
1584705296815 1 130
1584705299116 1 131
1584705301636 1 132
1584705304614 1 133
1584705307114 1 134
1584705309459 1 135
1584705311821 1 136
1584705314164 1 137
1584705316614 1 138
1584705318923 1 139
1584705321548 1 140
1584705323898 1 141
1584705326248 1 142
1584705328580 1 143
1584705330907 1 144
1584705333733 1 145
1584705336094 1 146
1584705338462 1 147
1584705340804 1 148
1584705343112 1 149
1584705345427 1 150
1584705347712 1 151
1584705350068 1 152
1584705352501 1 153
1584705354810 1 154
1584705357137 1 155
1584705359460 1 156
1584705361806 1 157
1584705364145 1 158
1584705366457 1 159
1584705368751 1 160
1584705371040 1 161
1584705373381 1 162
1584705375665 1 163
1584705377956 1 164
1584705380243 1 165
1584705382636 1 166
1584705384957 1 167
1584705387294 1 168
1584705389598 1 169
1584705391898 1 170
1584705394286 1 171
1584705396622 1 172
1584705398920 1 173
1584705401217 1 174
1584705403511 1 175
1584705405800 1 176
1584705408137 1 177
1584705410421 1 178
1584705412796 1 179
1584705415102 1 180
1584705417660 1 181
1584705419981 1 182
1584705422305 1 183
1584705424655 1 184
1584705426954 1 185
1584705429253 1 186
1584705431590 1 187
1584705433922 1 188
1584705436241 1 189
1584705438573 1 190
1584705440966 1 191
1584705443371 1 192
1584705445750 1 193
1584705448361 1 194
1584705450686 1 195
1584705453108 1 196
1584705455484 1 197
1584705457828 1 198
1584705460170 1 199
1584705462541 1 200
1584705464972 1 201
1584705467361 1 202
1584705469716 1 203
1584705472068 1 204
1584705474431 1 205
1584705476766 1 206
1584705479216 1 207
1584705481582 1 208
1584705483965 1 209
1584705486276 1 210
1584705488614 1 211
1584705490923 1 212
1584705493264 1 213
1584705495608 1 214
1584705497973 1 215
1584705500326 1 216
1584705502668 1 217
1584705504985 1 218
1584705507312 1 219
1584705509844 1 220
1584705512274 1 221
1584705514992 1 222
1584705517338 1 223
1584705519680 1 224
1584705522010 1 225
1584705524340 1 226
1584705526698 1 227
1584705529027 1 228
1584705531434 1 229
1584705533826 1 230
1584705536184 1 231
1584705538551 1 232
1584705540978 1 233
1584705543904 1 234
1584705546386 1 235
1584705549024 1 236
1584705551369 1 237
1584705553747 1 238
1584705556097 1 239
1584705558472 1 240
1584705560812 1 241
1584705563217 1 242
1584705565548 1 243
1584705567932 1 244
1584705570274 1 245
1584705572634 1 246
1584705575165 1 247
1584705577496 1 248
1584705579800 1 249
1584705582109 1 250
1584705584433 1 251
1584705586779 1 252
1584705589129 1 253
1584705591487 1 254
1584705593880 1 255
1584705596248 1 256
1584705598604 1 257
1584705600956 1 258
1584705603306 1 259
1584705605710 1 260
1584705608052 1 261
1584705610608 1 262
1584705612995 1 263
1584705615340 1 264
1584705617691 1 265
1584705620039 1 266
1584705622415 1 267
1584705624754 1 268
1584705627134 1 269
1584705629521 1 270
1584705631876 1 271
1584705634287 1 272
1584705636611 1 273
1584705638951 1 274
1584705641363 1 275
1584705643718 1 276
1584705646055 1 277
1584705648381 1 278
1584705650723 1 279
1584705653092 1 280
1584705655390 1 281
1584705657709 1 282
1584705660021 1 283
1584705662344 1 284
1584705664657 1 285
1584705666961 1 286
1584705669273 1 287
1584705671569 1 288
1584705673846 1 289
1584705676180 1 290
1584705678463 1 291
1584705680749 1 292
1584705683120 1 293
1584705685495 1 294
1584705687841 1 295
1584705690184 1 296
1584705692535 1 297
1584705695205 1 298
1584705697526 1 299
1584705699815 1 300
1584705702315 1 301
1584705704618 1 302
1584705707095 1 303
1584705709446 1 304
1584705711758 1 305
1584705714099 1 306
1584705716414 1 307
1584705718731 1 308
1584705721041 1 309
1584705723406 1 310
1584705725705 1 311
1584705727997 1 312
1584705730285 1 313
1584705732569 1 314
1584705734847 1 315
1584705737186 1 316
1584705739560 1 317
1584705741862 1 318
1584705744173 1 319
1584705746461 1 320
1584705748742 1 321
1584705751058 1 322
1584705753421 1 323
1584705755732 1 324
1584705758045 1 325
1584705760336 1 326
1584705762643 1 327
1584705764961 1 328
1584705767315 1 329
1584705769695 1 330
1584705772084 1 331
1584705774403 1 332
1584705776737 1 333
1584705779061 1 334
1584705781368 1 335
1584705783703 1 336
1584705786044 1 337
1584705788338 1 338
1584705790631 1 339
1584705792920 1 340
1584705795234 1 341
1584705797629 1 342
1584705799944 1 343
1584705802262 1 344
1584705804917 1 345
1584705807240 1 346
1584705809555 1 347
1584705811904 1 348
1584705814525 1 349
1584705816914 1 350
1584705819293 1 351
1584705821633 1 352
1584705824323 1 353
1584705826888 1 354
1584705829469 1 355
1584705831883 1 356
1584705834260 1 357
1584705836547 1 358
1584705838867 1 359
1584705841164 1 360
1584705843537 1 361
1584705845916 1 362
1584705848244 1 363
1584705850559 1 364
1584705852857 1 365
1584705855174 1 366
1584705857473 1 367
1584705859794 1 368
1584705862113 1 369
1584705864547 1 370
1584705866850 1 371
1584705869222 1 372
1584705872825 1 373
1584705875256 1 374
1584705877822 1 375
1584705880315 1 376
1584705883595 1 377
1584705886050 1 378
1584705889057 1 379
1584705891372 1 380
1584705893734 1 381
1584705896200 1 382
1584705898538 1 383
1584705901082 1 384
1584705903429 1 385
1584705905776 1 386
1584705908092 1 387
1584705910431 1 388
1584705912743 1 389
1584705915080 1 390
1584705917431 1 391
1584705919754 1 392
1584705922066 1 393
1584705924408 1 394
1584705926745 1 395
1584705929045 1 396
1584705931393 1 397
1584705933773 1 398
1584705936093 1 399
1584705938440 1 400
1584705940984 1 401
1584705943377 1 402
1584705945733 1 403
1584705948055 1 404
1584705950443 1 405
1584705952819 1 406
1584705955141 1 407
1584705957481 1 408
1584705959804 1 409
1584705962233 1 410
1584705964570 1 411
1584705966868 1 412
1584705969143 1 413
1584705971472 1 414
1584705973786 1 415
1584705976122 1 416
1584705978442 1 417
1584705980777 1 418
1584705983105 1 419
1584705985408 1 420
1584705987734 1 421
1584705990055 1 422
1584705992465 1 423
1584705994829 1 424
1584705997352 1 425
1584705999690 1 426
1584706002014 1 427
1584706004311 1 428
1584706006604 1 429
1584706008943 1 430
1584706011277 1 431
1584706013713 1 432
1584706016050 1 433
1584706018411 1 434
1584706020718 1 435
1584706023098 1 436
1584706025486 1 437
1584706027849 1 438
1584706030176 1 439
1584706032476 1 440
1584706034825 1 441
1584706037183 1 442
1584706039536 1 443
1584706041845 1 444
1584706044199 1 445
1584706046573 1 446
1584706048928 1 447
1584706051297 1 448
1584706053834 1 449
1584706056174 1 450
1584706058593 1 451
1584706061472 1 452
1584706063842 1 453
1584706066195 1 454
1584706068558 1 455
1584706071245 1 456
1584706073607 1 457
1584706075926 1 458
1584706078268 1 459
1584706080613 1 460
1584706083098 1 461
1584706085432 1 462
1584706087818 1 463
1584706090129 1 464
1584706092558 1 465
1584706095111 1 466
1584706097448 1 467
1584706099757 1 468
1584706102079 1 469
1584706104451 1 470
1584706106759 1 471
1584706109073 1 472
1584706111411 1 473
1584706113835 1 474
1584706116165 1 475
1584706118516 1 476
1584706120883 1 477
1584706123325 1 478
1584706125750 1 479
1584706128116 1 480
1584706130471 1 481
1584706132800 1 482
1584706135155 1 483
1584706137510 1 484
1584706139832 1 485
1584706142138 1 486
1584706144509 1 487
1584706146832 1 488
1584706149139 1 489
1584706151450 1 490
1584706153833 1 491
1584706156155 1 492
1584706158464 1 493
1584706160773 1 494
1584706163088 1 495
1584706165451 1 496
1584706167768 1 497
1584706170092 1 498
1584706172373 1 499
1584706174822 1 500
1584706177273 1 501
1584706179634 1 502
1584706181955 1 503
1584706184338 1 504
1584706186662 1 505
1584706189044 1 506
1584706191611 1 507
1584706193957 1 508
1584706196283 1 509
1584706198605 1 510
1584706200892 1 511
1584706203252 1 512
1584706205587 1 513
1584706207899 1 514
1584706210273 1 515
1584706212582 1 516
1584706214911 1 517
1584706217230 1 518
1584706219547 1 519
1584706221947 1 520
1584706224257 1 521
1584706226589 1 522
1584706228914 1 523
1584706231245 1 524
1584706233698 1 525
1584706236125 1 526
1584706238461 1 527
1584706240858 1 528
1584706243203 1 529
1584706245526 1 530
1584706247817 1 531
1584706250170 1 532
1584706252657 1 533
1584706255063 1 534
1584706257461 1 535
1584706259777 1 536
1584706262072 1 537
1584706264428 1 538
1584706266772 1 539
1584706269101 1 540
1584706271424 1 541
1584706273797 1 542
1584706276142 1 543
1584706278539 1 544
1584706280846 1 545
1584706283191 1 546
1584706285643 1 547
1584706288259 1 548
1584706290602 1 549
1584706293026 1 550
1584706295365 1 551
1584706297709 1 552
1584706300018 1 553
1584706302367 1 554
1584706304702 1 555
1584706307058 1 556
1584706309404 1 557
1584706311740 1 558
1584706314097 1 559
1584706316446 1 560
1584706318872 1 561
1584706321627 1 562
1584706324667 1 563
1584706327099 1 564
1584706329710 1 565
1584706332069 1 566
1584706334463 1 567
1584706336782 1 568
1584706339117 1 569
1584706341468 1 570
1584706343861 1 571
1584706346277 1 572
1584706348844 1 573
1584706351146 1 574
1584706353542 1 575
1584706355940 1 576
1584706358312 1 577
1584706360670 1 578
1584706363031 1 579
1584706365405 1 580
1584706367725 1 581
1584706370038 1 582
1584706372402 1 583
1584706374752 1 584
1584706377141 1 585
1584706379556 1 586
1584706381936 1 587
1584706384624 1 588
1584706386950 1 589
1584706389331 1 590
1584706391660 1 591
1584706394054 1 592
1584706396355 1 593
1584706398686 1 594
1584706401031 1 595
1584706403359 1 596
1584706405696 1 597
1584706408051 1 598
1584706410379 1 599
1584706412712 1 600
1584706415861 1 601
1584706418195 1 602
1584706420573 1 603
1584706422887 1 604
1584706425288 1 605
1584706427668 1 606
1584706430009 1 607
1584706432345 1 608
1584706434666 1 609
1584706436988 1 610
1584706439329 1 611
1584706441676 1 612
1584706444062 1 613
1584706446365 1 614
1584706448745 1 615
1584706451072 1 616
1584706453420 1 617
1584706455742 1 618
1584706458069 1 619
1584706460424 1 620
1584706462745 1 621
1584706465063 1 622
1584706467378 1 623
1584706469679 1 624
1584706471975 1 625
1584706474445 1 626
1584706476771 1 627
1584706479202 1 628
1584706481704 1 629
1584706484062 1 630
1584706486412 1 631
1584706488745 1 632
1584706491109 1 633
1584706493514 1 634
1584706495890 1 635
1584706498248 1 636
1584706500592 1 637
1584706502936 1 638
1584706505317 1 639
1584706507650 1 640
1584706510055 1 641
1584706512435 1 642
1584706514788 1 643
1584706517196 1 644
1584706519650 1 645
1584706522076 1 646
1584706524466 1 647
1584706526844 1 648
1584706529256 1 649
1584706531674 1 650
1584706534132 1 651
1584706536520 1 652
1584706538967 1 653
1584706541547 1 654
1584706544026 1 655
1584706546471 1 656
1584706548876 1 657
1584706551390 1 658
1584706553834 1 659
1584706556257 1 660
1584706558657 1 661
1584706561020 1 662
1584706563409 1 663
1584706565792 1 664
1584706568543 1 665
1584706570991 1 666
1584706573390 1 667
1584706575896 1 668
1584706578477 1 669
1584706580858 1 670
1584706583252 1 671
1584706585635 1 672
1584706588072 1 673
1584706590490 1 674
1584706592992 1 675
1584706595410 1 676
1584706597841 1 677
1584706600242 1 678
1584706602646 1 679
1584706605065 1 680
1584706607515 1 681
1584706609907 1 682
1584706612336 1 683
1584706614739 1 684
1584706617182 1 685
1584706619617 1 686
1584706622064 1 687
1584706624485 1 688
1584706626899 1 689
1584706629300 1 690
1584706631703 1 691
1584706634106 1 692
1584706636504 1 693
1584706639000 1 694
1584706641376 1 695
1584706643763 1 696
1584706646113 1 697
1584706648493 1 698
1584706650832 1 699
1584706653361 1 700
1584706655861 1 701
1584706658330 1 702
1584706660978 1 703
1584706664076 1 704
1584706666517 1 705
1584706669012 1 706
1584706671421 1 707
1584706673867 1 708
1584706676310 1 709
1584706679013 1 710
1584706681455 1 711
1584706683868 1 712
1584706686250 1 713
1584706688678 1 714
1584706691079 1 715
1584706693507 1 716
1584706695886 1 717
1584706698290 1 718
1584706700658 1 719
1584706703039 1 720
1584706705465 1 721
1584706707858 1 722
1584706710344 1 723
1584706712740 1 724
1584706715318 1 725
1584706717701 1 726
1584706720085 1 727
1584706722503 1 728
1584706724893 1 729
1584706727293 1 730
1584706729682 1 731
1584706732111 1 732
1584706734577 1 733
1584706737075 1 734
1584706739967 1 735
1584706742969 1 736
1584706745568 1 737
