1584704994725 -2.0 1
1584704997120 2.0 2
1584704999503 0.0 3
1584705001782 1.0 4
1584705004108 -1.0 5
1584705006474 0.0 6
1584705008820 0.0 7
1584705011241 0.0 8
1584705013592 -1.0 9
1584705015954 0.0 10
1584705018333 0.0 11
1584705020958 -1.0 12
1584705023354 0.0 13
1584705025782 0.0 14
1584705028111 1.0 15
1584705031268 2.0 16
1584705034003 -1.0 17
1584705036534 0.0 18
1584705038918 0.0 19
1584705041246 0.0 20
1584705043524 0.0 21
1584705045777 0.0 22
1584705048059 0.0 23
1584705050323 0.0 24
1584705052675 -1.0 25
1584705055020 -1.0 26
1584705057328 1.0 27
1584705059584 -3.0 28
1584705061968 1.0 29
1584705064278 1.0 30
1584705066575 1.0 31
1584705068828 -1.0 32
1584705071093 0.0 33
1584705073422 0.0 34
1584705075695 1.0 35
1584705077962 -1.0 36
1584705080240 2.0 37
1584705082521 0.0 38
1584705084814 1.0 39
1584705087096 1.0 40
1584705089405 0.0 41
1584705091803 1.0 42
1584705094232 2.0 43
1584705096539 0.0 44
1584705098811 0.0 45
1584705101068 2.0 46
1584705103388 0.0 47
1584705105670 0.0 48
1584705107960 0.0 49
1584705110261 0.0 50
1584705112579 1.0 51
1584705114876 1.0 52
1584705117197 0.0 53
1584705119478 0.0 54
1584705121919 -1.0 55
1584705124231 1.0 56
1584705126565 0.0 57
1584705129144 0.0 58
1584705131431 2.0 59
1584705133732 0.0 60
1584705136002 1.0 61
1584705138312 0.0 62
1584705140567 2.0 63
1584705142853 -1.0 64
1584705145161 0.0 65
1584705147458 1.0 66
1584705149746 0.0 67
1584705152041 -1.0 68
1584705154397 -1.0 69
1584705156690 0.0 70
1584705159041 3.0 71
1584705161341 1.0 72
1584705163644 -1.0 73
1584705166132 2.0 74
1584705169126 0.0 75
1584705171461 1.0 76
1584705173814 0.0 77
1584705176097 1.0 78
1584705178417 -1.0 79
1584705180702 2.0 80
1584705183023 1.0 81
1584705185355 4.0 82
1584705187634 3.0 83
1584705189992 0.0 84
1584705192306 0.0 85
1584705194583 2.0 86
1584705196884 -1.0 87
1584705199161 -1.0 88
1584705201460 -2.0 89
1584705203755 -2.0 90
1584705206058 1.0 91
1584705208353 1.0 92
1584705210617 0.0 93
1584705213001 2.0 94
1584705215352 4.0 95
1584705217684 0.0 96
1584705220077 4.0 97
1584705222355 0.0 98
1584705224900 1.0 99
1584705227242 0.0 100
1584705229589 0.0 101
1584705231930 4.0 102
1584705234217 0.0 103
1584705236503 5.0 104
1584705238790 0.0 105
1584705241054 1.0 106
1584705243422 0.0 107
1584705245720 5.0 108
1584705248020 0.0 109
1584705250345 2.0 110
1584705252644 3.0 111
1584705255019 6.0 112
1584705257324 3.0 113
1584705259623 0.0 114
1584705261902 1.0 115
1584705264217 2.0 116
1584705266515 -1.0 117
1584705268802 1.0 118
1584705271093 3.0 119
1584705273547 1.0 120
1584705275859 0.0 121
1584705278162 2.0 122
1584705280466 4.0 123
1584705282706 1.0 124
1584705285131 0.0 125
1584705287432 -1.0 126
1584705289717 2.0 127
1584705292109 2.0 128
1584705294479 3.0 129
1584705296815 0.0 130
1584705299116 4.0 131
1584705301636 4.0 132
1584705304614 7.0 133
1584705307114 1.0 134
1584705309459 4.0 135
1584705311821 -1.0 136
1584705314164 2.0 137
1584705316614 2.0 138
1584705318923 1.0 139
1584705321548 1.0 140
1584705323898 2.0 141
1584705326248 4.0 142
1584705328580 3.0 143
1584705330907 6.0 144
1584705333733 3.0 145
1584705336094 0.0 146
1584705338462 8.0 147
1584705340804 1.0 148
1584705343112 4.0 149
1584705345427 3.0 150
1584705347712 1.0 151
1584705350068 3.0 152
1584705352501 3.0 153
1584705354810 6.0 154
1584705357137 2.0 155
1584705359460 4.0 156
1584705361806 1.0 157
1584705364145 5.0 158
1584705366457 2.0 159
1584705368751 -2.0 160
1584705371040 0.0 161
1584705373381 4.0 162
1584705375665 6.0 163
1584705377956 8.0 164
1584705380243 5.0 165
1584705382636 7.0 166
1584705384957 4.0 167
1584705387294 1.0 168
1584705389598 2.0 169
1584705391898 6.0 170
1584705394286 2.0 171
1584705396622 3.0 172
1584705398920 5.0 173
1584705401217 -1.0 174
1584705403511 6.0 175
1584705405800 5.0 176
1584705408137 7.0 177
1584705410421 6.0 178
1584705412796 8.0 179
1584705415102 -1.0 180
1584705417660 4.0 181
1584705419981 2.0 182
1584705422305 1.0 183
1584705424655 1.0 184
1584705426954 3.0 185
1584705429253 3.0 186
1584705431590 10.0 187
1584705433922 8.0 188
1584705436241 0.0 189
1584705438573 6.0 190
1584705440966 10.0 191
1584705443371 1.0 192
1584705445750 2.0 193
1584705448361 -1.0 194
1584705450686 5.0 195
1584705453108 1.0 196
1584705455484 1.0 197
1584705457828 7.0 198
1584705460170 8.0 199
1584705462541 2.0 200
1584705464972 2.0 201
1584705467361 4.0 202
1584705469716 9.0 203
1584705472068 5.0 204
1584705474431 9.0 205
1584705476766 3.0 206
1584705479216 9.0 207
1584705481582 1.0 208
1584705483965 3.0 209
1584705486276 2.0 210
1584705488614 4.0 211
1584705490923 9.0 212
1584705493264 -1.0 213
1584705495608 9.0 214
1584705497973 6.0 215
1584705500326 6.0 216
1584705502668 8.0 217
1584705504985 4.0 218
1584705507312 3.0 219
1584705509844 6.0 220
1584705512274 7.0 221
1584705514992 0.0 222
1584705517338 5.0 223
1584705519680 5.0 224
1584705522010 3.0 225
1584705524340 8.0 226
1584705526698 2.0 227
1584705529027 4.0 228
1584705531434 2.0 229
1584705533826 0.0 230
1584705536184 11.0 231
1584705538551 2.0 232
1584705540978 2.0 233
1584705543904 5.0 234
1584705546386 8.0 235
1584705549024 9.0 236
1584705551369 4.0 237
1584705553747 1.0 238
1584705556097 1.0 239
1584705558472 5.0 240
1584705560812 2.0 241
1584705563217 9.0 242
1584705565548 10.0 243
1584705567932 3.0 244
1584705570274 1.0 245
1584705572634 6.0 246
1584705575165 13.0 247
1584705577496 3.0 248
1584705579800 5.0 249
1584705582109 4.0 250
1584705584433 3.0 251
1584705586779 11.0 252
1584705589129 4.0 253
1584705591487 8.0 254
1584705593880 2.0 255
1584705596248 7.0 256
1584705598604 9.0 257
1584705600956 9.0 258
1584705603306 8.0 259
1584705605710 6.0 260
1584705608052 13.0 261
1584705610608 8.0 262
1584705612995 11.0 263
1584705615340 9.0 264
1584705617691 10.0 265
1584705620039 7.0 266
1584705622415 5.0 267
1584705624754 6.0 268
1584705627134 10.0 269
1584705629521 17.0 270
1584705631876 4.0 271
1584705634287 1.0 272
1584705636611 11.0 273
1584705638951 8.0 274
1584705641363 12.0 275
1584705643718 3.0 276
1584705646055 6.0 277
1584705648381 8.0 278
1584705650723 1.0 279
1584705653092 9.0 280
1584705655390 8.0 281
1584705657709 14.0 282
1584705660021 11.0 283
1584705662344 2.0 284
1584705664657 14.0 285
1584705666961 9.0 286
1584705669273 9.0 287
1584705671569 6.0 288
1584705673846 12.0 289
1584705676180 2.0 290
1584705678463 11.0 291
1584705680749 4.0 292
1584705683120 7.0 293
1584705685495 9.0 294
1584705687841 13.0 295
1584705690184 9.0 296
1584705692535 9.0 297
1584705695205 12.0 298
1584705697526 8.0 299
1584705699815 13.0 300
1584705702315 6.0 301
1584705704618 12.0 302
1584705707095 2.0 303
1584705709446 9.0 304
1584705711758 12.0 305
1584705714099 6.0 306
1584705716414 10.0 307
1584705718731 10.0 308
1584705721041 3.0 309
1584705723406 14.0 310
1584705725705 10.0 311
1584705727997 13.0 312
1584705730285 12.0 313
1584705732569 11.0 314
1584705734847 10.0 315
1584705737186 7.0 316
1584705739560 7.0 317
1584705741862 7.0 318
1584705744173 12.0 319
1584705746461 12.0 320
1584705748742 11.0 321
1584705751058 17.0 322
1584705753421 12.0 323
1584705755732 4.0 324
1584705758045 11.0 325
1584705760336 9.0 326
1584705762643 14.0 327
1584705764961 10.0 328
1584705767315 13.0 329
1584705769695 11.0 330
1584705772084 5.0 331
1584705774403 -1.0 332
1584705776737 10.0 333
1584705779061 8.0 334
1584705781368 10.0 335
1584705783703 14.0 336
1584705786044 6.0 337
1584705788338 6.0 338
1584705790631 11.0 339
1584705792920 16.0 340
1584705795234 2.0 341
1584705797629 10.0 342
1584705799944 16.0 343
1584705802262 12.0 344
1584705804917 11.0 345
1584705807240 12.0 346
1584705809555 7.0 347
1584705811904 12.0 348
1584705814525 14.0 349
1584705816914 14.0 350
1584705819293 13.0 351
1584705821633 7.0 352
1584705824323 8.0 353
1584705826888 8.0 354
1584705829469 10.0 355
1584705831883 7.0 356
1584705834260 11.0 357
1584705836547 7.0 358
1584705838867 8.0 359
1584705841164 12.0 360
1584705843537 11.0 361
1584705845916 5.0 362
1584705848244 5.0 363
1584705850559 5.0 364
1584705852857 12.0 365
1584705855174 14.0 366
1584705857473 10.0 367
1584705859794 9.0 368
1584705862113 9.0 369
1584705864547 16.0 370
1584705866850 12.0 371
1584705869222 15.0 372
1584705872825 16.0 373
1584705875256 13.0 374
1584705877822 17.0 375
1584705880315 10.0 376
1584705883595 12.0 377
1584705886050 12.0 378
1584705889057 11.0 379
1584705891372 9.0 380
1584705893734 9.0 381
1584705896200 16.0 382
1584705898538 9.0 383
1584705901082 8.0 384
1584705903429 13.0 385
1584705905776 12.0 386
1584705908092 18.0 387
1584705910431 12.0 388
1584705912743 11.0 389
1584705915080 12.0 390
1584705917431 16.0 391
1584705919754 14.0 392
1584705922066 17.0 393
1584705924408 7.0 394
1584705926745 14.0 395
1584705929045 9.0 396
1584705931393 13.0 397
1584705933773 10.0 398
1584705936093 13.0 399
1584705938440 13.0 400
1584705940984 12.0 401
1584705943377 16.0 402
1584705945733 13.0 403
1584705948055 15.0 404
1584705950443 9.0 405
1584705952819 13.0 406
1584705955141 5.0 407
1584705957481 9.0 408
1584705959804 6.0 409
1584705962233 13.0 410
1584705964570 15.0 411
1584705966868 7.0 412
1584705969143 11.0 413
1584705971472 8.0 414
1584705973786 18.0 415
1584705976122 12.0 416
1584705978442 4.0 417
1584705980777 9.0 418
1584705983105 18.0 419
1584705985408 14.0 420
1584705987734 12.0 421
1584705990055 9.0 422
1584705992465 16.0 423
1584705994829 9.0 424
1584705997352 17.0 425
1584705999690 19.0 426
1584706002014 18.0 427
1584706004311 13.0 428
1584706006604 10.0 429
1584706008943 15.0 430
1584706011277 17.0 431
1584706013713 12.0 432
1584706016050 14.0 433
1584706018411 14.0 434
1584706020718 17.0 435
1584706023098 8.0 436
1584706025486 7.0 437
1584706027849 11.0 438
1584706030176 11.0 439
1584706032476 11.0 440
1584706034825 10.0 441
1584706037183 9.0 442
1584706039536 8.0 443
1584706041845 12.0 444
1584706044199 10.0 445
1584706046573 17.0 446
1584706048928 15.0 447
1584706051297 11.0 448
1584706053834 6.0 449
1584706056174 16.0 450
1584706058593 11.0 451
1584706061472 17.0 452
1584706063842 17.0 453
1584706066195 12.0 454
1584706068558 16.0 455
1584706071245 14.0 456
1584706073607 13.0 457
1584706075926 13.0 458
1584706078268 10.0 459
1584706080613 9.0 460
1584706083098 16.0 461
1584706085432 15.0 462
1584706087818 8.0 463
1584706090129 13.0 464
1584706092558 13.0 465
1584706095111 11.0 466
1584706097448 11.0 467
1584706099757 17.0 468
1584706102079 8.0 469
1584706104451 17.0 470
1584706106759 16.0 471
1584706109073 7.0 472
1584706111411 14.0 473
1584706113835 20.0 474
1584706116165 1.0 475
1584706118516 14.0 476
1584706120883 4.0 477
1584706123325 9.0 478
1584706125750 16.0 479
1584706128116 17.0 480
1584706130471 8.0 481
1584706132800 12.0 482
1584706135155 12.0 483
1584706137510 12.0 484
1584706139832 11.0 485
1584706142138 11.0 486
1584706144509 13.0 487
1584706146832 10.0 488
1584706149139 21.0 489
1584706151450 13.0 490
1584706153833 14.0 491
1584706156155 8.0 492
1584706158464 17.0 493
1584706160773 13.0 494
1584706163088 6.0 495
1584706165451 16.0 496
1584706167768 18.0 497
1584706170092 11.0 498
1584706172373 16.0 499
1584706174822 23.0 500
1584706177273 13.0 501
1584706179634 11.0 502
1584706181955 13.0 503
1584706184338 16.0 504
1584706186662 9.0 505
1584706189044 14.0 506
1584706191611 13.0 507
1584706193957 12.0 508
1584706196283 16.0 509
1584706198605 10.0 510
1584706200892 15.0 511
1584706203252 13.0 512
1584706205587 11.0 513
1584706207899 14.0 514
1584706210273 15.0 515
1584706212582 17.0 516
1584706214911 17.0 517
1584706217230 14.0 518
1584706219547 13.0 519
1584706221947 12.0 520
1584706224257 17.0 521
1584706226589 14.0 522
1584706228914 16.0 523
1584706231245 9.0 524
1584706233698 15.0 525
1584706236125 20.0 526
1584706238461 17.0 527
1584706240858 14.0 528
1584706243203 15.0 529
1584706245526 11.0 530
1584706247817 16.0 531
1584706250170 14.0 532
1584706252657 19.0 533
1584706255063 16.0 534
1584706257461 9.0 535
1584706259777 16.0 536
1584706262072 17.0 537
1584706264428 16.0 538
1584706266772 17.0 539
1584706269101 9.0 540
1584706271424 10.0 541
1584706273797 18.0 542
1584706276142 12.0 543
1584706278539 12.0 544
1584706280846 15.0 545
1584706283191 19.0 546
1584706285643 18.0 547
1584706288259 9.0 548
1584706290602 13.0 549
1584706293026 17.0 550
1584706295365 12.0 551
1584706297709 15.0 552
1584706300018 6.0 553
1584706302367 9.0 554
1584706304702 14.0 555
1584706307058 12.0 556
1584706309404 13.0 557
1584706311740 16.0 558
1584706314097 11.0 559
1584706316446 14.0 560
1584706318872 20.0 561
1584706321627 19.0 562
1584706324667 17.0 563
1584706327099 19.0 564
1584706329710 15.0 565
1584706332069 13.0 566
1584706334463 11.0 567
1584706336782 18.0 568
1584706339117 15.0 569
1584706341468 16.0 570
1584706343861 8.0 571
1584706346277 17.0 572
1584706348844 17.0 573
1584706351146 18.0 574
1584706353542 14.0 575
1584706355940 17.0 576
1584706358312 13.0 577
1584706360670 19.0 578
1584706363031 16.0 579
1584706365405 17.0 580
1584706367725 18.0 581
1584706370038 17.0 582
1584706372402 16.0 583
1584706374752 16.0 584
1584706377141 14.0 585
1584706379556 16.0 586
1584706381936 10.0 587
1584706384624 14.0 588
1584706386950 14.0 589
1584706389331 14.0 590
1584706391660 18.0 591
1584706394054 12.0 592
1584706396355 10.0 593
1584706398686 16.0 594
1584706401031 21.0 595
1584706403359 17.0 596
1584706405696 12.0 597
1584706408051 12.0 598
1584706410379 22.0 599
1584706412712 14.0 600
1584706415861 15.0 601
1584706418195 14.0 602
1584706420573 13.0 603
1584706422887 14.0 604
1584706425288 10.0 605
1584706427668 13.0 606
1584706430009 15.0 607
1584706432345 14.0 608
1584706434666 18.0 609
1584706436988 11.0 610
1584706439329 14.0 611
1584706441676 21.0 612
1584706444062 17.0 613
1584706446365 14.0 614
1584706448745 22.0 615
1584706451072 18.0 616
1584706453420 15.0 617
1584706455742 16.0 618
1584706458069 11.0 619
1584706460424 15.0 620
1584706462745 20.0 621
1584706465063 12.0 622
1584706467378 16.0 623
1584706469679 19.0 624
1584706471975 22.0 625
1584706474445 18.0 626
1584706476771 18.0 627
1584706479202 9.0 628
1584706481704 16.0 629
1584706484062 15.0 630
1584706486412 15.0 631
1584706488745 16.0 632
1584706491109 15.0 633
1584706493514 23.0 634
1584706495890 14.0 635
1584706498248 15.0 636
1584706500592 15.0 637
1584706502936 18.0 638
1584706505317 11.0 639
1584706507650 13.0 640
1584706510055 17.0 641
1584706512435 17.0 642
1584706514788 16.0 643
1584706517196 10.0 644
1584706519650 15.0 645
1584706522076 17.0 646
1584706524466 16.0 647
1584706526844 18.0 648
1584706529256 13.0 649
1584706531674 20.0 650
1584706534132 14.0 651
1584706536520 14.0 652
1584706538967 16.0 653
1584706541547 15.0 654
1584706544026 19.0 655
1584706546471 16.0 656
1584706548876 13.0 657
1584706551390 16.0 658
1584706553834 15.0 659
1584706556257 14.0 660
1584706558657 16.0 661
1584706561020 13.0 662
1584706563409 14.0 663
1584706565792 18.0 664
1584706568543 19.0 665
1584706570991 18.0 666
1584706573390 18.0 667
1584706575896 13.0 668
1584706578477 9.0 669
1584706580858 13.0 670
1584706583252 15.0 671
1584706585635 14.0 672
1584706588072 14.0 673
1584706590490 14.0 674
1584706592992 18.0 675
1584706595410 19.0 676
1584706597841 15.0 677
1584706600242 16.0 678
1584706602646 6.0 679
1584706605065 21.0 680
1584706607515 16.0 681
1584706609907 15.0 682
1584706612336 10.0 683
1584706614739 15.0 684
1584706617182 17.0 685
1584706619617 15.0 686
1584706622064 6.0 687
1584706624485 17.0 688
1584706626899 13.0 689
1584706629300 14.0 690
1584706631703 11.0 691
1584706634106 18.0 692
1584706636504 20.0 693
1584706639000 16.0 694
1584706641376 15.0 695
1584706643763 16.0 696
1584706646113 10.0 697
1584706648493 15.0 698
1584706650832 14.0 699
1584706653361 17.0 700
1584706655861 18.0 701
1584706658330 16.0 702
1584706660978 19.0 703
1584706664076 11.0 704
1584706666517 19.0 705
1584706669012 18.0 706
1584706671421 6.0 707
1584706673867 15.0 708
1584706676310 15.0 709
1584706679013 19.0 710
1584706681455 19.0 711
1584706683868 11.0 712
1584706686250 19.0 713
1584706688678 11.0 714
1584706691079 20.0 715
1584706693507 8.0 716
1584706695886 15.0 717
1584706698290 14.0 718
1584706700658 23.0 719
1584706703039 16.0 720
1584706705465 21.0 721
1584706707858 13.0 722
1584706710344 12.0 723
1584706712740 10.0 724
1584706715318 20.0 725
1584706717701 18.0 726
1584706720085 14.0 727
1584706722503 18.0 728
1584706724893 18.0 729
1584706727293 17.0 730
1584706729682 12.0 731
1584706732111 8.0 732
1584706734577 9.0 733
1584706737075 15.0 734
1584706739967 17.0 735
1584706742969 16.0 736
1584706745568 8.0 737
