1584693933630 300 1
1584693936760 300 2
1584693939443 300 3
1584693941993 300 4
1584693944448 300 5
1584693947266 300 6
1584693949624 300 7
1584693952003 300 8
1584693954470 300 9
1584693956801 300 10
1584693959143 300 11
1584693961424 300 12
1584693963999 300 13
1584693966439 300 14
1584693968747 300 15
1584693971060 300 16
1584693973359 300 17
1584693975658 300 18
1584693978005 300 19
1584693980276 300 20
1584693982569 300 21
1584693984907 300 22
1584693987194 300 23
1584693989487 300 24
1584693991772 300 25
1584693994193 300 26
1584693996491 300 27
1584693998801 300 28
1584694001094 300 29
1584694003395 300 30
1584694005662 300 31
1584694007992 300 32
1584694010237 300 33
1584694012608 300 34
1584694015066 300 35
1584694017320 300 36
1584694019645 300 37
1584694021964 300 38
1584694024272 300 39
1584694026550 300 40
1584694028819 300 41
1584694031068 300 42
1584694033356 300 43
1584694035643 300 44
1584694037914 300 45
1584694040208 300 46
1584694042500 300 47
1584694044919 300 48
1584694047201 300 49
1584694049478 300 50
1584694051771 300 51
1584694054131 300 52
1584694056430 300 53
1584694058734 300 54
1584694061785 300 55
1584694064380 300 56
1584694066671 300 57
1584694069053 300 58
1584694071676 300 59
1584694073991 300 60
1584694076282 300 61
1584694078587 300 62
1584694080941 300 63
1584694083309 300 64
1584694085609 300 65
1584694087918 300 66
1584694090244 300 67
1584694092513 300 68
1584694094825 300 69
1584694097120 300 70
1584694099431 300 71
1584694101732 300 72
1584694104111 300 73
1584694106413 300 74
1584694108730 300 75
1584694111252 300 76
1584694113717 300 77
1584694116010 300 78
1584694118301 300 79
1584694120645 300 80
1584694122960 300 81
1584694125231 300 82
1584694127524 300 83
1584694129885 300 84
1584694132219 300 85
1584694134553 300 86
1584694136934 300 87
1584694139261 300 88
1584694141661 300 89
1584694143970 300 90
1584694146259 300 91
1584694148535 300 92
1584694150858 300 93
1584694153135 300 94
1584694155405 300 95
1584694157757 300 96
1584694160083 300 97
1584694162403 300 98
1584694164721 300 99
1584694167065 300 100
1584694169409 300 101
1584694171793 300 102
1584694174158 300 103
1584694176422 300 104
1584694178765 300 105
1584694181213 300 106
1584694184024 300 107
1584694186330 300 108
1584694188630 300 109
1584694190959 300 110
1584694193282 300 111
1584694195593 300 112
1584694197910 300 113
1584694200176 300 114
1584694202534 300 115
1584694204792 300 116
1584694207316 300 117
1584694209629 300 118
1584694211926 300 119
1584694214238 300 120
1584694216534 300 121
1584694218847 300 122
1584694221137 300 123
1584694223463 300 124
1584694226270 300 125
1584694228778 300 126
1584694231362 300 127
1584694234069 300 128
1584694236500 300 129
1584694238902 300 130
1584694241222 300 131
1584694243527 300 132
1584694245839 300 133
1584694248122 300 134
1584694250426 300 135
1584694252762 300 136
1584694255080 300 137
1584694257752 300 138
1584694260443 300 139
1584694262813 300 140
1584694265145 300 141
1584694267456 300 142
1584694269770 300 143
1584694272121 300 144
1584694274455 300 145
1584694276752 300 146
1584694279345 300 147
1584694281638 300 148
1584694283984 300 149
1584694286286 300 150
1584694288620 300 151
1584694290971 300 152
1584694293423 300 153
1584694295759 300 154
1584694298163 300 155
1584694300471 300 156
1584694302890 300 157
1584694305255 300 158
1584694307630 300 159
1584694309917 300 160
1584694312254 300 161
1584694314561 300 162
1584694316859 300 163
1584694319189 300 164
1584694321461 300 165
1584694323761 300 166
1584694326070 300 167
1584694328412 300 168
1584694330721 300 169
1584694333011 300 170
1584694335366 300 171
1584694337640 300 172
1584694339950 300 173
1584694342249 300 174
1584694344539 300 175
1584694346854 300 176
1584694349144 300 177
1584694351432 300 178
1584694353894 300 179
1584694356182 300 180
1584694358478 300 181
1584694360778 300 182
1584694363118 300 183
1584694365545 300 184
1584694367899 300 185
1584694370227 300 186
1584694372529 300 187
1584694374881 300 188
1584694377248 300 189
1584694379581 300 190
1584694381934 300 191
1584694384230 300 192
1584694386579 300 193
1584694388941 300 194
1584694391230 300 195
1584694393578 300 196
1584694395930 300 197
1584694398246 300 198
1584694400837 300 199
1584694403119 300 200
1584694405495 300 201
1584694407817 300 202
1584694410126 300 203
1584694412450 300 204
1584694415832 300 205
1584694418210 300 206
1584694420686 300 207
1584694423038 300 208
1584694425336 300 209
1584694427618 300 210
1584694429930 300 211
1584694432252 300 212
1584694434522 300 213
1584694436888 300 214
1584694439187 300 215
1584694441507 300 216
1584694443799 300 217
1584694446121 300 218
1584694448420 300 219
1584694450706 300 220
1584694453032 300 221
1584694455377 300 222
1584694457700 300 223
1584694460140 300 224
1584694462484 300 225
1584694464773 300 226
1584694467116 300 227
1584694469403 300 228
1584694471689 300 229
1584694474065 300 230
1584694476402 300 231
1584694478722 300 232
1584694481036 300 233
1584694483327 300 234
1584694485633 300 235
1584694487942 300 236
1584694490247 300 237
1584694492625 300 238
1584694494996 300 239
1584694497608 300 240
1584694499902 300 241
1584694502225 300 242
1584694504546 300 243
1584694506827 300 244
1584694509131 300 245
1584694511423 300 246
1584694513753 300 247
1584694516097 300 248
1584694518371 300 249
1584694520667 300 250
1584694523043 300 251
1584694525340 300 252
1584694527797 300 253
1584694530150 300 254
1584694532965 300 255
1584694536011 300 256
1584694538673 300 257
1584694541078 300 258
1584694543375 300 259
1584694545735 300 260
1584694548268 300 261
1584694550612 300 262
1584694552964 300 263
1584694555332 300 264
1584694557983 300 265
1584694560525 300 266
1584694563170 300 267
1584694565525 300 268
1584694567867 300 269
1584694570222 300 270
1584694572567 300 271
1584694574920 300 272
1584694577289 300 273
1584694579647 300 274
1584694581960 300 275
1584694584287 300 276
1584694586599 300 277
1584694588993 300 278
1584694591315 300 279
1584694594201 300 280
1584694596526 300 281
1584694598861 300 282
1584694601203 300 283
1584694603519 300 284
1584694605840 300 285
1584694608172 300 286
1584694610527 300 287
1584694612910 300 288
1584694615245 300 289
1584694617595 300 290
1584694619925 300 291
1584694622273 300 292
1584694624704 300 293
1584694627153 300 294
1584694629484 300 295
1584694631914 300 296
1584694634392 300 297
1584694636710 300 298
1584694639049 300 299
1584694641384 300 300
1584694643813 300 301
1584694646189 300 302
1584694648525 300 303
1584694650844 300 304
1584694653246 300 305
1584694655682 300 306
1584694658014 300 307
1584694660373 300 308
1584694662740 300 309
1584694665136 300 310
1584694667479 300 311
1584694669827 300 312
1584694672148 300 313
1584694674472 300 314
1584694676823 300 315
1584694679173 300 316
1584694681532 300 317
1584694683999 300 318
1584694686343 300 319
1584694688729 300 320
1584694691304 300 321
1584694693671 300 322
1584694695988 300 323
1584694698332 300 324
1584694700652 300 325
1584694702976 300 326
1584694705292 300 327
1584694707620 300 328
1584694709949 300 329
1584694712364 300 330
1584694714772 300 331
1584694717131 300 332
1584694719479 300 333
1584694722144 300 334
1584694724848 300 335
1584694727356 300 336
1584694729960 300 337
1584694732373 300 338
1584694734756 300 339
1584694737119 300 340
1584694739472 300 341
1584694741915 300 342
1584694744337 300 343
1584694747719 300 344
1584694750528 300 345
1584694753373 300 346
1584694756237 300 347
1584694758655 300 348
1584694761592 300 349
1584694764041 300 350
1584694766536 300 351
1584694768924 300 352
1584694771315 300 353
1584694773721 300 354
1584694776113 300 355
1584694778452 300 356
1584694780796 300 357
1584694783141 300 358
1584694785524 300 359
1584694788096 300 360
1584694790425 300 361
1584694792791 300 362
1584694795151 300 363
1584694797493 300 364
1584694799827 300 365
1584694802186 300 366
1584694804541 300 367
1584694806875 300 368
1584694809207 300 369
1584694811514 300 370
1584694813892 300 371
1584694816218 300 372
1584694818650 300 373
1584694821000 300 374
1584694823346 300 375
1584694825674 300 376
1584694828165 300 377
1584694830502 300 378
1584694832912 300 379
1584694835262 300 380
1584694837690 300 381
1584694840038 300 382
1584694842355 300 383
1584694844703 300 384
1584694847133 300 385
1584694849434 300 386
1584694851760 300 387
1584694854109 300 388
1584694856479 300 389
1584694858824 300 390
1584694861163 300 391
1584694863503 300 392
1584694865843 300 393
1584694868180 300 394
1584694870489 300 395
1584694872846 300 396
1584694875217 300 397
1584694877655 300 398
1584694879991 300 399
1584694882523 300 400
1584694885457 300 401
1584694887897 300 402
1584694890282 300 403
1584694893312 300 404
1584694895712 300 405
1584694898069 300 406
1584694900432 300 407
1584694902775 300 408
1584694905153 300 409
1584694907479 300 410
1584694909808 300 411
1584694912138 300 412
1584694914573 300 413
1584694916926 300 414
1584694919279 300 415
1584694921621 300 416
1584694923962 300 417
1584694926314 300 418
1584694928652 300 419
1584694930985 300 420
1584694933328 300 421
1584694935705 300 422
1584694938067 300 423
1584694940376 300 424
1584694942673 300 425
1584694945087 300 426
1584694947407 300 427
1584694949762 300 428
1584694952104 300 429
1584694954671 300 430
1584694957010 300 431
1584694959336 300 432
1584694961683 300 433
1584694964217 300 434
1584694966763 300 435
1584694969120 300 436
1584694971518 300 437
1584694974006 300 438
1584694976373 300 439
1584694978695 300 440
1584694981365 300 441
1584694983741 300 442
1584694986073 300 443
1584694988342 300 444
1584694990637 300 445
1584694992948 300 446
1584694995285 300 447
1584694997628 300 448
1584694999935 300 449
1584695002235 300 450
1584695004532 300 451
1584695006928 300 452
1584695009535 300 453
1584695012009 300 454
1584695014442 300 455
1584695016803 300 456
1584695019131 300 457
1584695021479 300 458
1584695023841 300 459
1584695026190 300 460
1584695028527 300 461
1584695030871 300 462
1584695033256 300 463
1584695035659 300 464
1584695037993 300 465
1584695040374 300 466
1584695042728 300 467
1584695045066 300 468
1584695047392 300 469
1584695049714 300 470
1584695052086 300 471
1584695054432 300 472
1584695056821 300 473
1584695059184 300 474
1584695061519 300 475
1584695063908 300 476
1584695066238 300 477
1584695068610 300 478
1584695071058 300 479
1584695073539 300 480
1584695076271 300 481
1584695078726 300 482
1584695081104 300 483
1584695083437 300 484
1584695085879 300 485
1584695088257 300 486
1584695090688 300 487
1584695093055 300 488
1584695095426 300 489
1584695097800 300 490
1584695100180 300 491
1584695102574 300 492
1584695104921 300 493
1584695107350 300 494
1584695109695 300 495
1584695112055 300 496
1584695114446 300 497
1584695116803 300 498
1584695119146 300 499
1584695121450 300 500
1584695123922 300 501
1584695126359 300 502
1584695128785 300 503
1584695131163 300 504
1584695133606 300 505
1584695135999 300 506
1584695138546 300 507
1584695140915 300 508
1584695143352 300 509
1584695145726 300 510
1584695148092 300 511
1584695150475 300 512
1584695152831 300 513
1584695155204 300 514
1584695157546 300 515
1584695159915 300 516
1584695162327 300 517
1584695164675 300 518
1584695167065 300 519
1584695169384 300 520
1584695171742 300 521
1584695174459 300 522
1584695176833 300 523
1584695179180 300 524
1584695181524 300 525
1584695183916 300 526
1584695186268 300 527
1584695188619 300 528
1584695190940 300 529
1584695193399 300 530
1584695195823 300 531
1584695198196 300 532
1584695200826 300 533
1584695203202 300 534
1584695205616 300 535
1584695207985 300 536
1584695210339 300 537
1584695212721 300 538
1584695215205 300 539
1584695217557 300 540
1584695219950 300 541
1584695222340 300 542
1584695224737 300 543
1584695227095 300 544
1584695229440 300 545
1584695231818 300 546
1584695234264 300 547
1584695236642 300 548
1584695239417 300 549
1584695241741 300 550
1584695244128 300 551
1584695246498 300 552
1584695248870 300 553
1584695251236 300 554
1584695254185 300 555
1584695256526 300 556
1584695258913 300 557
1584695261258 300 558
1584695263648 300 559
1584695266115 300 560
1584695269629 300 561
1584695272047 300 562
1584695274406 300 563
1584695276769 300 564
1584695279122 300 565
1584695281467 300 566
1584695283811 300 567
1584695286202 300 568
1584695288527 300 569
1584695290857 300 570
1584695293262 300 571
1584695295660 300 572
1584695298026 300 573
1584695300436 300 574
1584695302780 300 575
1584695305131 300 576
1584695307466 300 577
1584695309795 300 578
1584695312215 300 579
1584695314689 300 580
1584695317051 300 581
1584695319376 300 582
1584695321732 300 583
1584695324117 300 584
1584695326507 300 585
1584695328869 300 586
1584695331281 300 587
1584695333688 300 588
1584695336041 300 589
1584695338349 300 590
1584695340725 300 591
1584695343958 300 592
1584695347135 300 593
1584695349571 300 594
1584695352126 300 595
1584695354670 300 596
1584695357342 300 597
1584695360251 300 598
1584695362805 300 599
1584695365296 300 600
1584695368191 300 601
1584695370531 300 602
1584695372938 300 603
1584695375299 300 604
1584695377652 300 605
1584695379987 300 606
1584695382334 300 607
1584695384654 300 608
1584695387010 300 609
1584695389354 300 610
1584695391701 300 611
1584695394033 300 612
1584695396343 300 613
1584695398745 300 614
1584695401086 300 615
1584695403439 300 616
1584695405823 300 617
1584695408170 300 618
1584695410497 300 619
1584695412827 300 620
1584695415160 300 621
1584695417511 300 622
1584695419835 300 623
1584695422148 300 624
1584695424486 300 625
1584695426857 300 626
1584695429378 300 627
1584695431739 300 628
1584695434191 300 629
1584695436566 300 630
1584695438957 300 631
1584695441282 300 632
1584695443683 300 633
1584695446022 300 634
1584695448348 300 635
1584695450699 300 636
1584695453085 300 637
1584695455437 300 638
1584695457837 300 639
1584695460158 300 640
1584695462505 300 641
1584695465295 300 642
1584695467631 300 643
1584695469990 300 644
1584695472312 300 645
1584695474920 300 646
1584695477286 300 647
1584695479681 300 648
1584695482013 300 649
1584695484545 300 650
1584695487188 300 651
1584695489736 300 652
1584695492127 300 653
1584695494528 300 654
1584695496929 300 655
1584695499264 300 656
1584695501522 300 657
1584695503825 300 658
1584695506156 300 659
1584695508461 300 660
1584695510822 300 661
1584695513127 300 662
1584695515453 300 663
1584695517780 300 664
1584695520113 300 665
1584695522442 300 666
1584695524864 300 667
1584695527272 300 668
1584695529629 300 669
1584695531982 300 670
1584695534451 300 671
1584695536768 300 672
1584695539096 300 673
1584695541366 300 674
1584695543658 300 675
1584695545981 300 676
1584695548280 300 677
1584695550636 300 678
1584695553058 300 679
1584695555476 300 680
1584695557788 300 681
1584695560269 300 682
1584695562609 300 683
1584695564926 300 684
1584695567288 300 685
1584695569605 300 686
1584695571894 300 687
1584695574199 300 688
1584695576527 300 689
1584695578812 300 690
1584695581117 300 691
1584695583431 300 692
1584695585735 300 693
1584695588063 300 694
1584695590376 300 695
1584695592689 300 696
1584695595023 300 697
1584695597360 300 698
1584695599667 300 699
1584695601978 300 700
1584695604354 300 701
1584695606653 300 702
1584695608962 300 703
1584695611284 300 704
1584695613775 300 705
1584695616080 300 706
1584695618392 300 707
1584695620722 300 708
1584695623053 300 709
1584695625397 300 710
1584695627761 300 711
1584695630130 300 712
1584695632438 300 713
1584695634724 300 714
1584695637015 300 715
1584695639333 300 716
1584695641597 300 717
1584695643868 300 718
1584695646154 300 719
1584695648468 300 720
1584695650820 300 721
1584695653096 300 722
1584695655357 300 723
1584695657948 300 724
1584695660250 300 725
1584695662538 300 726
1584695664864 300 727
1584695667184 300 728
1584695669467 300 729
1584695671824 300 730
1584695674183 300 731
1584695676465 300 732
1584695678805 300 733
1584695681172 300 734
1584695683529 300 735
1584695685922 300 736
1584695688380 300 737
1584695690750 300 738
1584695693174 300 739
1584695695493 300 740
1584695697828 300 741
1584695700176 300 742
1584695702480 300 743
1584695704823 300 744
1584695707146 300 745
1584695709426 300 746
1584695711759 300 747
1584695714108 300 748
1584695716385 300 749
1584695718744 300 750
1584695721018 300 751
1584695723301 300 752
1584695725618 300 753
1584695727969 300 754
1584695730269 300 755
1584695732693 300 756
1584695735070 300 757
1584695737384 300 758
1584695739730 300 759
1584695742060 300 760
1584695744346 300 761
1584695746652 300 762
1584695749070 300 763
1584695751396 300 764
1584695753918 300 765
1584695756274 300 766
1584695758560 300 767
1584695761085 300 768
1584695763408 300 769
1584695765709 300 770
1584695768059 300 771
1584695770382 300 772
1584695772758 300 773
1584695775215 300 774
1584695777530 300 775
1584695779845 300 776
1584695782163 300 777
1584695784551 300 778
1584695786848 300 779
1584695789163 300 780
1584695791504 300 781
1584695793881 300 782
1584695796213 300 783
1584695798528 300 784
1584695800815 300 785
1584695803128 300 786
1584695805402 300 787
1584695807761 300 788
1584695810063 300 789
1584695812367 300 790
1584695814697 300 791
1584695816991 300 792
1584695819315 300 793
1584695821641 300 794
1584695823970 300 795
1584695826297 300 796
1584695828611 300 797
1584695830926 300 798
1584695833222 300 799
1584695835549 300 800
1584695837987 300 801
1584695840314 300 802
1584695842632 300 803
1584695845000 300 804
1584695847300 300 805
1584695849768 300 806
1584695852075 300 807
1584695854417 300 808
1584695856764 300 809
1584695859102 300 810
1584695861423 300 811
1584695863778 300 812
1584695866153 300 813
1584695868431 300 814
1584695870748 300 815
1584695873057 300 816
1584695875403 300 817
1584695877699 300 818
1584695880056 300 819
1584695882400 300 820
1584695884751 300 821
1584695887088 300 822
1584695889432 300 823
1584695891749 300 824
1584695894102 300 825
1584695896402 300 826
1584695898687 300 827
1584695901003 300 828
1584695903303 300 829
1584695905608 300 830
1584695907925 300 831
1584695910247 300 832
1584695912653 300 833
1584695915094 300 834
1584695917448 300 835
1584695919740 300 836
1584695922064 300 837
1584695924383 300 838
1584695926714 300 839
1584695929064 300 840
1584695931417 300 841
1584695933763 300 842
1584695936088 300 843
1584695938401 300 844
1584695940788 300 845
1584695943153 300 846
1584695945638 300 847
1584695948125 300 848
1584695950440 300 849
1584695952787 300 850
1584695955123 300 851
1584695957446 300 852
1584695959807 300 853
1584695962114 300 854
1584695964423 300 855
1584695966720 300 856
1584695969038 300 857
1584695971330 300 858
1584695973885 300 859
1584695976280 300 860
1584695978648 300 861
1584695980977 300 862
1584695983331 300 863
1584695985651 300 864
1584695988034 300 865
1584695990334 300 866
1584695992670 300 867
1584695994987 300 868
1584695997293 300 869
1584695999588 300 870
1584696001931 300 871
1584696004237 300 872
1584696006550 300 873
1584696008868 300 874
1584696011159 300 875
1584696013998 300 876
1584696016519 300 877
1584696018906 300 878
1584696021555 300 879
1584696023919 300 880
1584696026243 300 881
1584696028628 300 882
1584696030994 300 883
1584696033384 300 884
1584696035753 300 885
1584696038148 300 886
1584696040468 300 887
1584696042940 300 888
1584696045246 300 889
1584696047563 300 890
1584696049872 300 891
1584696052167 300 892
1584696054484 300 893
1584696056791 300 894
1584696059130 300 895
1584696061431 300 896
1584696063765 300 897
1584696066110 300 898
1584696068431 300 899
1584696070739 300 900
1584696073270 300 901
1584696075661 300 902
1584696078083 300 903
1584696080409 300 904
1584696082778 300 905
1584696085172 300 906
1584696087474 300 907
1584696089820 300 908
1584696092144 300 909
1584696094528 300 910
1584696096881 300 911
1584696099184 300 912
1584696101502 300 913
1584696103885 300 914
1584696106217 300 915
1584696108526 300 916
1584696110846 300 917
1584696113144 300 918
1584696115464 300 919
1584696117800 300 920
1584696120083 300 921
1584696122428 300 922
1584696124756 300 923
1584696127060 300 924
1584696129372 300 925
1584696131704 300 926
1584696134074 300 927
1584696136372 300 928
1584696138770 300 929
1584696141150 300 930
1584696143437 300 931
1584696145747 300 932
1584696148058 300 933
1584696150381 300 934
1584696152709 300 935
1584696155053 300 936
1584696157310 300 937
1584696159580 300 938
1584696161879 300 939
1584696164154 300 940
1584696166454 300 941
1584696168759 300 942
1584696171173 300 943
1584696173484 300 944
1584696175778 300 945
1584696178095 300 946
1584696180399 300 947
1584696182751 300 948
1584696185073 300 949
1584696187387 300 950
1584696189709 300 951
1584696192036 300 952
1584696194357 300 953
1584696196711 300 954
1584696199053 300 955
1584696201469 300 956
1584696203809 300 957
1584696206150 300 958
1584696208477 300 959
1584696210806 300 960
1584696213196 300 961
1584696215543 300 962
1584696217880 300 963
1584696220195 300 964
1584696222509 300 965
1584696224794 300 966
1584696227117 300 967
1584696229447 300 968
1584696231798 300 969
1584696234136 300 970
1584696236716 300 971
1584696239017 300 972
1584696241340 300 973
1584696243652 300 974
1584696245972 300 975
1584696248270 300 976
1584696250581 300 977
1584696252884 300 978
1584696255225 300 979
1584696257551 300 980
1584696259858 300 981
1584696262191 300 982
1584696264491 300 983
1584696266918 300 984
1584696269248 300 985
1584696271578 300 986
1584696274294 300 987
1584696276598 300 988
1584696278913 300 989
1584696281196 300 990
1584696283489 300 991
1584696285780 300 992
1584696288113 300 993
1584696290412 300 994
1584696292761 300 995
1584696295099 300 996
1584696297506 300 997
1584696299795 300 998
1584696302144 300 999
1584696304459 300 1000
1584696306892 300 1001
1584696309455 300 1002
1584696311796 300 1003
1584696314117 300 1004
1584696316464 300 1005
1584696319021 300 1006
1584696321508 300 1007
1584696324021 300 1008
1584696326381 300 1009
1584696328755 300 1010
1584696331165 300 1011
1584696333898 300 1012
1584696336174 300 1013
1584696338551 300 1014
1584696340937 300 1015
1584696343320 300 1016
1584696345694 300 1017
1584696348050 300 1018
1584696350380 300 1019
1584696352720 300 1020
1584696355127 300 1021
1584696357508 300 1022
1584696359852 300 1023
1584696362174 300 1024
1584696364603 300 1025
1584696366912 300 1026
1584696369290 300 1027
1584696371588 300 1028
1584696373912 300 1029
1584696376237 300 1030
1584696378568 300 1031
1584696380917 300 1032
1584696383270 300 1033
1584696385608 300 1034
1584696387995 300 1035
1584696390316 300 1036
1584696392782 300 1037
1584696395201 300 1038
1584696397561 300 1039
1584696399935 300 1040
1584696402259 300 1041
1584696404601 300 1042
1584696406994 300 1043
1584696409355 300 1044
1584696411711 300 1045
1584696414104 300 1046
1584696416415 300 1047
1584696418761 300 1048
1584696421117 300 1049
1584696423503 300 1050
1584696425845 300 1051
1584696428516 300 1052
1584696430989 300 1053
1584696433315 300 1054
1584696435764 300 1055
1584696438259 300 1056
1584696440623 300 1057
1584696442997 300 1058
1584696445335 300 1059
1584696447685 300 1060
1584696450074 300 1061
1584696452392 300 1062
1584696454875 300 1063
1584696457199 300 1064
1584696459608 300 1065
1584696461996 300 1066
1584696464371 300 1067
1584696466685 300 1068
1584696469008 300 1069
1584696471367 300 1070
1584696473700 300 1071
1584696476057 300 1072
1584696478402 300 1073
1584696480718 300 1074
1584696483111 300 1075
1584696485477 300 1076
1584696487806 300 1077
1584696490226 300 1078
1584696492548 300 1079
1584696494910 300 1080
1584696497260 300 1081
1584696499603 300 1082
1584696501949 300 1083
1584696504275 300 1084
1584696506649 300 1085
1584696508995 300 1086
1584696511346 300 1087
1584696513820 300 1088
1584696516148 300 1089
1584696518470 300 1090
1584696520893 300 1091
1584696523228 300 1092
1584696525806 300 1093
1584696528145 300 1094
1584696530487 300 1095
1584696532841 300 1096
1584696535248 300 1097
1584696537644 300 1098
1584696539985 300 1099
1584696542318 300 1100
1584696544773 300 1101
1584696547447 300 1102
1584696549831 300 1103
1584696552185 300 1104
1584696554500 300 1105
1584696556936 300 1106
1584696559309 300 1107
1584696561661 300 1108
1584696564002 300 1109
1584696566321 300 1110
1584696568683 300 1111
1584696571036 300 1112
1584696573466 300 1113
1584696575805 300 1114
1584696578206 300 1115
1584696580560 300 1116
1584696582968 300 1117
1584696585334 300 1118
1584696587761 300 1119
1584696590101 300 1120
1584696592485 300 1121
1584696594846 300 1122
1584696597204 300 1123
1584696599544 300 1124
1584696601911 300 1125
1584696604239 300 1126
1584696606599 300 1127
1584696608960 300 1128
1584696611276 300 1129
1584696613598 300 1130
1584696615945 300 1131
1584696618314 300 1132
1584696620639 300 1133
1584696623253 300 1134
1584696625585 300 1135
1584696627972 300 1136
1584696630407 300 1137
1584696632875 300 1138
1584696635241 300 1139
1584696637640 300 1140
1584696640045 300 1141
1584696642415 300 1142
1584696644795 300 1143
1584696647163 300 1144
1584696649521 300 1145
1584696651929 300 1146
1584696654784 300 1147
1584696657140 300 1148
1584696659482 300 1149
1584696661851 300 1150
1584696664236 300 1151
1584696666573 300 1152
1584696668929 300 1153
1584696671271 300 1154
1584696673694 300 1155
1584696676055 300 1156
1584696678448 300 1157
1584696680821 300 1158
1584696683266 300 1159
1584696685643 300 1160
1584696688029 300 1161
1584696690362 300 1162
1584696692854 300 1163
1584696695224 300 1164
1584696697583 300 1165
1584696699922 300 1166
1584696702279 300 1167
1584696704662 300 1168
1584696707021 300 1169
1584696709402 300 1170
1584696711757 300 1171
1584696714197 300 1172
1584696716543 300 1173
1584696719049 300 1174
1584696721461 300 1175
1584696723818 300 1176
1584696726188 300 1177
1584696728540 300 1178
1584696730911 300 1179
1584696733260 300 1180
1584696735590 300 1181
1584696737954 300 1182
1584696740269 300 1183
1584696742572 300 1184
1584696744946 300 1185
1584696747313 300 1186
1584696749752 300 1187
1584696752095 300 1188
1584696754576 300 1189
1584696756954 300 1190
1584696759272 300 1191
1584696761644 300 1192
1584696764019 300 1193
1584696766394 300 1194
1584696768777 300 1195
1584696771155 300 1196
1584696773534 300 1197
1584696775927 300 1198
1584696778287 300 1199
1584696780691 300 1200
1584696783199 300 1201
1584696785563 300 1202
1584696787968 300 1203
1584696790305 300 1204
1584696792664 300 1205
1584696795016 300 1206
1584696797366 300 1207
1584696799724 300 1208
1584696802090 300 1209
1584696804409 300 1210
1584696806786 300 1211
1584696809138 300 1212
1584696811580 300 1213
1584696814231 300 1214
1584696816925 300 1215
1584696819284 300 1216
1584696821630 300 1217
1584696824003 300 1218
1584696826332 300 1219
1584696828727 300 1220
1584696831120 300 1221
1584696833461 300 1222
1584696835813 300 1223
1584696838143 300 1224
1584696840521 300 1225
1584696842990 300 1226
1584696845382 300 1227
1584696847858 300 1228
1584696850198 300 1229
1584696852558 300 1230
1584696854929 300 1231
1584696857281 300 1232
1584696859613 300 1233
1584696861999 300 1234
1584696864318 300 1235
1584696866676 300 1236
1584696869050 300 1237
1584696871391 300 1238
1584696873819 300 1239
1584696876251 300 1240
1584696878589 300 1241
1584696880882 300 1242
1584696883283 300 1243
1584696885638 300 1244
1584696888009 300 1245
1584696890358 300 1246
1584696892802 300 1247
1584696895231 300 1248
1584696897654 300 1249
1584696900043 300 1250
1584696902436 300 1251
1584696904854 300 1252
1584696907315 300 1253
1584696909668 300 1254
1584696912242 300 1255
1584696914621 300 1256
1584696916958 300 1257
1584696919322 300 1258
1584696921647 300 1259
1584696924020 300 1260
1584696926367 300 1261
1584696928730 300 1262
1584696931148 300 1263
1584696933575 300 1264
1584696936012 300 1265
1584696938443 300 1266
1584696940813 300 1267
1584696943281 300 1268
1584696945650 300 1269
1584696948057 300 1270
1584696950912 300 1271
1584696953425 300 1272
1584696956770 300 1273
1584696959233 300 1274
1584696961815 300 1275
1584696965061 300 1276
1584696967874 300 1277
1584696970207 300 1278
1584696972592 300 1279
1584696975591 300 1280
1584696978109 300 1281
1584696980499 300 1282
1584696983116 300 1283
1584696985674 300 1284
1584696988117 300 1285
1584696990519 300 1286
1584696993471 300 1287
1584696995902 300 1288
1584696998315 300 1289
1584697000842 300 1290
1584697003259 300 1291
1584697005639 300 1292
1584697008193 300 1293
1584697010774 300 1294
1584697013130 300 1295
1584697015551 300 1296
1584697018020 300 1297
1584697020384 300 1298
1584697022800 300 1299
1584697025194 300 1300
1584697027712 300 1301
1584697030128 300 1302
1584697032522 300 1303
1584697034917 300 1304
1584697037309 300 1305
1584697039798 300 1306
1584697042189 300 1307
1584697044590 300 1308
1584697046974 300 1309
1584697049379 300 1310
1584697051746 300 1311
1584697054701 300 1312
1584697057100 300 1313
1584697059500 300 1314
1584697061961 300 1315
1584697064425 300 1316
1584697066946 300 1317
1584697069425 300 1318
1584697071774 300 1319
1584697074147 300 1320
1584697076575 300 1321
1584697078942 300 1322
1584697081396 300 1323
1584697083777 300 1324
1584697086175 300 1325
1584697088558 300 1326
1584697090937 300 1327
1584697093338 300 1328
1584697095734 300 1329
1584697098096 300 1330
1584697100566 300 1331
1584697102991 300 1332
1584697105593 300 1333
1584697108008 300 1334
1584697110368 300 1335
1584697112796 300 1336
1584697115252 300 1337
1584697117620 300 1338
1584697119972 300 1339
1584697122336 300 1340
1584697124705 300 1341
1584697127104 300 1342
1584697129432 300 1343
1584697131858 300 1344
1584697134233 300 1345
1584697136690 300 1346
1584697139040 300 1347
1584697141464 300 1348
1584697143809 300 1349
1584697146173 300 1350
1584697148487 300 1351
1584697150782 300 1352
1584697153113 300 1353
1584697155402 300 1354
1584697157708 300 1355
1584697160013 300 1356
1584697162327 300 1357
1584697164654 300 1358
1584697167048 300 1359
1584697169338 300 1360
1584697171687 300 1361
1584697174065 300 1362
1584697176365 300 1363
1584697178708 300 1364
1584697181046 300 1365
1584697183385 300 1366
1584697185726 300 1367
1584697188159 300 1368
1584697190474 300 1369
1584697192797 300 1370
1584697195126 300 1371
1584697197522 300 1372
1584697199831 300 1373
1584697202348 300 1374
1584697204668 300 1375
1584697207009 300 1376
1584697209395 300 1377
1584697211699 300 1378
1584697214030 300 1379
1584697216377 300 1380
1584697218694 300 1381
1584697221008 300 1382
1584697223333 300 1383
1584697225674 300 1384
1584697228031 300 1385
1584697230388 300 1386
1584697232853 300 1387
1584697235258 300 1388
1584697237610 300 1389
1584697239985 300 1390
1584697242305 300 1391
1584697244667 300 1392
1584697247062 300 1393
1584697249439 300 1394
1584697251775 300 1395
1584697254164 300 1396
1584697256496 300 1397
1584697258853 300 1398
1584697261196 300 1399
1584697263601 300 1400
1584697266073 300 1401
1584697268420 300 1402
1584697270788 300 1403
1584697273259 300 1404
1584697275660 300 1405
1584697278064 300 1406
1584697280380 300 1407
1584697282695 300 1408
1584697285003 300 1409
1584697287382 300 1410
1584697289687 300 1411
1584697292027 300 1412
1584697294537 300 1413
1584697296913 300 1414
1584697299765 300 1415
1584697302616 300 1416
1584697305036 300 1417
1584697307364 300 1418
1584697309713 300 1419
1584697312052 300 1420
1584697314383 300 1421
1584697316707 300 1422
1584697319096 300 1423
1584697321442 300 1424
1584697323782 300 1425
1584697326173 300 1426
1584697328489 300 1427
1584697330945 300 1428
1584697333314 300 1429
1584697335693 300 1430
1584697338008 300 1431
1584697340309 300 1432
1584697342574 300 1433
1584697344854 300 1434
1584697347155 300 1435
1584697349483 300 1436
1584697351803 300 1437
1584697354406 300 1438
1584697356747 300 1439
1584697359212 300 1440
1584697361863 300 1441
1584697364172 300 1442
1584697366532 300 1443
1584697368875 300 1444
1584697371295 300 1445
1584697373698 300 1446
1584697376100 300 1447
1584697378661 300 1448
1584697381356 300 1449
1584697383696 300 1450
1584697386117 300 1451
1584697388453 300 1452
1584697390815 300 1453
1584697393179 300 1454
1584697395685 300 1455
1584697398182 300 1456
1584697400512 300 1457
1584697402901 300 1458
1584697405288 300 1459
1584697407773 300 1460
1584697410255 300 1461
1584697412783 300 1462
1584697415166 300 1463
1584697417511 300 1464
1584697419839 300 1465
1584697422172 300 1466
1584697424507 300 1467
1584697426897 300 1468
1584697429232 300 1469
1584697431562 300 1470
1584697433875 300 1471
1584697436246 300 1472
1584697438577 300 1473
1584697440912 300 1474
1584697443257 300 1475
1584697445593 300 1476
1584697447984 300 1477
1584697450363 300 1478
1584697452730 300 1479
1584697455066 300 1480
1584697457492 300 1481
1584697459822 300 1482
1584697462161 300 1483
1584697464499 300 1484
1584697466864 300 1485
1584697469214 300 1486
1584697471512 300 1487
1584697473913 300 1488
1584697476260 300 1489
1584697478594 300 1490
1584697480925 300 1491
1584697483265 300 1492
1584697485579 300 1493
1584697488066 300 1494
1584697490380 300 1495
1584697492929 300 1496
1584697495309 300 1497
1584697497729 300 1498
1584697500100 300 1499
1584697502490 300 1500
1584697505252 300 1501
1584697507658 300 1502
1584697510040 300 1503
1584697512334 300 1504
1584697514656 300 1505
1584697516980 300 1506
1584697519304 300 1507
1584697521626 300 1508
1584697524043 300 1509
1584697526378 300 1510
1584697528731 300 1511
1584697531135 300 1512
1584697533579 300 1513
1584697535948 300 1514
1584697538353 300 1515
1584697540743 300 1516
1584697543133 300 1517
1584697545452 300 1518
1584697547815 300 1519
1584697550139 300 1520
1584697552528 300 1521
1584697554884 300 1522
1584697557213 300 1523
1584697559538 300 1524
1584697561846 300 1525
1584697564199 300 1526
1584697566549 300 1527
1584697568941 300 1528
1584697571292 300 1529
1584697573664 300 1530
1584697575966 300 1531
1584697578313 300 1532
1584697580666 300 1533
1584697583049 300 1534
1584697585402 300 1535
1584697587879 300 1536
1584697590332 300 1537
1584697592727 300 1538
1584697595139 300 1539
1584697597478 300 1540
1584697599823 300 1541
1584697602116 300 1542
1584697604443 300 1543
1584697606803 300 1544
1584697609168 300 1545
1584697611493 300 1546
1584697613837 300 1547
1584697616182 300 1548
1584697618537 300 1549
1584697620892 300 1550
1584697623300 300 1551
1584697625624 300 1552
1584697627934 300 1553
1584697630283 300 1554
1584697632610 300 1555
1584697634979 300 1556
1584697637355 300 1557
1584697639704 300 1558
1584697642066 300 1559
1584697644451 300 1560
1584697646754 300 1561
1584697649165 300 1562
1584697651507 300 1563
1584697653898 300 1564
1584697656261 300 1565
1584697658607 300 1566
1584697660987 300 1567
1584697663525 300 1568
1584697665861 300 1569
1584697668297 300 1570
1584697671009 300 1571
1584697673477 300 1572
1584697675894 300 1573
1584697678585 300 1574
1584697681146 300 1575
1584697683685 300 1576
1584697686547 300 1577
1584697688886 300 1578
1584697691215 300 1579
1584697693594 300 1580
1584697696003 300 1581
1584697698372 300 1582
1584697700703 300 1583
1584697703076 300 1584
1584697705471 300 1585
1584697707832 300 1586
1584697710165 300 1587
1584697712537 300 1588
1584697714859 300 1589
1584697717267 300 1590
1584697719578 300 1591
1584697721934 300 1592
1584697724670 300 1593
1584697727089 300 1594
1584697729486 300 1595
1584697732028 300 1596
1584697734436 300 1597
1584697736809 300 1598
1584697739161 300 1599
1584697741499 300 1600
1584697743921 300 1601
1584697746274 300 1602
1584697748646 300 1603
1584697751026 300 1604
1584697753370 300 1605
1584697755715 300 1606
1584697758091 300 1607
1584697760433 300 1608
1584697762796 300 1609
1584697765168 300 1610
1584697767526 300 1611
1584697769910 300 1612
1584697772448 300 1613
1584697774980 300 1614
1584697777405 300 1615
1584697779775 300 1616
1584697782942 300 1617
1584697785313 300 1618
1584697787706 300 1619
1584697790064 300 1620
1584697792425 300 1621
1584697794755 300 1622
1584697797086 300 1623
1584697799419 300 1624
1584697801734 300 1625
1584697804067 300 1626
1584697806422 300 1627
1584697808763 300 1628
1584697811104 300 1629
1584697813494 300 1630
1584697815818 300 1631
1584697818176 300 1632
1584697820490 300 1633
1584697822828 300 1634
1584697825157 300 1635
1584697827484 300 1636
1584697829834 300 1637
1584697832312 300 1638
1584697834613 300 1639
1584697836923 300 1640
1584697839196 300 1641
1584697841533 300 1642
1584697844003 300 1643
1584697846345 300 1644
1584697848688 300 1645
1584697851098 300 1646
1584697853514 300 1647
1584697855814 300 1648
1584697858175 300 1649
1584697860513 300 1650
1584697862850 300 1651
1584697865222 300 1652
1584697867582 300 1653
1584697869923 300 1654
1584697872521 300 1655
1584697875076 300 1656
1584697877533 300 1657
1584697880126 300 1658
1584697882401 300 1659
1584697884746 300 1660
1584697887108 300 1661
1584697889471 300 1662
1584697891784 300 1663
1584697894736 300 1664
1584697897099 300 1665
1584697899426 300 1666
1584697901804 300 1667
1584697904176 300 1668
1584697906516 300 1669
1584697908934 300 1670
1584697911266 300 1671
1584697913968 300 1672
1584697916541 300 1673
1584697919049 300 1674
1584697921821 300 1675
1584697924309 300 1676
1584697926998 300 1677
1584697929846 300 1678
1584697932436 300 1679
1584697934791 300 1680
1584697937154 300 1681
1584697939601 300 1682
1584697941949 300 1683
1584697944306 300 1684
1584697946645 300 1685
1584697949026 300 1686
1584697951366 300 1687
1584697953762 300 1688
1584697956119 300 1689
1584697958463 300 1690
1584697960853 300 1691
1584697963193 300 1692
1584697965563 300 1693
1584697967907 300 1694
1584697970292 300 1695
1584697972610 300 1696
1584697975132 300 1697
1584697977598 300 1698
1584697979942 300 1699
1584697982364 300 1700
1584697984824 300 1701
1584697987186 300 1702
1584697989539 300 1703
1584697991915 300 1704
1584697994248 300 1705
1584697996643 300 1706
1584697999008 300 1707
1584698001347 300 1708
1584698003694 300 1709
1584698006076 300 1710
1584698008414 300 1711
1584698010786 300 1712
1584698013224 300 1713
1584698015566 300 1714
1584698017934 300 1715
1584698020311 300 1716
1584698022669 300 1717
1584698025059 300 1718
1584698027396 300 1719
1584698029785 300 1720
1584698032135 300 1721
1584698034517 300 1722
1584698037027 300 1723
1584698039389 300 1724
1584698041746 300 1725
1584698044085 300 1726
1584698046462 300 1727
1584698048813 300 1728
1584698051158 300 1729
1584698053526 300 1730
1584698055871 300 1731
1584698058268 300 1732
1584698060613 300 1733
1584698062993 300 1734
1584698065335 300 1735
1584698067766 300 1736
1584698070120 300 1737
1584698072945 300 1738
1584698075287 300 1739
1584698077647 300 1740
1584698080004 300 1741
1584698082353 300 1742
1584698084697 300 1743
1584698087084 300 1744
1584698089415 300 1745
1584698091759 300 1746
1584698094206 300 1747
1584698096532 300 1748
1584698098898 300 1749
1584698101257 300 1750
1584698103725 300 1751
1584698106097 300 1752
1584698108444 300 1753
1584698110810 300 1754
1584698113188 300 1755
1584698115588 300 1756
1584698118381 300 1757
1584698121267 300 1758
1584698123619 300 1759
1584698126021 300 1760
1584698128387 300 1761
1584698130744 300 1762
1584698133497 300 1763
1584698135821 300 1764
1584698138160 300 1765
1584698140550 300 1766
1584698142880 300 1767
1584698145230 300 1768
1584698147585 300 1769
1584698149920 300 1770
1584698152274 300 1771
1584698154625 300 1772
1584698157009 300 1773
1584698159398 300 1774
1584698161754 300 1775
1584698164207 300 1776
1584698166534 300 1777
1584698169106 300 1778
1584698171431 300 1779
1584698173779 300 1780
1584698176123 300 1781
1584698178479 300 1782
1584698180841 300 1783
1584698183225 300 1784
1584698185610 300 1785
1584698187968 300 1786
1584698190296 300 1787
1584698192703 300 1788
1584698195063 300 1789
1584698197581 300 1790
1584698199979 300 1791
1584698202322 300 1792
1584698204699 300 1793
1584698207351 300 1794
1584698209900 300 1795
1584698212364 300 1796
1584698214729 300 1797
1584698217133 300 1798
1584698219536 300 1799
1584698221957 300 1800
1584698224503 300 1801
1584698226875 300 1802
1584698229399 300 1803
1584698231897 300 1804
1584698234401 300 1805
1584698236872 300 1806
1584698239390 300 1807
1584698241738 300 1808
1584698244133 300 1809
1584698246480 300 1810
1584698248855 300 1811
1584698251258 300 1812
1584698253802 300 1813
1584698256150 300 1814
1584698258508 300 1815
1584698260991 300 1816
1584698263395 300 1817
1584698266157 300 1818
1584698268540 300 1819
1584698270951 300 1820
1584698273330 300 1821
1584698275706 300 1822
1584698278107 300 1823
1584698280500 300 1824
1584698282928 300 1825
1584698285338 300 1826
1584698287715 300 1827
1584698290119 300 1828
1584698292485 300 1829
1584698294941 300 1830
1584698297384 300 1831
1584698299742 300 1832
1584698302151 300 1833
1584698304479 300 1834
1584698306862 300 1835
1584698309221 300 1836
1584698311623 300 1837
1584698314123 300 1838
1584698316515 300 1839
1584698318884 300 1840
1584698321258 300 1841
1584698323687 300 1842
1584698326135 300 1843
1584698328527 300 1844
1584698330920 300 1845
1584698333356 300 1846
1584698335767 300 1847
1584698338182 300 1848
1584698340603 300 1849
1584698343040 300 1850
1584698345470 300 1851
1584698347831 300 1852
1584698350238 300 1853
1584698352621 300 1854
1584698355075 300 1855
1584698357589 300 1856
1584698360022 300 1857
1584698362745 300 1858
1584698365152 300 1859
1584698367602 300 1860
1584698370005 300 1861
1584698372463 300 1862
1584698374908 300 1863
1584698377328 300 1864
1584698379723 300 1865
1584698382130 300 1866
1584698384584 300 1867
1584698386983 300 1868
1584698389507 300 1869
1584698392031 300 1870
1584698394423 300 1871
1584698396841 300 1872
1584698399269 300 1873
1584698401728 300 1874
1584698404136 300 1875
1584698406523 300 1876
1584698408901 300 1877
1584698411259 300 1878
1584698413651 300 1879
1584698416044 300 1880
1584698418429 300 1881
1584698420756 300 1882
1584698423261 300 1883
1584698425642 300 1884
1584698428124 300 1885
1584698430527 300 1886
1584698433128 300 1887
1584698435548 300 1888
1584698438024 300 1889
1584698440414 300 1890
1584698442806 300 1891
1584698445239 300 1892
1584698447652 300 1893
1584698450035 300 1894
1584698452498 300 1895
1584698454914 300 1896
1584698457417 300 1897
1584698460033 300 1898
1584698462453 300 1899
1584698464859 300 1900
1584698467371 300 1901
1584698469827 300 1902
1584698472277 300 1903
1584698474680 300 1904
1584698477125 300 1905
1584698479558 300 1906
1584698482014 300 1907
1584698484415 300 1908
1584698486822 300 1909
1584698489266 300 1910
1584698491679 300 1911
1584698494643 300 1912
1584698497040 300 1913
1584698499413 300 1914
1584698501802 300 1915
1584698504247 300 1916
1584698506639 300 1917
1584698509073 300 1918
1584698511431 300 1919
1584698513845 300 1920
1584698516277 300 1921
1584698518721 300 1922
1584698521131 300 1923
1584698523575 300 1924
1584698525961 300 1925
1584698528358 300 1926
1584698530951 300 1927
1584698533370 300 1928
1584698535751 300 1929
1584698538126 300 1930
1584698540517 300 1931
1584698542897 300 1932
1584698545256 300 1933
1584698547619 300 1934
1584698550139 300 1935
1584698552539 300 1936
1584698555316 300 1937
1584698557654 300 1938
1584698560056 300 1939
1584698562424 300 1940
1584698564851 300 1941
1584698568097 300 1942
1584698570507 300 1943
1584698572954 300 1944
1584698575368 300 1945
1584698577784 300 1946
1584698580181 300 1947
1584698582568 300 1948
1584698585065 300 1949
1584698587462 300 1950
1584698589844 300 1951
1584698592240 300 1952
1584698594603 300 1953
1584698596987 300 1954
1584698599369 300 1955
1584698601756 300 1956
1584698604159 300 1957
1584698606567 300 1958
1584698608951 300 1959
1584698611343 300 1960
1584698613877 300 1961
1584698616392 300 1962
1584698618764 300 1963
1584698621141 300 1964
1584698623543 300 1965
1584698625939 300 1966
1584698628332 300 1967
1584698630728 300 1968
1584698633112 300 1969
1584698635482 300 1970
1584698637838 300 1971
1584698640234 300 1972
1584698642623 300 1973
1584698645143 300 1974
1584698647526 300 1975
1584698649896 300 1976
1584698652687 300 1977
1584698655073 300 1978
1584698657429 300 1979
1584698659785 300 1980
1584698662183 300 1981
1584698664564 300 1982
1584698666960 300 1983
1584698669330 300 1984
1584698671693 300 1985
1584698674213 300 1986
1584698676603 300 1987
1584698679033 300 1988
1584698681428 300 1989
1584698683861 300 1990
1584698686230 300 1991
1584698688718 300 1992
1584698691145 300 1993
1584698693568 300 1994
1584698695975 300 1995
1584698698384 300 1996
1584698700767 300 1997
1584698703209 300 1998
1584698705636 300 1999
1584698708041 300 2000
