1584684612415 300 1
1584684614773 300 2
1584684617360 300 3
1584684619821 300 4
1584684622081 300 5
1584684624369 300 6
1584684626881 300 7
1584684629515 300 8
1584684632584 300 9
1584684635156 300 10
1584684637689 300 11
1584684640029 300 12
1584684642561 300 13
1584684644974 300 14
1584684647499 300 15
1584684650383 300 16
1584684652911 300 17
1584684655194 300 18
1584684657559 300 19
1584684659869 300 20
1584684662119 300 21
1584684664378 300 22
1584684666655 300 23
1584684668985 300 24
1584684671357 300 25
1584684673613 300 26
1584684675832 300 27
1584684678236 300 28
1584684680484 300 29
1584684682914 300 30
1584684685172 300 31
1584684687925 300 32
1584684690335 300 33
1584684692647 300 34
1584684694883 300 35
1584684697186 300 36
1584684699502 300 37
1584684701760 300 38
1584684704024 300 39
1584684706370 300 40
1584684708739 300 41
1584684711258 300 42
1584684713841 300 43
1584684716128 300 44
1584684718552 300 45
1584684720825 300 46
1584684723245 300 47
1584684725494 300 48
1584684727887 300 49
1584684730163 300 50
1584684732424 300 51
1584684734727 300 52
1584684736991 300 53
1584684739268 300 54
1584684741537 300 55
1584684743852 300 56
1584684746217 300 57
1584684749688 300 58
1584684753017 300 59
1584684755656 300 60
1584684758215 300 61
1584684760528 300 62
1584684762803 300 63
1584684765078 300 64
1584684767371 300 65
1584684769659 300 66
1584684771961 300 67
1584684774284 300 68
1584684776581 300 69
1584684779144 300 70
1584684781782 300 71
1584684784117 300 72
1584684786413 300 73
1584684788775 300 74
1584684791077 300 75
1584684793335 300 76
1584684795650 300 77
1584684797943 300 78
1584684800236 300 79
1584684802637 300 80
1584684804895 300 81
1584684807226 300 82
1584684809649 300 83
1584684812109 300 84
1584684814398 300 85
1584684816731 300 86
1584684819018 300 87
1584684821300 300 88
1584684823570 300 89
1584684825805 300 90
1584684828062 300 91
1584684830344 300 92
1584684832668 300 93
1584684834909 300 94
1584684837529 300 95
1584684839933 300 96
1584684842459 300 97
1584684844718 300 98
1584684847322 300 99
1584684849676 300 100
1584684851991 300 101
1584684854531 300 102
1584684856842 300 103
1584684859129 300 104
1584684861431 300 105
1584684863716 300 106
1584684865997 300 107
1584684868372 300 108
1584684870731 300 109
1584684873117 300 110
1584684875413 300 111
1584684878326 300 112
1584684880660 300 113
1584684883130 300 114
1584684885681 300 115
1584684888042 300 116
1584684890498 300 117
1584684893108 300 118
1584684895584 300 119
1584684898013 300 120
1584684900308 300 121
1584684902683 300 122
1584684904966 300 123
1584684907277 300 124
1584684909657 300 125
1584684912147 300 126
1584684914504 300 127
1584684916798 300 128
1584684919214 300 129
1584684921512 300 130
1584684923811 300 131
1584684926085 300 132
1584684928678 300 133
1584684930958 300 134
1584684933248 300 135
1584684936064 300 136
1584684938664 300 137
1584684941121 300 138
1584684943417 300 139
1584684945694 300 140
1584684948026 300 141
1584684950329 300 142
1584684952756 300 143
1584684955012 300 144
1584684957328 300 145
1584684959654 300 146
1584684961893 300 147
1584684964157 300 148
1584684966414 300 149
1584684968839 300 150
1584684971274 300 151
1584684973678 300 152
1584684976022 300 153
1584684978397 300 154
1584684980703 300 155
1584684983058 300 156
1584684985341 300 157
1584684987931 300 158
1584684990225 300 159
1584684992537 300 160
1584684994833 300 161
1584684997134 300 162
1584684999528 300 163
1584685001918 300 164
1584685004223 300 165
1584685006507 300 166
1584685008927 300 167
1584685011408 300 168
1584685014411 300 169
1584685017163 300 170
1584685019450 300 171
1584685021687 300 172
1584685023993 300 173
1584685026256 300 174
1584685028574 300 175
1584685030812 300 176
1584685033125 300 177
1584685035420 300 178
1584685037682 300 179
1584685039901 300 180
1584685042117 300 181
1584685044388 300 182
1584685046662 300 183
1584685049039 300 184
1584685051542 300 185
1584685053855 300 186
1584685056191 300 187
1584685058458 300 188
1584685060721 300 189
1584685062936 300 190
1584685065216 300 191
1584685067429 300 192
1584685069710 300 193
1584685072089 300 194
1584685074298 300 195
1584685076565 300 196
1584685078774 300 197
1584685080999 300 198
1584685083212 300 199
1584685085485 300 200
1584685088651 300 201
1584685091019 300 202
1584685093278 300 203
1584685095540 300 204
1584685097800 300 205
1584685100008 300 206
1584685102269 300 207
1584685104500 300 208
1584685106735 300 209
1584685109458 300 210
1584685111715 300 211
1584685113946 300 212
1584685116178 300 213
1584685118461 300 214
1584685120657 300 215
1584685122872 300 216
1584685125093 300 217
1584685127341 300 218
1584685129581 300 219
1584685131888 300 220
1584685134092 300 221
1584685136346 300 222
1584685138584 300 223
1584685140806 300 224
1584685143035 300 225
1584685145264 300 226
1584685147676 300 227
1584685149910 300 228
1584685152181 300 229
1584685154609 300 230
1584685156847 300 231
1584685159058 300 232
1584685161291 300 233
1584685163537 300 234
1584685165757 300 235
1584685168302 300 236
1584685170544 300 237
1584685172748 300 238
1584685174990 300 239
1584685177238 300 240
1584685179486 300 241
1584685181728 300 242
1584685183966 300 243
1584685186589 300 244
1584685188824 300 245
1584685191047 300 246
1584685193463 300 247
1584685195695 300 248
1584685197969 300 249
1584685200214 300 250
1584685202448 300 251
1584685204706 300 252
1584685206903 300 253
1584685209139 300 254
1584685211406 300 255
1584685213825 300 256
1584685216072 300 257
1584685218321 300 258
1584685220559 300 259
1584685222795 300 260
1584685225041 300 261
1584685227337 300 262
1584685229665 300 263
1584685231874 300 264
1584685234144 300 265
1584685236407 300 266
1584685238682 300 267
1584685240916 300 268
1584685243166 300 269
1584685245390 300 270
1584685247631 300 271
1584685249864 300 272
1584685252110 300 273
1584685254343 300 274
1584685256619 300 275
1584685258915 300 276
1584685261170 300 277
1584685263424 300 278
1584685265802 300 279
1584685268032 300 280
1584685270458 300 281
1584685272656 300 282
1584685274866 300 283
1584685277070 300 284
1584685279428 300 285
1584685281832 300 286
1584685284208 300 287
1584685286472 300 288
1584685288767 300 289
1584685290979 300 290
1584685293218 300 291
1584685295501 300 292
1584685297772 300 293
1584685299989 300 294
1584685302214 300 295
1584685304437 300 296
1584685306671 300 297
1584685308922 300 298
1584685311142 300 299
1584685313379 300 300
1584685315672 300 301
1584685317921 300 302
1584685320197 300 303
1584685322445 300 304
1584685324719 300 305
1584685327020 300 306
1584685329264 300 307
1584685331531 300 308
1584685333759 300 309
1584685335982 300 310
1584685338208 300 311
1584685340439 300 312
1584685342668 300 313
1584685344894 300 314
1584685347134 300 315
1584685349462 300 316
1584685351875 300 317
1584685354099 300 318
1584685356401 300 319
1584685358655 300 320
1584685360976 300 321
1584685363346 300 322
1584685365621 300 323
1584685367862 300 324
1584685370131 300 325
1584685372418 300 326
1584685374668 300 327
1584685376941 300 328
1584685379173 300 329
1584685381397 300 330
1584685383681 300 331
1584685385891 300 332
1584685388147 300 333
1584685390354 300 334
1584685392658 300 335
1584685394890 300 336
1584685397102 300 337
1584685399327 300 338
1584685401608 300 339
1584685403833 300 340
1584685406047 300 341
1584685408356 300 342
1584685410612 300 343
1584685412833 300 344
1584685415059 300 345
1584685417315 300 346
1584685419575 300 347
1584685421857 300 348
1584685424080 300 349
1584685426312 300 350
1584685428578 300 351
1584685430819 300 352
1584685433086 300 353
1584685435333 300 354
1584685437628 300 355
1584685439912 300 356
1584685442142 300 357
1584685444375 300 358
1584685446824 300 359
1584685449103 300 360
1584685451317 300 361
1584685453751 300 362
1584685455983 300 363
1584685458274 300 364
1584685460563 300 365
1584685462803 300 366
1584685465055 300 367
1584685467360 300 368
1584685469651 300 369
1584685471896 300 370
1584685474134 300 371
1584685476372 300 372
1584685478623 300 373
1584685480850 300 374
1584685483112 300 375
1584685485345 300 376
1584685487646 300 377
1584685489921 300 378
1584685492210 300 379
1584685494659 300 380
1584685496954 300 381
1584685499209 300 382
1584685501433 300 383
1584685503713 300 384
1584685505940 300 385
1584685508209 300 386
1584685510420 300 387
1584685512932 300 388
1584685515218 300 389
1584685517449 300 390
1584685519746 300 391
1584685522012 300 392
1584685524271 300 393
1584685526530 300 394
1584685529065 300 395
1584685531334 300 396
1584685533589 300 397
1584685535843 300 398
1584685538124 300 399
1584685540374 300 400
1584685542683 300 401
1584685544884 300 402
1584685547151 300 403
1584685549437 300 404
1584685551676 300 405
1584685553947 300 406
1584685556245 300 407
1584685558540 300 408
1584685560785 300 409
1584685563024 300 410
1584685565242 300 411
1584685567466 300 412
1584685569807 300 413
1584685572026 300 414
1584685574284 300 415
1584685576557 300 416
1584685578798 300 417
1584685581048 300 418
1584685583326 300 419
1584685585607 300 420
1584685587856 300 421
1584685590124 300 422
1584685592366 300 423
1584685594606 300 424
1584685596890 300 425
1584685599160 300 426
1584685601446 300 427
1584685603698 300 428
1584685605960 300 429
1584685608294 300 430
1584685610562 300 431
1584685612836 300 432
1584685615192 300 433
1584685617461 300 434
1584685619695 300 435
1584685621962 300 436
1584685624188 300 437
1584685626436 300 438
1584685628678 300 439
1584685630882 300 440
1584685633124 300 441
1584685635399 300 442
1584685637687 300 443
1584685639927 300 444
1584685642182 300 445
1584685644437 300 446
1584685646718 300 447
1584685648978 300 448
1584685651391 300 449
1584685653666 300 450
1584685655931 300 451
1584685658213 300 452
1584685660475 300 453
1584685663187 300 454
1584685665534 300 455
1584685667767 300 456
1584685670011 300 457
1584685672252 300 458
1584685674518 300 459
1584685676768 300 460
1584685678984 300 461
1584685681228 300 462
1584685683450 300 463
1584685685693 300 464
1584685687943 300 465
1584685690184 300 466
1584685692424 300 467
1584685694630 300 468
1584685696823 300 469
1584685699082 300 470
1584685701316 300 471
1584685703602 300 472
1584685705834 300 473
1584685708196 300 474
1584685710438 300 475
1584685712701 300 476
1584685714913 300 477
1584685717174 300 478
1584685719409 300 479
1584685721652 300 480
1584685723909 300 481
1584685726126 300 482
1584685728362 300 483
1584685730602 300 484
1584685732855 300 485
1584685735087 300 486
1584685737351 300 487
1584685739572 300 488
1584685741816 300 489
1584685744036 300 490
1584685746519 300 491
1584685748972 300 492
1584685751227 300 493
1584685753573 300 494
1584685755794 300 495
1584685757978 300 496
1584685760214 300 497
1584685762469 300 498
1584685764727 300 499
1584685766985 300 500
1584685769315 300 501
1584685771554 300 502
1584685773764 300 503
1584685775994 300 504
1584685778297 300 505
1584685780534 300 506
1584685782805 300 507
1584685785048 300 508
1584685787313 300 509
1584685789592 300 510
1584685791798 300 511
1584685794216 300 512
1584685796512 300 513
1584685798725 300 514
1584685800938 300 515
1584685803207 300 516
1584685805427 300 517
1584685807661 300 518
1584685809965 300 519
1584685812290 300 520
1584685814556 300 521
1584685816767 300 522
1584685819022 300 523
1584685821308 300 524
1584685823560 300 525
1584685825815 300 526
1584685828122 300 527
1584685830419 300 528
1584685832666 300 529
1584685834883 300 530
1584685837152 300 531
1584685839475 300 532
1584685841773 300 533
1584685844065 300 534
1584685846400 300 535
1584685848689 300 536
1584685850905 300 537
1584685853124 300 538
1584685855366 300 539
1584685857656 300 540
1584685859902 300 541
1584685862116 300 542
1584685864361 300 543
1584685866591 300 544
1584685868828 300 545
1584685871048 300 546
1584685873312 300 547
1584685875577 300 548
1584685877807 300 549
1584685880032 300 550
1584685882293 300 551
1584685884538 300 552
1584685886772 300 553
1584685889048 300 554
1584685891430 300 555
1584685893671 300 556
1584685895904 300 557
1584685898144 300 558
1584685900383 300 559
1584685902697 300 560
1584685904900 300 561
1584685907136 300 562
1584685909414 300 563
1584685911678 300 564
1584685915502 300 565
1584685918694 300 566
1584685921739 300 567
1584685924374 300 568
1584685927317 300 569
1584685929695 300 570
1584685932297 300 571
1584685934826 300 572
1584685938229 300 573
1584685941392 300 574
1584685944092 300 575
1584685946338 300 576
1584685949229 300 577
1584685952686 300 578
1584685954912 300 579
1584685957297 300 580
1584685959547 300 581
1584685961771 300 582
1584685963972 300 583
1584685966371 300 584
1584685968895 300 585
1584685971755 300 586
1584685974395 300 587
1584685977796 300 588
1584685981331 300 589
1584685985429 300 590
1584685988638 300 591
1584685992447 300 592
1584685995903 300 593
1584686003075 300 594
1584686006745 300 595
1584686011785 300 596
1584686014268 300 597
1584686017412 300 598
1584686023846 300 599
1584686026710 300 600
1584686029588 300 601
1584686033044 300 602
1584686035738 300 603
1584686039570 300 604
1584686042479 300 605
1584686045114 300 606
1584686048359 300 607
1584686050948 300 608
1584686055356 300 609
1584686062030 300 610
1584686064750 300 611
1584686067849 300 612
1584686071374 300 613
1584686073757 300 614
1584686076165 300 615
1584686078594 300 616
1584686081118 300 617
1584686083655 300 618
1584686085936 300 619
1584686088445 300 620
1584686090761 300 621
1584686093105 300 622
1584686095346 300 623
1584686097647 300 624
1584686099859 300 625
1584686102116 300 626
1584686104361 300 627
1584686106614 300 628
1584686108968 300 629
1584686112383 300 630
1584686114626 300 631
1584686116860 300 632
1584686119109 300 633
1584686121381 300 634
1584686123590 300 635
1584686125876 300 636
1584686129555 300 637
1584686131945 300 638
1584686134330 300 639
1584686137251 300 640
1584686139522 300 641
1584686141719 300 642
1584686143882 300 643
1584686146071 300 644
1584686148374 300 645
1584686153048 300 646
1584686159736 300 647
1584686162059 300 648
1584686164665 300 649
1584686167863 300 650
1584686171040 300 651
1584686173413 300 652
1584686176144 300 653
1584686178503 300 654
1584686181047 300 655
1584686183844 300 656
1584686186792 300 657
1584686189059 300 658
1584686191268 300 659
1584686193545 300 660
1584686195945 300 661
1584686198205 300 662
1584686200771 300 663
1584686204750 300 664
1584686206965 300 665
1584686209203 300 666
1584686212051 300 667
1584686214541 300 668
1584686220051 300 669
1584686224413 300 670
1584686226909 300 671
1584686231350 300 672
1584686234158 300 673
1584686237065 300 674
1584686239669 300 675
1584686242868 300 676
1584686245541 300 677
1584686248632 300 678
1584686251125 300 679
1584686253527 300 680
1584686256198 300 681
1584686258675 300 682
1584686261231 300 683
1584686263594 300 684
1584686265987 300 685
1584686268675 300 686
1584686271160 300 687
1584686273592 300 688
1584686276380 300 689
1584686279425 300 690
1584686284294 300 691
1584686286660 300 692
1584686289388 300 693
1584686292962 300 694
1584686296760 300 695
1584686299717 300 696
1584686301892 300 697
1584686304124 300 698
1584686306322 300 699
1584686308887 300 700
1584686311382 300 701
1584686314149 300 702
1584686316854 300 703
1584686319068 300 704
1584686321361 300 705
1584686324452 300 706
1584686329139 300 707
1584686331973 300 708
1584686336953 300 709
1584686339197 300 710
1584686341531 300 711
1584686343959 300 712
1584686346779 300 713
1584686349569 300 714
1584686352062 300 715
1584686354294 300 716
1584686356658 300 717
1584686359376 300 718
1584686361687 300 719
1584686364283 300 720
1584686367143 300 721
1584686369766 300 722
1584686372195 300 723
1584686374682 300 724
1584686377216 300 725
1584686379441 300 726
1584686381680 300 727
1584686383925 300 728
1584686386425 300 729
1584686389197 300 730
1584686391401 300 731
1584686393856 300 732
1584686396556 300 733
1584686398878 300 734
1584686402990 300 735
1584686406465 300 736
1584686408872 300 737
1584686411077 300 738
1584686413395 300 739
1584686416522 300 740
1584686419430 300 741
1584686424425 300 742
1584686426904 300 743
1584686430491 300 744
1584686433381 300 745
1584686435959 300 746
1584686438567 300 747
1584686441113 300 748
1584686443785 300 749
1584686446614 300 750
1584686449251 300 751
1584686451790 300 752
1584686454114 300 753
1584686456348 300 754
1584686459074 300 755
1584686462302 300 756
1584686464697 300 757
1584686467044 300 758
1584686469457 300 759
1584686471706 300 760
1584686474267 300 761
1584686476577 300 762
1584686478818 300 763
1584686481339 300 764
1584686483792 300 765
1584686486244 300 766
1584686488692 300 767
1584686491684 300 768
1584686494021 300 769
1584686497316 300 770
1584686500234 300 771
1584686503013 300 772
1584686505247 300 773
1584686507491 300 774
1584686509784 300 775
1584686512156 300 776
1584686514720 300 777
1584686517416 300 778
1584686519885 300 779
1584686522715 300 780
1584686525048 300 781
1584686530693 300 782
1584686535843 300 783
1584686538535 300 784
1584686541628 300 785
1584686544095 300 786
1584686546714 300 787
1584686550914 300 788
1584686553308 300 789
1584686555708 300 790
1584686558267 300 791
1584686561144 300 792
1584686564037 300 793
1584686566947 300 794
1584686570321 300 795
1584686572916 300 796
1584686575607 300 797
1584686578338 300 798
1584686581731 300 799
1584686584040 300 800
1584686587428 300 801
1584686589994 300 802
1584686594445 300 803
1584686597523 300 804
1584686600582 300 805
1584686603597 300 806
1584686606542 300 807
1584686609427 300 808
1584686612103 300 809
1584686614936 300 810
1584686617900 300 811
1584686620288 300 812
1584686622539 300 813
1584686625057 300 814
1584686628004 300 815
1584686631241 300 816
1584686633983 300 817
1584686636356 300 818
1584686639098 300 819
1584686642327 300 820
1584686644713 300 821
1584686647068 300 822
1584686650035 300 823
1584686653236 300 824
1584686656266 300 825
1584686658529 300 826
1584686660794 300 827
1584686663016 300 828
1584686665228 300 829
1584686667582 300 830
1584686670005 300 831
1584686672364 300 832
1584686674644 300 833
1584686677257 300 834
1584686679696 300 835
1584686682130 300 836
1584686684634 300 837
1584686687187 300 838
1584686689748 300 839
1584686692435 300 840
1584686694907 300 841
1584686697156 300 842
1584686699370 300 843
1584686701578 300 844
1584686703870 300 845
1584686706598 300 846
1584686708835 300 847
1584686711072 300 848
1584686713297 300 849
1584686715546 300 850
1584686717864 300 851
1584686720359 300 852
1584686723102 300 853
1584686725481 300 854
1584686728148 300 855
1584686730476 300 856
1584686733008 300 857
1584686735328 300 858
1584686737603 300 859
1584686739814 300 860
1584686742031 300 861
1584686744258 300 862
1584686746460 300 863
1584686748699 300 864
1584686751065 300 865
1584686753304 300 866
1584686755613 300 867
1584686757924 300 868
1584686760139 300 869
1584686762609 300 870
1584686764875 300 871
1584686767065 300 872
1584686769335 300 873
1584686771596 300 874
1584686773928 300 875
1584686777184 300 876
1584686780231 300 877
1584686782713 300 878
1584686785073 300 879
1584686788829 300 880
1584686791574 300 881
1584686794312 300 882
1584686796612 300 883
1584686799344 300 884
1584686802757 300 885
1584686805784 300 886
1584686808009 300 887
1584686810434 300 888
1584686813250 300 889
1584686815827 300 890
1584686818087 300 891
1584686820636 300 892
1584686823423 300 893
1584686826138 300 894
1584686828493 300 895
1584686830970 300 896
1584686833420 300 897
1584686835913 300 898
1584686838740 300 899
1584686841787 300 900
1584686844139 300 901
1584686850151 300 902
1584686858127 300 903
1584686866533 300 904
1584686872009 300 905
1584686874529 300 906
1584686877004 300 907
1584686880163 300 908
1584686882965 300 909
1584686885237 300 910
1584686887554 300 911
1584686889774 300 912
1584686892645 300 913
1584686895314 300 914
1584686897687 300 915
1584686900072 300 916
1584686902514 300 917
1584686905503 300 918
1584686910879 300 919
1584686918642 300 920
1584686925124 300 921
1584686928254 300 922
1584686930810 300 923
1584686933121 300 924
1584686936864 300 925
1584686940154 300 926
1584686942651 300 927
1584686945963 300 928
1584686948250 300 929
1584686951290 300 930
1584686953803 300 931
1584686956108 300 932
1584686958367 300 933
1584686960636 300 934
1584686963053 300 935
1584686966013 300 936
1584686969575 300 937
1584686972464 300 938
1584686975698 300 939
1584686978624 300 940
1584686980858 300 941
1584686983072 300 942
1584686985361 300 943
1584686987607 300 944
1584686989829 300 945
1584686992051 300 946
1584686994298 300 947
1584686997191 300 948
1584686999583 300 949
1584687002233 300 950
1584687005282 300 951
1584687007953 300 952
1584687010766 300 953
1584687013171 300 954
1584687015872 300 955
1584687018374 300 956
1584687021636 300 957
1584687024659 300 958
1584687027563 300 959
1584687029895 300 960
1584687033101 300 961
1584687036161 300 962
1584687038506 300 963
1584687040911 300 964
1584687043285 300 965
1584687045623 300 966
1584687049914 300 967
1584687052326 300 968
1584687054799 300 969
1584687057333 300 970
1584687059880 300 971
1584687063503 300 972
1584687066054 300 973
1584687068566 300 974
1584687070837 300 975
1584687073467 300 976
1584687075775 300 977
1584687078372 300 978
1584687081771 300 979
1584687084063 300 980
1584687086587 300 981
1584687088923 300 982
1584687091147 300 983
1584687093638 300 984
1584687095854 300 985
1584687098556 300 986
1584687101016 300 987
1584687104197 300 988
1584687107367 300 989
1584687110110 300 990
1584687113608 300 991
1584687115832 300 992
1584687118650 300 993
1584687121614 300 994
1584687124566 300 995
1584687126824 300 996
1584687129117 300 997
1584687131735 300 998
1584687134780 300 999
1584687137386 300 1000
1584687140391 300 1001
1584687143199 300 1002
1584687148277 300 1003
1584687150784 300 1004
1584687153724 300 1005
1584687156381 300 1006
1584687159338 300 1007
1584687161810 300 1008
1584687164125 300 1009
1584687166614 300 1010
1584687169035 300 1011
1584687171600 300 1012
1584687174079 300 1013
1584687178086 300 1014
1584687180745 300 1015
1584687183622 300 1016
1584687186249 300 1017
1584687188806 300 1018
1584687192074 300 1019
1584687195801 300 1020
1584687198307 300 1021
1584687200710 300 1022
1584687204100 300 1023
1584687207296 300 1024
1584687210181 300 1025
1584687212812 300 1026
1584687217053 300 1027
1584687219727 300 1028
1584687222090 300 1029
1584687225325 300 1030
1584687228685 300 1031
1584687232059 300 1032
1584687234749 300 1033
1584687237274 300 1034
1584687239777 300 1035
1584687243050 300 1036
1584687246148 300 1037
1584687248547 300 1038
1584687254068 300 1039
1584687260908 300 1040
1584687269233 300 1041
1584687277926 300 1042
1584687283722 300 1043
1584687288426 300 1044
1584687290950 300 1045
1584687295169 300 1046
1584687297962 300 1047
1584687300718 300 1048
1584687303191 300 1049
1584687306003 300 1050
1584687309584 300 1051
1584687312684 300 1052
1584687317470 300 1053
1584687321017 300 1054
1584687324510 300 1055
1584687327463 300 1056
1584687330446 300 1057
1584687334127 300 1058
1584687337696 300 1059
1584687340366 300 1060
1584687343062 300 1061
1584687345463 300 1062
1584687348617 300 1063
1584687351880 300 1064
1584687354563 300 1065
1584687357039 300 1066
1584687359614 300 1067
1584687362329 300 1068
1584687364904 300 1069
1584687367316 300 1070
1584687370897 300 1071
1584687376062 300 1072
1584687378886 300 1073
1584687381704 300 1074
1584687384012 300 1075
1584687387691 300 1076
1584687391572 300 1077
1584687394152 300 1078
1584687396403 300 1079
1584687398737 300 1080
1584687401228 300 1081
1584687404146 300 1082
1584687407267 300 1083
1584687410202 300 1084
1584687413276 300 1085
1584687416383 300 1086
1584687419098 300 1087
1584687423622 300 1088
1584687426762 300 1089
1584687431631 300 1090
1584687434172 300 1091
1584687437258 300 1092
1584687439710 300 1093
1584687442199 300 1094
1584687445374 300 1095
1584687447788 300 1096
1584687450247 300 1097
1584687452457 300 1098
1584687455245 300 1099
1584687458199 300 1100
1584687461169 300 1101
1584687463532 300 1102
1584687466340 300 1103
1584687469194 300 1104
1584687472679 300 1105
1584687475314 300 1106
1584687479626 300 1107
1584687482340 300 1108
1584687484805 300 1109
1584687487989 300 1110
1584687493809 300 1111
1584687498974 300 1112
1584687501286 300 1113
1584687504082 300 1114
1584687507524 300 1115
1584687509816 300 1116
1584687512440 300 1117
1584687514946 300 1118
1584687517318 300 1119
1584687521739 300 1120
1584687524376 300 1121
1584687527169 300 1122
1584687529391 300 1123
1584687532063 300 1124
1584687534794 300 1125
1584687537453 300 1126
1584687540148 300 1127
1584687542662 300 1128
1584687545392 300 1129
1584687548068 300 1130
1584687551086 300 1131
1584687553923 300 1132
1584687556546 300 1133
1584687558872 300 1134
1584687561509 300 1135
1584687564048 300 1136
1584687566697 300 1137
1584687569352 300 1138
1584687571610 300 1139
1584687573905 300 1140
1584687576397 300 1141
1584687579386 300 1142
1584687581818 300 1143
1584687584717 300 1144
1584687587289 300 1145
1584687589989 300 1146
1584687592384 300 1147
1584687594801 300 1148
1584687597542 300 1149
1584687602123 300 1150
1584687604950 300 1151
1584687607834 300 1152
1584687610545 300 1153
1584687613650 300 1154
1584687616743 300 1155
1584687619311 300 1156
1584687621556 300 1157
1584687623804 300 1158
1584687626300 300 1159
1584687630374 300 1160
1584687633826 300 1161
1584687637313 300 1162
1584687639624 300 1163
1584687641995 300 1164
1584687644463 300 1165
1584687646705 300 1166
1584687648970 300 1167
1584687651261 300 1168
1584687653484 300 1169
1584687655811 300 1170
1584687658057 300 1171
1584687660479 300 1172
1584687663764 300 1173
1584687668252 300 1174
1584687670775 300 1175
1584687675426 300 1176
1584687677696 300 1177
1584687680478 300 1178
1584687683588 300 1179
1584687685996 300 1180
1584687688931 300 1181
1584687691311 300 1182
1584687693883 300 1183
1584687697215 300 1184
1584687700734 300 1185
1584687705101 300 1186
1584687708256 300 1187
1584687710601 300 1188
1584687713048 300 1189
1584687715707 300 1190
1584687718778 300 1191
1584687722595 300 1192
1584687727583 300 1193
1584687732762 300 1194
1584687735341 300 1195
1584687738001 300 1196
1584687743958 300 1197
1584687749910 300 1198
1584687752737 300 1199
1584687755837 300 1200
1584687760329 300 1201
1584687763876 300 1202
1584687767738 300 1203
1584687770730 300 1204
1584687778754 300 1205
1584687788079 300 1206
1584687793561 300 1207
1584687796726 300 1208
1584687799891 300 1209
1584687803083 300 1210
1584687808090 300 1211
1584687812602 300 1212
1584687816058 300 1213
1584687818980 300 1214
1584687822063 300 1215
1584687824518 300 1216
1584687827835 300 1217
1584687833883 300 1218
1584687842416 300 1219
1584687845555 300 1220
1584687849007 300 1221
1584687854144 300 1222
1584687857329 300 1223
1584687860489 300 1224
1584687865918 300 1225
1584687871912 300 1226
1584687878890 300 1227
1584687881716 300 1228
1584687884686 300 1229
1584687887166 300 1230
1584687890045 300 1231
1584687894181 300 1232
1584687897602 300 1233
1584687900459 300 1234
1584687906008 300 1235
1584687909586 300 1236
1584687914124 300 1237
1584687920182 300 1238
1584687923954 300 1239
1584687927732 300 1240
1584687930987 300 1241
1584687934939 300 1242
1584687939654 300 1243
1584687942858 300 1244
1584687945560 300 1245
1584687948755 300 1246
1584687952779 300 1247
1584687956333 300 1248
1584687958920 300 1249
1584687961699 300 1250
1584687964761 300 1251
1584687968709 300 1252
1584687971189 300 1253
1584687975072 300 1254
1584687977718 300 1255
1584687980596 300 1256
1584687983856 300 1257
1584687986210 300 1258
1584687988911 300 1259
1584687991937 300 1260
1584687994630 300 1261
1584687997444 300 1262
1584688005033 300 1263
1584688011992 300 1264
1584688015059 300 1265
1584688018106 300 1266
1584688020725 300 1267
1584688023599 300 1268
1584688026450 300 1269
1584688034828 300 1270
1584688040157 300 1271
1584688043008 300 1272
1584688046802 300 1273
1584688052406 300 1274
1584688060052 300 1275
1584688064109 300 1276
1584688072406 300 1277
1584688075031 300 1278
1584688077672 300 1279
1584688080306 300 1280
1584688083396 300 1281
1584688085989 300 1282
1584688088710 300 1283
1584688092136 300 1284
1584688094711 300 1285
1584688097950 300 1286
1584688100800 300 1287
1584688103916 300 1288
1584688106472 300 1289
1584688109188 300 1290
1584688111941 300 1291
1584688115101 300 1292
1584688117930 300 1293
1584688120187 300 1294
1584688122462 300 1295
1584688124813 300 1296
1584688127078 300 1297
1584688129405 300 1298
1584688131846 300 1299
1584688134733 300 1300
1584688137134 300 1301
1584688139487 300 1302
1584688141814 300 1303
1584688144109 300 1304
1584688146378 300 1305
1584688148689 300 1306
1584688150971 300 1307
1584688153261 300 1308
1584688155510 300 1309
1584688157768 300 1310
1584688163769 300 1311
1584688166171 300 1312
1584688168668 300 1313
1584688171050 300 1314
1584688173318 300 1315
1584688175633 300 1316
1584688177909 300 1317
1584688180166 300 1318
1584688182403 300 1319
1584688184687 300 1320
1584688186909 300 1321
1584688189180 300 1322
1584688191425 300 1323
1584688193688 300 1324
1584688195997 300 1325
1584688198216 300 1326
1584688200761 300 1327
1584688202999 300 1328
1584688205285 300 1329
1584688207538 300 1330
1584688209867 300 1331
1584688212140 300 1332
1584688214379 300 1333
1584688216651 300 1334
1584688219082 300 1335
1584688223595 300 1336
1584688228836 300 1337
1584688233592 300 1338
1584688238119 300 1339
1584688240473 300 1340
1584688242953 300 1341
1584688245643 300 1342
1584688248791 300 1343
1584688251029 300 1344
1584688253274 300 1345
1584688255643 300 1346
1584688258398 300 1347
1584688261383 300 1348
1584688264069 300 1349
1584688266920 300 1350
1584688269125 300 1351
1584688271707 300 1352
1584688274459 300 1353
1584688277251 300 1354
1584688279774 300 1355
1584688282851 300 1356
1584688285798 300 1357
1584688288974 300 1358
1584688291594 300 1359
1584688294154 300 1360
1584688296687 300 1361
1584688299034 300 1362
1584688301232 300 1363
1584688303432 300 1364
1584688305682 300 1365
1584688308126 300 1366
1584688311336 300 1367
1584688314442 300 1368
1584688316912 300 1369
1584688319838 300 1370
1584688322189 300 1371
1584688324925 300 1372
1584688327320 300 1373
1584688329919 300 1374
1584688332787 300 1375
1584688335362 300 1376
1584688337703 300 1377
1584688340018 300 1378
1584688342430 300 1379
1584688344711 300 1380
1584688347477 300 1381
1584688350143 300 1382
1584688352456 300 1383
1584688354834 300 1384
1584688357192 300 1385
1584688359766 300 1386
1584688362177 300 1387
1584688364700 300 1388
1584688367124 300 1389
1584688369582 300 1390
1584688371896 300 1391
1584688374117 300 1392
1584688376720 300 1393
1584688379274 300 1394
1584688381633 300 1395
1584688384001 300 1396
1584688386624 300 1397
1584688389175 300 1398
1584688391520 300 1399
1584688394111 300 1400
1584688396921 300 1401
1584688399797 300 1402
1584688402211 300 1403
1584688404541 300 1404
1584688407010 300 1405
1584688409329 300 1406
1584688411592 300 1407
1584688413806 300 1408
1584688416005 300 1409
1584688418288 300 1410
1584688420513 300 1411
1584688422997 300 1412
1584688425208 300 1413
1584688427436 300 1414
1584688429905 300 1415
1584688432112 300 1416
1584688434335 300 1417
1584688436560 300 1418
1584688439934 300 1419
1584688442400 300 1420
1584688444622 300 1421
1584688447132 300 1422
1584688449374 300 1423
1584688451579 300 1424
1584688453801 300 1425
1584688455997 300 1426
1584688458187 300 1427
1584688460414 300 1428
1584688462613 300 1429
1584688465656 300 1430
1584688467969 300 1431
1584688470204 300 1432
1584688472476 300 1433
1584688474709 300 1434
1584688476959 300 1435
1584688479304 300 1436
1584688481551 300 1437
1584688491775 300 1438
1584688495809 300 1439
1584688498394 300 1440
1584688501095 300 1441
1584688503746 300 1442
1584688506002 300 1443
1584688508251 300 1444
1584688510429 300 1445
1584688512699 300 1446
1584688514928 300 1447
1584688517246 300 1448
1584688519501 300 1449
1584688521738 300 1450
1584688524047 300 1451
1584688526255 300 1452
1584688528489 300 1453
1584688530744 300 1454
1584688533807 300 1455
1584688536018 300 1456
1584688538294 300 1457
1584688540533 300 1458
1584688542795 300 1459
1584688545015 300 1460
1584688547221 300 1461
1584688549442 300 1462
1584688551667 300 1463
1584688553915 300 1464
1584688556125 300 1465
1584688558341 300 1466
1584688560559 300 1467
1584688562852 300 1468
1584688565077 300 1469
1584688567280 300 1470
1584688569496 300 1471
1584688571728 300 1472
1584688573961 300 1473
1584688576194 300 1474
1584688578422 300 1475
1584688580601 300 1476
1584688582841 300 1477
1584688585054 300 1478
1584688587257 300 1479
1584688589443 300 1480
1584688591650 300 1481
1584688594034 300 1482
1584688596266 300 1483
1584688598640 300 1484
1584688600841 300 1485
1584688603075 300 1486
1584688605291 300 1487
1584688607520 300 1488
1584688609743 300 1489
1584688611946 300 1490
1584688614179 300 1491
1584688616416 300 1492
1584688618616 300 1493
1584688620830 300 1494
1584688623019 300 1495
1584688625211 300 1496
1584688627387 300 1497
1584688629610 300 1498
1584688631785 300 1499
1584688633971 300 1500
1584688636270 300 1501
1584688638498 300 1502
1584688640736 300 1503
1584688643021 300 1504
1584688645250 300 1505
1584688647492 300 1506
1584688649806 300 1507
1584688652016 300 1508
1584688654291 300 1509
1584688656490 300 1510
1584688658729 300 1511
1584688660922 300 1512
1584688663133 300 1513
1584688665328 300 1514
1584688668310 300 1515
1584688670613 300 1516
1584688672835 300 1517
1584688675043 300 1518
1584688677522 300 1519
1584688680019 300 1520
1584688682214 300 1521
1584688684430 300 1522
1584688686609 300 1523
1584688688830 300 1524
1584688691019 300 1525
1584688693225 300 1526
1584688695588 300 1527
1584688697804 300 1528
1584688699978 300 1529
1584688702166 300 1530
1584688704357 300 1531
1584688706676 300 1532
1584688708953 300 1533
1584688711146 300 1534
1584688713426 300 1535
1584688715645 300 1536
1584688717993 300 1537
1584688720327 300 1538
1584688722667 300 1539
1584688724884 300 1540
1584688727131 300 1541
1584688729314 300 1542
1584688731543 300 1543
1584688733746 300 1544
1584688735958 300 1545
1584688738150 300 1546
1584688740371 300 1547
1584688742610 300 1548
1584688744805 300 1549
1584688747014 300 1550
1584688749228 300 1551
1584688751413 300 1552
1584688753617 300 1553
1584688755838 300 1554
1584688758038 300 1555
1584688760266 300 1556
1584688762504 300 1557
1584688764728 300 1558
1584688766942 300 1559
1584688769127 300 1560
1584688771316 300 1561
1584688773580 300 1562
1584688775807 300 1563
1584688777991 300 1564
1584688780176 300 1565
1584688782383 300 1566
1584688784638 300 1567
1584688786883 300 1568
1584688789075 300 1569
1584688791406 300 1570
1584688793661 300 1571
1584688795916 300 1572
1584688798137 300 1573
1584688800367 300 1574
1584688802622 300 1575
1584688804845 300 1576
1584688807109 300 1577
1584688809340 300 1578
1584688811537 300 1579
1584688813799 300 1580
1584688816033 300 1581
1584688818301 300 1582
1584688820548 300 1583
1584688822879 300 1584
1584688825123 300 1585
1584688827377 300 1586
1584688829627 300 1587
1584688831946 300 1588
1584688834215 300 1589
1584688836461 300 1590
1584688838711 300 1591
1584688840926 300 1592
1584688843159 300 1593
1584688845396 300 1594
1584688847601 300 1595
1584688849842 300 1596
1584688852114 300 1597
1584688854373 300 1598
1584688856643 300 1599
1584688858879 300 1600
1584688861219 300 1601
1584688863487 300 1602
1584688865759 300 1603
1584688867983 300 1604
1584688870234 300 1605
1584688872482 300 1606
1584688874747 300 1607
1584688876985 300 1608
1584688879238 300 1609
1584688881494 300 1610
1584688883776 300 1611
1584688885998 300 1612
1584688888353 300 1613
1584688890614 300 1614
1584688892913 300 1615
1584688895196 300 1616
1584688897432 300 1617
1584688899665 300 1618
1584688901889 300 1619
1584688904136 300 1620
1584688906398 300 1621
1584688908629 300 1622
1584688910876 300 1623
1584688913095 300 1624
1584688915381 300 1625
1584688917603 300 1626
1584688919939 300 1627
1584688922175 300 1628
1584688924409 300 1629
1584688926663 300 1630
1584688928865 300 1631
1584688931090 300 1632
1584688933324 300 1633
1584688935567 300 1634
1584688937813 300 1635
1584688940034 300 1636
1584688942286 300 1637
1584688944547 300 1638
1584688946747 300 1639
1584688949015 300 1640
1584688951231 300 1641
1584688953715 300 1642
1584688956044 300 1643
1584688958309 300 1644
1584688960556 300 1645
1584688962811 300 1646
1584688965076 300 1647
1584688967314 300 1648
1584688969552 300 1649
1584688971784 300 1650
1584688974036 300 1651
1584688976262 300 1652
1584688978567 300 1653
1584688980814 300 1654
1584688983109 300 1655
1584688985502 300 1656
1584688987727 300 1657
1584688989953 300 1658
1584688992172 300 1659
1584688994421 300 1660
1584688996647 300 1661
1584688998883 300 1662
1584689001112 300 1663
1584689003341 300 1664
1584689005552 300 1665
1584689007793 300 1666
1584689010070 300 1667
1584689012340 300 1668
1584689014651 300 1669
1584689016919 300 1670
1584689019135 300 1671
1584689021366 300 1672
1584689023613 300 1673
1584689025845 300 1674
1584689028072 300 1675
1584689030310 300 1676
1584689032549 300 1677
1584689034817 300 1678
1584689037089 300 1679
1584689039285 300 1680
1584689041536 300 1681
1584689043802 300 1682
1584689046075 300 1683
1584689048319 300 1684
1584689050515 300 1685
1584689052749 300 1686
1584689054976 300 1687
1584689057217 300 1688
1584689059466 300 1689
1584689061724 300 1690
1584689063946 300 1691
1584689066187 300 1692
1584689068445 300 1693
1584689070753 300 1694
1584689073044 300 1695
1584689075316 300 1696
1584689077536 300 1697
1584689079785 300 1698
1584689082183 300 1699
1584689084459 300 1700
1584689086809 300 1701
1584689089055 300 1702
1584689091523 300 1703
1584689093769 300 1704
1584689096018 300 1705
1584689098262 300 1706
1584689100535 300 1707
1584689102821 300 1708
1584689105063 300 1709
1584689107297 300 1710
1584689109537 300 1711
1584689111796 300 1712
1584689114014 300 1713
1584689116237 300 1714
1584689118509 300 1715
1584689120835 300 1716
1584689123093 300 1717
1584689125329 300 1718
1584689127544 300 1719
1584689129754 300 1720
1584689131984 300 1721
1584689134246 300 1722
1584689136487 300 1723
1584689138718 300 1724
1584689140933 300 1725
1584689143219 300 1726
1584689145432 300 1727
1584689147671 300 1728
1584689149912 300 1729
1584689152223 300 1730
1584689154437 300 1731
1584689156656 300 1732
1584689158901 300 1733
1584689161153 300 1734
1584689163401 300 1735
1584689165599 300 1736
1584689167884 300 1737
1584689170131 300 1738
1584689172384 300 1739
1584689174630 300 1740
1584689176876 300 1741
1584689179248 300 1742
1584689181653 300 1743
1584689183864 300 1744
1584689186086 300 1745
1584689188287 300 1746
1584689190584 300 1747
1584689192874 300 1748
1584689195134 300 1749
1584689197348 300 1750
1584689199576 300 1751
1584689201874 300 1752
1584689204150 300 1753
1584689206415 300 1754
1584689208660 300 1755
1584689210902 300 1756
1584689213115 300 1757
1584689215410 300 1758
1584689217643 300 1759
1584689219917 300 1760
1584689222160 300 1761
1584689224432 300 1762
1584689226699 300 1763
1584689228925 300 1764
1584689231127 300 1765
1584689233340 300 1766
1584689235563 300 1767
1584689237784 300 1768
1584689240082 300 1769
1584689242332 300 1770
1584689244590 300 1771
1584689246835 300 1772
1584689249063 300 1773
1584689251286 300 1774
1584689253527 300 1775
1584689255789 300 1776
1584689258082 300 1777
1584689260966 300 1778
1584689263480 300 1779
1584689265975 300 1780
1584689268209 300 1781
1584689270512 300 1782
1584689272738 300 1783
1584689275701 300 1784
1584689277966 300 1785
1584689280207 300 1786
1584689282508 300 1787
1584689284736 300 1788
1584689286967 300 1789
1584689289213 300 1790
1584689291475 300 1791
1584689293749 300 1792
1584689295963 300 1793
1584689298169 300 1794
1584689300424 300 1795
1584689302667 300 1796
1584689304923 300 1797
1584689307208 300 1798
1584689309442 300 1799
1584689311668 300 1800
1584689314150 300 1801
1584689316417 300 1802
1584689318636 300 1803
1584689320874 300 1804
1584689323086 300 1805
1584689325337 300 1806
1584689327574 300 1807
1584689329836 300 1808
1584689332136 300 1809
1584689334394 300 1810
1584689336654 300 1811
1584689338870 300 1812
1584689341080 300 1813
1584689343357 300 1814
1584689345617 300 1815
1584689347862 300 1816
1584689350097 300 1817
1584689352309 300 1818
1584689354550 300 1819
1584689356807 300 1820
1584689359053 300 1821
1584689361313 300 1822
1584689363540 300 1823
1584689365788 300 1824
1584689368047 300 1825
1584689370315 300 1826
1584689373108 300 1827
1584689375343 300 1828
1584689377609 300 1829
1584689379885 300 1830
1584689382090 300 1831
1584689384355 300 1832
1584689386604 300 1833
1584689388842 300 1834
1584689391078 300 1835
1584689393327 300 1836
1584689395591 300 1837
1584689397842 300 1838
1584689400039 300 1839
1584689402313 300 1840
1584689404565 300 1841
1584689406820 300 1842
1584689409055 300 1843
1584689411281 300 1844
1584689413495 300 1845
1584689415784 300 1846
1584689418064 300 1847
1584689420320 300 1848
1584689422585 300 1849
1584689424841 300 1850
1584689427095 300 1851
1584689429341 300 1852
1584689431733 300 1853
1584689434147 300 1854
1584689436381 300 1855
1584689438621 300 1856
1584689440884 300 1857
1584689443126 300 1858
1584689445387 300 1859
1584689447655 300 1860
1584689449901 300 1861
1584689452127 300 1862
1584689454360 300 1863
1584689456795 300 1864
1584689459025 300 1865
1584689461237 300 1866
1584689463598 300 1867
1584689466026 300 1868
1584689468600 300 1869
1584689471169 300 1870
1584689473585 300 1871
1584689475826 300 1872
1584689478045 300 1873
1584689480273 300 1874
1584689482513 300 1875
1584689484780 300 1876
1584689487049 300 1877
1584689489304 300 1878
1584689491547 300 1879
1584689493832 300 1880
1584689496103 300 1881
1584689498419 300 1882
1584689500706 300 1883
1584689502966 300 1884
1584689505217 300 1885
1584689507445 300 1886
1584689509686 300 1887
1584689511918 300 1888
1584689514171 300 1889
1584689516428 300 1890
1584689518653 300 1891
1584689520938 300 1892
1584689523186 300 1893
1584689525459 300 1894
1584689527692 300 1895
1584689529965 300 1896
1584689532178 300 1897
1584689534419 300 1898
1584689536668 300 1899
1584689538905 300 1900
1584689541237 300 1901
1584689543495 300 1902
1584689545733 300 1903
1584689547968 300 1904
1584689550243 300 1905
1584689552560 300 1906
1584689554819 300 1907
1584689557054 300 1908
1584689559288 300 1909
1584689561616 300 1910
1584689563909 300 1911
1584689566429 300 1912
1584689568728 300 1913
1584689571028 300 1914
1584689573248 300 1915
1584689575500 300 1916
1584689577778 300 1917
1584689579997 300 1918
1584689582262 300 1919
1584689584516 300 1920
1584689586782 300 1921
1584689588972 300 1922
1584689591228 300 1923
1584689593468 300 1924
1584689595715 300 1925
1584689598014 300 1926
1584689600265 300 1927
1584689602524 300 1928
1584689604781 300 1929
1584689607041 300 1930
1584689609314 300 1931
1584689611560 300 1932
1584689613914 300 1933
1584689616146 300 1934
1584689618730 300 1935
1584689621914 300 1936
1584689624222 300 1937
1584689626526 300 1938
1584689628841 300 1939
1584689631099 300 1940
1584689633410 300 1941
1584689635848 300 1942
1584689638166 300 1943
1584689640406 300 1944
1584689642728 300 1945
1584689644929 300 1946
1584689647177 300 1947
1584689649402 300 1948
1584689651662 300 1949
1584689653925 300 1950
1584689656221 300 1951
1584689658518 300 1952
1584689660798 300 1953
1584689663256 300 1954
1584689665537 300 1955
1584689667839 300 1956
1584689670082 300 1957
1584689672358 300 1958
1584689674644 300 1959
1584689676932 300 1960
1584689679222 300 1961
1584689681462 300 1962
1584689683715 300 1963
1584689685982 300 1964
1584689688229 300 1965
1584689690470 300 1966
1584689692765 300 1967
1584689694984 300 1968
1584689697207 300 1969
1584689699439 300 1970
1584689701651 300 1971
1584689703918 300 1972
1584689706168 300 1973
1584689708418 300 1974
1584689710686 300 1975
1584689713077 300 1976
1584689715335 300 1977
1584689717649 300 1978
1584689719970 300 1979
1584689722228 300 1980
1584689724525 300 1981
1584689726799 300 1982
1584689729090 300 1983
1584689731358 300 1984
1584689733619 300 1985
1584689735870 300 1986
1584689738106 300 1987
1584689740325 300 1988
1584689742547 300 1989
1584689744823 300 1990
1584689747068 300 1991
1584689749304 300 1992
1584689751575 300 1993
1584689753876 300 1994
1584689756085 300 1995
1584689758338 300 1996
1584689760702 300 1997
1584689762973 300 1998
1584689765192 300 1999
1584689767434 300 2000
