1583087965027 1.0 1
1583087968315 0.995 2
1583087970445 0.990025 3
1583087972613 0.985074875 4
1583087975051 0.9801495006250001 5
1583087977300 0.9752487531218751 6
1583087979624 0.9703725093562657 7
1583087982155 0.9655206468094844 8
1583087984503 0.960693043575437 9
1583087986665 0.9558895783575597 10
1583087989057 0.9511101304657719 11
1583087991248 0.946354579813443 12
1583087993507 0.9416228069143757 13
1583087995701 0.9369146928798039 14
1583087998046 0.9322301194154049 15
1583088000156 0.9275689688183278 16
1583088002637 0.9229311239742362 17
1583088006940 0.918316468354365 18
1583088009053 0.9137248860125932 19
1583088011217 0.9091562615825302 20
1583088013370 0.9046104802746175 21
1583088015626 0.9000874278732445 22
1583088017874 0.8955869907338783 23
1583088020340 0.8911090557802088 24
1583088022487 0.8866535105013078 25
1583088024707 0.8822202429488013 26
1583088027468 0.8778091417340573 27
1583088029680 0.8734200960253871 28
1583088031844 0.8690529955452602 29
1583088034088 0.8647077305675338 30
1583088036258 0.8603841919146962 31
1583088038496 0.8560822709551227 32
1583088040741 0.851801859600347 33
1583088043043 0.8475428503023453 34
1583088045290 0.8433051360508336 35
1583088047651 0.8390886103705794 36
1583088050343 0.8348931673187264 37
1583088052591 0.8307187014821328 38
1583088054741 0.8265651079747222 39
1583088056972 0.8224322824348486 40
1583088059158 0.8183201210226743 41
1583088061600 0.8142285204175609 42
1583088064004 0.810157377815473 43
1583088066193 0.8061065909263957 44
1583088068312 0.8020760579717637 45
1583088070504 0.798065677681905 46
1583088072607 0.7940753492934954 47
1583088074729 0.7901049725470279 48
1583088076958 0.7861544476842928 49
1583088079845 0.7822236754458713 50
1583088081962 0.778312557068642 51
1583088084084 0.7744209942832988 52
1583088086430 0.7705488893118823 53
1583088088718 0.7666961448653229 54
1583088091008 0.7628626641409962 55
1583088093942 0.7590483508202912 56
1583088096617 0.7552531090661897 57
1583088099080 0.7514768435208588 58
1583088101204 0.7477194593032545 59
1583088103666 0.7439808620067382 60
1583088106417 0.7402609576967045 61
1583088108724 0.736559652908221 62
1583088111011 0.7328768546436799 63
1583088113342 0.7292124703704616 64
1583088115794 0.7255664080186093 65
1583088118161 0.7219385759785162 66
1583088120274 0.7183288830986236 67
1583088122433 0.7147372386831305 68
1583088124532 0.7111635524897149 69
1583088126634 0.7076077347272662 70
1583088128757 0.7040696960536299 71
1583088130866 0.7005493475733617 72
1583088132982 0.697046600835495 73
1583088135087 0.6935613678313175 74
1583088137183 0.6900935609921609 75
1583088139304 0.6866430931872001 76
1583088141408 0.6832098777212641 77
1583088143540 0.6797938283326578 78
1583088145650 0.6763948591909945 79
1583088147769 0.6730128848950395 80
1583088149891 0.6696478204705644 81
1583088152009 0.6662995813682115 82
1583088154333 0.6629680834613705 83
1583088156514 0.6596532430440636 84
1583088158991 0.6563549768288433 85
1583088161153 0.653073201944699 86
1583088163273 0.6498078359349755 87
1583088165785 0.6465587967553006 88
1583088168466 0.6433260027715241 89
1583088170681 0.6401093727576664 90
1583088173109 0.6369088258938781 91
1583088175331 0.6337242817644086 92
1583088177616 0.6305556603555866 93
1583088180088 0.6274028820538087 94
1583088182292 0.6242658676435396 95
1583088184637 0.6211445383053219 96
1583088187071 0.6180388156137953 97
1583088189276 0.6149486215357263 98
1583088191375 0.6118738784280476 99
1583088193506 0.6088145090359074 100
1583088196344 0.6057704364907278 101
1583088198602 0.6027415843082742 102
1583088200819 0.5997278763867329 103
1583088202940 0.5967292370047992 104
1583088205043 0.5937455908197752 105
1583088207168 0.5907768628656763 106
1583088209297 0.5878229785513479 107
1583088211443 0.5848838636585911 108
1583088214094 0.5819594443402982 109
1583088216743 0.5790496471185967 110
1583088219294 0.5761543988830038 111
1583088221545 0.5732736268885887 112
1583088223659 0.5704072587541458 113
1583088226097 0.567555222460375 114
1583088228680 0.5647174463480732 115
1583088230912 0.5618938591163328 116
1583088233031 0.5590843898207511 117
1583088235131 0.5562889678716474 118
1583088237758 0.5535075230322891 119
1583088240294 0.5507399854171277 120
1583088242561 0.547986285490042 121
1583088244660 0.5452463540625918 122
1583088246754 0.5425201222922789 123
1583088249069 0.5398075216808175 124
1583088251737 0.5371084840724134 125
1583088254212 0.5344229416520513 126
1583088256318 0.531750826943791 127
1583088258444 0.5290920728090721 128
1583088260550 0.5264466124450268 129
1583088262666 0.5238143793828016 130
1583088264777 0.5211953074858876 131
1583088266902 0.5185893309484582 132
1583088269044 0.5159963842937159 133
1583088271186 0.5134164023722473 134
1583088273706 0.510849320360386 135
1583088276101 0.5082950737585841 136
1583088279169 0.5057535983897912 137
1583088281563 0.5032248303978422 138
1583088283789 0.500708706245853 139
1583088286148 0.4982051627146237 140
1583088288268 0.49571413690105054 141
1583088290435 0.4932355662165453 142
1583088292608 0.4907693883854626 143
1583088294727 0.4883155414435353 144
1583088296826 0.4858739637363176 145
1583088298953 0.483444593917636 146
1583088301058 0.4810273709480478 147
1583088303159 0.47862223409330756 148
1583088305365 0.47622912292284103 149
1583088307529 0.4738479773082268 150
1583088309764 0.47147873742168567 151
1583088312132 0.46912134373457726 152
1583088314232 0.46677573701590436 153
1583088316342 0.46444185833082485 154
1583088318435 0.46211964903917074 155
1583088320536 0.4598090507939749 156
1583088322653 0.457510005540005 157
1583088324755 0.45522245551230495 158
1583088326881 0.4529463432347434 159
1583088329033 0.4506816115185697 160
1583088331785 0.4484282034609769 161
1583088334576 0.446186062443672 162
1583088336957 0.4439551321314536 163
1583088339182 0.4417353564707963 164
1583088341724 0.43952667968844233 165
1583088344077 0.43732904629000013 166
1583088346474 0.4351424010585501 167
1583088348587 0.43296668905325736 168
1583088350827 0.43080185560799106 169
1583088353234 0.4286478463299511 170
1583088355352 0.42650460709830135 171
1583088357459 0.42437208406280985 172
1583088359569 0.4222502236424958 173
1583088361660 0.42013897252428334 174
1583088363760 0.4180382776616619 175
1583088365895 0.4159480862733536 176
1583088368025 0.41386834584198684 177
1583088370140 0.4117990041127769 178
1583088372269 0.40974000909221303 179
1583088374374 0.40769130904675194 180
1583088376470 0.40565285250151817 181
1583088378585 0.4036245882390106 182
1583088380692 0.4016064652978155 183
1583088382826 0.3995984329713264 184
1583088384934 0.3976004408064698 185
1583088387060 0.39561243860243744 186
1583088389161 0.3936343764094253 187
1583088391283 0.39166620452737816 188
1583088393389 0.3897078735047413 189
1583088395867 0.3877593341372176 190
1583088398041 0.3858205374665315 191
1583088400143 0.38389143477919885 192
1583088402244 0.3819719776053028 193
1583088404799 0.3800621177172763 194
1583088407291 0.37816180712868996 195
1583088410346 0.37627099809304654 196
1583088412747 0.3743896431025813 197
1583088414879 0.37251769488706843 198
1583088417068 0.3706551064126331 199
1583088419334 0.36880183088056995 200
1583088421518 0.3669578217261671 201
1583088423647 0.36512303261753626 202
1583088425753 0.3632974174544486 203
1583088427843 0.3614809303671764 204
1583088429961 0.3596735257153405 205
1583088432066 0.3578751580867638 206
1583088434203 0.35608578229633 207
1583088436722 0.3543053533848483 208
1583088439107 0.35253382661792404 209
1583088441758 0.3507711574848344 210
1583088444033 0.34901730169741024 211
1583088446589 0.3472722151889232 212
1583088448700 0.3455358541129786 213
1583088450817 0.3438081748424137 214
1583088453098 0.3420891339682016 215
1583088455693 0.3403786882983606 216
1583088458082 0.3386767948568688 217
1583088460210 0.33698341088258443 218
1583088462304 0.3352984938281715 219
1583088464419 0.33362200135903064 220
1583088466546 0.33195389135223546 221
1583088468669 0.3302941218954743 222
1583088470785 0.32864265128599696 223
1583088472884 0.326999438029567 224
1583088475015 0.3253644408394192 225
1583088477130 0.3237376186352221 226
1583088479226 0.322118930542046 227
1583088481344 0.32050833588933575 228
1583088483454 0.31890579420988907 229
1583088485561 0.3173112652388396 230
1583088487664 0.3157247089126454 231
1583088489793 0.3141460853680822 232
1583088492425 0.3125753549412418 233
1583088494569 0.31101247816653554 234
1583088496697 0.30945741577570285 235
1583088498830 0.3079101286968243 236
1583088500957 0.3063705780533402 237
1583088503088 0.30483872516307353 238
1583088505191 0.3033145315372582 239
1583088507298 0.3017979588795719 240
1583088509435 0.30028896908517405 241
1583088511838 0.2987875242397482 242
1583088514115 0.29729358661854943 243
1583088516495 0.29580711868545667 244
1583088519040 0.2943280830920294 245
1583088521732 0.29285644267656924 246
1583088524291 0.2913921604631864 247
1583088528291 0.28993519966087045 248
1583088530858 0.2884855236625661 249
1583088533712 0.28704309604425327 250
1583088536106 0.285607880564032 251
1583088538245 0.28417984116121187 252
1583088540425 0.2827589419554058 253
1583088542540 0.28134514724562876 254
1583088544658 0.2799384215094006 255
1583088546767 0.27853872940185365 256
1583088548884 0.27714603575484437 257
1583088550989 0.2757603055760701 258
1583088553112 0.2743815040481898 259
1583088555218 0.2730095965279488 260
1583088557340 0.27164454854530906 261
1583088559450 0.2702863258025825 262
1583088561564 0.2689348941735696 263
1583088563755 0.26759021970270175 264
1583088565873 0.2662522686041882 265
1583088567991 0.2649210072611673 266
1583088570112 0.26359640222486147 267
1583088572303 0.26227842021373715 268
1583088574406 0.2609670281126685 269
1583088576503 0.25966219297210513 270
1583088578614 0.2583638820072446 271
1583088580719 0.2570720625972084 272
1583088582817 0.25578670228422234 273
1583088584939 0.25450776877280124 274
1583088587066 0.2532352299289372 275
1583088589178 0.2519690537792925 276
1583088591290 0.2507092085103961 277
1583088593403 0.2494556624678441 278
1583088595515 0.24820838415550486 279
1583088597629 0.24696734223472733 280
1583088599750 0.2457325055235537 281
1583088601876 0.24450384299593592 282
1583088603982 0.24328132378095624 283
1583088606086 0.24206491716205145 284
1583088608201 0.2408545925762412 285
1583088610322 0.23965031961336 286
1583088612415 0.2384520680152932 287
1583088614591 0.23725980767521673 288
1583088616718 0.23607350863684065 289
1583088618855 0.23489314109365644 290
1583088620974 0.23371867538818816 291
1583088623090 0.23255008201124722 292
1583088625201 0.231387331601191 293
1583088627337 0.23023039494318503 294
1583088629445 0.2290792429684691 295
1583088631546 0.22793384675362674 296
1583088633646 0.22679417751985861 297
1583088635762 0.22566020663225933 298
1583088637879 0.22453190559909803 299
1583088639992 0.22340924607110255 300
1583088642095 0.22229219984074702 301
1583088644210 0.2211807388415433 302
1583088646331 0.22007483514733558 303
1583088648436 0.2189744609715989 304
1583088650527 0.2178795886667409 305
1583088652625 0.2167901907234072 306
1583088654738 0.21570623976979014 307
1583088656848 0.21462770857094118 308
1583088658974 0.21355457002808648 309
1583088661067 0.21248679717794605 310
1583088663196 0.21142436319205632 311
1583088665306 0.21036724137609603 312
1583088667419 0.20931540516921554 313
1583088669525 0.20826882814336947 314
1583088671637 0.20722748400265262 315
1583088673746 0.20619134658263935 316
1583088675856 0.20516038984972615 317
1583088678001 0.2041345879004775 318
1583088680127 0.2031139149609751 319
1583088682234 0.20209834538617025 320
1583088684368 0.2010878536592394 321
1583088686470 0.2000824143909432 322
1583088688567 0.19908200231898848 323
1583088690673 0.19808659230739353 324
1583088692793 0.19709615934585656 325
1583088694919 0.19611067854912728 326
1583088697031 0.19513012515638165 327
1583088699134 0.19415447453059972 328
1583088701250 0.19318370215794672 329
1583088703360 0.192217783647157 330
1583088705461 0.1912566947289212 331
1583088707574 0.1903004112552766 332
1583088709687 0.18934890919900021 333
1583088711795 0.18840216465300522 334
1583088713909 0.18746015382974018 335
1583088716024 0.1865228530605915 336
1583088718147 0.18559023879528855 337
1583088720249 0.1846622876013121 338
1583088722365 0.18373897616330553 339
1583088724475 0.182820281282489 340
1583088726593 0.18190617987607657 341
1583088728720 0.18099664897669618 342
1583088730884 0.1800916657318127 343
1583088733016 0.17919120740315364 344
1583088735138 0.17829525136613786 345
1583088737301 0.17740377510930716 346
1583088739460 0.17651675623376062 347
1583088741561 0.1756341724525918 348
1583088743700 0.17475600159032884 349
1583088745811 0.17388222158237718 350
1583088747920 0.1730128104744653 351
1583088750035 0.17214774642209296 352
1583088752147 0.1712870076899825 353
1583088754272 0.17043057265153258 354
1583088756383 0.16957841978827493 355
1583088758501 0.16873052768933355 356
1583088760663 0.1678868750508869 357
1583088762781 0.16704744067563246 358
1583088764904 0.1662122034722543 359
1583088767036 0.16538114245489302 360
1583088769149 0.16455423674261854 361
1583088771268 0.16373146555890544 362
1583088773373 0.16291280823111093 363
1583088775480 0.16209824418995536 364
1583088777577 0.16128775296900558 365
1583088779692 0.16048131420416054 366
1583088781821 0.15967890763313974 367
1583088783954 0.15888051309497406 368
1583088786069 0.1580861105294992 369
1583088788181 0.1572956799768517 370
1583088790305 0.15650920157696743 371
1583088792428 0.1557266555690826 372
1583088794540 0.1549480222912372 373
1583088796687 0.15417328217978102 374
1583088798858 0.1534024157688821 375
1583088800961 0.1526354036900377 376
1583088803081 0.1518722266715875 377
1583088805210 0.15111286553822956 378
1583088807336 0.15035730121053842 379
1583088809457 0.14960551470448571 380
1583088811573 0.14885748713096328 381
1583088813695 0.14811319969530845 382
1583088815807 0.1473726336968319 383
1583088817917 0.14663577052834775 384
1583088820094 0.14590259167570602 385
1583088822281 0.1451730787173275 386
1583088824441 0.14444721332374086 387
1583088826604 0.14372497725712216 388
1583088828763 0.14300635237083656 389
1583088830985 0.14229132060898236 390
1583088833153 0.14157986400593744 391
1583088835341 0.14087196468590776 392
1583088837502 0.14016760486247823 393
1583088839692 0.13946676683816583 394
1583088841857 0.138769433003975 395
1583088844021 0.13807558583895513 396
1583088846212 0.13738520790976036 397
1583088848372 0.13669828187021155 398
1583088850527 0.13601479046086049 399
1583088852691 0.1353347165085562 400
1583088854863 0.1346580429260134 401
1583088857022 0.13398475271138335 402
1583088859181 0.13331482894782642 403
1583088861374 0.13264825480308728 404
1583088863554 0.13198501352907185 405
1583088865732 0.1313250884614265 406
1583088867900 0.13066846301911936 407
1583088870074 0.13001512070402377 408
1583088872235 0.12936504510050365 409
1583088874419 0.12871821987500112 410
1583088876565 0.12807462877562611 411
1583088878723 0.12743425563174798 412
1583088880885 0.12679708435358925 413
1583088883045 0.1261630989318213 414
1583088885224 0.1255322834371622 415
1583088887411 0.12490462201997637 416
1583088889556 0.1242800989098765 417
1583088891699 0.12365869841532712 418
1583088893863 0.12304040492325048 419
1583088896039 0.12242520289863423 420
1583088898194 0.12181307688414106 421
1583088900364 0.12120401149972035 422
1583088902502 0.12059799144222175 423
1583088904667 0.11999500148501063 424
1583088906836 0.11939502647758558 425
1583088909008 0.11879805134519765 426
1583088911182 0.11820406108847166 427
1583088913344 0.1176130407830293 428
1583088915516 0.11702497557911415 429
1583088917691 0.11643985070121858 430
1583088919866 0.11585765144771248 431
1583088922025 0.11527836319047392 432
1583088924191 0.11470197137452155 433
1583088926371 0.11412846151764894 434
1583088928544 0.1135578192100607 435
1583088930705 0.11299003011401039 436
1583088932865 0.11242507996344034 437
1583088935016 0.11186295456362313 438
1583088937172 0.11130363979080501 439
1583088939354 0.11074712159185099 440
1583088941494 0.11019338598389174 441
1583088943662 0.10964241905397228 442
1583088945809 0.10909420695870241 443
1583088947987 0.1085487359239089 444
1583088950161 0.10800599224428936 445
1583088952326 0.10746596228306791 446
1583088954542 0.10692863247165257 447
1583088956762 0.1063939893092943 448
1583088958960 0.10586201936274783 449
1583088961166 0.10533270926593409 450
1583088963388 0.10480604571960442 451
1583088965563 0.1042820154910064 452
1583088967743 0.10376060541355137 453
1583088969934 0.1032418023864836 454
1583088972114 0.10272559337455119 455
1583088974263 0.10221196540767843 456
1583088976441 0.10170090558064004 457
1583088978596 0.10119240105273684 458
1583088980781 0.10068643904747315 459
1583088982960 0.10018300685223579 460
1583088985134 0.0996820918179746 461
1583088987335 0.09918368135888474 462
1583088989515 0.09868776295209031 463
1583088991669 0.09819432413732986 464
1583088993847 0.09770335251664321 465
1583088996014 0.09721483575406 466
1583088998165 0.09672876157528969 467
1583089000309 0.09624511776741324 468
1583089002512 0.09576389217857617 469
1583089004676 0.09528507271768329 470
1583089006837 0.09480864735409487 471
1583089008990 0.0943346041173244 472
1583089011123 0.09386293109673778 473
1583089013282 0.09339361644125409 474
1583089015469 0.09292664835904782 475
1583089017629 0.09246201511725258 476
1583089019809 0.09199970504166631 477
1583089021978 0.09153970651645797 478
1583089024094 0.09108200798387568 479
1583089026208 0.0906265979439563 480
1583089028380 0.09017346495423652 481
1583089030552 0.08972259762946533 482
1583089032699 0.089273984641318 483
1583089034866 0.0888276147181114 484
1583089037031 0.08838347664452084 485
1583089039189 0.08794155926129824 486
1583089041348 0.08750185146499175 487
1583089043536 0.08706434220766679 488
1583089045680 0.08662902049662846 489
1583089047841 0.08619587539414532 490
1583089050022 0.08576489601717459 491
1583089052184 0.08533607153708872 492
1583089054354 0.08490939117940327 493
1583089056500 0.08448484422350626 494
1583089058643 0.08406242000238873 495
1583089060842 0.08364210790237678 496
1583089063046 0.0832238973628649 497
1583089065200 0.08280777787605056 498
1583089067368 0.08239373898667031 499
1583089069539 0.08198177029173696 500
1583089071727 0.08157186144027828 501
1583089073906 0.0811640021330769 502
1583089076065 0.08075818212241151 503
1583089078220 0.08035439121179945 504
1583089080369 0.07995261925574046 505
1583089082509 0.07955285615946175 506
1583089084636 0.07915509187866444 507
1583089086754 0.07875931641927113 508
1583089088907 0.07836551983717477 509
1583089091081 0.07797369223798889 510
1583089093245 0.07758382377679894 511
1583089095406 0.07719590465791494 512
1583089097573 0.07680992513462537 513
1583089099726 0.07642587550895225 514
1583089101884 0.07604374613140748 515
1583089104057 0.07566352740075044 516
1583089106224 0.07528520976374668 517
1583089108381 0.07490878371492794 518
1583089110534 0.0745342397963533 519
1583089112678 0.07416156859737154 520
1583089114839 0.07379076075438468 521
1583089116998 0.07342180695061275 522
1583089119165 0.07305469791585968 523
1583089121336 0.07268942442628039 524
1583089123508 0.07232597730414898 525
1583089125683 0.07196434741762824 526
1583089127849 0.0716045256805401 527
1583089130031 0.0712465030521374 528
1583089132227 0.0708902705368767 529
1583089134403 0.07053581918419231 530
1583089136540 0.07018314008827135 531
1583089138695 0.06983222438783 532
1583089140853 0.06948306326589085 533
1583089143027 0.0691356479495614 534
1583089145176 0.06878996970981359 535
1583089147358 0.06844601986126451 536
1583089149500 0.06810378976195819 537
1583089151682 0.0677632708131484 538
1583089153841 0.06742445445908266 539
1583089156010 0.06708733218678724 540
1583089158178 0.0667518955258533 541
1583089160348 0.06641813604822402 542
1583089162535 0.0660860453679829 543
1583089164683 0.06575561514114299 544
1583089166848 0.06542683706543727 545
1583089169007 0.06509970288011008 546
1583089171192 0.06477420436570952 547
1583089173335 0.06445033334388098 548
1583089175493 0.06412808167716157 549
1583089177636 0.06380744126877576 550
1583089179804 0.06348840406243188 551
1583089181957 0.06317096204211972 552
1583089184124 0.06285510723190912 553
1583089186303 0.06254083169574957 554
1583089188451 0.062228127537270826 555
1583089190601 0.06191698689958447 556
1583089192759 0.061607401965086545 557
1583089194928 0.06129936495526111 558
1583089197092 0.0609928681304848 559
1583089199239 0.060687903789832374 560
1583089201414 0.06038446427088321 561
1583089203570 0.06008254194952879 562
1583089205719 0.05978212923978115 563
1583089207893 0.05948321859358224 564
1583089210070 0.05918580250061433 565
1583089212241 0.058889873488111255 566
1583089214411 0.058595424120670696 567
1583089216552 0.05830244700006734 568
1583089218711 0.058010934765067 569
1583089220858 0.05772088009124167 570
1583089223040 0.05743227569078546 571
1583089225204 0.05714511431233153 572
1583089227373 0.05685938874076987 573
1583089229538 0.056575091797066025 574
1583089231687 0.056292216338080694 575
1583089233855 0.05601075525639029 576
1583089236038 0.05573070148010834 577
1583089238220 0.0554520479727078 578
1583089240386 0.05517478773284426 579
1583089242569 0.05489891379418004 580
1583089244714 0.05462441922520914 581
1583089246871 0.0543512971290831 582
1583089249005 0.05407954064343768 583
1583089251179 0.05380914294022049 584
1583089253361 0.05354009722551939 585
1583089255514 0.05327239673939179 586
1583089257671 0.053006034755694834 587
1583089259839 0.052741004581916356 588
1583089262026 0.052477299559006776 589
1583089264215 0.052214913061211746 590
1583089266394 0.05195383849590569 591
1583089268564 0.05169406930342616 592
1583089270738 0.05143559895690903 593
1583089272915 0.051178420962124486 594
1583089275083 0.05092252885731386 595
1583089277256 0.05066791621302729 596
1583089279416 0.05041457663196215 597
1583089281576 0.050162503748802344 598
1583089283771 0.049911691230058335 599
1583089285939 0.04966213277390804 600
1583089288092 0.0494138221100385 601
1583089290269 0.04916675299948831 602
1583089292443 0.04892091923449087 603
1583089294597 0.04867631463831842 604
1583089296764 0.048432933065126825 605
1583089298956 0.048190768399801194 606
1583089301132 0.04794981455780219 607
1583089303281 0.04771006548501318 608
1583089305436 0.047471515157588115 609
1583089307571 0.047234157581800176 610
1583089309722 0.046997986793891174 611
1583089311907 0.04676299685992172 612
1583089314100 0.04652918187562211 613
1583089316273 0.046296535966244 614
1583089318443 0.046065053286412784 615
1583089320614 0.04583472801998072 616
1583089322774 0.045605554379880814 617
1583089324947 0.04537752660798141 618
1583089327121 0.0451506389749415 619
1583089329270 0.044924885780066794 620
1583089331445 0.04470026135116646 621
1583089333615 0.04447676004441063 622
1583089335761 0.04425437624418858 623
1583089337936 0.04403310436296763 624
1583089340101 0.043812938841152796 625
1583089342243 0.04359387414694703 626
1583089344396 0.043375904776212296 627
1583089346566 0.043159025252331236 628
1583089348746 0.04294323012606958 629
1583089350921 0.04272851397543923 630
1583089353082 0.04251487140556204 631
1583089355256 0.04230229704853423 632
1583089357424 0.04209078556329156 633
1583089359580 0.0418803316354751 634
1583089361750 0.041670929977297724 635
1583089363889 0.04146257532741124 636
1583089366050 0.04125526245077418 637
1583089368202 0.04104898613852031 638
1583089370373 0.04084374120782771 639
1583089372555 0.04063952250178857 640
1583089374731 0.04043632488927963 641
1583089376869 0.04023414326483323 642
1583089379052 0.040032972548509065 643
1583089381221 0.03983280768576652 644
1583089383379 0.03963364364733769 645
1583089385534 0.039435475429100995 646
1583089387678 0.03923829805195549 647
1583089389844 0.03904210656169572 648
1583089391980 0.03884689602888724 649
1583089394130 0.0386526615487428 650
1583089396311 0.03845939824099909 651
1583089398469 0.03826710124979409 652
1583089400627 0.038075765743545126 653
1583089402790 0.0378853869148274 654
1583089404957 0.03769595998025326 655
1583089407141 0.03750748018035199 656
1583089409303 0.037319942779450235 657
1583089411468 0.037133343065552986 658
1583089413598 0.03694767635022522 659
1583089415750 0.036762937968474095 660
1583089417952 0.03657912327863173 661
1583089420144 0.036396227662238566 662
1583089422305 0.03621424652392737 663
1583089424450 0.036033175291307735 664
1583089426624 0.03585300941485119 665
1583089428801 0.035673744367776934 666
1583089430985 0.03549537564593805 667
1583089433136 0.035317898767708356 668
1583089435289 0.03514130927386981 669
1583089437434 0.03496560272750046 670
1583089439620 0.03479077471386296 671
1583089441799 0.03461682084029365 672
1583089443957 0.034443736736092176 673
1583089446096 0.034271518052411715 674
1583089448267 0.034100160462149656 675
1583089450436 0.03392965965983891 676
1583089452581 0.033760011361539714 677
1583089454738 0.03359121130473201 678
1583089456903 0.033423255248208356 679
1583089460545 0.03325613897196732 680
1583089462887 0.03308985827710748 681
1583089465860 0.032924408985721944 682
1583089469865 0.03275978694079333 683
1583089471990 0.032595988006089364 684
1583089474109 0.032433008066058915 685
1583089476227 0.03227084302572862 686
1583089478338 0.032109488810599975 687
1583089480478 0.031948941366546975 688
1583089482593 0.03178919665971424 689
1583089484739 0.03163025067641567 690
1583089486867 0.03147209942303359 691
1583089489594 0.03131473892591842 692
1583089492293 0.031158165231288826 693
1583089495121 0.03100237440513238 694
1583089497245 0.030847362533106718 695
1583089499357 0.030693125720441184 696
1583089501471 0.030539660091838977 697
1583089503586 0.03038696179137978 698
1583089506772 0.030235026982422884 699
1583089509558 0.030083851847510768 700
1583089511848 0.029933432588273214 701
1583089514210 0.029783765425331846 702
1583089516569 0.029634846598205186 703
1583089518949 0.02948667236521416 704
1583089521335 0.029339239003388088 705
1583089523687 0.029192542808371146 706
1583089525792 0.02904658009432929 707
1583089528108 0.028901347193857643 708
1583089530414 0.028756840457888354 709
1583089532536 0.02861305625559891 710
1583089534740 0.028469990974320916 711
1583089536856 0.02832764101944931 712
1583089538961 0.028186002814352063 713
1583089541084 0.0280450728002803 714
1583089543599 0.0279048474362789 715
1583089545799 0.027765323199097504 716
1583089548477 0.027626496583102015 717
1583089550656 0.027488364100186506 718
1583089552760 0.027350922279685573 719
1583089554873 0.027214167668287145 720
1583089556982 0.02707809682994571 721
1583089559215 0.02694270634579598 722
1583089561338 0.026807992814067 723
1583089563445 0.026673952849996664 724
1583089565560 0.02654058308574668 725
1583089567666 0.026407880170317945 726
1583089569953 0.026275840769466357 727
1583089572461 0.026144461565619025 728
1583089574608 0.02601373925779093 729
1583089577114 0.025883670561501974 730
1583089579514 0.025754252208694463 731
1583089581624 0.02562548094765099 732
1583089583772 0.025497353542912736 733
1583089586105 0.02536986677519817 734
1583089588795 0.02524301744132218 735
1583089591080 0.025116802354115567 736
1583089593228 0.024991218342344988 737
1583089595340 0.024866262250633264 738
1583089597450 0.024741930939380097 739
1583089599570 0.024618221284683196 740
1583089601677 0.02449513017825978 741
1583089603801 0.02437265452736848 742
1583089605951 0.024250791254731636 743
1583089608067 0.024129537298457977 744
1583089610178 0.024008889611965685 745
1583089612308 0.023888845163905856 746
1583089614452 0.023769400938086327 747
1583089616826 0.023650553933395897 748
1583089619058 0.023532301163728918 749
1583089621161 0.023414639657910272 750
1583089623576 0.023297566459620722 751
1583089626185 0.023181078627322618 752
1583089628453 0.023065173234186005 753
1583089631042 0.022949847368015076 754
1583089634008 0.022835098131175 755
1583089636822 0.022720922640519125 756
1583089638934 0.02260731802731653 757
1583089641116 0.022494281437179946 758
1583089643754 0.022381810029994047 759
1583089646275 0.022269900979844076 760
1583089648699 0.022158551474944856 761
1583089651204 0.022047758717570132 762
1583089654304 0.021937519923982282 763
1583089656413 0.021827832324362372 764
1583089658521 0.02171869316274056 765
1583089660627 0.021610099696926857 766
1583089663144 0.021502049198442223 767
1583089665667 0.021394538952450012 768
1583089667856 0.02128756625768776 769
1583089670066 0.021181128426399323 770
1583089672585 0.021075222784267326 771
1583089675202 0.020969846670345987 772
1583089678438 0.020864997436994256 773
1583089681331 0.020760672449809284 774
1583089683949 0.020656869087560238 775
1583089687081 0.020553584742122436 776
1583089689265 0.020450816818411825 777
1583089691377 0.020348562734319765 778
1583089693489 0.020246819920648168 779
1583089695604 0.020145585821044927 780
1583089697714 0.020044857891939702 781
1583089699841 0.019944633602480003 782
1583089701964 0.019844910434467605 783
1583089704079 0.019745685882295267 784
1583089706179 0.01964695745288379 785
1583089708292 0.01954872266561937 786
1583089710401 0.019450979052291272 787
1583089712739 0.019353724157029815 788
1583089714933 0.019256955536244666 789
1583089717085 0.019160670758563442 790
1583089719522 0.019064867404770626 791
1583089721684 0.018969543067746772 792
1583089723807 0.018874695352408037 793
1583089725940 0.018780321875645996 794
1583089728060 0.018686420266267767 795
1583089730169 0.018592988164936427 796
1583089732684 0.018500023224111744 797
1583089735161 0.018407523107991184 798
1583089737273 0.01831548549245123 799
1583089739363 0.018223908064988973 800
1583089741461 0.018132788524664028 801
1583089743988 0.018042124582040707 802
1583089746235 0.017951913959130504 803
1583089748367 0.01786215438933485 804
1583089750477 0.017772843617388175 805
1583089752587 0.017683979399301233 806
1583089754765 0.017595559502304726 807
1583089757008 0.0175075817047932 808
1583089759094 0.017420043796269234 809
1583089761194 0.017332943577287888 810
1583089763304 0.01724627885940145 811
1583089765406 0.017160047465104442 812
1583089768435 0.01707424722777892 813
1583089771156 0.016988875991640028 814
1583089773609 0.016903931611681827 815
1583089775717 0.01681941195362342 816
1583089777837 0.016735314893855303 817
1583089779941 0.016651638319386028 818
1583089782041 0.0165683801277891 819
1583089784159 0.016485538227150154 820
1583089786271 0.0164031105360144 821
1583089788392 0.01632109498333433 822
1583089790499 0.016239489508417658 823
1583089792595 0.01615829206087557 824
1583089794706 0.01607750060057119 825
1583089796842 0.015997113097568336 826
1583089798987 0.015917127532080494 827
1583089801187 0.01583754189442009 828
1583089803692 0.01575835418494799 829
1583089805874 0.01567956241402325 830
1583089808009 0.015601164601953134 831
1583089810130 0.015523158778943369 832
1583089812266 0.015445542985048652 833
1583089814410 0.015368315270123408 834
1583089816576 0.01529147369377279 835
1583089818722 0.015215016325303928 836
1583089820873 0.015138941243677408 837
1583089823035 0.01506324653745902 838
1583089825145 0.014987930304771725 839
1583089827285 0.014912990653247866 840
1583089829453 0.014838425699981627 841
1583089834919 0.01476423357148172 842
1583089840589 0.014690412403624311 843
1583089843747 0.01461696034160619 844
1583089845905 0.014543875539898159 845
1583089848043 0.014471156162198668 846
1583089850169 0.014398800381387675 847
1583089852668 0.014326806379480736 848
1583089855353 0.014255172347583332 849
1583089857821 0.014183896485845416 850
1583089860054 0.014112977003416188 851
1583089862543 0.014042412118399107 852
1583089864678 0.013972200057807112 853
1583089866804 0.013902339057518077 854
1583089868924 0.013832827362230486 855
1583089871048 0.013763663225419333 856
1583089873167 0.013694844909292236 857
1583089875306 0.013626370684745774 858
1583089877443 0.013558238831322046 859
1583089879563 0.013490447637165436 860
1583089881733 0.013422995398979608 861
1583089884614 0.01335588042198471 862
1583089887071 0.013289101019874787 863
1583089889610 0.013222655514775413 864
1583089892127 0.013156542237201536 865
1583089894689 0.013090759526015528 866
1583089896920 0.01302530572838545 867
1583089899052 0.012960179199743523 868
1583089901171 0.012895378303744804 869
1583089903349 0.01283090141222608 870
1583089905471 0.012766746905164949 871
1583089907570 0.012702913170639124 872
1583089909747 0.012639398604785928 873
1583089911881 0.012576201611761997 874
1583089914071 0.012513320603703188 875
1583089916468 0.012450754000684672 876
1583089918676 0.012388500230681249 877
1583089920953 0.012326557729527843 878
1583089923389 0.012264924940880204 879
1583089925657 0.012203600316175803 880
1583089928170 0.012142582314594924 881
1583089930668 0.01208186940302195 882
1583089933153 0.01202146005600684 883
1583089935286 0.011961352755726806 884
1583089937497 0.01190154599194817 885
1583089939946 0.01184203826198843 886
1583089942156 0.011782828070678488 887
1583089944273 0.011723913930325095 888
1583089946409 0.01166529436067347 889
1583089948525 0.011606967888870102 890
1583089950636 0.01154893304942575 891
1583089952831 0.011491188384178622 892
1583089955172 0.011433732442257729 893
1583089957584 0.01137656378004644 894
1583089960067 0.011319680961146208 895
1583089962365 0.011263082556340478 896
1583089964670 0.011206767143558775 897
1583089967023 0.011150733307840981 898
1583089969494 0.011094979641301777 899
1583089971829 0.011039504743095268 900
1583089974260 0.01098430721937979 901
1583089976548 0.010929385683282892 902
1583089978683 0.010874738754866477 903
1583089980824 0.010820365061092144 904
1583089982933 0.010766263235786683 905
1583089985050 0.01071243191960775 906
1583089987169 0.010658869760009713 907
1583089989467 0.010605575411209664 908
1583089991706 0.010552547534153616 909
1583089993827 0.010499784796482848 910
1583089995954 0.010447285872500434 911
1583089998265 0.01039504944313793 912
1583090000673 0.010343074195922241 913
1583090002912 0.01029135882494263 914
1583090005054 0.010239902030817916 915
1583090007181 0.010188702520663827 916
1583090009302 0.010137759008060509 917
1583090011429 0.010087070213020206 918
1583090013587 0.010036634861955105 919
1583090015831 0.01 920
1583090017965 0.01 921
1583090020076 0.01 922
1583090022211 0.01 923
1583090024403 0.01 924
1583090026662 0.01 925
1583090028921 0.01 926
1583090031133 0.01 927
1583090033256 0.01 928
1583090035423 0.01 929
1583090037702 0.01 930
1583090040086 0.01 931
1583090042740 0.01 932
1583090045982 0.01 933
1583090048112 0.01 934
1583090052609 0.01 935
1583090055699 0.01 936
1583090061634 0.01 937
1583090068383 0.01 938
1583090070548 0.01 939
1583090072862 0.01 940
1583090075791 0.01 941
1583090082041 0.01 942
1583090084368 0.01 943
1583090087020 0.01 944
1583090089414 0.01 945
1583090091578 0.01 946
1583090093802 0.01 947
1583090096010 0.01 948
1583090098297 0.01 949
1583090100410 0.01 950
1583090102543 0.01 951
1583090104690 0.01 952
1583090106814 0.01 953
1583090108932 0.01 954
1583090111053 0.01 955
1583090113174 0.01 956
1583090115285 0.01 957
1583090117432 0.01 958
1583090119558 0.01 959
1583090121669 0.01 960
1583090123815 0.01 961
1583090126021 0.01 962
1583090128593 0.01 963
1583090130971 0.01 964
1583090133284 0.01 965
1583090135649 0.01 966
1583090138723 0.01 967
1583090140875 0.01 968
1583090143010 0.01 969
1583090145141 0.01 970
1583090147270 0.01 971
1583090149437 0.01 972
1583090151788 0.01 973
1583090153907 0.01 974
1583090156142 0.01 975
1583090158269 0.01 976
1583090161360 0.01 977
1583090163638 0.01 978
1583090165830 0.01 979
1583090168155 0.01 980
1583090170423 0.01 981
1583090172959 0.01 982
1583090175073 0.01 983
1583090177198 0.01 984
1583090179480 0.01 985
1583090181737 0.01 986
1583090184106 0.01 987
1583090186565 0.01 988
1583090188674 0.01 989
1583090190798 0.01 990
1583090192921 0.01 991
1583090195194 0.01 992
1583090197509 0.01 993
1583090200053 0.01 994
1583090202313 0.01 995
1583090205202 0.01 996
1583090208050 0.01 997
1583090210950 0.01 998
1583090213292 0.01 999
1583090215440 0.01 1000
1583090217635 0.01 1001
1583090219741 0.01 1002
1583090221916 0.01 1003
1583090224523 0.01 1004
1583090226716 0.01 1005
1583090229074 0.01 1006
1583090231628 0.01 1007
1583090234451 0.01 1008
1583090237200 0.01 1009
1583090239373 0.01 1010
1583090241671 0.01 1011
1583090244820 0.01 1012
1583090247805 0.01 1013
1583090250116 0.01 1014
1583090252715 0.01 1015
1583090254855 0.01 1016
1583090256987 0.01 1017
1583090259476 0.01 1018
1583090261704 0.01 1019
1583090263823 0.01 1020
1583090265998 0.01 1021
1583090268774 0.01 1022
1583090271648 0.01 1023
1583090274077 0.01 1024
1583090276249 0.01 1025
1583090278396 0.01 1026
1583090280501 0.01 1027
1583090282632 0.01 1028
1583090284792 0.01 1029
1583090287251 0.01 1030
1583090289389 0.01 1031
1583090291916 0.01 1032
1583090295085 0.01 1033
1583090297426 0.01 1034
1583090299536 0.01 1035
1583090301637 0.01 1036
1583090303796 0.01 1037
1583090306372 0.01 1038
1583090309573 0.01 1039
1583090311907 0.01 1040
1583090314022 0.01 1041
1583090316127 0.01 1042
1583090318510 0.01 1043
1583090321010 0.01 1044
1583090323128 0.01 1045
1583090325318 0.01 1046
1583090328488 0.01 1047
1583090330826 0.01 1048
1583090333138 0.01 1049
1583090335326 0.01 1050
1583090337546 0.01 1051
1583090339755 0.01 1052
1583090342007 0.01 1053
1583090344171 0.01 1054
1583090346800 0.01 1055
1583090348944 0.01 1056
1583090351352 0.01 1057
1583090353932 0.01 1058
1583090356164 0.01 1059
1583090358439 0.01 1060
1583090360634 0.01 1061
1583090362795 0.01 1062
1583090365358 0.01 1063
1583090367671 0.01 1064
1583090370174 0.01 1065
1583090372341 0.01 1066
1583090374660 0.01 1067
1583090377279 0.01 1068
1583090379845 0.01 1069
1583090382197 0.01 1070
1583090384310 0.01 1071
1583090386421 0.01 1072
1583090388515 0.01 1073
1583090390664 0.01 1074
1583090392784 0.01 1075
1583090394910 0.01 1076
1583090397006 0.01 1077
1583090399129 0.01 1078
1583090401242 0.01 1079
1583090403364 0.01 1080
1583090405481 0.01 1081
1583090407674 0.01 1082
1583090410444 0.01 1083
1583090413234 0.01 1084
1583090415614 0.01 1085
1583090418326 0.01 1086
1583090420798 0.01 1087
1583090423075 0.01 1088
1583090425179 0.01 1089
1583090427313 0.01 1090
1583090429435 0.01 1091
1583090431554 0.01 1092
1583090434230 0.01 1093
1583090436576 0.01 1094
1583090438689 0.01 1095
1583090440816 0.01 1096
1583090442935 0.01 1097
1583090445073 0.01 1098
1583090447224 0.01 1099
1583090449336 0.01 1100
1583090451437 0.01 1101
1583090453569 0.01 1102
1583090456024 0.01 1103
1583090458466 0.01 1104
1583090460915 0.01 1105
1583090463131 0.01 1106
1583090465299 0.01 1107
1583090467494 0.01 1108
1583090469671 0.01 1109
1583090471817 0.01 1110
1583090474017 0.01 1111
1583090476223 0.01 1112
1583090478321 0.01 1113
1583090480739 0.01 1114
1583090483224 0.01 1115
1583090485637 0.01 1116
1583090487814 0.01 1117
1583090490311 0.01 1118
1583090492777 0.01 1119
1583090495337 0.01 1120
1583090497856 0.01 1121
1583090500046 0.01 1122
1583090502150 0.01 1123
1583090504267 0.01 1124
1583090506382 0.01 1125
1583090508520 0.01 1126
1583090510648 0.01 1127
1583090512769 0.01 1128
1583090514878 0.01 1129
1583090516988 0.01 1130
1583090519096 0.01 1131
1583090521212 0.01 1132
1583090523373 0.01 1133
1583090525539 0.01 1134
1583090527872 0.01 1135
1583090530174 0.01 1136
1583090532403 0.01 1137
1583090534517 0.01 1138
1583090536646 0.01 1139
1583090538776 0.01 1140
1583090540913 0.01 1141
1583090543039 0.01 1142
1583090545177 0.01 1143
1583090547446 0.01 1144
1583090549982 0.01 1145
1583090553329 0.01 1146
1583090555530 0.01 1147
1583090557638 0.01 1148
1583090559746 0.01 1149
1583090561870 0.01 1150
1583090564012 0.01 1151
1583090566124 0.01 1152
1583090568237 0.01 1153
1583090570345 0.01 1154
1583090572462 0.01 1155
1583090574573 0.01 1156
1583090576674 0.01 1157
1583090578797 0.01 1158
1583090580932 0.01 1159
1583090583056 0.01 1160
1583090585179 0.01 1161
1583090587328 0.01 1162
1583090589436 0.01 1163
1583090591545 0.01 1164
1583090593660 0.01 1165
1583090595789 0.01 1166
1583090597908 0.01 1167
1583090600044 0.01 1168
1583090602168 0.01 1169
1583090604293 0.01 1170
1583090606437 0.01 1171
1583090608554 0.01 1172
1583090610651 0.01 1173
1583090612775 0.01 1174
1583090614926 0.01 1175
1583090617048 0.01 1176
1583090619176 0.01 1177
1583090621295 0.01 1178
1583090623430 0.01 1179
1583090625617 0.01 1180
1583090628087 0.01 1181
1583090630596 0.01 1182
1583090632963 0.01 1183
1583090635888 0.01 1184
1583090638782 0.01 1185
1583090641299 0.01 1186
1583090643551 0.01 1187
1583090646829 0.01 1188
1583090648944 0.01 1189
1583090651659 0.01 1190
1583090654294 0.01 1191
1583090656676 0.01 1192
1583090658801 0.01 1193
1583090660919 0.01 1194
1583090663128 0.01 1195
1583090665494 0.01 1196
1583090668810 0.01 1197
1583090672548 0.01 1198
1583090676710 0.01 1199
1583090679199 0.01 1200
1583090681620 0.01 1201
1583090683797 0.01 1202
1583090685950 0.01 1203
1583090688104 0.01 1204
1583090690509 0.01 1205
1583090693294 0.01 1206
1583090695940 0.01 1207
1583090698461 0.01 1208
1583090700755 0.01 1209
1583090702884 0.01 1210
1583090705017 0.01 1211
1583090707145 0.01 1212
1583090709267 0.01 1213
1583090711393 0.01 1214
1583090713508 0.01 1215
1583090715632 0.01 1216
1583090717773 0.01 1217
1583090719913 0.01 1218
1583090722021 0.01 1219
1583090725165 0.01 1220
1583090727366 0.01 1221
1583090730082 0.01 1222
1583090732597 0.01 1223
1583090736846 0.01 1224
1583090739742 0.01 1225
1583090742296 0.01 1226
1583090744419 0.01 1227
1583090746528 0.01 1228
1583090748637 0.01 1229
1583090750738 0.01 1230
1583090752854 0.01 1231
1583090754973 0.01 1232
1583090757068 0.01 1233
1583090759194 0.01 1234
1583090761296 0.01 1235
1583090763418 0.01 1236
1583090765535 0.01 1237
1583090767706 0.01 1238
1583090769849 0.01 1239
1583090772098 0.01 1240
1583090774251 0.01 1241
1583090776386 0.01 1242
1583090778515 0.01 1243
1583090780646 0.01 1244
1583090782765 0.01 1245
1583090784870 0.01 1246
1583090786985 0.01 1247
1583090789116 0.01 1248
1583090791225 0.01 1249
1583090793370 0.01 1250
1583090795500 0.01 1251
1583090797649 0.01 1252
1583090800282 0.01 1253
1583090802435 0.01 1254
1583090804690 0.01 1255
1583090806807 0.01 1256
1583090808957 0.01 1257
1583090811085 0.01 1258
1583090813199 0.01 1259
1583090815328 0.01 1260
1583090817442 0.01 1261
1583090819566 0.01 1262
1583090821689 0.01 1263
1583090823805 0.01 1264
1583090825898 0.01 1265
1583090828032 0.01 1266
1583090830224 0.01 1267
1583090832334 0.01 1268
1583090834463 0.01 1269
1583090836803 0.01 1270
1583090839427 0.01 1271
1583090841722 0.01 1272
1583090844514 0.01 1273
1583090846720 0.01 1274
1583090849188 0.01 1275
1583090851574 0.01 1276
1583090853697 0.01 1277
1583090855847 0.01 1278
1583090857985 0.01 1279
1583090860105 0.01 1280
1583090862236 0.01 1281
1583090864392 0.01 1282
1583090866514 0.01 1283
1583090868636 0.01 1284
1583090870755 0.01 1285
1583090872881 0.01 1286
1583090875009 0.01 1287
1583090877132 0.01 1288
1583090879251 0.01 1289
1583090881379 0.01 1290
1583090883511 0.01 1291
1583090885647 0.01 1292
1583090887755 0.01 1293
1583090889900 0.01 1294
1583090892028 0.01 1295
1583090894139 0.01 1296
1583090896280 0.01 1297
1583090898420 0.01 1298
1583090900530 0.01 1299
1583090902651 0.01 1300
1583090904791 0.01 1301
1583090906936 0.01 1302
1583090909069 0.01 1303
1583090911192 0.01 1304
1583090913313 0.01 1305
1583090915440 0.01 1306
1583090917564 0.01 1307
1583090919689 0.01 1308
1583090921816 0.01 1309
1583090923948 0.01 1310
1583090926083 0.01 1311
1583090928214 0.01 1312
1583090930367 0.01 1313
1583090932493 0.01 1314
1583090934610 0.01 1315
1583090936739 0.01 1316
1583090938940 0.01 1317
1583090941057 0.01 1318
1583090943205 0.01 1319
1583090945327 0.01 1320
1583090947439 0.01 1321
1583090949538 0.01 1322
1583090951662 0.01 1323
1583090953764 0.01 1324
1583090955900 0.01 1325
1583090958053 0.01 1326
1583090960185 0.01 1327
1583090962301 0.01 1328
1583090964441 0.01 1329
1583090966575 0.01 1330
1583090968706 0.01 1331
1583090970854 0.01 1332
1583090972993 0.01 1333
1583090975119 0.01 1334
1583090977237 0.01 1335
1583090979375 0.01 1336
1583090981516 0.01 1337
1583090983631 0.01 1338
1583090985777 0.01 1339
1583090988046 0.01 1340
1583090990182 0.01 1341
1583090992296 0.01 1342
1583090994430 0.01 1343
1583090996545 0.01 1344
1583090998696 0.01 1345
1583091000872 0.01 1346
1583091003005 0.01 1347
1583091005147 0.01 1348
1583091007254 0.01 1349
1583091009374 0.01 1350
1583091011487 0.01 1351
1583091013618 0.01 1352
1583091015745 0.01 1353
1583091017872 0.01 1354
1583091020010 0.01 1355
1583091022127 0.01 1356
1583091024251 0.01 1357
1583091026370 0.01 1358
1583091028486 0.01 1359
1583091030583 0.01 1360
1583091032707 0.01 1361
1583091034870 0.01 1362
1583091036999 0.01 1363
1583091039120 0.01 1364
1583091041235 0.01 1365
1583091043370 0.01 1366
1583091045480 0.01 1367
1583091047637 0.01 1368
1583091049806 0.01 1369
1583091051996 0.01 1370
1583091054179 0.01 1371
1583091056334 0.01 1372
1583091058484 0.01 1373
1583091060667 0.01 1374
1583091062835 0.01 1375
1583091065063 0.01 1376
1583091067235 0.01 1377
1583091069416 0.01 1378
1583091071581 0.01 1379
1583091073762 0.01 1380
1583091075934 0.01 1381
1583091078103 0.01 1382
1583091080278 0.01 1383
1583091082457 0.01 1384
1583091084606 0.01 1385
1583091086776 0.01 1386
1583091088959 0.01 1387
1583091091143 0.01 1388
1583091093325 0.01 1389
1583091095498 0.01 1390
1583091097670 0.01 1391
1583091099865 0.01 1392
1583091102014 0.01 1393
1583091104183 0.01 1394
1583091106349 0.01 1395
1583091108523 0.01 1396
1583091110673 0.01 1397
1583091112827 0.01 1398
1583091114984 0.01 1399
1583091117172 0.01 1400
1583091119315 0.01 1401
1583091121464 0.01 1402
1583091123619 0.01 1403
1583091125745 0.01 1404
1583091128081 0.01 1405
1583091130253 0.01 1406
1583091132422 0.01 1407
1583091134578 0.01 1408
1583091136716 0.01 1409
1583091138874 0.01 1410
1583091141033 0.01 1411
1583091143172 0.01 1412
1583091145324 0.01 1413
1583091147482 0.01 1414
1583091149675 0.01 1415
1583091151835 0.01 1416
1583091154027 0.01 1417
1583091156200 0.01 1418
1583091158379 0.01 1419
1583091160520 0.01 1420
1583091162674 0.01 1421
1583091164840 0.01 1422
1583091167045 0.01 1423
1583091169215 0.01 1424
1583091171388 0.01 1425
1583091173545 0.01 1426
1583091175720 0.01 1427
1583091177903 0.01 1428
1583091180099 0.01 1429
1583091182285 0.01 1430
1583091184455 0.01 1431
1583091186627 0.01 1432
1583091188788 0.01 1433
1583091190965 0.01 1434
1583091193156 0.01 1435
1583091195314 0.01 1436
1583091197477 0.01 1437
1583091199648 0.01 1438
1583091201821 0.01 1439
1583091204022 0.01 1440
1583091206208 0.01 1441
1583091208376 0.01 1442
1583091210534 0.01 1443
1583091212703 0.01 1444
1583091214886 0.01 1445
1583091217075 0.01 1446
1583091219268 0.01 1447
1583091221405 0.01 1448
1583091223565 0.01 1449
1583091225725 0.01 1450
1583091227875 0.01 1451
1583091230042 0.01 1452
1583091232172 0.01 1453
1583091234350 0.01 1454
1583091236529 0.01 1455
1583091238705 0.01 1456
1583091240876 0.01 1457
1583091243053 0.01 1458
1583091245225 0.01 1459
1583091247374 0.01 1460
1583091249535 0.01 1461
1583091251702 0.01 1462
1583091253885 0.01 1463
1583091256042 0.01 1464
1583091258240 0.01 1465
1583091260444 0.01 1466
1583091262614 0.01 1467
1583091264766 0.01 1468
1583091266952 0.01 1469
1583091269132 0.01 1470
1583091271296 0.01 1471
1583091273471 0.01 1472
1583091275631 0.01 1473
1583091277804 0.01 1474
1583091279968 0.01 1475
1583091282140 0.01 1476
1583091284303 0.01 1477
1583091286476 0.01 1478
1583091288604 0.01 1479
1583091290759 0.01 1480
1583091292912 0.01 1481
1583091295086 0.01 1482
1583091297260 0.01 1483
1583091299447 0.01 1484
1583091301615 0.01 1485
1583091303793 0.01 1486
1583091305977 0.01 1487
1583091308145 0.01 1488
1583091310299 0.01 1489
1583091312495 0.01 1490
1583091314676 0.01 1491
1583091316855 0.01 1492
1583091319015 0.01 1493
1583091321205 0.01 1494
1583091323386 0.01 1495
1583091325559 0.01 1496
1583091327711 0.01 1497
1583091329857 0.01 1498
1583091332022 0.01 1499
1583091334202 0.01 1500
1583091336386 0.01 1501
1583091338555 0.01 1502
1583091340724 0.01 1503
1583091342900 0.01 1504
1583091345079 0.01 1505
1583091347237 0.01 1506
1583091349393 0.01 1507
1583091351547 0.01 1508
1583091353725 0.01 1509
1583091355883 0.01 1510
1583091358040 0.01 1511
1583091360195 0.01 1512
1583091362356 0.01 1513
1583091364539 0.01 1514
1583091366685 0.01 1515
1583091368861 0.01 1516
1583091371037 0.01 1517
1583091373195 0.01 1518
1583091375375 0.01 1519
1583091377539 0.01 1520
1583091379694 0.01 1521
1583091381896 0.01 1522
1583091384074 0.01 1523
1583091386260 0.01 1524
1583091388433 0.01 1525
1583091390592 0.01 1526
1583091392752 0.01 1527
1583091394928 0.01 1528
1583091397105 0.01 1529
1583091399265 0.01 1530
1583091401458 0.01 1531
1583091403623 0.01 1532
1583091405804 0.01 1533
1583091407967 0.01 1534
1583091410153 0.01 1535
1583091412308 0.01 1536
1583091414489 0.01 1537
1583091416643 0.01 1538
1583091418826 0.01 1539
1583091421015 0.01 1540
1583091423219 0.01 1541
1583091425422 0.01 1542
1583091427547 0.01 1543
1583091429700 0.01 1544
1583091431868 0.01 1545
1583091434058 0.01 1546
1583091436200 0.01 1547
1583091438356 0.01 1548
1583091440523 0.01 1549
1583091442708 0.01 1550
1583091444880 0.01 1551
1583091447040 0.01 1552
1583091449223 0.01 1553
1583091451383 0.01 1554
1583091453561 0.01 1555
1583091455737 0.01 1556
1583091457908 0.01 1557
1583091460094 0.01 1558
1583091462256 0.01 1559
1583091464402 0.01 1560
1583091466563 0.01 1561
1583091468724 0.01 1562
1583091470874 0.01 1563
1583091473051 0.01 1564
1583091475225 0.01 1565
1583091477406 0.01 1566
1583091479586 0.01 1567
1583091481770 0.01 1568
1583091485440 0.01 1569
1583091487716 0.01 1570
1583091489955 0.01 1571
1583091492250 0.01 1572
1583091494751 0.01 1573
1583091497123 0.01 1574
1583091499697 0.01 1575
1583091502201 0.01 1576
1583091504570 0.01 1577
1583091506700 0.01 1578
1583091508804 0.01 1579
1583091511065 0.01 1580
1583091513574 0.01 1581
1583091515813 0.01 1582
1583091518696 0.01 1583
1583091521168 0.01 1584
1583091523514 0.01 1585
1583091525632 0.01 1586
1583091527743 0.01 1587
1583091529855 0.01 1588
1583091531962 0.01 1589
1583091534105 0.01 1590
1583091536238 0.01 1591
1583091538341 0.01 1592
1583091540450 0.01 1593
1583091542554 0.01 1594
1583091544668 0.01 1595
1583091546802 0.01 1596
1583091548918 0.01 1597
1583091551049 0.01 1598
1583091553160 0.01 1599
1583091555292 0.01 1600
1583091557708 0.01 1601
1583091560325 0.01 1602
1583091562458 0.01 1603
1583091564575 0.01 1604
1583091566691 0.01 1605
1583091568952 0.01 1606
1583091571368 0.01 1607
1583091573843 0.01 1608
1583091576016 0.01 1609
1583091578142 0.01 1610
1583091580277 0.01 1611
1583091582409 0.01 1612
1583091584526 0.01 1613
1583091586631 0.01 1614
1583091588751 0.01 1615
1583091590874 0.01 1616
1583091593012 0.01 1617
1583091595136 0.01 1618
1583091597244 0.01 1619
1583091599386 0.01 1620
1583091601504 0.01 1621
1583091603622 0.01 1622
1583091605735 0.01 1623
1583091607856 0.01 1624
1583091609976 0.01 1625
1583091612089 0.01 1626
1583091614214 0.01 1627
1583091616347 0.01 1628
1583091618469 0.01 1629
1583091620582 0.01 1630
1583091622708 0.01 1631
1583091624837 0.01 1632
1583091626950 0.01 1633
1583091629073 0.01 1634
1583091631184 0.01 1635
1583091633295 0.01 1636
1583091635443 0.01 1637
1583091637566 0.01 1638
1583091639686 0.01 1639
1583091641813 0.01 1640
1583091643933 0.01 1641
1583091646062 0.01 1642
1583091648190 0.01 1643
1583091650309 0.01 1644
1583091652442 0.01 1645
1583091654559 0.01 1646
1583091656671 0.01 1647
1583091658787 0.01 1648
1583091660910 0.01 1649
1583091663053 0.01 1650
1583091665176 0.01 1651
1583091667318 0.01 1652
1583091669425 0.01 1653
1583091671538 0.01 1654
1583091673650 0.01 1655
1583091675775 0.01 1656
1583091677899 0.01 1657
1583091680037 0.01 1658
1583091682153 0.01 1659
1583091684292 0.01 1660
1583091686412 0.01 1661
1583091688519 0.01 1662
1583091690640 0.01 1663
1583091692751 0.01 1664
1583091694867 0.01 1665
1583091696999 0.01 1666
1583091699122 0.01 1667
1583091701240 0.01 1668
1583091703371 0.01 1669
1583091705475 0.01 1670
1583091707597 0.01 1671
1583091709726 0.01 1672
1583091711856 0.01 1673
1583091713962 0.01 1674
1583091716075 0.01 1675
1583091718225 0.01 1676
1583091720331 0.01 1677
1583091722466 0.01 1678
1583091724596 0.01 1679
1583091726720 0.01 1680
1583091728835 0.01 1681
1583091730968 0.01 1682
1583091733098 0.01 1683
1583091735317 0.01 1684
1583091737423 0.01 1685
1583091739542 0.01 1686
1583091741660 0.01 1687
1583091743804 0.01 1688
1583091745928 0.01 1689
1583091748046 0.01 1690
1583091750166 0.01 1691
1583091752275 0.01 1692
1583091754400 0.01 1693
1583091756496 0.01 1694
1583091758592 0.01 1695
1583091760721 0.01 1696
1583091762861 0.01 1697
1583091764980 0.01 1698
1583091767104 0.01 1699
1583091769213 0.01 1700
1583091771324 0.01 1701
1583091773451 0.01 1702
1583091775587 0.01 1703
1583091777703 0.01 1704
1583091779831 0.01 1705
1583091781950 0.01 1706
1583091784067 0.01 1707
1583091786191 0.01 1708
1583091788328 0.01 1709
1583091790464 0.01 1710
1583091792575 0.01 1711
1583091794717 0.01 1712
1583091796893 0.01 1713
1583091799080 0.01 1714
1583091801279 0.01 1715
1583091803472 0.01 1716
1583091805662 0.01 1717
1583091807838 0.01 1718
1583091810049 0.01 1719
1583091812275 0.01 1720
1583091814471 0.01 1721
1583091816649 0.01 1722
1583091818865 0.01 1723
1583091821033 0.01 1724
1583091823209 0.01 1725
1583091825374 0.01 1726
1583091827558 0.01 1727
1583091829711 0.01 1728
1583091831890 0.01 1729
1583091834065 0.01 1730
1583091836249 0.01 1731
1583091838431 0.01 1732
1583091840584 0.01 1733
1583091842728 0.01 1734
1583091844897 0.01 1735
1583091847091 0.01 1736
1583091849264 0.01 1737
1583091851427 0.01 1738
1583091853604 0.01 1739
1583091855755 0.01 1740
1583091857936 0.01 1741
1583091860117 0.01 1742
1583091862277 0.01 1743
1583091864513 0.01 1744
1583091866675 0.01 1745
1583091868853 0.01 1746
1583091871027 0.01 1747
1583091873210 0.01 1748
1583091875375 0.01 1749
1583091877555 0.01 1750
1583091879724 0.01 1751
1583091881872 0.01 1752
1583091884039 0.01 1753
1583091886204 0.01 1754
1583091888402 0.01 1755
1583091890588 0.01 1756
1583091892760 0.01 1757
1583091894967 0.01 1758
1583091897121 0.01 1759
1583091899279 0.01 1760
1583091901428 0.01 1761
1583091903575 0.01 1762
1583091905732 0.01 1763
1583091907903 0.01 1764
1583091910080 0.01 1765
1583091912265 0.01 1766
1583091914460 0.01 1767
1583091916611 0.01 1768
1583091918771 0.01 1769
1583091920938 0.01 1770
1583091923119 0.01 1771
1583091925271 0.01 1772
1583091927423 0.01 1773
1583091929565 0.01 1774
1583091931725 0.01 1775
1583091933889 0.01 1776
1583091936058 0.01 1777
1583091938256 0.01 1778
1583091940442 0.01 1779
1583091942616 0.01 1780
1583091944774 0.01 1781
1583091946974 0.01 1782
1583091949130 0.01 1783
1583091951289 0.01 1784
1583091953422 0.01 1785
1583091955611 0.01 1786
1583091957784 0.01 1787
1583091959956 0.01 1788
1583091962143 0.01 1789
1583091964309 0.01 1790
1583091966487 0.01 1791
1583091968630 0.01 1792
1583091970808 0.01 1793
1583091972994 0.01 1794
1583091975155 0.01 1795
1583091977318 0.01 1796
1583091979494 0.01 1797
1583091981643 0.01 1798
1583091983830 0.01 1799
1583091986001 0.01 1800
1583091988159 0.01 1801
1583091990341 0.01 1802
1583091992507 0.01 1803
1583091994670 0.01 1804
1583091996833 0.01 1805
1583091998976 0.01 1806
1583092001157 0.01 1807
1583092003318 0.01 1808
1583092005483 0.01 1809
1583092007644 0.01 1810
1583092009800 0.01 1811
1583092011982 0.01 1812
1583092014166 0.01 1813
1583092016349 0.01 1814
1583092018542 0.01 1815
1583092020711 0.01 1816
1583092022868 0.01 1817
1583092025033 0.01 1818
1583092027210 0.01 1819
1583092029335 0.01 1820
1583092031514 0.01 1821
1583092033666 0.01 1822
1583092035844 0.01 1823
1583092038005 0.01 1824
1583092040180 0.01 1825
1583092042352 0.01 1826
1583092044524 0.01 1827
1583092046704 0.01 1828
1583092048869 0.01 1829
1583092051074 0.01 1830
1583092053257 0.01 1831
1583092055409 0.01 1832
1583092057582 0.01 1833
1583092059771 0.01 1834
1583092061945 0.01 1835
1583092064093 0.01 1836
1583092066259 0.01 1837
1583092068454 0.01 1838
1583092070627 0.01 1839
1583092072814 0.01 1840
1583092074959 0.01 1841
1583092077144 0.01 1842
1583092079334 0.01 1843
1583092081517 0.01 1844
1583092083679 0.01 1845
1583092085825 0.01 1846
1583092087991 0.01 1847
1583092090140 0.01 1848
1583092092294 0.01 1849
1583092094476 0.01 1850
1583092096650 0.01 1851
1583092098788 0.01 1852
1583092100976 0.01 1853
1583092103170 0.01 1854
1583092105346 0.01 1855
1583092107505 0.01 1856
1583092109664 0.01 1857
1583092111825 0.01 1858
1583092114004 0.01 1859
1583092116170 0.01 1860
1583092118327 0.01 1861
1583092120483 0.01 1862
1583092122659 0.01 1863
1583092124839 0.01 1864
1583092127023 0.01 1865
1583092129173 0.01 1866
1583092131345 0.01 1867
1583092133524 0.01 1868
1583092135706 0.01 1869
1583092137885 0.01 1870
1583092140056 0.01 1871
1583092142382 0.01 1872
1583092144717 0.01 1873
1583092147182 0.01 1874
1583092149352 0.01 1875
1583092151503 0.01 1876
1583092153660 0.01 1877
1583092155838 0.01 1878
1583092158012 0.01 1879
1583092160190 0.01 1880
1583092162378 0.01 1881
1583092164582 0.01 1882
1583092166746 0.01 1883
1583092168923 0.01 1884
1583092171092 0.01 1885
1583092173280 0.01 1886
1583092175450 0.01 1887
1583092177608 0.01 1888
1583092179767 0.01 1889
1583092181944 0.01 1890
1583092184131 0.01 1891
1583092186289 0.01 1892
1583092188466 0.01 1893
1583092190650 0.01 1894
1583092192827 0.01 1895
1583092195033 0.01 1896
1583092197188 0.01 1897
1583092199350 0.01 1898
1583092201509 0.01 1899
1583092203665 0.01 1900
1583092205842 0.01 1901
1583092208023 0.01 1902
1583092210191 0.01 1903
1583092212364 0.01 1904
1583092214512 0.01 1905
1583092216678 0.01 1906
1583092218871 0.01 1907
1583092221028 0.01 1908
1583092223209 0.01 1909
1583092225389 0.01 1910
1583092227577 0.01 1911
1583092229752 0.01 1912
1583092231928 0.01 1913
1583092234100 0.01 1914
1583092236280 0.01 1915
1583092238498 0.01 1916
1583092240666 0.01 1917
1583092242842 0.01 1918
1583092245001 0.01 1919
1583092247166 0.01 1920
1583092249330 0.01 1921
1583092251522 0.01 1922
1583092253678 0.01 1923
1583092255848 0.01 1924
1583092258016 0.01 1925
1583092260188 0.01 1926
1583092262364 0.01 1927
1583092264540 0.01 1928
1583092266706 0.01 1929
1583092268890 0.01 1930
1583092271075 0.01 1931
1583092273250 0.01 1932
1583092275412 0.01 1933
1583092277575 0.01 1934
1583092279727 0.01 1935
1583092281902 0.01 1936
1583092284045 0.01 1937
1583092286206 0.01 1938
1583092288394 0.01 1939
1583092290573 0.01 1940
1583092292730 0.01 1941
1583092294891 0.01 1942
1583092297046 0.01 1943
1583092299218 0.01 1944
1583092301378 0.01 1945
1583092303576 0.01 1946
1583092305742 0.01 1947
1583092307906 0.01 1948
1583092310070 0.01 1949
1583092312227 0.01 1950
1583092314397 0.01 1951
1583092316560 0.01 1952
1583092318714 0.01 1953
1583092320894 0.01 1954
1583092323041 0.01 1955
1583092325213 0.01 1956
1583092327364 0.01 1957
1583092329527 0.01 1958
1583092331691 0.01 1959
1583092333877 0.01 1960
1583092336024 0.01 1961
1583092338202 0.01 1962
1583092340383 0.01 1963
1583092342565 0.01 1964
1583092344705 0.01 1965
1583092346879 0.01 1966
1583092349069 0.01 1967
1583092351220 0.01 1968
1583092353407 0.01 1969
1583092355576 0.01 1970
1583092357737 0.01 1971
1583092359886 0.01 1972
1583092362037 0.01 1973
1583092364209 0.01 1974
1583092366369 0.01 1975
1583092368526 0.01 1976
1583092370695 0.01 1977
1583092372861 0.01 1978
1583092375020 0.01 1979
1583092377192 0.01 1980
1583092379387 0.01 1981
1583092381563 0.01 1982
1583092383725 0.01 1983
1583092385889 0.01 1984
1583092388050 0.01 1985
1583092390224 0.01 1986
1583092392411 0.01 1987
1583092394572 0.01 1988
1583092396741 0.01 1989
1583092398913 0.01 1990
1583092401082 0.01 1991
1583092403291 0.01 1992
1583092405459 0.01 1993
1583092407622 0.01 1994
1583092409781 0.01 1995
1583092411961 0.01 1996
1583092414140 0.01 1997
1583092416311 0.01 1998
1583092418490 0.01 1999
1583092420676 0.01 2000
