1583087968300 0.0 1
1583087970431 3.0 2
1583087972598 4.0 3
1583087975032 -1.0 4
1583087977283 -1.0 5
1583087979601 0.0 6
1583087981986 -1.0 7
1583087984489 1.0 8
1583087986649 -1.0 9
1583087989035 0.0 10
1583087991235 -1.0 11
1583087993492 0.0 12
1583087995688 -1.0 13
1583087998033 -1.0 14
1583088000145 -2.0 15
1583088002612 -1.0 16
1583088006929 -1.0 17
1583088009041 2.0 18
1583088011195 -2.0 19
1583088013359 -1.0 20
1583088015612 0.0 21
1583088017865 -2.0 22
1583088020327 0.0 23
1583088022476 0.0 24
1583088024689 -1.0 25
1583088027457 -1.0 26
1583088029668 0.0 27
1583088031832 2.0 28
1583088034078 2.0 29
1583088036241 -1.0 30
1583088038481 0.0 31
1583088040730 1.0 32
1583088043018 0.0 33
1583088045277 1.0 34
1583088047637 0.0 35
1583088050329 0.0 36
1583088052577 0.0 37
1583088054729 1.0 38
1583088056959 1.0 39
1583088059147 -1.0 40
1583088061589 -1.0 41
1583088063994 -1.0 42
1583088066178 4.0 43
1583088068302 2.0 44
1583088070493 -2.0 45
1583088072597 0.0 46
1583088074718 2.0 47
1583088076946 -1.0 48
1583088079833 0.0 49
1583088081952 1.0 50
1583088084072 0.0 51
1583088086413 1.0 52
1583088088697 0.0 53
1583088090990 0.0 54
1583088093930 0.0 55
1583088096606 0.0 56
1583088099069 -1.0 57
1583088101191 0.0 58
1583088103639 0.0 59
1583088106403 1.0 60
1583088108712 0.0 61
1583088111000 1.0 62
1583088113323 3.0 63
1583088115782 2.0 64
1583088118149 1.0 65
1583088120265 1.0 66
1583088122423 1.0 67
1583088124525 0.0 68
1583088126624 0.0 69
1583088128745 -1.0 70
1583088130854 1.0 71
1583088132972 0.0 72
1583088135075 -2.0 73
1583088137173 -3.0 74
1583088139291 1.0 75
1583088141397 0.0 76
1583088143531 1.0 77
1583088145639 1.0 78
1583088147758 -1.0 79
1583088149878 0.0 80
1583088151994 0.0 81
1583088154322 3.0 82
1583088156502 0.0 83
1583088158979 1.0 84
1583088161141 -2.0 85
1583088163260 0.0 86
1583088165760 -1.0 87
1583088168451 0.0 88
1583088170669 -1.0 89
1583088173094 3.0 90
1583088175315 2.0 91
1583088177597 0.0 92
1583088180072 2.0 93
1583088182276 0.0 94
1583088184625 1.0 95
1583088187060 1.0 96
1583088189261 2.0 97
1583088191364 1.0 98
1583088193493 1.0 99
1583088196273 -1.0 100
1583088198580 3.0 101
1583088200806 0.0 102
1583088202928 0.0 103
1583088205034 0.0 104
1583088207155 0.0 105
1583088209284 2.0 106
1583088211431 1.0 107
1583088214083 0.0 108
1583088216730 2.0 109
1583088219270 0.0 110
1583088221531 1.0 111
1583088223650 1.0 112
1583088226069 2.0 113
1583088228664 0.0 114
1583088230900 2.0 115
1583088233022 -1.0 116
1583088235120 0.0 117
1583088237733 3.0 118
1583088240285 1.0 119
1583088242550 -1.0 120
1583088244647 1.0 121
1583088246744 3.0 122
1583088249058 1.0 123
1583088251725 1.0 124
1583088254200 0.0 125
1583088256308 -1.0 126
1583088258434 1.0 127
1583088260539 4.0 128
1583088262655 1.0 129
1583088264764 0.0 130
1583088266892 1.0 131
1583088269028 0.0 132
1583088271174 -1.0 133
1583088273696 3.0 134
1583088276063 5.0 135
1583088279156 0.0 136
1583088281553 3.0 137
1583088283778 6.0 138
1583088286138 2.0 139
1583088288257 5.0 140
1583088290425 1.0 141
1583088292597 2.0 142
1583088294716 6.0 143
1583088296815 4.0 144
1583088298938 -1.0 145
1583088301049 3.0 146
1583088303147 0.0 147
1583088305354 4.0 148
1583088307518 1.0 149
1583088309738 3.0 150
1583088312122 1.0 151
1583088314223 6.0 152
1583088316331 0.0 153
1583088318427 6.0 154
1583088320525 3.0 155
1583088322644 3.0 156
1583088324744 2.0 157
1583088326869 3.0 158
1583088329021 1.0 159
1583088331768 9.0 160
1583088334542 2.0 161
1583088336941 4.0 162
1583088339156 2.0 163
1583088341714 6.0 164
1583088344061 5.0 165
1583088346460 -2.0 166
1583088348577 4.0 167
1583088350814 0.0 168
1583088353221 4.0 169
1583088355342 4.0 170
1583088357448 3.0 171
1583088359558 2.0 172
1583088361649 6.0 173
1583088363750 5.0 174
1583088365883 3.0 175
1583088368010 2.0 176
1583088370129 1.0 177
1583088372256 7.0 178
1583088374363 4.0 179
1583088376459 -1.0 180
1583088378570 2.0 181
1583088380683 4.0 182
1583088382815 9.0 183
1583088384922 1.0 184
1583088387048 6.0 185
1583088389152 3.0 186
1583088391270 6.0 187
1583088393378 5.0 188
1583088395854 3.0 189
1583088398031 9.0 190
1583088400134 2.0 191
1583088402233 9.0 192
1583088404784 13.0 193
1583088407261 6.0 194
1583088410325 3.0 195
1583088412733 12.0 196
1583088414870 10.0 197
1583088417052 2.0 198
1583088419319 9.0 199
1583088421505 5.0 200
1583088423634 6.0 201
1583088425740 2.0 202
1583088427831 2.0 203
1583088429948 3.0 204
1583088432055 8.0 205
1583088434190 3.0 206
1583088436712 0.0 207
1583088439090 10.0 208
1583088441748 3.0 209
1583088444020 3.0 210
1583088446575 9.0 211
1583088448688 7.0 212
1583088450806 11.0 213
1583088453082 6.0 214
1583088455681 8.0 215
1583088458073 4.0 216
1583088460198 11.0 217
1583088462293 5.0 218
1583088464408 2.0 219
1583088466533 7.0 220
1583088468658 5.0 221
1583088470775 9.0 222
1583088472873 8.0 223
1583088475003 9.0 224
1583088477119 8.0 225
1583088479213 6.0 226
1583088481333 6.0 227
1583088483442 9.0 228
1583088485551 1.0 229
1583088487654 8.0 230
1583088489782 7.0 231
1583088492410 9.0 232
1583088494554 7.0 233
1583088496689 8.0 234
1583088498819 10.0 235
1583088500946 5.0 236
1583088503075 9.0 237
1583088505181 12.0 238
1583088507287 5.0 239
1583088509423 2.0 240
1583088511821 10.0 241
1583088514095 12.0 242
1583088516479 7.0 243
1583088519026 8.0 244
1583088521713 0.0 245
1583088524166 6.0 246
1583088528280 10.0 247
1583088530840 9.0 248
1583088533692 8.0 249
1583088536095 11.0 250
1583088538231 3.0 251
1583088540415 4.0 252
1583088542529 7.0 253
1583088544648 4.0 254
1583088546756 10.0 255
1583088548873 9.0 256
1583088550978 1.0 257
1583088553099 8.0 258
1583088555207 9.0 259
1583088557330 3.0 260
1583088559440 3.0 261
1583088561552 9.0 262
1583088563744 5.0 263
1583088565862 8.0 264
1583088567979 4.0 265
1583088570097 8.0 266
1583088572236 6.0 267
1583088574395 2.0 268
1583088576492 8.0 269
1583088578602 12.0 270
1583088580709 8.0 271
1583088582807 5.0 272
1583088584928 1.0 273
1583088587055 8.0 274
1583088589168 12.0 275
1583088591277 7.0 276
1583088593391 3.0 277
1583088595505 3.0 278
1583088597617 6.0 279
1583088599738 6.0 280
1583088601865 10.0 281
1583088603972 4.0 282
1583088606077 4.0 283
1583088608190 12.0 284
1583088610309 7.0 285
1583088612405 10.0 286
1583088614580 13.0 287
1583088616706 11.0 288
1583088618844 7.0 289
1583088620963 7.0 290
1583088623079 12.0 291
1583088625190 2.0 292
1583088627327 11.0 293
1583088629433 14.0 294
1583088631534 5.0 295
1583088633636 11.0 296
1583088635749 5.0 297
1583088637869 13.0 298
1583088639984 1.0 299
1583088642083 13.0 300
1583088644196 14.0 301
1583088646321 10.0 302
1583088648423 8.0 303
1583088650516 8.0 304
1583088652615 11.0 305
1583088654728 10.0 306
1583088656836 15.0 307
1583088658966 5.0 308
1583088661058 10.0 309
1583088663183 8.0 310
1583088665298 12.0 311
1583088667409 9.0 312
1583088669514 4.0 313
1583088671626 13.0 314
1583088673734 7.0 315
1583088675841 8.0 316
1583088677989 9.0 317
1583088680116 9.0 318
1583088682223 9.0 319
1583088684357 8.0 320
1583088686457 7.0 321
1583088688555 2.0 322
1583088690661 8.0 323
1583088692781 12.0 324
1583088694908 7.0 325
1583088697020 13.0 326
1583088699123 3.0 327
1583088701239 4.0 328
1583088703348 11.0 329
1583088705450 1.0 330
1583088707561 3.0 331
1583088709677 11.0 332
1583088711783 12.0 333
1583088713898 14.0 334
1583088716013 8.0 335
1583088718136 8.0 336
1583088720239 7.0 337
1583088722354 6.0 338
1583088724461 13.0 339
1583088726582 14.0 340
1583088728711 11.0 341
1583088730872 11.0 342
1583088733003 11.0 343
1583088735125 12.0 344
1583088737288 3.0 345
1583088739448 2.0 346
1583088741552 7.0 347
1583088743689 13.0 348
1583088745802 5.0 349
1583088747909 9.0 350
1583088750023 11.0 351
1583088752135 15.0 352
1583088754261 13.0 353
1583088756373 3.0 354
1583088758490 8.0 355
1583088760652 13.0 356
1583088762771 7.0 357
1583088764895 12.0 358
1583088767024 11.0 359
1583088769139 6.0 360
1583088771258 14.0 361
1583088773362 11.0 362
1583088775471 14.0 363
1583088777566 8.0 364
1583088779681 7.0 365
1583088781811 17.0 366
1583088783943 14.0 367
1583088786058 13.0 368
1583088788171 8.0 369
1583088790295 6.0 370
1583088792415 15.0 371
1583088794529 3.0 372
1583088796669 9.0 373
1583088798848 15.0 374
1583088800949 2.0 375
1583088803070 13.0 376
1583088805201 8.0 377
1583088807325 10.0 378
1583088809446 8.0 379
1583088811561 12.0 380
1583088813685 14.0 381
1583088815796 15.0 382
1583088817905 7.0 383
1583088820081 14.0 384
1583088822270 16.0 385
1583088824429 16.0 386
1583088826593 13.0 387
1583088828751 16.0 388
1583088830973 14.0 389
1583088833143 10.0 390
1583088835330 12.0 391
1583088837492 11.0 392
1583088839682 15.0 393
1583088841843 10.0 394
1583088844011 8.0 395
1583088846199 14.0 396
1583088848360 13.0 397
1583088850518 11.0 398
1583088852681 11.0 399
1583088854852 12.0 400
1583088857009 12.0 401
1583088859170 17.0 402
1583088861363 12.0 403
1583088863542 9.0 404
1583088865721 12.0 405
1583088867889 7.0 406
1583088870065 14.0 407
1583088872224 14.0 408
1583088874410 7.0 409
1583088876554 14.0 410
1583088878713 11.0 411
1583088880874 19.0 412
1583088883034 13.0 413
1583088885212 6.0 414
1583088887400 9.0 415
1583088889544 18.0 416
1583088891689 11.0 417
1583088893852 5.0 418
1583088896026 8.0 419
1583088898183 14.0 420
1583088900357 9.0 421
1583088902491 5.0 422
1583088904655 15.0 423
1583088906823 12.0 424
1583088908993 14.0 425
1583088911171 9.0 426
1583088913336 7.0 427
1583088915505 19.0 428
1583088917677 11.0 429
1583088919856 13.0 430
1583088922017 8.0 431
1583088924180 16.0 432
1583088926360 7.0 433
1583088928534 16.0 434
1583088930693 8.0 435
1583088932854 8.0 436
1583088935007 13.0 437
1583088937161 15.0 438
1583088939335 18.0 439
1583088941484 13.0 440
1583088943650 21.0 441
1583088945797 12.0 442
1583088947975 12.0 443
1583088950152 8.0 444
1583088952315 11.0 445
1583088954529 7.0 446
1583088956750 17.0 447
1583088958945 13.0 448
1583088961153 18.0 449
1583088963375 11.0 450
1583088965552 15.0 451
1583088967734 17.0 452
1583088969923 16.0 453
1583088972103 16.0 454
1583088974253 13.0 455
1583088976429 20.0 456
1583088978585 10.0 457
1583088980771 9.0 458
1583088982947 16.0 459
1583088985124 12.0 460
1583088987323 5.0 461
1583088989504 14.0 462
1583088991660 13.0 463
1583088993837 15.0 464
1583088996003 14.0 465
1583088998156 15.0 466
1583089000298 10.0 467
1583089002499 20.0 468
1583089004669 10.0 469
1583089006826 20.0 470
1583089008981 7.0 471
1583089011114 12.0 472
1583089013271 15.0 473
1583089015458 12.0 474
1583089017618 12.0 475
1583089019798 14.0 476
1583089021969 12.0 477
1583089024080 16.0 478
1583089026199 12.0 479
1583089028368 13.0 480
1583089030541 17.0 481
1583089032684 10.0 482
1583089034855 17.0 483
1583089037019 11.0 484
1583089039178 16.0 485
1583089041334 13.0 486
1583089043525 7.0 487
1583089045667 13.0 488
1583089047831 17.0 489
1583089050015 8.0 490
1583089052173 14.0 491
1583089054341 7.0 492
1583089056489 10.0 493
1583089058633 19.0 494
1583089060829 22.0 495
1583089063035 12.0 496
1583089065190 16.0 497
1583089067356 16.0 498
1583089069531 10.0 499
1583089071714 12.0 500
1583089073894 17.0 501
1583089076054 17.0 502
1583089078211 13.0 503
1583089080344 17.0 504
1583089082495 17.0 505
1583089084625 13.0 506
1583089086743 16.0 507
1583089088898 17.0 508
1583089091068 15.0 509
1583089093234 17.0 510
1583089095395 15.0 511
1583089097564 15.0 512
1583089099713 12.0 513
1583089101873 10.0 514
1583089104046 11.0 515
1583089106215 15.0 516
1583089108373 18.0 517
1583089110523 22.0 518
1583089112666 13.0 519
1583089114828 17.0 520
1583089116988 10.0 521
1583089119156 8.0 522
1583089121325 9.0 523
1583089123495 18.0 524
1583089125671 23.0 525
1583089127837 12.0 526
1583089130021 17.0 527
1583089132213 10.0 528
1583089134391 17.0 529
1583089136531 23.0 530
1583089138685 16.0 531
1583089140840 14.0 532
1583089143016 10.0 533
1583089145165 9.0 534
1583089147346 13.0 535
1583089149490 14.0 536
1583089151671 19.0 537
1583089153830 14.0 538
1583089155999 20.0 539
1583089158168 14.0 540
1583089160336 14.0 541
1583089162524 11.0 542
1583089164673 15.0 543
1583089166838 13.0 544
1583089168997 18.0 545
1583089171179 16.0 546
1583089173326 13.0 547
1583089175485 18.0 548
1583089177623 17.0 549
1583089179793 20.0 550
1583089181946 20.0 551
1583089184111 8.0 552
1583089186292 14.0 553
1583089188440 20.0 554
1583089190591 16.0 555
1583089192747 14.0 556
1583089194917 16.0 557
1583089197082 10.0 558
1583089199226 17.0 559
1583089201402 15.0 560
1583089203559 20.0 561
1583089205708 22.0 562
1583089207882 15.0 563
1583089210060 4.0 564
1583089212233 16.0 565
1583089214400 17.0 566
1583089216541 13.0 567
1583089218701 22.0 568
1583089220847 18.0 569
1583089223029 19.0 570
1583089225192 17.0 571
1583089227362 15.0 572
1583089229525 24.0 573
1583089231677 15.0 574
1583089233844 17.0 575
1583089236025 15.0 576
1583089238207 6.0 577
1583089240376 16.0 578
1583089242558 9.0 579
1583089244704 16.0 580
1583089246858 18.0 581
1583089248998 15.0 582
1583089251168 14.0 583
1583089253346 7.0 584
1583089255505 9.0 585
1583089257660 16.0 586
1583089259829 14.0 587
1583089262015 14.0 588
1583089264204 17.0 589
1583089266384 15.0 590
1583089268553 12.0 591
1583089270727 11.0 592
1583089272904 14.0 593
1583089275074 15.0 594
1583089277244 17.0 595
1583089279405 15.0 596
1583089281565 19.0 597
1583089283761 15.0 598
1583089285929 16.0 599
1583089288082 17.0 600
1583089290258 13.0 601
1583089292432 18.0 602
1583089294586 18.0 603
1583089296752 15.0 604
1583089298946 19.0 605
1583089301123 22.0 606
1583089303270 16.0 607
1583089305423 13.0 608
1583089307560 13.0 609
1583089309711 15.0 610
1583089311894 17.0 611
1583089314089 19.0 612
1583089316261 12.0 613
1583089318434 24.0 614
1583089320602 9.0 615
1583089322763 11.0 616
1583089324936 15.0 617
1583089327111 15.0 618
1583089329261 21.0 619
1583089331433 12.0 620
1583089333605 17.0 621
1583089335750 20.0 622
1583089337926 18.0 623
1583089340090 12.0 624
1583089342233 10.0 625
1583089344385 13.0 626
1583089346556 18.0 627
1583089348734 18.0 628
1583089350909 14.0 629
1583089353073 15.0 630
1583089355245 11.0 631
1583089357414 19.0 632
1583089359569 15.0 633
1583089361737 13.0 634
1583089363880 21.0 635
1583089366043 10.0 636
1583089368192 16.0 637
1583089370363 16.0 638
1583089372543 15.0 639
1583089374720 17.0 640
1583089376858 17.0 641
1583089379042 16.0 642
1583089381209 16.0 643
1583089383366 13.0 644
1583089385527 18.0 645
1583089387665 16.0 646
1583089389832 14.0 647
1583089391970 11.0 648
1583089394120 20.0 649
1583089396302 15.0 650
1583089398458 12.0 651
1583089400614 14.0 652
1583089402779 15.0 653
1583089404946 17.0 654
1583089407130 11.0 655
1583089409291 15.0 656
1583089411458 19.0 657
1583089413587 8.0 658
1583089415739 18.0 659
1583089417939 16.0 660
1583089420134 12.0 661
1583089422293 7.0 662
1583089424439 20.0 663
1583089426613 16.0 664
1583089428790 19.0 665
1583089430973 20.0 666
1583089433123 18.0 667
1583089435277 23.0 668
1583089437427 18.0 669
1583089439607 23.0 670
1583089441788 17.0 671
1583089443950 11.0 672
1583089446085 14.0 673
1583089448256 20.0 674
1583089450426 17.0 675
1583089452572 12.0 676
1583089454727 14.0 677
1583089456891 18.0 678
1583089460532 19.0 679
1583089462839 19.0 680
1583089465838 17.0 681
1583089469849 16.0 682
1583089471977 16.0 683
1583089474099 20.0 684
1583089476219 18.0 685
1583089478329 18.0 686
1583089480465 17.0 687
1583089482582 19.0 688
1583089484729 9.0 689
1583089486852 16.0 690
1583089489581 21.0 691
1583089492280 18.0 692
1583089495109 20.0 693
1583089497235 20.0 694
1583089499346 7.0 695
1583089501460 20.0 696
1583089503574 20.0 697
1583089506744 7.0 698
1583089509528 19.0 699
1583089511837 17.0 700
1583089514194 23.0 701
1583089516554 18.0 702
1583089518935 11.0 703
1583089521324 17.0 704
1583089523677 14.0 705
1583089525782 12.0 706
1583089528090 18.0 707
1583089530404 15.0 708
1583089532523 21.0 709
1583089534729 19.0 710
1583089536845 17.0 711
1583089538950 17.0 712
1583089541073 16.0 713
1583089543577 15.0 714
1583089545788 13.0 715
1583089548464 17.0 716
1583089550643 16.0 717
1583089552750 18.0 718
1583089554865 17.0 719
1583089556970 13.0 720
1583089559202 19.0 721
1583089561329 16.0 722
1583089563434 15.0 723
1583089565550 18.0 724
1583089567658 10.0 725
1583089569929 16.0 726
1583089572449 23.0 727
1583089574596 12.0 728
1583089577101 15.0 729
1583089579502 11.0 730
1583089581614 12.0 731
1583089583762 18.0 732
1583089586090 20.0 733
1583089588768 14.0 734
1583089591067 17.0 735
1583089593217 14.0 736
1583089595331 17.0 737
1583089597438 16.0 738
1583089599560 18.0 739
1583089601666 11.0 740
1583089603790 16.0 741
1583089605938 20.0 742
1583089608055 10.0 743
1583089610167 16.0 744
1583089612296 19.0 745
1583089614443 24.0 746
1583089616809 18.0 747
1583089619048 20.0 748
1583089621151 12.0 749
1583089623560 17.0 750
1583089626172 11.0 751
1583089628438 16.0 752
1583089631031 16.0 753
1583089633973 16.0 754
1583089636814 18.0 755
1583089638923 18.0 756
1583089641105 7.0 757
1583089643744 18.0 758
1583089646264 15.0 759
1583089648682 17.0 760
1583089651186 19.0 761
1583089654291 10.0 762
1583089656401 16.0 763
1583089658510 20.0 764
1583089660618 14.0 765
1583089663129 12.0 766
1583089665652 18.0 767
1583089667843 11.0 768
1583089670054 15.0 769
1583089672566 20.0 770
1583089675184 18.0 771
1583089678410 18.0 772
1583089681295 16.0 773
1583089683902 22.0 774
1583089687050 24.0 775
1583089689255 15.0 776
1583089691363 16.0 777
1583089693478 20.0 778
1583089695591 20.0 779
1583089697703 16.0 780
1583089699831 17.0 781
1583089701954 19.0 782
1583089704068 20.0 783
1583089706168 17.0 784
1583089708281 17.0 785
1583089710390 16.0 786
1583089712728 15.0 787
1583089714921 19.0 788
1583089717074 25.0 789
1583089719509 20.0 790
1583089721674 17.0 791
1583089723793 14.0 792
1583089725926 21.0 793
1583089728049 16.0 794
1583089730156 20.0 795
1583089732663 20.0 796
1583089735150 10.0 797
1583089737261 21.0 798
1583089739352 24.0 799
1583089741450 19.0 800
1583089743975 14.0 801
1583089746222 18.0 802
1583089748357 18.0 803
1583089750467 11.0 804
1583089752575 20.0 805
1583089754751 15.0 806
1583089756997 13.0 807
1583089759085 18.0 808
1583089761183 20.0 809
1583089763295 18.0 810
1583089765399 17.0 811
1583089768408 20.0 812
1583089771140 20.0 813
1583089773599 14.0 814
1583089775704 14.0 815
1583089777825 21.0 816
1583089779931 16.0 817
1583089782032 16.0 818
1583089784148 18.0 819
1583089786261 16.0 820
1583089788381 20.0 821
1583089790488 14.0 822
1583089792584 17.0 823
1583089794693 12.0 824
1583089796831 19.0 825
1583089798977 16.0 826
1583089801178 20.0 827
1583089803682 19.0 828
1583089805866 11.0 829
1583089807998 19.0 830
1583089810119 20.0 831
1583089812257 20.0 832
1583089814396 17.0 833
1583089816565 14.0 834
1583089818714 18.0 835
1583089820859 18.0 836
1583089823024 16.0 837
1583089825135 16.0 838
1583089827274 12.0 839
1583089829440 18.0 840
1583089834903 17.0 841
1583089840575 16.0 842
1583089843734 20.0 843
1583089845894 16.0 844
1583089848031 22.0 845
1583089850159 13.0 846
1583089852655 13.0 847
1583089855339 16.0 848
1583089857803 21.0 849
1583089860041 14.0 850
1583089862533 18.0 851
1583089864666 10.0 852
1583089866795 5.0 853
1583089868913 23.0 854
1583089871037 17.0 855
1583089873154 21.0 856
1583089875295 18.0 857
1583089877430 16.0 858
1583089879552 12.0 859
1583089881717 10.0 860
1583089884601 18.0 861
1583089887062 17.0 862
1583089889591 15.0 863
1583089892107 19.0 864
1583089894674 18.0 865
1583089896908 14.0 866
1583089899040 11.0 867
1583089901158 11.0 868
1583089903338 15.0 869
1583089905460 13.0 870
1583089907560 16.0 871
1583089909739 11.0 872
1583089911867 9.0 873
1583089914058 15.0 874
1583089916454 19.0 875
1583089918665 18.0 876
1583089920935 12.0 877
1583089923372 21.0 878
1583089925645 17.0 879
1583089928154 19.0 880
1583089930658 20.0 881
1583089933142 22.0 882
1583089935275 18.0 883
1583089937480 16.0 884
1583089939934 18.0 885
1583089942145 20.0 886
1583089944266 12.0 887
1583089946398 17.0 888
1583089948514 14.0 889
1583089950625 20.0 890
1583089952819 16.0 891
1583089955155 19.0 892
1583089957567 15.0 893
1583089960051 15.0 894
1583089962352 13.0 895
1583089964657 15.0 896
1583089967011 18.0 897
1583089969481 21.0 898
1583089971813 18.0 899
1583089974233 16.0 900
1583089976537 16.0 901
1583089978672 18.0 902
1583089980813 17.0 903
1583089982921 21.0 904
1583089985039 15.0 905
1583089987158 16.0 906
1583089989454 19.0 907
1583089991694 21.0 908
1583089993820 24.0 909
1583089995939 19.0 910
1583089998252 19.0 911
1583090000657 19.0 912
1583090002900 6.0 913
1583090005043 16.0 914
1583090007170 16.0 915
1583090009293 24.0 916
1583090011419 22.0 917
1583090013573 15.0 918
1583090015818 18.0 919
1583090017956 21.0 920
1583090020066 16.0 921
1583090022200 23.0 922
1583090024386 19.0 923
1583090026646 18.0 924
1583090028908 21.0 925
1583090031123 19.0 926
1583090033245 16.0 927
1583090035408 19.0 928
1583090037689 22.0 929
1583090040073 16.0 930
1583090042727 20.0 931
1583090045969 12.0 932
1583090048102 19.0 933
1583090052596 18.0 934
1583090055680 16.0 935
1583090061616 18.0 936
1583090068373 14.0 937
1583090070539 17.0 938
1583090072842 13.0 939
1583090075771 20.0 940
1583090082022 15.0 941
1583090084352 13.0 942
1583090087003 18.0 943
1583090089400 18.0 944
1583090091565 19.0 945
1583090093787 14.0 946
1583090095990 21.0 947
1583090098287 16.0 948
1583090100399 21.0 949
1583090102533 18.0 950
1583090104680 16.0 951
1583090106802 10.0 952
1583090108922 16.0 953
1583090111042 5.0 954
1583090113163 20.0 955
1583090115274 15.0 956
1583090117420 16.0 957
1583090119549 20.0 958
1583090121658 18.0 959
1583090123804 20.0 960
1583090125996 17.0 961
1583090128583 24.0 962
1583090130954 24.0 963
1583090133272 18.0 964
1583090135623 14.0 965
1583090138706 14.0 966
1583090140863 12.0 967
1583090142995 13.0 968
1583090145127 11.0 969
1583090147258 14.0 970
1583090149424 16.0 971
1583090151771 14.0 972
1583090153894 21.0 973
1583090156129 15.0 974
1583090158256 16.0 975
1583090161350 14.0 976
1583090163623 16.0 977
1583090165820 25.0 978
1583090168145 17.0 979
1583090170412 11.0 980
1583090172946 18.0 981
1583090175064 15.0 982
1583090177188 8.0 983
1583090179466 13.0 984
1583090181720 16.0 985
1583090184095 20.0 986
1583090186553 16.0 987
1583090188665 18.0 988
1583090190785 21.0 989
1583090192912 18.0 990
1583090195169 20.0 991
1583090197489 19.0 992
1583090200044 19.0 993
1583090202296 20.0 994
1583090205183 18.0 995
1583090208038 14.0 996
1583090210929 17.0 997
1583090213281 13.0 998
1583090215430 20.0 999
1583090217624 14.0 1000
1583090219730 17.0 1001
1583090221898 23.0 1002
1583090224511 18.0 1003
1583090226696 18.0 1004
1583090229061 18.0 1005
1583090231611 19.0 1006
1583090234435 16.0 1007
1583090237190 19.0 1008
1583090239360 3.0 1009
1583090241657 19.0 1010
1583090244810 16.0 1011
1583090247793 18.0 1012
1583090250103 23.0 1013
1583090252705 14.0 1014
1583090254841 16.0 1015
1583090256979 14.0 1016
1583090259463 18.0 1017
1583090261693 15.0 1018
1583090263814 16.0 1019
1583090265969 19.0 1020
1583090268754 20.0 1021
1583090271637 15.0 1022
1583090274067 20.0 1023
1583090276238 17.0 1024
1583090278387 19.0 1025
1583090280491 15.0 1026
1583090282618 22.0 1027
1583090284778 16.0 1028
1583090287240 21.0 1029
1583090289378 28.0 1030
1583090291884 17.0 1031
1583090295069 18.0 1032
1583090297414 20.0 1033
1583090299525 14.0 1034
1583090301628 14.0 1035
1583090303777 15.0 1036
1583090306352 21.0 1037
1583090309561 18.0 1038
1583090311891 17.0 1039
1583090314011 17.0 1040
1583090316117 19.0 1041
1583090318495 18.0 1042
1583090320999 15.0 1043
1583090323121 17.0 1044
1583090325307 24.0 1045
1583090328474 15.0 1046
1583090330814 13.0 1047
1583090333125 21.0 1048
1583090335317 19.0 1049
1583090337535 17.0 1050
1583090339724 19.0 1051
1583090341997 17.0 1052
1583090344159 18.0 1053
1583090346787 18.0 1054
1583090348934 20.0 1055
1583090351342 22.0 1056
1583090353922 14.0 1057
1583090356152 24.0 1058
1583090358425 20.0 1059
1583090360623 17.0 1060
1583090362775 12.0 1061
1583090365348 17.0 1062
1583090367658 19.0 1063
1583090370153 19.0 1064
1583090372329 15.0 1065
1583090374633 14.0 1066
1583090377268 18.0 1067
1583090379816 19.0 1068
1583090382189 11.0 1069
1583090384303 19.0 1070
1583090386411 12.0 1071
1583090388504 20.0 1072
1583090390653 19.0 1073
1583090392773 11.0 1074
1583090394899 21.0 1075
1583090396996 17.0 1076
1583090399117 19.0 1077
1583090401232 18.0 1078
1583090403353 20.0 1079
1583090405469 21.0 1080
1583090407638 18.0 1081
1583090410417 17.0 1082
1583090413226 19.0 1083
1583090415602 22.0 1084
1583090418317 17.0 1085
1583090420759 20.0 1086
1583090423066 16.0 1087
1583090425169 19.0 1088
1583090427301 10.0 1089
1583090429424 19.0 1090
1583090431538 23.0 1091
1583090434218 15.0 1092
1583090436566 19.0 1093
1583090438679 18.0 1094
1583090440808 15.0 1095
1583090442925 20.0 1096
1583090445061 21.0 1097
1583090447210 13.0 1098
1583090449325 19.0 1099
1583090451426 18.0 1100
1583090453557 20.0 1101
1583090456007 16.0 1102
1583090458457 23.0 1103
1583090460890 15.0 1104
1583090463118 22.0 1105
1583090465288 22.0 1106
1583090467481 17.0 1107
1583090469662 19.0 1108
1583090471806 21.0 1109
1583090474009 25.0 1110
1583090476212 16.0 1111
1583090478309 15.0 1112
1583090480727 19.0 1113
1583090483210 13.0 1114
1583090485627 22.0 1115
1583090487801 23.0 1116
1583090490286 12.0 1117
1583090492755 23.0 1118
1583090495327 5.0 1119
1583090497843 16.0 1120
1583090500035 20.0 1121
1583090502140 19.0 1122
1583090504256 20.0 1123
1583090506373 23.0 1124
1583090508506 18.0 1125
1583090510638 16.0 1126
1583090512758 9.0 1127
1583090514866 13.0 1128
1583090516980 13.0 1129
1583090519087 12.0 1130
1583090521203 17.0 1131
1583090523358 18.0 1132
1583090525527 22.0 1133
1583090527855 6.0 1134
1583090530164 18.0 1135
1583090532379 17.0 1136
1583090534506 11.0 1137
1583090536632 12.0 1138
1583090538765 19.0 1139
1583090540899 21.0 1140
1583090543029 19.0 1141
1583090545166 15.0 1142
1583090547433 21.0 1143
1583090549962 18.0 1144
1583090553316 16.0 1145
1583090555521 16.0 1146
1583090557627 17.0 1147
1583090559735 18.0 1148
1583090561858 14.0 1149
1583090564000 15.0 1150
1583090566113 16.0 1151
1583090568228 15.0 1152
1583090570334 19.0 1153
1583090572450 19.0 1154
1583090574562 12.0 1155
1583090576667 16.0 1156
1583090578789 21.0 1157
1583090580921 15.0 1158
1583090583043 18.0 1159
1583090585167 18.0 1160
1583090587315 15.0 1161
1583090589426 17.0 1162
1583090591534 11.0 1163
1583090593650 14.0 1164
1583090595777 12.0 1165
1583090597898 17.0 1166
1583090600033 21.0 1167
1583090602156 20.0 1168
1583090604282 17.0 1169
1583090606424 16.0 1170
1583090608543 19.0 1171
1583090610641 17.0 1172
1583090612764 13.0 1173
1583090614915 20.0 1174
1583090617037 14.0 1175
1583090619166 1.0 1176
1583090621285 20.0 1177
1583090623417 16.0 1178
1583090625608 21.0 1179
1583090628078 19.0 1180
1583090630571 14.0 1181
1583090632946 17.0 1182
1583090635867 17.0 1183
1583090638761 19.0 1184
1583090641288 8.0 1185
1583090643540 18.0 1186
1583090646813 18.0 1187
1583090648935 22.0 1188
1583090651649 21.0 1189
1583090654264 19.0 1190
1583090656667 17.0 1191
1583090658792 18.0 1192
1583090660906 14.0 1193
1583090663117 21.0 1194
1583090665468 22.0 1195
1583090668791 17.0 1196
1583090672510 25.0 1197
1583090676696 15.0 1198
1583090679186 17.0 1199
1583090681605 19.0 1200
1583090683785 18.0 1201
1583090685940 13.0 1202
1583090688091 20.0 1203
1583090690485 15.0 1204
1583090693261 12.0 1205
1583090695893 15.0 1206
1583090698436 14.0 1207
1583090700745 16.0 1208
1583090702872 15.0 1209
1583090705006 17.0 1210
1583090707134 17.0 1211
1583090709256 16.0 1212
1583090711383 20.0 1213
1583090713497 0.0 1214
1583090715621 21.0 1215
1583090717762 11.0 1216
1583090719899 12.0 1217
1583090722011 8.0 1218
1583090725149 19.0 1219
1583090727357 16.0 1220
1583090730071 10.0 1221
1583090732589 24.0 1222
1583090736835 9.0 1223
1583090739720 17.0 1224
1583090742286 12.0 1225
1583090744408 9.0 1226
1583090746518 22.0 1227
1583090748621 13.0 1228
1583090750726 18.0 1229
1583090752843 21.0 1230
1583090754962 19.0 1231
1583090757059 18.0 1232
1583090759183 12.0 1233
1583090761287 20.0 1234
1583090763405 15.0 1235
1583090765523 18.0 1236
1583090767694 24.0 1237
1583090769836 17.0 1238
1583090772080 19.0 1239
1583090774228 15.0 1240
1583090776374 18.0 1241
1583090778504 16.0 1242
1583090780633 21.0 1243
1583090782755 18.0 1244
1583090784860 12.0 1245
1583090786975 18.0 1246
1583090789104 18.0 1247
1583090791214 21.0 1248
1583090793358 23.0 1249
1583090795489 15.0 1250
1583090797638 18.0 1251
1583090800272 23.0 1252
1583090802418 18.0 1253
1583090804678 21.0 1254
1583090806795 14.0 1255
1583090808947 14.0 1256
1583090811074 17.0 1257
1583090813188 20.0 1258
1583090815319 12.0 1259
1583090817430 19.0 1260
1583090819553 17.0 1261
1583090821680 24.0 1262
1583090823794 17.0 1263
1583090825885 20.0 1264
1583090828019 18.0 1265
1583090830213 24.0 1266
1583090832323 18.0 1267
1583090834451 14.0 1268
1583090836779 22.0 1269
1583090839416 13.0 1270
1583090841712 17.0 1271
1583090844501 18.0 1272
1583090846708 20.0 1273
1583090849176 16.0 1274
1583090851563 22.0 1275
1583090853686 19.0 1276
1583090855834 20.0 1277
1583090857974 15.0 1278
1583090860093 12.0 1279
1583090862226 23.0 1280
1583090864379 16.0 1281
1583090866506 14.0 1282
1583090868626 21.0 1283
1583090870746 17.0 1284
1583090872869 12.0 1285
1583090874999 19.0 1286
1583090877123 13.0 1287
1583090879240 20.0 1288
1583090881370 19.0 1289
1583090883500 13.0 1290
1583090885636 20.0 1291
1583090887745 17.0 1292
1583090889887 21.0 1293
1583090892017 15.0 1294
1583090894128 18.0 1295
1583090896270 18.0 1296
1583090898406 11.0 1297
1583090900520 16.0 1298
1583090902638 15.0 1299
1583090904781 16.0 1300
1583090906923 22.0 1301
1583090909058 19.0 1302
1583090911183 14.0 1303
1583090913303 15.0 1304
1583090915426 14.0 1305
1583090917553 15.0 1306
1583090919679 17.0 1307
1583090921804 14.0 1308
1583090923936 19.0 1309
1583090926071 14.0 1310
1583090928202 16.0 1311
1583090930355 15.0 1312
1583090932483 15.0 1313
1583090934596 18.0 1314
1583090936728 16.0 1315
1583090938927 19.0 1316
1583090941045 16.0 1317
1583090943193 12.0 1318
1583090945314 15.0 1319
1583090947426 10.0 1320
1583090949526 14.0 1321
1583090951649 8.0 1322
1583090953753 17.0 1323
1583090955887 17.0 1324
1583090958043 6.0 1325
1583090960172 22.0 1326
1583090962290 16.0 1327
1583090964431 14.0 1328
1583090966565 16.0 1329
1583090968694 23.0 1330
1583090970843 13.0 1331
1583090972981 19.0 1332
1583090975107 6.0 1333
1583090977228 14.0 1334
1583090979363 15.0 1335
1583090981505 19.0 1336
1583090983620 13.0 1337
1583090985748 16.0 1338
1583090988032 22.0 1339
1583090990171 17.0 1340
1583090992284 16.0 1341
1583090994421 14.0 1342
1583090996535 13.0 1343
1583090998684 17.0 1344
1583091000861 19.0 1345
1583091002993 15.0 1346
1583091005137 12.0 1347
1583091007242 19.0 1348
1583091009364 19.0 1349
1583091011475 12.0 1350
1583091013607 15.0 1351
1583091015733 15.0 1352
1583091017863 15.0 1353
1583091019998 21.0 1354
1583091022116 18.0 1355
1583091024240 22.0 1356
1583091026358 5.0 1357
1583091028477 13.0 1358
1583091030572 18.0 1359
1583091032696 24.0 1360
1583091034860 8.0 1361
1583091036989 16.0 1362
1583091039109 17.0 1363
1583091041224 18.0 1364
1583091043357 17.0 1365
1583091045470 14.0 1366
1583091047627 19.0 1367
1583091049796 16.0 1368
1583091051987 20.0 1369
1583091054167 17.0 1370
1583091056323 20.0 1371
1583091058474 21.0 1372
1583091060654 18.0 1373
1583091062826 13.0 1374
1583091065051 22.0 1375
1583091067225 19.0 1376
1583091069405 16.0 1377
1583091071571 20.0 1378
1583091073753 10.0 1379
1583091075923 19.0 1380
1583091078090 13.0 1381
1583091080265 16.0 1382
1583091082445 12.0 1383
1583091084596 20.0 1384
1583091086767 14.0 1385
1583091088945 12.0 1386
1583091091133 20.0 1387
1583091093314 13.0 1388
1583091095489 24.0 1389
1583091097658 15.0 1390
1583091099851 17.0 1391
1583091102006 10.0 1392
1583091104170 15.0 1393
1583091106338 14.0 1394
1583091108512 9.0 1395
1583091110662 11.0 1396
1583091112815 17.0 1397
1583091114976 21.0 1398
1583091117161 16.0 1399
1583091119303 22.0 1400
1583091121451 16.0 1401
1583091123606 16.0 1402
1583091125733 10.0 1403
1583091128069 24.0 1404
1583091130239 14.0 1405
1583091132410 10.0 1406
1583091134565 17.0 1407
1583091136704 17.0 1408
1583091138860 19.0 1409
1583091141021 19.0 1410
1583091143159 14.0 1411
1583091145314 16.0 1412
1583091147471 17.0 1413
1583091149663 11.0 1414
1583091151828 19.0 1415
1583091154018 5.0 1416
1583091156187 21.0 1417
1583091158372 14.0 1418
1583091160510 19.0 1419
1583091162663 20.0 1420
1583091164829 19.0 1421
1583091167032 21.0 1422
1583091169204 15.0 1423
1583091171377 15.0 1424
1583091173533 17.0 1425
1583091175707 9.0 1426
1583091177893 17.0 1427
1583091180090 19.0 1428
1583091182274 18.0 1429
1583091184446 17.0 1430
1583091186616 16.0 1431
1583091188775 16.0 1432
1583091190954 16.0 1433
1583091193143 16.0 1434
1583091195303 23.0 1435
1583091197467 14.0 1436
1583091199635 21.0 1437
1583091201806 20.0 1438
1583091204011 12.0 1439
1583091206197 19.0 1440
1583091208363 21.0 1441
1583091210523 19.0 1442
1583091212693 10.0 1443
1583091214874 16.0 1444
1583091217064 19.0 1445
1583091219254 16.0 1446
1583091221394 15.0 1447
1583091223554 19.0 1448
1583091225715 19.0 1449
1583091227865 17.0 1450
1583091230031 19.0 1451
1583091232161 20.0 1452
1583091234337 23.0 1453
1583091236520 13.0 1454
1583091238693 14.0 1455
1583091240865 15.0 1456
1583091243041 12.0 1457
1583091245213 12.0 1458
1583091247364 22.0 1459
1583091249523 16.0 1460
1583091251689 15.0 1461
1583091253872 19.0 1462
1583091256031 18.0 1463
1583091258229 19.0 1464
1583091260433 14.0 1465
1583091262603 21.0 1466
1583091264754 14.0 1467
1583091266941 10.0 1468
1583091269121 17.0 1469
1583091271287 17.0 1470
1583091273459 19.0 1471
1583091275619 18.0 1472
1583091277793 17.0 1473
1583091279958 10.0 1474
1583091282127 25.0 1475
1583091284292 16.0 1476
1583091286466 16.0 1477
1583091288594 19.0 1478
1583091290750 13.0 1479
1583091292901 14.0 1480
1583091295074 17.0 1481
1583091297248 13.0 1482
1583091299434 15.0 1483
1583091301606 21.0 1484
1583091303781 19.0 1485
1583091305963 13.0 1486
1583091308134 18.0 1487
1583091310286 14.0 1488
1583091312484 13.0 1489
1583091314664 6.0 1490
1583091316845 14.0 1491
1583091319004 18.0 1492
1583091321198 20.0 1493
1583091323377 15.0 1494
1583091325550 16.0 1495
1583091327698 15.0 1496
1583091329847 12.0 1497
1583091332009 18.0 1498
1583091334192 14.0 1499
1583091336375 17.0 1500
1583091338542 14.0 1501
1583091340714 18.0 1502
1583091342887 14.0 1503
1583091345068 18.0 1504
1583091347226 18.0 1505
1583091349382 13.0 1506
1583091351536 19.0 1507
1583091353714 19.0 1508
1583091355872 17.0 1509
1583091358033 18.0 1510
1583091360186 0.0 1511
1583091362344 2.0 1512
1583091364527 14.0 1513
1583091366673 12.0 1514
1583091368852 7.0 1515
1583091371024 9.0 1516
1583091373185 8.0 1517
1583091375364 14.0 1518
1583091377529 13.0 1519
1583091379683 10.0 1520
1583091381878 20.0 1521
1583091384062 3.0 1522
1583091386248 20.0 1523
1583091388412 12.0 1524
1583091390582 17.0 1525
1583091392745 16.0 1526
1583091394917 17.0 1527
1583091397095 14.0 1528
1583091399257 18.0 1529
1583091401446 17.0 1530
1583091403611 17.0 1531
1583091405793 18.0 1532
1583091407959 21.0 1533
1583091410142 20.0 1534
1583091412297 25.0 1535
1583091414478 16.0 1536
1583091416634 14.0 1537
1583091418817 18.0 1538
1583091421002 12.0 1539
1583091423208 17.0 1540
1583091425409 17.0 1541
1583091427534 -1.0 1542
1583091429690 25.0 1543
1583091431855 18.0 1544
1583091434047 20.0 1545
1583091436191 20.0 1546
1583091438344 16.0 1547
1583091440510 19.0 1548
1583091442697 16.0 1549
1583091444869 14.0 1550
1583091447029 20.0 1551
1583091449210 14.0 1552
1583091451372 20.0 1553
1583091453548 14.0 1554
1583091455727 11.0 1555
1583091457899 9.0 1556
1583091460082 22.0 1557
1583091462246 12.0 1558
1583091464393 12.0 1559
1583091466554 15.0 1560
1583091468713 17.0 1561
1583091470864 9.0 1562
1583091473041 17.0 1563
1583091475214 13.0 1564
1583091477394 15.0 1565
1583091479577 13.0 1566
1583091481761 13.0 1567
1583091485422 14.0 1568
1583091487705 9.0 1569
1583091489946 17.0 1570
1583091492236 21.0 1571
1583091494735 10.0 1572
1583091497108 17.0 1573
1583091499685 16.0 1574
1583091502185 15.0 1575
1583091504557 13.0 1576
1583091506688 13.0 1577
1583091508793 20.0 1578
1583091511053 23.0 1579
1583091513564 12.0 1580
1583091515803 16.0 1581
1583091518666 12.0 1582
1583091521157 16.0 1583
1583091523504 21.0 1584
1583091525621 19.0 1585
1583091527734 17.0 1586
1583091529843 18.0 1587
1583091531949 15.0 1588
1583091534092 22.0 1589
1583091536227 21.0 1590
1583091538334 20.0 1591
1583091540439 21.0 1592
1583091542543 14.0 1593
1583091544657 15.0 1594
1583091546789 19.0 1595
1583091548909 21.0 1596
1583091551038 15.0 1597
1583091553150 12.0 1598
1583091555280 17.0 1599
1583091557690 20.0 1600
1583091560313 18.0 1601
1583091562446 12.0 1602
1583091564564 19.0 1603
1583091566679 17.0 1604
1583091568919 20.0 1605
1583091571355 15.0 1606
1583091573819 15.0 1607
1583091576004 14.0 1608
1583091578131 15.0 1609
1583091580265 16.0 1610
1583091582397 15.0 1611
1583091584513 18.0 1612
1583091586620 16.0 1613
1583091588742 13.0 1614
1583091590861 21.0 1615
1583091593001 17.0 1616
1583091595126 19.0 1617
1583091597234 16.0 1618
1583091599373 16.0 1619
1583091601497 12.0 1620
1583091603613 13.0 1621
1583091605724 21.0 1622
1583091607843 22.0 1623
1583091609965 15.0 1624
1583091612078 15.0 1625
1583091614202 18.0 1626
1583091616336 19.0 1627
1583091618458 12.0 1628
1583091620571 20.0 1629
1583091622694 15.0 1630
1583091624826 19.0 1631
1583091626939 16.0 1632
1583091629060 17.0 1633
1583091631171 7.0 1634
1583091633285 13.0 1635
1583091635430 17.0 1636
1583091637555 18.0 1637
1583091639675 18.0 1638
1583091641800 15.0 1639
1583091643924 17.0 1640
1583091646052 18.0 1641
1583091648179 14.0 1642
1583091650298 17.0 1643
1583091652429 13.0 1644
1583091654548 16.0 1645
1583091656660 18.0 1646
1583091658776 12.0 1647
1583091660899 19.0 1648
1583091663044 17.0 1649
1583091665166 21.0 1650
1583091667306 15.0 1651
1583091669414 21.0 1652
1583091671527 22.0 1653
1583091673640 18.0 1654
1583091675764 20.0 1655
1583091677889 19.0 1656
1583091680027 16.0 1657
1583091682141 17.0 1658
1583091684282 20.0 1659
1583091686399 15.0 1660
1583091688508 19.0 1661
1583091690629 14.0 1662
1583091692740 16.0 1663
1583091694857 21.0 1664
1583091696986 17.0 1665
1583091699113 21.0 1666
1583091701231 17.0 1667
1583091703360 20.0 1668
1583091705464 15.0 1669
1583091707586 23.0 1670
1583091709713 14.0 1671
1583091711842 19.0 1672
1583091713951 24.0 1673
1583091716065 20.0 1674
1583091718210 12.0 1675
1583091720322 6.0 1676
1583091722454 18.0 1677
1583091724585 11.0 1678
1583091726709 17.0 1679
1583091728825 6.0 1680
1583091730959 18.0 1681
1583091733088 17.0 1682
1583091735304 18.0 1683
1583091737412 20.0 1684
1583091739528 9.0 1685
1583091741649 22.0 1686
1583091743791 16.0 1687
1583091745916 17.0 1688
1583091748033 21.0 1689
1583091750155 12.0 1690
1583091752263 18.0 1691
1583091754388 17.0 1692
1583091756483 19.0 1693
1583091758580 17.0 1694
1583091760710 20.0 1695
1583091762848 17.0 1696
1583091764969 14.0 1697
1583091767093 20.0 1698
1583091769204 19.0 1699
1583091771313 19.0 1700
1583091773439 13.0 1701
1583091775576 15.0 1702
1583091777694 21.0 1703
1583091779820 9.0 1704
1583091781939 15.0 1705
1583091784055 15.0 1706
1583091786181 23.0 1707
1583091788319 18.0 1708
1583091790455 19.0 1709
1583091792564 20.0 1710
1583091794707 17.0 1711
1583091796882 15.0 1712
1583091799067 18.0 1713
1583091801268 21.0 1714
1583091803462 15.0 1715
1583091805653 20.0 1716
1583091807826 18.0 1717
1583091810038 18.0 1718
1583091812252 13.0 1719
1583091814458 10.0 1720
1583091816638 17.0 1721
1583091818856 18.0 1722
1583091821023 13.0 1723
1583091823198 15.0 1724
1583091825363 11.0 1725
1583091827548 14.0 1726
1583091829700 14.0 1727
1583091831881 21.0 1728
1583091834054 15.0 1729
1583091836236 15.0 1730
1583091838420 13.0 1731
1583091840573 20.0 1732
1583091842719 22.0 1733
1583091844886 14.0 1734
1583091847081 17.0 1735
1583091849254 19.0 1736
1583091851418 17.0 1737
1583091853593 11.0 1738
1583091855748 19.0 1739
1583091857924 17.0 1740
1583091860108 19.0 1741
1583091862267 8.0 1742
1583091864503 8.0 1743
1583091866665 7.0 1744
1583091868840 14.0 1745
1583091871016 18.0 1746
1583091873198 12.0 1747
1583091875366 18.0 1748
1583091877546 19.0 1749
1583091879711 22.0 1750
1583091881861 22.0 1751
1583091884024 22.0 1752
1583091886193 19.0 1753
1583091888391 22.0 1754
1583091890576 15.0 1755
1583091892749 17.0 1756
1583091894942 16.0 1757
1583091897110 2.0 1758
1583091899269 16.0 1759
1583091901419 13.0 1760
1583091903560 12.0 1761
1583091905720 14.0 1762
1583091907894 7.0 1763
1583091910069 17.0 1764
1583091912252 13.0 1765
1583091914447 21.0 1766
1583091916600 10.0 1767
1583091918759 14.0 1768
1583091920923 18.0 1769
1583091923107 14.0 1770
1583091925259 18.0 1771
1583091927412 2.0 1772
1583091929555 16.0 1773
1583091931716 19.0 1774
1583091933877 13.0 1775
1583091936045 11.0 1776
1583091938245 16.0 1777
1583091940431 13.0 1778
1583091942604 17.0 1779
1583091944762 13.0 1780
1583091946963 16.0 1781
1583091949119 19.0 1782
1583091951278 2.0 1783
1583091953411 21.0 1784
1583091955598 16.0 1785
1583091957770 22.0 1786
1583091959946 14.0 1787
1583091962133 15.0 1788
1583091964298 13.0 1789
1583091966476 15.0 1790
1583091968621 16.0 1791
1583091970798 13.0 1792
1583091972983 18.0 1793
1583091975143 15.0 1794
1583091977307 15.0 1795
1583091979482 22.0 1796
1583091981634 14.0 1797
1583091983819 16.0 1798
1583091985989 22.0 1799
1583091988147 19.0 1800
1583091990330 16.0 1801
1583091992496 13.0 1802
1583091994660 14.0 1803
1583091996822 13.0 1804
1583091998965 19.0 1805
1583092001144 14.0 1806
1583092003307 10.0 1807
1583092005472 15.0 1808
1583092007633 13.0 1809
1583092009791 17.0 1810
1583092011972 11.0 1811
1583092014155 14.0 1812
1583092016339 24.0 1813
1583092018533 19.0 1814
1583092020702 13.0 1815
1583092022857 13.0 1816
1583092025021 15.0 1817
1583092027184 18.0 1818
1583092029324 13.0 1819
1583092031503 18.0 1820
1583092033657 15.0 1821
1583092035832 13.0 1822
1583092037995 13.0 1823
1583092040171 15.0 1824
1583092042340 16.0 1825
1583092044513 22.0 1826
1583092046693 16.0 1827
1583092048860 15.0 1828
1583092051063 19.0 1829
1583092053247 13.0 1830
1583092055397 20.0 1831
1583092057573 16.0 1832
1583092059758 12.0 1833
1583092061936 24.0 1834
1583092064082 14.0 1835
1583092066248 10.0 1836
1583092068441 16.0 1837
1583092070615 23.0 1838
1583092072803 18.0 1839
1583092074952 17.0 1840
1583092077131 17.0 1841
1583092079323 20.0 1842
1583092081505 21.0 1843
1583092083668 23.0 1844
1583092085814 19.0 1845
1583092087980 21.0 1846
1583092090131 20.0 1847
1583092092284 16.0 1848
1583092094464 15.0 1849
1583092096638 16.0 1850
1583092098778 16.0 1851
1583092100965 18.0 1852
1583092103158 19.0 1853
1583092105336 20.0 1854
1583092107494 17.0 1855
1583092109654 14.0 1856
1583092111814 13.0 1857
1583092113995 14.0 1858
1583092116159 18.0 1859
1583092118318 19.0 1860
1583092120472 18.0 1861
1583092122646 15.0 1862
1583092124828 13.0 1863
1583092127012 13.0 1864
1583092129162 16.0 1865
1583092131335 19.0 1866
1583092133514 17.0 1867
1583092135693 16.0 1868
1583092137874 20.0 1869
1583092140044 15.0 1870
1583092142371 20.0 1871
1583092144705 24.0 1872
1583092147170 18.0 1873
1583092149342 12.0 1874
1583092151491 8.0 1875
1583092153650 17.0 1876
1583092155826 18.0 1877
1583092158001 18.0 1878
1583092160181 22.0 1879
1583092162366 17.0 1880
1583092164570 15.0 1881
1583092166734 19.0 1882
1583092168912 17.0 1883
1583092171081 9.0 1884
1583092173267 15.0 1885
1583092175437 19.0 1886
1583092177599 14.0 1887
1583092179758 22.0 1888
1583092181933 22.0 1889
1583092184116 17.0 1890
1583092186278 14.0 1891
1583092188454 15.0 1892
1583092190641 12.0 1893
1583092192816 14.0 1894
1583092195021 13.0 1895
1583092197179 18.0 1896
1583092199340 16.0 1897
1583092201497 21.0 1898
1583092203653 21.0 1899
1583092205830 17.0 1900
1583092208013 15.0 1901
1583092210182 11.0 1902
1583092212354 19.0 1903
1583092214501 20.0 1904
1583092216667 18.0 1905
1583092218860 19.0 1906
1583092221015 15.0 1907
1583092223196 11.0 1908
1583092225378 19.0 1909
1583092227564 8.0 1910
1583092229741 20.0 1911
1583092231916 12.0 1912
1583092234090 11.0 1913
1583092236271 22.0 1914
1583092238485 16.0 1915
1583092240655 17.0 1916
1583092242830 6.0 1917
1583092244990 21.0 1918
1583092247154 11.0 1919
1583092249318 14.0 1920
1583092251509 15.0 1921
1583092253667 14.0 1922
1583092255837 13.0 1923
1583092258003 11.0 1924
1583092260175 16.0 1925
1583092262353 16.0 1926
1583092264531 20.0 1927
1583092266695 12.0 1928
1583092268875 18.0 1929
1583092271061 15.0 1930
1583092273240 25.0 1931
1583092275401 13.0 1932
1583092277565 20.0 1933
1583092279718 16.0 1934
1583092281888 19.0 1935
1583092284035 13.0 1936
1583092286195 12.0 1937
1583092288382 8.0 1938
1583092290561 13.0 1939
1583092292717 19.0 1940
1583092294882 16.0 1941
1583092297037 18.0 1942
1583092299207 18.0 1943
1583092301367 10.0 1944
1583092303569 13.0 1945
1583092305731 17.0 1946
1583092307894 15.0 1947
1583092310058 26.0 1948
1583092312217 22.0 1949
1583092314386 16.0 1950
1583092316549 24.0 1951
1583092318703 15.0 1952
1583092320882 14.0 1953
1583092323031 21.0 1954
1583092325201 16.0 1955
1583092327353 19.0 1956
1583092329519 20.0 1957
1583092331678 13.0 1958
1583092333866 17.0 1959
1583092336013 15.0 1960
1583092338190 19.0 1961
1583092340372 11.0 1962
1583092342554 20.0 1963
1583092344693 15.0 1964
1583092346868 22.0 1965
1583092349058 17.0 1966
1583092351209 19.0 1967
1583092353396 19.0 1968
1583092355564 22.0 1969
1583092357728 10.0 1970
1583092359874 12.0 1971
1583092362025 16.0 1972
1583092364198 16.0 1973
1583092366361 17.0 1974
1583092368515 13.0 1975
1583092370682 17.0 1976
1583092372850 10.0 1977
1583092375008 15.0 1978
1583092377182 21.0 1979
1583092379373 20.0 1980
1583092381554 23.0 1981
1583092383713 22.0 1982
1583092385881 21.0 1983
1583092388040 18.0 1984
1583092390216 18.0 1985
1583092392400 12.0 1986
1583092394561 14.0 1987
1583092396730 16.0 1988
1583092398900 21.0 1989
1583092401070 15.0 1990
1583092403277 18.0 1991
1583092405448 14.0 1992
1583092407610 15.0 1993
1583092409773 9.0 1994
1583092411949 17.0 1995
1583092414131 16.0 1996
1583092416299 18.0 1997
1583092418480 16.0 1998
1583092420663 3.0 1999
1583092422837 26.0 2000
