1583087968306 0.0 1
1583087970438 1.5 2
1583087972605 2.3333333333333335 3
1583087975038 1.5 4
1583087977291 1.0 5
1583087979615 0.8333333333333334 6
1583087982124 0.5714285714285714 7
1583087984496 0.625 8
1583087986656 0.4444444444444444 9
1583087989043 0.4 10
1583087991241 0.2727272727272727 11
1583087993499 0.25 12
1583087995694 0.15384615384615385 13
1583087998039 0.07142857142857142 14
1583088000151 -0.06666666666666667 15
1583088002625 -0.125 16
1583088006935 -0.17647058823529413 17
1583088009047 -0.05555555555555555 18
1583088011208 -0.15789473684210525 19
1583088013365 -0.2 20
1583088015619 -0.19047619047619047 21
1583088017869 -0.2727272727272727 22
1583088020331 -0.2608695652173913 23
1583088022481 -0.25 24
1583088024698 -0.28 25
1583088027464 -0.3076923076923077 26
1583088029677 -0.2962962962962963 27
1583088031838 -0.21428571428571427 28
1583088034083 -0.13793103448275862 29
1583088036250 -0.16666666666666666 30
1583088038488 -0.16129032258064516 31
1583088040735 -0.125 32
1583088043031 -0.12121212121212122 33
1583088045286 -0.08823529411764706 34
1583088047644 -0.08571428571428572 35
1583088050336 -0.08333333333333333 36
1583088052584 -0.08108108108108109 37
1583088054735 -0.05263157894736842 38
1583088056965 -0.02564102564102564 39
1583088059153 -0.05 40
1583088061595 -0.07317073170731707 41
1583088063999 -0.09523809523809523 42
1583088066183 0.0 43
1583088068308 0.045454545454545456 44
1583088070499 0.0 45
1583088072601 0.0 46
1583088074723 0.0425531914893617 47
1583088076952 0.020833333333333332 48
1583088079840 0.02040816326530612 49
1583088081957 0.04 50
1583088084078 0.0392156862745098 51
1583088086421 0.057692307692307696 52
1583088088708 0.05660377358490566 53
1583088091000 0.05555555555555555 54
1583088093936 0.05454545454545454 55
1583088096611 0.05357142857142857 56
1583088099075 0.03508771929824561 57
1583088101197 0.034482758620689655 58
1583088103651 0.03389830508474576 59
1583088106410 0.05 60
1583088108719 0.04918032786885246 61
1583088111006 0.06451612903225806 62
1583088113334 0.1111111111111111 63
1583088115787 0.140625 64
1583088118155 0.15384615384615385 65
1583088120268 0.16666666666666666 66
1583088122428 0.1791044776119403 67
1583088124529 0.17647058823529413 68
1583088126629 0.17391304347826086 69
1583088128751 0.15714285714285714 70
1583088130860 0.16901408450704225 71
1583088132978 0.16666666666666666 72
1583088135082 0.136986301369863 73
1583088137177 0.0945945945945946 74
1583088139298 0.10666666666666667 75
1583088141402 0.10526315789473684 76
1583088143535 0.11688311688311688 77
1583088145644 0.1282051282051282 78
1583088147764 0.11392405063291139 79
1583088149884 0.1125 80
1583088152001 0.1111111111111111 81
1583088154327 0.14634146341463414 82
1583088156508 0.14457831325301204 83
1583088158986 0.15476190476190477 84
1583088161147 0.12941176470588237 85
1583088163266 0.12790697674418605 86
1583088165775 0.11494252873563218 87
1583088168459 0.11363636363636363 88
1583088170675 0.10112359550561797 89
1583088173102 0.13333333333333333 90
1583088175323 0.15384615384615385 91
1583088177607 0.15217391304347827 92
1583088180079 0.17204301075268819 93
1583088182284 0.1702127659574468 94
1583088184632 0.17894736842105263 95
1583088187065 0.1875 96
1583088189270 0.20618556701030927 97
1583088191369 0.21428571428571427 98
1583088193500 0.2222222222222222 99
1583088196304 0.21 100
1583088198596 0.24 101
1583088200812 0.21 102
1583088202933 0.17 103
1583088205038 0.18 104
1583088207161 0.19 105
1583088209291 0.21 106
1583088211439 0.23 107
1583088214088 0.22 108
1583088216737 0.25 109
1583088219284 0.25 110
1583088221538 0.27 111
1583088223655 0.28 112
1583088226083 0.31 113
1583088228672 0.32 114
1583088230906 0.36 115
1583088233025 0.36 116
1583088235126 0.37 117
1583088237745 0.38 118
1583088240290 0.41 119
1583088242556 0.41 120
1583088244654 0.42 121
1583088246749 0.47 122
1583088249064 0.48 123
1583088251731 0.49 124
1583088254206 0.5 125
1583088256312 0.5 126
1583088258440 0.51 127
1583088260544 0.53 128
1583088262660 0.52 129
1583088264770 0.53 130
1583088266898 0.54 131
1583088269037 0.53 132
1583088271180 0.52 133
1583088273702 0.54 134
1583088276070 0.59 135
1583088279162 0.59 136
1583088281558 0.62 137
1583088283783 0.67 138
1583088286142 0.68 139
1583088288263 0.74 140
1583088290429 0.76 141
1583088292603 0.79 142
1583088294722 0.81 143
1583088296821 0.83 144
1583088298947 0.84 145
1583088301054 0.87 146
1583088303153 0.85 147
1583088305361 0.9 148
1583088307523 0.91 149
1583088309754 0.93 150
1583088312127 0.94 151
1583088314227 0.99 152
1583088316336 0.99 153
1583088318431 1.05 154
1583088320531 1.08 155
1583088322647 1.11 156
1583088324750 1.14 157
1583088326875 1.17 158
1583088329027 1.18 159
1583088331779 1.26 160
1583088334560 1.28 161
1583088336949 1.31 162
1583088339172 1.3 163
1583088341718 1.34 164
1583088344069 1.38 165
1583088346466 1.35 166
1583088348582 1.38 167
1583088350822 1.38 168
1583088353229 1.42 169
1583088355347 1.47 170
1583088357453 1.49 171
1583088359564 1.51 172
1583088361655 1.59 173
1583088363755 1.67 174
1583088365889 1.69 175
1583088368018 1.71 176
1583088370136 1.71 177
1583088372262 1.77 178
1583088374368 1.82 179
1583088376465 1.81 180
1583088378576 1.83 181
1583088380688 1.84 182
1583088382821 1.93 183
1583088384928 1.93 184
1583088387052 2.01 185
1583088389156 2.04 186
1583088391275 2.11 187
1583088393384 2.16 188
1583088395861 2.2 189
1583088398035 2.26 190
1583088400139 2.26 191
1583088402237 2.35 192
1583088404792 2.46 193
1583088407276 2.52 194
1583088410338 2.54 195
1583088412740 2.65 196
1583088414874 2.73 197
1583088417060 2.74 198
1583088419326 2.82 199
1583088421511 2.88 200
1583088423642 2.91 201
1583088425746 2.93 202
1583088427837 2.95 203
1583088429954 2.98 204
1583088432061 3.06 205
1583088434197 3.07 206
1583088436717 3.06 207
1583088439096 3.16 208
1583088441753 3.17 209
1583088444026 3.2 210
1583088446581 3.28 211
1583088448694 3.34 212
1583088450812 3.43 213
1583088453089 3.49 214
1583088455688 3.55 215
1583088458077 3.6 216
1583088460205 3.71 217
1583088462299 3.73 218
1583088464413 3.74 219
1583088466540 3.82 220
1583088468664 3.86 221
1583088470780 3.92 222
1583088472879 3.99 223
1583088475009 4.07 224
1583088477124 4.15 225
1583088479219 4.22 226
1583088481339 4.27 227
1583088483448 4.32 228
1583088485556 4.32 229
1583088487659 4.4 230
1583088489787 4.46 231
1583088492418 4.55 232
1583088494561 4.63 233
1583088496693 4.68 234
1583088498826 4.73 235
1583088500952 4.78 236
1583088503083 4.84 237
1583088505186 4.9 238
1583088507293 4.93 239
1583088509429 4.9 240
1583088511831 4.99 241
1583088514106 5.09 242
1583088516487 5.1 243
1583088519031 5.14 244
1583088521724 5.15 245
1583088524173 5.18 246
1583088528285 5.28 247
1583088530848 5.33 248
1583088533703 5.4 249
1583088536101 5.48 250
1583088538239 5.5 251
1583088540420 5.48 252
1583088542535 5.55 253
1583088544653 5.53 254
1583088546761 5.6 255
1583088548878 5.66 256
1583088550983 5.65 257
1583088553105 5.7 258
1583088555213 5.78 259
1583088557336 5.72 260
1583088559445 5.73 261
1583088561558 5.78 262
1583088563750 5.81 263
1583088565867 5.83 264
1583088567986 5.82 265
1583088570105 5.92 266
1583088572297 5.94 267
1583088574401 5.96 268
1583088576498 6.0 269
1583088578608 6.08 270
1583088580714 6.13 271
1583088582811 6.16 272
1583088584933 6.11 273
1583088587060 6.14 274
1583088589174 6.23 275
1583088591283 6.28 276
1583088593398 6.3 277
1583088595510 6.26 278
1583088597623 6.28 279
1583088599744 6.35 280
1583088601870 6.43 281
1583088603977 6.43 282
1583088606081 6.38 283
1583088608196 6.49 284
1583088610316 6.5 285
1583088612410 6.57 286
1583088614586 6.64 287
1583088616712 6.7 288
1583088618849 6.74 289
1583088620968 6.72 290
1583088623085 6.82 291
1583088625196 6.75 292
1583088627333 6.73 293
1583088629439 6.81 294
1583088631540 6.83 295
1583088633641 6.82 296
1583088635756 6.77 297
1583088637875 6.88 298
1583088639988 6.8 299
1583088642089 6.88 300
1583088644204 6.96 301
1583088646325 7.04 302
1583088648429 7.1 303
1583088650521 7.15 304
1583088652620 7.18 305
1583088654734 7.25 306
1583088656842 7.4 307
1583088658970 7.35 308
1583088661063 7.42 309
1583088663190 7.47 310
1583088665301 7.5 311
1583088667414 7.52 312
1583088669519 7.45 313
1583088671631 7.52 314
1583088673740 7.51 315
1583088675848 7.55 316
1583088677995 7.53 317
1583088680122 7.57 318
1583088682229 7.64 319
1583088684363 7.65 320
1583088686464 7.67 321
1583088688561 7.6 322
1583088690667 7.6 323
1583088692787 7.63 324
1583088694914 7.62 325
1583088697025 7.69 326
1583088699129 7.66 327
1583088701244 7.61 328
1583088703355 7.71 329
1583088705455 7.64 330
1583088707568 7.6 331
1583088709682 7.62 332
1583088711790 7.67 333
1583088713904 7.73 334
1583088716019 7.71 335
1583088718142 7.74 336
1583088720244 7.72 337
1583088722359 7.66 338
1583088724467 7.74 339
1583088726587 7.86 340
1583088728716 7.87 341
1583088730878 7.86 342
1583088733009 7.9 343
1583088735132 7.94 344
1583088737294 7.97 345
1583088739454 7.93 346
1583088741557 7.9 347
1583088743695 7.94 348
1583088745808 7.91 349
1583088747915 7.89 350
1583088750029 7.97 351
1583088752141 8.08 352
1583088754266 8.14 353
1583088756378 8.13 354
1583088758496 8.11 355
1583088760658 8.15 356
1583088762776 8.21 357
1583088764899 8.25 358
1583088767030 8.27 359
1583088769144 8.3 360
1583088771262 8.41 361
1583088773368 8.43 362
1583088775476 8.52 363
1583088777572 8.52 364
1583088779687 8.55 365
1583088781816 8.64 366
1583088783949 8.72 367
1583088786064 8.83 368
1583088788175 8.83 369
1583088790300 8.77 370
1583088792422 8.84 371
1583088794535 8.82 372
1583088796679 8.9 373
1583088798853 8.97 374
1583088800955 8.87 375
1583088803075 8.93 376
1583088805205 8.98 377
1583088807331 9.05 378
1583088809451 9.07 379
1583088811567 9.13 380
1583088813690 9.17 381
1583088815801 9.28 382
1583088817911 9.31 383
1583088820088 9.33 384
1583088822276 9.42 385
1583088824435 9.48 386
1583088826599 9.48 387
1583088828757 9.53 388
1583088830979 9.6 389
1583088833147 9.63 390
1583088835336 9.63 391
1583088837497 9.72 392
1583088839687 9.76 393
1583088841851 9.72 394
1583088844015 9.75 395
1583088846206 9.78 396
1583088848366 9.86 397
1583088850523 9.84 398
1583088852685 9.94 399
1583088854858 9.93 400
1583088857015 9.91 401
1583088859176 9.98 402
1583088861369 10.02 403
1583088863548 10.03 404
1583088865727 10.04 405
1583088867895 10.01 406
1583088870070 10.0 407
1583088872230 10.09 408
1583088874415 10.06 409
1583088876560 10.12 410
1583088878717 10.11 411
1583088880880 10.21 412
1583088883040 10.3 413
1583088885218 10.23 414
1583088887406 10.25 415
1583088889550 10.35 416
1583088891694 10.37 417
1583088893857 10.33 418
1583088896033 10.32 419
1583088898188 10.38 420
1583088900360 10.4 421
1583088902497 10.43 422
1583088904661 10.5 423
1583088906829 10.5 424
1583088909002 10.57 425
1583088911176 10.53 426
1583088913340 10.57 427
1583088915511 10.72 428
1583088917684 10.72 429
1583088919861 10.84 430
1583088922021 10.89 431
1583088924185 10.94 432
1583088926365 10.89 433
1583088928539 10.91 434
1583088930700 10.91 435
1583088932860 10.91 436
1583088935012 10.97 437
1583088937166 11.06 438
1583088939339 11.11 439
1583088941489 11.1 440
1583088943656 11.2 441
1583088945802 11.21 442
1583088947981 11.22 443
1583088950155 11.18 444
1583088952321 11.26 445
1583088954535 11.31 446
1583088956757 11.41 447
1583088958953 11.41 448
1583088961160 11.54 449
1583088963382 11.56 450
1583088965558 11.6 451
1583088967739 11.62 452
1583088969928 11.65 453
1583088972109 11.78 454
1583088974258 11.83 455
1583088976435 11.9 456
1583088978590 11.93 457
1583088980776 11.9 458
1583088982953 11.95 459
1583088985130 12.01 460
1583088987329 11.92 461
1583088989509 11.95 462
1583088991665 11.94 463
1583088993843 12.01 464
1583088996009 12.08 465
1583088998161 12.06 466
1583089000304 12.02 467
1583089002505 12.09 468
1583089004673 12.11 469
1583089006832 12.25 470
1583089008985 12.17 471
1583089011119 12.26 472
1583089013277 12.32 473
1583089015464 12.29 474
1583089017623 12.39 475
1583089019804 12.4 476
1583089021973 12.44 477
1583089024087 12.5 478
1583089026204 12.54 479
1583089028374 12.55 480
1583089030546 12.58 481
1583089032691 12.53 482
1583089034860 12.63 483
1583089037025 12.6 484
1583089039184 12.6 485
1583089041341 12.57 486
1583089043531 12.51 487
1583089045674 12.48 488
1583089047837 12.51 489
1583089050018 12.49 490
1583089052178 12.51 491
1583089054347 12.47 492
1583089056495 12.42 493
1583089058638 12.51 494
1583089060838 12.65 495
1583089063040 12.63 496
1583089065194 12.66 497
1583089067362 12.71 498
1583089069535 12.7 499
1583089071721 12.7 500
1583089073900 12.75 501
1583089076059 12.75 502
1583089078215 12.76 503
1583089080362 12.84 504
1583089082502 12.89 505
1583089084630 12.95 506
1583089086748 12.97 507
1583089088903 13.0 508
1583089091074 13.08 509
1583089093240 13.11 510
1583089095401 13.15 511
1583089097567 13.11 512
1583089099719 13.1 513
1583089101879 13.14 514
1583089104052 13.16 515
1583089106219 13.13 516
1583089108377 13.2 517
1583089110528 13.37 518
1583089112672 13.42 519
1583089114833 13.45 520
1583089116993 13.46 521
1583089119160 13.49 522
1583089121330 13.43 523
1583089123502 13.49 524
1583089125677 13.58 525
1583089127843 13.61 526
1583089130026 13.71 527
1583089132220 13.62 528
1583089134397 13.68 529
1583089136536 13.78 530
1583089138689 13.86 531
1583089140847 13.84 532
1583089143023 13.87 533
1583089145171 13.8 534
1583089147352 13.85 535
1583089149495 13.91 536
1583089151676 13.97 537
1583089153836 13.96 538
1583089156004 13.98 539
1583089158174 13.99 540
1583089160342 13.92 541
1583089162530 13.91 542
1583089164677 13.94 543
1583089166843 13.99 544
1583089169002 14.06 545
1583089171185 14.15 546
1583089173329 14.11 547
1583089175488 14.16 548
1583089177630 14.15 549
1583089179799 14.24 550
1583089181951 14.29 551
1583089184118 14.2 552
1583089186297 14.18 553
1583089188446 14.22 554
1583089190596 14.25 555
1583089192753 14.19 556
1583089194923 14.25 557
1583089197088 14.26 558
1583089199232 14.27 559
1583089201408 14.3 560
1583089203565 14.45 561
1583089205714 14.53 562
1583089207888 14.55 563
1583089210065 14.44 564
1583089212236 14.46 565
1583089214406 14.48 566
1583089216547 14.51 567
1583089218707 14.53 568
1583089220852 14.61 569
1583089223034 14.6 570
1583089225198 14.7 571
1583089227367 14.73 572
1583089229531 14.82 573
1583089231682 14.85 574
1583089233849 14.9 575
1583089236031 14.91 576
1583089238214 14.85 577
1583089240382 14.85 578
1583089242563 14.82 579
1583089244710 14.85 580
1583089246864 14.86 581
1583089249002 14.91 582
1583089251174 14.88 583
1583089253354 14.84 584
1583089255510 14.77 585
1583089257665 14.8 586
1583089259835 14.87 587
1583089262020 14.88 588
1583089264210 14.88 589
1583089266388 14.95 590
1583089268558 14.93 591
1583089270732 14.97 592
1583089272910 15.01 593
1583089275080 14.97 594
1583089277250 14.92 595
1583089279410 14.95 596
1583089281571 14.98 597
1583089283765 14.97 598
1583089285935 15.03 599
1583089288087 15.08 600
1583089290263 15.04 601
1583089292438 15.05 602
1583089294592 15.1 603
1583089296758 15.08 604
1583089298951 15.1 605
1583089301127 15.19 606
1583089303275 15.19 607
1583089305429 15.15 608
1583089307566 15.13 609
1583089309717 15.11 610
1583089311900 15.13 611
1583089314095 15.17 612
1583089316267 15.17 613
1583089318440 15.31 614
1583089320608 15.29 615
1583089322768 15.25 616
1583089324941 15.22 617
1583089327115 15.15 618
1583089329265 15.23 619
1583089331439 15.18 620
1583089333609 15.25 621
1583089335755 15.37 622
1583089337930 15.46 623
1583089340096 15.4 624
1583089342238 15.27 625
1583089344391 15.28 626
1583089346560 15.29 627
1583089348740 15.37 628
1583089350915 15.34 629
1583089353078 15.26 630
1583089355251 15.21 631
1583089357418 15.26 632
1583089359574 15.31 633
1583089361744 15.35 634
1583089363884 15.43 635
1583089366047 15.39 636
1583089368197 15.36 637
1583089370368 15.38 638
1583089372549 15.33 639
1583089374726 15.36 640
1583089376863 15.39 641
1583089379047 15.44 642
1583089381214 15.45 643
1583089383373 15.45 644
1583089385531 15.45 645
1583089387672 15.45 646
1583089389838 15.46 647
1583089391975 15.39 648
1583089394126 15.42 649
1583089396308 15.37 650
1583089398463 15.29 651
1583089400620 15.35 652
1583089402784 15.36 653
1583089404951 15.33 654
1583089407135 15.28 655
1583089409297 15.29 656
1583089411462 15.32 657
1583089413592 15.3 658
1583089415745 15.31 659
1583089417945 15.32 660
1583089420138 15.24 661
1583089422298 15.09 662
1583089424445 15.14 663
1583089426618 15.26 664
1583089428795 15.29 665
1583089430979 15.32 666
1583089433129 15.37 667
1583089435283 15.38 668
1583089437431 15.38 669
1583089439614 15.42 670
1583089441793 15.42 671
1583089443953 15.38 672
1583089446091 15.28 673
1583089448262 15.33 674
1583089450431 15.33 675
1583089452575 15.3 676
1583089454732 15.38 677
1583089456897 15.4 678
1583089460538 15.5 679
1583089462863 15.53 680
1583089465849 15.52 681
1583089469857 15.53 682
1583089471984 15.55 683
1583089474104 15.68 684
1583089476224 15.77 685
1583089478334 15.79 686
1583089480472 15.82 687
1583089482588 15.87 688
1583089484733 15.79 689
1583089486860 15.8 690
1583089489587 15.89 691
1583089492287 15.96 692
1583089495116 16.02 693
1583089497241 16.07 694
1583089499352 15.97 695
1583089501464 16.02 696
1583089503580 16.03 697
1583089506759 15.95 698
1583089509541 15.98 699
1583089511843 15.98 700
1583089514201 16.08 701
1583089516561 16.08 702
1583089518942 16.01 703
1583089521329 16.03 704
1583089523681 15.98 705
1583089525787 15.88 706
1583089528098 15.9 707
1583089530408 15.92 708
1583089532531 16.0 709
1583089534735 16.04 710
1583089536851 16.04 711
1583089538955 16.02 712
1583089541078 16.06 713
1583089543584 15.97 714
1583089545793 16.01 715
1583089548470 16.07 716
1583089550649 16.08 717
1583089552755 16.11 718
1583089554868 16.07 719
1583089556976 16.08 720
1583089559209 16.1 721
1583089561332 16.06 722
1583089563440 16.03 723
1583089565556 16.09 724
1583089567662 16.09 725
1583089569938 16.12 726
1583089572457 16.17 727
1583089574602 16.11 728
1583089577107 16.12 729
1583089579508 16.08 730
1583089581620 16.09 731
1583089583767 16.08 732
1583089586097 16.13 733
1583089588779 16.14 734
1583089591073 16.1 735
1583089593222 16.14 736
1583089595335 16.15 737
1583089597444 16.15 738
1583089599565 16.18 739
1583089601672 16.12 740
1583089603795 16.11 741
1583089605945 16.15 742
1583089608061 16.09 743
1583089610173 16.12 744
1583089612302 16.13 745
1583089614447 16.21 746
1583089616820 16.25 747
1583089619052 16.34 748
1583089621156 16.26 749
1583089623569 16.28 750
1583089626179 16.27 751
1583089628444 16.29 752
1583089631037 16.3 753
1583089633985 16.29 754
1583089636818 16.36 755
1583089638929 16.39 756
1583089641110 16.27 757
1583089643749 16.37 758
1583089646270 16.34 759
1583089648692 16.35 760
1583089651195 16.42 761
1583089654297 16.45 762
1583089656407 16.41 763
1583089658515 16.45 764
1583089660622 16.4 765
1583089663138 16.32 766
1583089665659 16.32 767
1583089667849 16.2 768
1583089670059 16.17 769
1583089672574 16.14 770
1583089675192 16.15 771
1583089678424 16.22 772
1583089681316 16.24 773
1583089683927 16.26 774
1583089687066 16.33 775
1583089689260 16.36 776
1583089691370 16.38 777
1583089693483 16.4 778
1583089695598 16.41 779
1583089697707 16.38 780
1583089699837 16.38 781
1583089701960 16.41 782
1583089704073 16.45 783
1583089706173 16.42 784
1583089708287 16.41 785
1583089710397 16.39 786
1583089712733 16.37 787
1583089714927 16.37 788
1583089717081 16.53 789
1583089719516 16.57 790
1583089721680 16.53 791
1583089723798 16.49 792
1583089725933 16.5 793
1583089728054 16.46 794
1583089730163 16.59 795
1583089732675 16.59 796
1583089735156 16.49 797
1583089737266 16.63 798
1583089739358 16.68 799
1583089741455 16.7 800
1583089743982 16.61 801
1583089746228 16.61 802
1583089748362 16.68 803
1583089750472 16.62 804
1583089752581 16.68 805
1583089754759 16.71 806
1583089757003 16.66 807
1583089759090 16.69 808
1583089761189 16.68 809
1583089763299 16.67 810
1583089765402 16.67 811
1583089768421 16.7 812
1583089771148 16.74 813
1583089773604 16.73 814
1583089775711 16.74 815
1583089777831 16.78 816
1583089779937 16.78 817
1583089782036 16.76 818
1583089784154 16.77 819
1583089786267 16.8 820
1583089788387 16.81 821
1583089790494 16.79 822
1583089792590 16.81 823
1583089794700 16.75 824
1583089796837 16.84 825
1583089798982 16.84 826
1583089801182 16.81 827
1583089803688 16.88 828
1583089805870 16.84 829
1583089808004 16.92 830
1583089810124 17.0 831
1583089812262 17.02 832
1583089814405 16.99 833
1583089816572 16.99 834
1583089818718 17.0 835
1583089820868 17.04 836
1583089823030 17.03 837
1583089825140 17.03 838
1583089827280 16.97 839
1583089829447 17.04 840
1583089834910 17.05 841
1583089840582 17.01 842
1583089843741 17.11 843
1583089845899 17.11 844
1583089848037 17.14 845
1583089850163 17.03 846
1583089852662 16.98 847
1583089855347 16.94 848
1583089857809 17.03 849
1583089860046 17.0 850
1583089862538 17.07 851
1583089864672 17.01 852
1583089866800 16.9 853
1583089868919 16.97 854
1583089871043 16.96 855
1583089873160 16.99 856
1583089875303 17.1 857
1583089877436 17.08 858
1583089879557 17.05 859
1583089881729 16.98 860
1583089884610 16.97 861
1583089887067 17.04 862
1583089889603 17.03 863
1583089892114 17.02 864
1583089894679 17.06 865
1583089896914 17.08 866
1583089899045 17.01 867
1583089901165 17.01 868
1583089903343 17.01 869
1583089905465 16.94 870
1583089907564 16.92 871
1583089909743 16.85 872
1583089911874 16.78 873
1583089914064 16.71 874
1583089916461 16.66 875
1583089918670 16.69 876
1583089920943 16.65 877
1583089923381 16.66 878
1583089925652 16.63 879
1583089928160 16.66 880
1583089930663 16.69 881
1583089933148 16.72 882
1583089935281 16.7 883
1583089937490 16.69 884
1583089939941 16.7 885
1583089942150 16.74 886
1583089944270 16.71 887
1583089946404 16.69 888
1583089948519 16.58 889
1583089950631 16.58 890
1583089952826 16.57 891
1583089955163 16.62 892
1583089957574 16.56 893
1583089960057 16.55 894
1583089962358 16.48 895
1583089964661 16.43 896
1583089967019 16.51 897
1583089969488 16.51 898
1583089971822 16.45 899
1583089974245 16.42 900
1583089976543 16.44 901
1583089978678 16.44 902
1583089980818 16.43 903
1583089982927 16.53 904
1583089985045 16.48 905
1583089987164 16.49 906
1583089989460 16.55 907
1583089991701 16.58 908
1583089993824 16.62 909
1583089995947 16.63 910
1583089998258 16.65 911
1583090000663 16.64 912
1583090002906 16.5 913
1583090005048 16.52 914
1583090007176 16.54 915
1583090009297 16.57 916
1583090011425 16.63 917
1583090013580 16.62 918
1583090015824 16.62 919
1583090017961 16.67 920
1583090020072 16.63 921
1583090022206 16.72 922
1583090024392 16.74 923
1583090026655 16.8 924
1583090028914 16.82 925
1583090031128 16.85 926
1583090033250 16.81 927
1583090035415 16.81 928
1583090037693 16.92 929
1583090040080 16.89 930
1583090042734 16.89 931
1583090045976 16.81 932
1583090048107 16.83 933
1583090052602 16.87 934
1583090055688 16.85 935
1583090061627 16.85 936
1583090068378 16.83 937
1583090070544 16.84 938
1583090072854 16.85 939
1583090075781 16.87 940
1583090082029 16.85 941
1583090084361 16.82 942
1583090087010 16.8 943
1583090089406 16.82 944
1583090091572 16.79 945
1583090093793 16.8 946
1583090095997 16.88 947
1583090098291 16.88 948
1583090100405 16.88 949
1583090102538 16.92 950
1583090104685 16.9 951
1583090106808 16.9 952
1583090108928 17.01 953
1583090111048 16.83 954
1583090113169 16.86 955
1583090115280 16.8 956
1583090117426 16.78 957
1583090119553 16.82 958
1583090121664 16.88 959
1583090123809 16.98 960
1583090126008 16.97 961
1583090128587 17.04 962
1583090130963 17.13 963
1583090133278 17.12 964
1583090135637 17.08 965
1583090138713 17.08 966
1583090140869 17.09 967
1583090143004 17.11 968
1583090145134 17.07 969
1583090147264 17.08 970
1583090149430 17.08 971
1583090151779 17.11 972
1583090153901 17.23 973
1583090156135 17.23 974
1583090158262 17.2 975
1583090161356 17.16 976
1583090163630 17.2 977
1583090165826 17.24 978
1583090168150 17.24 979
1583090170418 17.16 980
1583090172954 17.14 981
1583090175069 17.07 982
1583090177194 16.97 983
1583090179473 16.94 984
1583090181732 16.92 985
1583090184101 16.92 986
1583090186559 16.96 987
1583090188670 16.97 988
1583090190792 17.04 989
1583090192915 17.02 990
1583090195182 17.06 991
1583090197501 17.06 992
1583090200047 17.1 993
1583090202303 17.15 994
1583090205191 17.2 995
1583090208044 17.19 996
1583090210942 17.18 997
1583090213286 17.1 998
1583090215436 17.12 999
1583090217629 17.1 1000
1583090219736 17.11 1001
1583090221907 17.16 1002
1583090224517 17.17 1003
1583090226707 17.14 1004
1583090229067 17.17 1005
1583090231619 17.2 1006
1583090234444 17.17 1007
1583090237196 17.15 1008
1583090239366 16.94 1009
1583090241663 16.94 1010
1583090244816 16.91 1011
1583090247800 16.9 1012
1583090250110 17.07 1013
1583090252710 17.05 1014
1583090254848 17.05 1015
1583090256984 16.95 1016
1583090259469 16.91 1017
1583090261699 16.91 1018
1583090263820 16.89 1019
1583090265987 16.87 1020
1583090268768 16.91 1021
1583090271642 16.83 1022
1583090274071 16.84 1023
1583090276244 16.83 1024
1583090278390 16.81 1025
1583090280496 16.77 1026
1583090282625 16.83 1027
1583090284786 16.8 1028
1583090287246 16.79 1029
1583090289384 16.91 1030
1583090291893 16.88 1031
1583090295077 16.94 1032
1583090297420 16.95 1033
1583090299531 16.91 1034
1583090301632 16.89 1035
1583090303789 16.86 1036
1583090306361 16.93 1037
1583090309566 16.94 1038
1583090311900 16.98 1039
1583090314017 16.95 1040
1583090316123 16.99 1041
1583090318502 17.04 1042
1583090321005 17.01 1043
1583090323124 17.0 1044
1583090325312 17.05 1045
1583090328480 17.06 1046
1583090330820 16.98 1047
1583090333131 17.03 1048
1583090335322 17.01 1049
1583090337541 17.0 1050
1583090339741 17.03 1051
1583090342002 17.1 1052
1583090344165 17.12 1053
1583090346793 17.25 1054
1583090348940 17.25 1055
1583090351347 17.32 1056
1583090353927 17.3 1057
1583090356158 17.34 1058
1583090358432 17.36 1059
1583090360629 17.33 1060
1583090362787 17.28 1061
1583090365353 17.21 1062
1583090367663 17.16 1063
1583090370164 17.17 1064
1583090372335 17.18 1065
1583090374648 17.18 1066
1583090377274 17.24 1067
1583090379830 17.3 1068
1583090382192 17.3 1069
1583090384306 17.35 1070
1583090386416 17.31 1071
1583090388509 17.37 1072
1583090390658 17.35 1073
1583090392779 17.31 1074
1583090394905 17.36 1075
1583090397001 17.39 1076
1583090399123 17.42 1077
1583090401238 17.35 1078
1583090403359 17.38 1079
1583090405476 17.48 1080
1583090407651 17.48 1081
1583090410431 17.5 1082
1583090413230 17.61 1083
1583090415608 17.7 1084
1583090418322 17.71 1085
1583090420784 17.71 1086
1583090423070 17.71 1087
1583090425173 17.72 1088
1583090427307 17.61 1089
1583090429428 17.62 1090
1583090431544 17.65 1091
1583090434224 17.61 1092
1583090436571 17.61 1093
1583090438684 17.59 1094
1583090440812 17.56 1095
1583090442931 17.62 1096
1583090445066 17.66 1097
1583090447217 17.66 1098
1583090449331 17.65 1099
1583090451431 17.69 1100
1583090453563 17.72 1101
1583090456017 17.65 1102
1583090458463 17.7 1103
1583090460896 17.67 1104
1583090463126 17.71 1105
1583090465294 17.74 1106
1583090467487 17.75 1107
1583090469667 17.75 1108
1583090471812 17.93 1109
1583090474013 17.99 1110
1583090476217 17.99 1111
1583090478316 17.96 1112
1583090480733 17.92 1113
1583090483218 17.91 1114
1583090485632 17.97 1115
1583090487808 18.06 1116
1583090490294 18.0 1117
1583090492770 18.08 1118
1583090495332 17.97 1119
1583090497850 17.94 1120
1583090500041 17.94 1121
1583090502145 17.98 1122
1583090504262 17.98 1123
1583090506378 18.04 1124
1583090508513 18.03 1125
1583090510644 18.04 1126
1583090512762 17.91 1127
1583090514873 17.88 1128
1583090516984 17.8 1129
1583090519092 17.64 1130
1583090521209 17.64 1131
1583090523367 17.64 1132
1583090525533 17.66 1133
1583090527865 17.58 1134
1583090530169 17.62 1135
1583090532385 17.64 1136
1583090534511 17.54 1137
1583090536639 17.48 1138
1583090538770 17.5 1139
1583090540907 17.54 1140
1583090543033 17.54 1141
1583090545170 17.51 1142
1583090547439 17.57 1143
1583090549974 17.58 1144
1583090553324 17.5 1145
1583090555526 17.51 1146
1583090557632 17.55 1147
1583090559740 17.52 1148
1583090561864 17.47 1149
1583090564006 17.45 1150
1583090566118 17.42 1151
1583090568232 17.4 1152
1583090570340 17.41 1153
1583090572456 17.42 1154
1583090574567 17.34 1155
1583090576670 17.28 1156
1583090578792 17.35 1157
1583090580927 17.26 1158
1583090583049 17.24 1159
1583090585173 17.25 1160
1583090587321 17.28 1161
1583090589432 17.28 1162
1583090591539 17.2 1163
1583090593655 17.15 1164
1583090595783 17.12 1165
1583090597903 17.15 1166
1583090600038 17.18 1167
1583090602162 17.19 1168
1583090604288 17.25 1169
1583090606431 17.22 1170
1583090608549 17.29 1171
1583090610647 17.26 1172
1583090612769 17.2 1173
1583090614920 17.29 1174
1583090617042 17.22 1175
1583090619171 17.06 1176
1583090621290 17.07 1177
1583090623423 17.05 1178
1583090625612 17.06 1179
1583090628082 17.04 1180
1583090630579 17.0 1181
1583090632956 17.0 1182
1583090635876 16.98 1183
1583090638775 16.95 1184
1583090641295 16.86 1185
1583090643545 16.84 1186
1583090646821 16.86 1187
1583090648940 16.89 1188
1583090651654 17.0 1189
1583090654280 17.0 1190
1583090656671 16.94 1191
1583090658797 16.97 1192
1583090660913 16.92 1193
1583090663123 16.95 1194
1583090665485 17.02 1195
1583090668802 16.99 1196
1583090672528 17.03 1197
1583090676703 17.05 1198
1583090679192 17.03 1199
1583090681612 17.04 1200
1583090683790 17.02 1201
1583090685945 16.99 1202
1583090688098 16.96 1203
1583090690495 16.96 1204
1583090693275 16.86 1205
1583090695906 16.79 1206
1583090698447 16.76 1207
1583090700750 16.73 1208
1583090702878 16.67 1209
1583090705012 16.59 1210
1583090707139 16.6 1211
1583090709262 16.61 1212
1583090711388 16.62 1213
1583090713503 16.49 1214
1583090715627 16.48 1215
1583090717767 16.36 1216
1583090719905 16.36 1217
1583090722016 16.21 1218
1583090725157 16.35 1219
1583090727361 16.35 1220
1583090730076 16.25 1221
1583090732593 16.3 1222
1583090736840 16.19 1223
1583090739730 16.13 1224
1583090742291 16.07 1225
1583090744413 16.0 1226
1583090746524 16.13 1227
1583090748627 16.13 1228
1583090750731 16.18 1229
1583090752849 16.27 1230
1583090754967 16.29 1231
1583090757064 16.29 1232
1583090759189 16.19 1233
1583090761291 16.33 1234
1583090763411 16.3 1235
1583090765529 16.31 1236
1583090767700 16.44 1237
1583090769843 16.49 1238
1583090772091 16.49 1239
1583090774244 16.43 1240
1583090776380 16.42 1241
1583090778510 16.43 1242
1583090780640 16.43 1243
1583090782760 16.43 1244
1583090784864 16.39 1245
1583090786980 16.41 1246
1583090789110 16.42 1247
1583090791219 16.45 1248
1583090793364 16.54 1249
1583090795494 16.54 1250
1583090797643 16.56 1251
1583090800278 16.64 1252
1583090802427 16.63 1253
1583090804684 16.65 1254
1583090806799 16.67 1255
1583090808953 16.65 1256
1583090811079 16.61 1257
1583090813194 16.66 1258
1583090815324 16.6 1259
1583090817436 16.61 1260
1583090819560 16.63 1261
1583090821685 16.7 1262
1583090823799 16.76 1263
1583090825892 16.82 1264
1583090828025 16.88 1265
1583090830219 16.95 1266
1583090832328 16.92 1267
1583090834457 16.86 1268
1583090836791 16.91 1269
1583090839422 16.88 1270
1583090841718 16.86 1271
1583090844507 16.87 1272
1583090846715 16.94 1273
1583090849182 16.9 1274
1583090851569 16.98 1275
1583090853692 17.16 1276
1583090855841 17.16 1277
1583090857979 17.15 1278
1583090860099 17.06 1279
1583090862232 17.1 1280
1583090864385 17.12 1281
1583090866510 17.09 1282
1583090868632 17.13 1283
1583090870752 17.11 1284
1583090872875 17.15 1285
1583090875004 17.16 1286
1583090877128 17.11 1287
1583090879245 17.09 1288
1583090881375 17.07 1289
1583090883505 17.01 1290
1583090885641 17.04 1291
1583090887751 17.03 1292
1583090889894 17.1 1293
1583090892022 17.04 1294
1583090894134 17.0 1295
1583090896276 17.01 1296
1583090898413 16.87 1297
1583090900526 16.88 1298
1583090902644 16.86 1299
1583090904786 16.83 1300
1583090906930 16.87 1301
1583090909063 16.93 1302
1583090911188 16.87 1303
1583090913308 16.87 1304
1583090915433 16.89 1305
1583090917558 16.89 1306
1583090919685 16.92 1307
1583090921810 16.9 1308
1583090923942 16.94 1309
1583090926077 16.91 1310
1583090928208 16.9 1311
1583090930361 16.89 1312
1583090932489 16.84 1313
1583090934603 17.02 1314
1583090936733 16.97 1315
1583090938934 17.05 1316
1583090941051 17.09 1317
1583090943199 17.13 1318
1583090945320 17.09 1319
1583090947432 17.03 1320
1583090949533 17.07 1321
1583090951655 16.91 1322
1583090953759 16.99 1323
1583090955893 16.99 1324
1583090958049 16.93 1325
1583090960179 17.06 1326
1583090962295 17.0 1327
1583090964436 17.01 1328
1583090966569 16.99 1329
1583090968700 17.01 1330
1583090970849 16.95 1331
1583090972987 16.96 1332
1583090975113 16.9 1333
1583090977232 16.84 1334
1583090979369 16.84 1335
1583090981511 16.85 1336
1583090983626 16.74 1337
1583090985753 16.73 1338
1583090988040 16.76 1339
1583090990177 16.78 1340
1583090992290 16.76 1341
1583090994425 16.74 1342
1583090996540 16.66 1343
1583090998690 16.65 1344
1583091000867 16.72 1345
1583091002999 16.69 1346
1583091005143 16.63 1347
1583091007248 16.61 1348
1583091009368 16.57 1349
1583091011481 16.54 1350
1583091013612 16.51 1351
1583091015739 16.43 1352
1583091017868 16.4 1353
1583091020004 16.4 1354
1583091022122 16.44 1355
1583091024246 16.52 1356
1583091026364 16.4 1357
1583091028480 16.33 1358
1583091030577 16.39 1359
1583091032702 16.44 1360
1583091034865 16.35 1361
1583091036994 16.27 1362
1583091039114 16.27 1363
1583091041230 16.25 1364
1583091043364 16.24 1365
1583091045476 16.14 1366
1583091047632 16.15 1367
1583091049801 16.17 1368
1583091051991 16.15 1369
1583091054173 16.19 1370
1583091056329 16.22 1371
1583091058479 16.25 1372
1583091060661 16.23 1373
1583091062831 16.2 1374
1583091065057 16.2 1375
1583091067229 16.2 1376
1583091069411 16.16 1377
1583091071576 16.21 1378
1583091073759 16.19 1379
1583091075929 16.15 1380
1583091078096 16.12 1381
1583091080271 16.14 1382
1583091082451 16.05 1383
1583091084601 16.08 1384
1583091086772 16.1 1385
1583091088952 16.03 1386
1583091091139 16.1 1387
1583091093320 16.03 1388
1583091095495 16.08 1389
1583091097664 16.1 1390
1583091099857 16.07 1391
1583091102010 16.0 1392
1583091104177 15.94 1393
1583091106343 15.93 1394
1583091108518 15.84 1395
1583091110668 15.77 1396
1583091112821 15.83 1397
1583091114980 15.88 1398
1583091117167 15.89 1399
1583091119309 15.95 1400
1583091121457 15.89 1401
1583091123612 15.86 1402
1583091125739 15.82 1403
1583091128075 15.91 1404
1583091130246 15.91 1405
1583091132415 15.86 1406
1583091134571 15.86 1407
1583091136710 15.89 1408
1583091138867 15.89 1409
1583091141027 15.94 1410
1583091143166 15.92 1411
1583091145320 15.93 1412
1583091147476 15.95 1413
1583091149669 15.88 1414
1583091151832 15.91 1415
1583091154022 15.77 1416
1583091156193 15.82 1417
1583091158376 15.84 1418
1583091160516 15.88 1419
1583091162669 15.98 1420
1583091164834 16.03 1421
1583091167038 16.16 1422
1583091169209 16.14 1423
1583091171382 16.12 1424
1583091173539 16.23 1425
1583091175713 16.1 1426
1583091177898 16.11 1427
1583091180094 16.16 1428
1583091182280 16.18 1429
1583091184451 16.12 1430
1583091186622 16.15 1431
1583091188782 16.12 1432
1583091190959 16.22 1433
1583091193150 16.24 1434
1583091195308 16.32 1435
1583091197472 16.27 1436
1583091199641 16.35 1437
1583091201812 16.39 1438
1583091204016 16.29 1439
1583091206202 16.31 1440
1583091208369 16.36 1441
1583091210529 16.41 1442
1583091212698 16.38 1443
1583091214880 16.37 1444
1583091217070 16.37 1445
1583091219261 16.38 1446
1583091221400 16.41 1447
1583091223560 16.41 1448
1583091225719 16.41 1449
1583091227871 16.46 1450
1583091230037 16.5 1451
1583091232167 16.55 1452
1583091234343 16.63 1453
1583091236524 16.55 1454
1583091238698 16.51 1455
1583091240870 16.44 1456
1583091243047 16.51 1457
1583091245219 16.5 1458
1583091247369 16.54 1459
1583091249530 16.46 1460
1583091251695 16.53 1461
1583091253878 16.56 1462
1583091256037 16.57 1463
1583091258235 16.58 1464
1583091260439 16.55 1465
1583091262609 16.62 1466
1583091264760 16.57 1467
1583091266946 16.51 1468
1583091269126 16.48 1469
1583091271290 16.48 1470
1583091273465 16.47 1471
1583091275625 16.44 1472
1583091277798 16.43 1473
1583091279962 16.4 1474
1583091282133 16.43 1475
1583091284298 16.4 1476
1583091286472 16.4 1477
1583091288599 16.39 1478
1583091290754 16.42 1479
1583091292907 16.37 1480
1583091295080 16.41 1481
1583091297254 16.38 1482
1583091299441 16.41 1483
1583091301610 16.42 1484
1583091303787 16.47 1485
1583091305971 16.48 1486
1583091308140 16.46 1487
1583091310293 16.47 1488
1583091312489 16.36 1489
1583091314670 16.27 1490
1583091316851 16.24 1491
1583091319009 16.32 1492
1583091321201 16.37 1493
1583091323382 16.38 1494
1583091325555 16.45 1495
1583091327705 16.49 1496
1583091329853 16.44 1497
1583091332014 16.41 1498
1583091334198 16.39 1499
1583091336381 16.34 1500
1583091338548 16.32 1501
1583091340720 16.34 1502
1583091342893 16.38 1503
1583091345073 16.32 1504
1583091347232 16.36 1505
1583091349387 16.39 1506
1583091351542 16.41 1507
1583091353720 16.43 1508
1583091355878 16.41 1509
1583091358036 16.4 1510
1583091360191 16.26 1511
1583091362350 16.12 1512
1583091364533 16.09 1513
1583091366679 16.1 1514
1583091368857 15.98 1515
1583091371031 16.02 1516
1583091373191 15.89 1517
1583091375370 15.89 1518
1583091377535 15.83 1519
1583091379689 15.73 1520
1583091381889 15.74 1521
1583091384068 15.56 1522
1583091386254 15.61 1523
1583091388428 15.58 1524
1583091390587 15.58 1525
1583091392749 15.65 1526
1583091394922 15.65 1527
1583091397100 15.6 1528
1583091399260 15.6 1529
1583091401452 15.6 1530
1583091403617 15.61 1531
1583091405799 15.63 1532
1583091407963 15.68 1533
1583091410147 15.72 1534
1583091412303 15.74 1535
1583091414483 15.76 1536
1583091416637 15.69 1537
1583091418823 15.67 1538
1583091421009 15.67 1539
1583091423213 15.65 1540
1583091425416 15.61 1541
1583091427541 15.41 1542
1583091429696 15.56 1543
1583091431863 15.58 1544
1583091434053 15.59 1545
1583091436194 15.63 1546
1583091438350 15.64 1547
1583091440516 15.64 1548
1583091442702 15.61 1549
1583091444874 15.58 1550
1583091447035 15.59 1551
1583091449216 15.53 1552
1583091451377 15.5 1553
1583091453555 15.51 1554
1583091455733 15.48 1555
1583091457903 15.42 1556
1583091460088 15.52 1557
1583091462252 15.52 1558
1583091464398 15.42 1559
1583091466560 15.41 1560
1583091468718 15.43 1561
1583091470869 15.33 1562
1583091473046 15.32 1563
1583091475220 15.26 1564
1583091477399 15.27 1565
1583091479581 15.19 1566
1583091481766 15.18 1567
1583091485432 15.22 1568
1583091487711 15.14 1569
1583091489949 15.14 1570
1583091492243 15.16 1571
1583091494744 15.08 1572
1583091497115 15.08 1573
1583091499691 15.14 1574
1583091502192 15.04 1575
1583091504563 15.01 1576
1583091506694 14.98 1577
1583091508797 14.99 1578
1583091511059 15.09 1579
1583091513570 15.07 1580
1583091515808 15.06 1581
1583091518687 15.05 1582
1583091521163 15.06 1583
1583091523509 15.06 1584
1583091525627 15.06 1585
1583091527739 15.1 1586
1583091529849 15.1 1587
1583091531955 15.11 1588
1583091534098 15.2 1589
1583091536232 15.35 1590
1583091538337 15.41 1591
1583091540444 15.44 1592
1583091542549 15.38 1593
1583091544663 15.38 1594
1583091546796 15.41 1595
1583091548913 15.47 1596
1583091551044 15.5 1597
1583091553153 15.44 1598
1583091555286 15.47 1599
1583091557697 15.5 1600
1583091560319 15.54 1601
1583091562451 15.48 1602
1583091564570 15.53 1603
1583091566685 15.52 1604
1583091568928 15.54 1605
1583091571361 15.56 1606
1583091573832 15.52 1607
1583091576011 15.47 1608
1583091578137 15.45 1609
1583091580271 15.43 1610
1583091582403 15.58 1611
1583091584519 15.74 1612
1583091586626 15.76 1613
1583091588748 15.77 1614
1583091590867 15.91 1615
1583091593007 15.99 1616
1583091595132 16.1 1617
1583091597238 16.12 1618
1583091599379 16.15 1619
1583091601500 16.17 1620
1583091603616 16.1 1621
1583091605729 16.28 1622
1583091607849 16.3 1623
1583091609971 16.33 1624
1583091612084 16.31 1625
1583091614208 16.33 1626
1583091616342 16.35 1627
1583091618463 16.33 1628
1583091620576 16.35 1629
1583091622700 16.33 1630
1583091624831 16.35 1631
1583091626945 16.33 1632
1583091629066 16.29 1633
1583091631178 16.16 1634
1583091633290 16.04 1635
1583091635437 16.05 1636
1583091637560 16.09 1637
1583091639680 16.09 1638
1583091641806 16.12 1639
1583091643929 16.12 1640
1583091646056 16.13 1641
1583091648185 16.28 1642
1583091650303 16.2 1643
1583091652436 16.15 1644
1583091654553 16.11 1645
1583091656665 16.09 1646
1583091658782 16.05 1647
1583091660905 16.05 1648
1583091663048 16.06 1649
1583091665170 16.13 1650
1583091667312 16.08 1651
1583091669420 16.15 1652
1583091671533 16.17 1653
1583091673646 16.21 1654
1583091675770 16.3 1655
1583091677895 16.4 1656
1583091680033 16.34 1657
1583091682147 16.39 1658
1583091684286 16.47 1659
1583091686406 16.47 1660
1583091688513 16.49 1661
1583091690634 16.54 1662
1583091692745 16.53 1663
1583091694863 16.61 1664
1583091696992 16.63 1665
1583091699117 16.71 1666
1583091701235 16.75 1667
1583091703366 16.81 1668
1583091705470 16.87 1669
1583091707592 16.93 1670
1583091709720 16.86 1671
1583091711850 16.95 1672
1583091713957 17.02 1673
1583091716070 17.06 1674
1583091718217 17.03 1675
1583091720325 16.96 1676
1583091722460 17.01 1677
1583091724591 16.92 1678
1583091726715 16.86 1679
1583091728830 16.8 1680
1583091730964 16.82 1681
1583091733092 16.87 1682
1583091735311 16.89 1683
1583091737418 16.88 1684
1583091739535 16.78 1685
1583091741655 16.83 1686
1583091743797 16.81 1687
1583091745922 16.83 1688
1583091748040 16.82 1689
1583091750161 16.73 1690
1583091752269 16.71 1691
1583091754394 16.67 1692
1583091756490 16.72 1693
1583091758586 16.74 1694
1583091760716 16.75 1695
1583091762854 16.71 1696
1583091764975 16.7 1697
1583091767098 16.78 1698
1583091769208 16.8 1699
1583091771318 16.79 1700
1583091773445 16.74 1701
1583091775582 16.77 1702
1583091777698 16.79 1703
1583091779825 16.71 1704
1583091781945 16.66 1705
1583091784061 16.66 1706
1583091786185 16.74 1707
1583091788325 16.78 1708
1583091790460 16.82 1709
1583091792569 16.86 1710
1583091794714 16.88 1711
1583091796887 16.85 1712
1583091799074 16.87 1713
1583091801273 16.95 1714
1583091803466 16.89 1715
1583091805658 16.92 1716
1583091807831 16.91 1717
1583091810043 16.93 1718
1583091812269 16.9 1719
1583091814465 16.88 1720
1583091816643 16.92 1721
1583091818861 16.89 1722
1583091821029 16.8 1723
1583091823204 16.8 1724
1583091825369 16.76 1725
1583091827552 16.72 1726
1583091829706 16.67 1727
1583091831885 16.76 1728
1583091834059 16.71 1729
1583091836242 16.71 1730
1583091838426 16.65 1731
1583091840579 16.69 1732
1583091842724 16.74 1733
1583091844892 16.81 1734
1583091847087 16.85 1735
1583091849258 16.87 1736
1583091851422 16.86 1737
1583091853598 16.79 1738
1583091855752 16.83 1739
1583091857930 16.83 1740
1583091860112 16.84 1741
1583091862271 16.78 1742
1583091864507 16.69 1743
1583091866671 16.63 1744
1583091868846 16.61 1745
1583091871021 16.61 1746
1583091873204 16.61 1747
1583091875371 16.6 1748
1583091877551 16.62 1749
1583091879717 16.63 1750
1583091881866 16.7 1751
1583091884031 16.71 1752
1583091886199 16.68 1753
1583091888397 16.72 1754
1583091890581 16.67 1755
1583091892754 16.65 1756
1583091894961 16.65 1757
1583091897116 16.5 1758
1583091899273 16.46 1759
1583091901422 16.44 1760
1583091903566 16.37 1761
1583091905726 16.37 1762
1583091907898 16.28 1763
1583091910075 16.24 1764
1583091912258 16.2 1765
1583091914453 16.2 1766
1583091916606 16.13 1767
1583091918765 16.07 1768
1583091920932 16.1 1769
1583091923113 16.01 1770
1583091925265 16.05 1771
1583091927417 15.88 1772
1583091929561 15.8 1773
1583091931720 15.79 1774
1583091933883 15.8 1775
1583091936053 15.85 1776
1583091938250 15.83 1777
1583091940437 15.85 1778
1583091942610 15.85 1779
1583091944768 15.92 1780
1583091946969 15.9 1781
1583091949124 15.92 1782
1583091951284 15.76 1783
1583091953417 15.77 1784
1583091955604 15.84 1785
1583091957778 15.84 1786
1583091959952 15.82 1787
1583091962139 15.8 1788
1583091964304 15.72 1789
1583091966482 15.75 1790
1583091968625 15.73 1791
1583091970804 15.69 1792
1583091972988 15.68 1793
1583091975149 15.66 1794
1583091977313 15.61 1795
1583091979488 15.66 1796
1583091981638 15.66 1797
1583091983825 15.62 1798
1583091985995 15.65 1799
1583091988153 15.65 1800
1583091990336 15.68 1801
1583091992501 15.66 1802
1583091994664 15.59 1803
1583091996828 15.63 1804
1583091998970 15.67 1805
1583092001150 15.66 1806
1583092003313 15.53 1807
1583092005478 15.5 1808
1583092007638 15.44 1809
1583092009796 15.41 1810
1583092011976 15.35 1811
1583092014161 15.34 1812
1583092016344 15.4 1813
1583092018539 15.38 1814
1583092020705 15.36 1815
1583092022863 15.29 1816
1583092025027 15.26 1817
1583092027191 15.26 1818
1583092029330 15.26 1819
1583092031509 15.34 1820
1583092033660 15.32 1821
1583092035838 15.27 1822
1583092038001 15.27 1823
1583092040175 15.27 1824
1583092042346 15.32 1825
1583092044519 15.4 1826
1583092046699 15.42 1827
1583092048864 15.36 1828
1583092051069 15.4 1829
1583092053253 15.38 1830
1583092055403 15.45 1831
1583092057579 15.41 1832
1583092059766 15.31 1833
1583092061941 15.41 1834
1583092064087 15.38 1835
1583092066254 15.29 1836
1583092068447 15.28 1837
1583092070621 15.4 1838
1583092072808 15.39 1839
1583092074955 15.39 1840
1583092077137 15.37 1841
1583092079328 15.49 1842
1583092081511 15.62 1843
1583092083673 15.78 1844
1583092085821 15.83 1845
1583092087986 15.86 1846
1583092090136 15.94 1847
1583092092288 15.92 1848
1583092094470 15.88 1849
1583092096644 15.82 1850
1583092098784 15.76 1851
1583092100971 15.72 1852
1583092103164 15.72 1853
1583092105342 15.7 1854
1583092107500 15.72 1855
1583092109660 15.69 1856
1583092111818 15.66 1857
1583092113998 15.78 1858
1583092116165 15.8 1859
1583092118322 15.86 1860
1583092120478 15.92 1861
1583092122653 15.93 1862
1583092124834 15.99 1863
1583092127017 15.95 1864
1583092129167 15.98 1865
1583092131339 15.96 1866
1583092133519 16.03 1867
1583092135699 16.05 1868
1583092137879 16.07 1869
1583092140049 16.08 1870
1583092142377 16.1 1871
1583092144711 16.32 1872
1583092147176 16.34 1873
1583092149347 16.27 1874
1583092151497 16.22 1875
1583092153655 16.28 1876
1583092155832 16.3 1877
1583092158007 16.35 1878
1583092160187 16.4 1879
1583092162372 16.44 1880
1583092164576 16.43 1881
1583092166740 16.43 1882
1583092168917 16.58 1883
1583092171087 16.46 1884
1583092173274 16.45 1885
1583092175444 16.42 1886
1583092177603 16.42 1887
1583092179762 16.49 1888
1583092181939 16.58 1889
1583092184124 16.6 1890
1583092186283 16.58 1891
1583092188460 16.6 1892
1583092190645 16.54 1893
1583092192821 16.53 1894
1583092195027 16.51 1895
1583092197184 16.47 1896
1583092199344 16.49 1897
1583092201503 16.54 1898
1583092203659 16.53 1899
1583092205836 16.51 1900
1583092208018 16.5 1901
1583092210186 16.48 1902
1583092212360 16.53 1903
1583092214506 16.6 1904
1583092216673 16.59 1905
1583092218866 16.64 1906
1583092221022 16.69 1907
1583092223203 16.65 1908
1583092225384 16.71 1909
1583092227571 16.62 1910
1583092229746 16.71 1911
1583092231922 16.69 1912
1583092234095 16.56 1913
1583092236274 16.59 1914
1583092238491 16.62 1915
1583092240660 16.66 1916
1583092242836 16.57 1917
1583092244995 16.6 1918
1583092247160 16.58 1919
1583092249324 16.54 1920
1583092251516 16.54 1921
1583092253672 16.55 1922
1583092255843 16.55 1923
1583092258010 16.51 1924
1583092260182 16.51 1925
1583092262359 16.45 1926
1583092264537 16.49 1927
1583092266700 16.46 1928
1583092268884 16.45 1929
1583092271068 16.47 1930
1583092273245 16.52 1931
1583092275407 16.49 1932
1583092277570 16.57 1933
1583092279723 16.49 1934
1583092281896 16.54 1935
1583092284041 16.57 1936
1583092286201 16.53 1937
1583092288388 16.38 1938
1583092290568 16.33 1939
1583092292724 16.35 1940
1583092294887 16.34 1941
1583092297042 16.32 1942
1583092299213 16.29 1943
1583092301373 16.16 1944
1583092303572 16.1 1945
1583092305737 16.06 1946
1583092307900 16.01 1947
1583092310064 16.11 1948
1583092312222 16.18 1949
1583092314391 16.18 1950
1583092316554 16.26 1951
1583092318709 16.23 1952
1583092320888 16.18 1953
1583092323037 16.19 1954
1583092325207 16.18 1955
1583092327359 16.23 1956
1583092329523 16.3 1957
1583092331684 16.29 1958
1583092333872 16.28 1959
1583092336020 16.24 1960
1583092338196 16.25 1961
1583092340377 16.21 1962
1583092342559 16.28 1963
1583092344699 16.3 1964
1583092346874 16.36 1965
1583092349064 16.34 1966
1583092351214 16.36 1967
1583092353402 16.39 1968
1583092355570 16.41 1969
1583092357732 16.36 1970
1583092359880 16.28 1971
1583092362031 16.2 1972
1583092364203 16.18 1973
1583092366364 16.23 1974
1583092368521 16.28 1975
1583092370689 16.28 1976
1583092372856 16.2 1977
1583092375014 16.17 1978
1583092377187 16.16 1979
1583092379380 16.19 1980
1583092381557 16.27 1981
1583092383719 16.3 1982
1583092385885 16.34 1983
1583092388046 16.43 1984
1583092390219 16.46 1985
1583092392406 16.39 1986
1583092394567 16.39 1987
1583092396736 16.33 1988
1583092398906 16.32 1989
1583092401076 16.3 1990
1583092403283 16.34 1991
1583092405453 16.33 1992
1583092407616 16.36 1993
1583092409777 16.31 1994
1583092411955 16.35 1995
1583092414135 16.33 1996
1583092416306 16.35 1997
1583092418484 16.3 1998
1583092420669 16.12 1999
1583092422842 16.21 2000
