1584657974752 1 1
1584657977450 0.9995 2
1584657980023 0.9990002500000001 3
1584657982573 0.9985007498750001 4
1584657985057 0.9980014995000627 5
1584657987650 0.9975024987503127 6
1584657990336 0.9970037475009376 7
1584657992963 0.9965052456271871 8
1584657995572 0.9960069930043736 9
1584657998054 0.9955089895078715 10
1584658000557 0.9950112350131176 11
1584658003260 0.9945137293956111 12
1584658005831 0.9940164725309134 13
1584658008314 0.993519464294648 14
1584658010795 0.9930227045625007 15
1584658013389 0.9925261932102195 16
1584658016027 0.9920299301136144 17
1584658018800 0.9915339151485576 18
1584658021726 0.9910381481909833 19
1584658025201 0.990542629116888 20
1584658027985 0.9900473578023296 21
1584658030408 0.9895523341234285 22
1584658032861 0.9890575579563669 23
1584658036468 0.9885630291773887 24
1584658039001 0.9880687476628001 25
1584658041770 0.9875747132889687 26
1584658044204 0.9870809259323243 27
1584658046742 0.9865873854693582 28
1584658049104 0.9860940917766235 29
1584658051472 0.9856010447307353 30
1584658053950 0.98510824420837 31
1584658056435 0.9846156900862658 32
1584658059237 0.9841233822412228 33
1584658061705 0.9836313205501022 34
1584658064256 0.9831395048898272 35
1584658066625 0.9826479351373822 36
1584658069205 0.9821566111698136 37
1584658071640 0.9816655328642288 38
1584658074075 0.9811747000977967 39
1584658076575 0.9806841127477479 40
1584658079060 0.9801937706913741 41
1584658081558 0.9797036738060285 42
1584658084281 0.9792138219691255 43
1584658086683 0.978724215058141 44
1584658089265 0.978234852950612 45
1584658091760 0.9777457355241367 46
1584658094239 0.9772568626563747 47
1584658096817 0.9767682342250465 48
1584658099424 0.976279850107934 49
1584658101923 0.9757917101828801 50
1584658104467 0.9753038143277888 51
1584658106910 0.974816162420625 52
1584658109338 0.9743287543394147 53
1584658111827 0.973841589962245 54
1584658114377 0.973354669167264 55
1584658116924 0.9728679918326804 56
1584658119941 0.972381557836764 57
1584658122582 0.9718953670578457 58
1584658126323 0.9714094193743169 59
1584658128841 0.9709237146646298 60
1584658131297 0.9704382528072976 61
1584658133796 0.9699530336808939 62
1584658136298 0.9694680571640535 63
1584658138771 0.9689833231354715 64
1584658141363 0.9684988314739038 65
1584658144647 0.9680145820581669 66
1584658147097 0.9675305747671379 67
1584658149610 0.9670468094797544 68
1584658152123 0.9665632860750146 69
1584658154690 0.9660800044319772 70
1584658157259 0.9655969644297613 71
1584658159706 0.9651141659475465 72
1584658162208 0.9646316088645728 73
1584658164652 0.9641492930601405 74
1584658167124 0.9636672184136105 75
1584658169689 0.9631853848044037 76
1584658172131 0.9627037921120016 77
1584658174694 0.9622224402159457 78
1584658177263 0.9617413289958378 79
1584658179737 0.9612604583313399 80
1584658182257 0.9607798281021742 81
1584658184884 0.9602994381881231 82
1584658187660 0.9598192884690291 83
1584658190119 0.9593393788247946 84
1584658192534 0.9588597091353822 85
1584658194922 0.9583802792808146 86
1584658197540 0.9579010891411742 87
1584658199998 0.9574221385966036 88
1584658202606 0.9569434275273054 89
1584658205077 0.9564649558135419 90
1584658207542 0.9559867233356352 91
1584658209998 0.9555087299739674 92
1584658212562 0.9550309756089804 93
1584658215010 0.954553460121176 94
1584658217652 0.9540761833911156 95
1584658220086 0.95359914529942 96
1584658222687 0.9531223457267703 97
1584658225177 0.952645784553907 98
1584658227636 0.9521694616616301 99
1584658230081 0.9516933769307994 100
1584658232640 0.951217530242334 101
1584658235092 0.9507419214772129 102
1584658237621 0.9502665505164744 103
1584658240084 0.9497914172412162 104
1584658242573 0.9493165215325956 105
1584658244993 0.9488418632718294 106
1584658247513 0.9483674423401935 107
1584658250007 0.9478932586190235 108
1584658252485 0.9474193119897141 109
1584658255000 0.9469456023337193 110
1584658257460 0.9464721295325524 111
1584658260021 0.9459988934677862 112
1584658262570 0.9455258940210524 113
1584658265203 0.9450531310740419 114
1584658267617 0.9445806045085049 115
1584658270058 0.9441083142062507 116
1584658272486 0.9436362600491477 117
1584658274904 0.9431644419191232 118
1584658277406 0.9426928596981636 119
1584658279904 0.9422215132683146 120
1584658282382 0.9417504025116805 121
1584658284838 0.9412795273104247 122
1584658287238 0.9408088875467696 123
1584658289614 0.9403384831029963 124
1584658292153 0.9398683138614449 125
1584658294631 0.9393983797045142 126
1584658297035 0.938928680514662 127
1584658299489 0.9384592161744048 128
1584658301959 0.9379899865663176 129
1584658304499 0.9375209915730345 130
1584658306935 0.937052231077248 131
1584658309430 0.9365837049617094 132
1584658311937 0.9361154131092286 133
1584658314443 0.9356473554026741 134
1584658316901 0.9351795317249728 135
1584658319375 0.9347119419591103 136
1584658322316 0.9342445859881309 137
1584658324919 0.9337774636951368 138
1584658327423 0.9333105749632893 139
1584658329914 0.9328439196758077 140
1584658332419 0.9323774977159699 141
1584658334925 0.9319113089671119 142
1584658337502 0.9314453533126285 143
1584658339986 0.9309796306359722 144
1584658342460 0.9305141408206543 145
1584658345039 0.9300488837502441 146
1584658347465 0.9295838593083691 147
1584658349932 0.929119067378715 148
1584658352483 0.9286545078450257 149
1584658354947 0.9281901805911033 150
1584658357389 0.9277260855008077 151
1584658359946 0.9272622224580573 152
1584658362554 0.9267985913468284 153
1584658365135 0.926335192051155 154
1584658367610 0.9258720244551295 155
1584658370106 0.925409088442902 156
1584658372560 0.9249463838986807 157
1584658375095 0.9244839107067314 158
1584658377660 0.9240216687513781 159
1584658380130 0.9235596579170025 160
1584658382865 0.923097878088044 161
1584658385711 0.9226363291490001 162
1584658388940 0.9221750109844257 163
1584658392018 0.9217139234789336 164
1584658394857 0.9212530665171942 165
1584658398922 0.9207924399839357 166
1584658401764 0.9203320437639437 167
1584658405087 0.9198718777420618 168
1584658408569 0.9194119418031909 169
1584658412657 0.9189522358322894 170
1584658415303 0.9184927597143733 171
1584658417465 0.9180335133345161 172
1584658419707 0.917574496577849 173
1584658421893 0.9171157093295601 174
1584658424607 0.9166571514748953 175
1584658426801 0.916198822899158 176
1584658428950 0.9157407234877085 177
1584665631974 0.9152828531259647 178
1584665636957 0.9148252116994018 179
1584666011353 0.9143677990935521 180
1584666014285 0.9139106151940054 181
1584666016886 0.9134536598864085 182
1584666019351 0.9129969330564653 183
1584666066816 0.9125404345899372 184
1584666069308 0.9120841643726423 185
1584666071483 0.911628122290456 186
1584666074749 0.9111723082293108 187
1584666078171 0.9107167220751963 188
1584666081500 0.9102613637141588 189
1584666084412 0.9098062330323018 190
1584666087155 0.9093513299157857 191
1584666089914 0.9088966542508279 192
1584666092404 0.9084422059237025 193
1584666095012 0.9079879848207407 194
1584666097560 0.9075339908283304 195
1584666099976 0.9070802238329163 196
1584666102353 0.9066266837209999 197
1584666104606 0.9061733703791394 198
1584666106884 0.9057202836939499 199
1584666133912 0.9052674235521029 200
1584666136318 0.9048147898403269 201
1584666138503 0.9043623824454068 202
1584666140680 0.9039102012541841 203
1584666143193 0.9034582461535571 204
1584666145916 0.9030065170304803 205
1584666148360 0.9025550137719651 206
1584666151161 0.9021037362650792 207
1584666153669 0.9016526843969468 208
1584669160415 0.9012018580547484 209
1584669163756 0.900751257125721 210
1584669166734 0.9003008814971583 211
1584669169091 0.8998507310564098 212
1584669171416 0.8994008056908817 213
1584669173831 0.8989511052880362 214
1584669176711 0.8985016297353923 215
1584669180277 0.8980523789205246 216
1584669183275 0.8976033527310644 217
1584669185738 0.8971545510546989 218
1584669188809 0.8967059737791716 219
1584669192630 0.8962576207922821 220
1584675649760 0.895809491981886 221
1584675652638 0.8953615872358951 222
1584675656229 0.8949139064422772 223
1584675658994 0.8944664494890561 224
1584675663216 0.8940192162643116 225
1584675667948 0.8935722066561794 226
1584675672499 0.8931254205528514 227
1584675676582 0.8926788578425751 228
1584675680774 0.8922325184136538 229
1584675683599 0.891786402154447 230
1584675686538 0.8913405089533699 231
1584675689837 0.8908948386988933 232
1584675694152 0.8904493912795439 233
1584675698120 0.8900041665839042 234
1584675700808 0.8895591645006123 235
1584675704592 0.889114384918362 236
1584675707422 0.8886698277259029 237
1584675710083 0.88822549281204 238
1584675713452 0.887781380065634 239
1584675715968 0.8873374893756012 240
1584675718367 0.8868938206309135 241
1584675720748 0.8864503737205981 242
1584675723297 0.8860071485337379 243
1584675725626 0.885564144959471 244
1584675728506 0.8851213628869913 245
1584675730832 0.8846788022055478 246
1584675733208 0.8842364628044451 247
1584675735673 0.883794344573043 248
1584675738156 0.8833524474007565 249
1584675740504 0.8829107711770562 250
1584675742911 0.8824693157914677 251
1584675745270 0.882028081133572 252
1584675747737 0.8815870670930053 253
1584675751710 0.8811462735594588 254
1584675755562 0.8807057004226791 255
1584675758764 0.8802653475724679 256
1584675762105 0.8798252148986817 257
1584675767539 0.8793853022912325 258
1584675771634 0.8789456096400869 259
1584675774130 0.8785061368352669 260
1584675776581 0.8780668837668493 261
1584675779179 0.8776278503249659 262
1584675781859 0.8771890363998035 263
1584675784302 0.8767504418816037 264
1584675786725 0.876312066660663 265
1584675789076 0.8758739106273327 266
1584675791489 0.8754359736720191 267
1584675794221 0.8749982556851831 268
1584675796757 0.8745607565573406 269
1584675799114 0.8741234761790619 270
1584675801479 0.8736864144409725 271
1584675804163 0.873249571233752 272
1584675806532 0.8728129464481352 273
1584675808930 0.8723765399749112 274
1584675811311 0.8719403517049238 275
1584675814330 0.8715043815290714 276
1584675817465 0.8710686293383069 277
1584675821473 0.8706330950236377 278
1584675825433 0.870197778476126 279
1584675829183 0.869762679586888 280
1584675831537 0.8693277982470946 281
1584675833888 0.8688931343479711 282
1584675836580 0.8684586877807972 283
1584675839065 0.8680244584369068 284
1584675841417 0.8675904462076884 285
1584675843722 0.8671566509845846 286
1584675846454 0.8667230726590923 287
1584675848761 0.8662897111227629 288
1584675851239 0.8658565662672015 289
1584675853490 0.865423637984068 290
1584675856005 0.864990926165076 291
1584675858444 0.8645584307019936 292
1584675860937 0.8641261514866426 293
1584675864491 0.8636940884108993 294
1584675866982 0.8632622413666939 295
1584675869618 0.8628306102460106 296
1584675871930 0.8623991949408877 297
1584675875376 0.8619679953434173 298
1584675878405 0.8615370113457457 299
1584675880822 0.8611062428400729 300
1584675883658 0.8606756897186528 301
1584675886167 0.8602453518737936 302
1584675888431 0.8598152291978567 303
1584675890737 0.8593853215832578 304
1584675893393 0.8589556289224661 305
1584675895780 0.8585261511080049 306
1584675898114 0.858096888032451 307
1584675900627 0.8576678395884348 308
1584675903141 0.8572390056686406 309
1584675905416 0.8568103861658064 310
1584675907729 0.8563819809727236 311
1584675910172 0.8559537899822373 312
1584675912605 0.8555258130872462 313
1584675915018 0.8550980501807026 314
1584675917355 0.8546705011556123 315
1584675919672 0.8542431659050345 316
1584675922077 0.853816044322082 317
1584675924452 0.8533891362999211 318
1584675926884 0.8529624417317712 319
1584675929316 0.8525359605109053 320
1584675931712 0.8521096925306499 321
1584675933963 0.8516836376843847 322
1584675936282 0.8512577958655425 323
1584675938497 0.8508321669676098 324
1584675940772 0.850406750884126 325
1584675943121 0.8499815475086839 326
1584675945391 0.8495565567349297 327
1584675947634 0.8491317784565623 328
1584675949942 0.8487072125673341 329
1584675952516 0.8482828589610505 330
1584675954924 0.84785871753157 331
1584675957306 0.8474347881728043 332
1584675959748 0.847011070778718 333
1584675962037 0.8465875652433287 334
1584675964379 0.846164271460707 335
1584675966658 0.8457411893249768 336
1584675968959 0.8453183187303144 337
1584675971362 0.8448956595709493 338
1584675973789 0.8444732117411639 339
1584675976128 0.8440509751352934 340
1584675978575 0.8436289496477257 341
1584675981135 0.8432071351729019 342
1584675983592 0.8427855316053156 343
1584675986133 0.8423641388395129 344
1584675988536 0.8419429567700932 345
1584675991184 0.8415219852917082 346
1584675993963 0.8411012242990624 347
1584675996537 0.8406806736869129 348
1584675998810 0.8402603333500694 349
1584676001139 0.8398402031833945 350
1584676003501 0.8394202830818028 351
1584676005912 0.839000572940262 352
1584676008216 0.8385810726537919 353
1584676010469 0.8381617821174651 354
1584676012847 0.8377427012264064 355
1584676015101 0.8373238298757932 356
1584676017553 0.8369051679608553 357
1584676019920 0.8364867153768749 358
1584676022357 0.8360684720191865 359
1584676024607 0.835650437783177 360
1584676026911 0.8352326125642855 361
1584676029162 0.8348149962580034 362
1584676031524 0.8343975887598745 363
1584676033857 0.8339803899654946 364
1584676036156 0.833563399770512 365
1584676038546 0.8331466180706267 366
1584676040862 0.8327300447615915 367
1584676043269 0.8323136797392108 368
1584676045669 0.8318975228993413 369
1584676048270 0.8314815741378917 370
1584676050620 0.8310658333508228 371
1584676053020 0.8306503004341474 372
1584676055343 0.8302349752839304 373
1584676057631 0.8298198577962885 374
1584676060046 0.8294049478673904 375
1584676062388 0.8289902453934568 376
1584676064758 0.8285757502707601 377
1584676067086 0.8281614623956248 378
1584676070062 0.8277473816644271 379
1584676072586 0.827333507973595 380
1584676076071 0.8269198412196082 381
1584676079351 0.8265063812989984 382
1584676083540 0.826093128108349 383
1584676086002 0.8256800815442948 384
1584676088451 0.8252672415035227 385
1584676090740 0.824854607882771 386
1584676093291 0.8244421805788297 387
1584676095604 0.8240299594885403 388
1584676097926 0.8236179445087961 389
1584676100283 0.8232061355365418 390
1584676102700 0.8227945324687735 391
1584676105146 0.8223831352025393 392
1584676107666 0.821971943634938 393
1584676110081 0.8215609576631205 394
1584676112785 0.8211501771842891 395
1584676115199 0.820739602095697 396
1584676117534 0.8203292322946492 397
1584676120073 0.8199190676785019 398
1584676122489 0.8195091081446627 399
1584676124929 0.8190993535905904 400
1584676127477 0.8186898039137951 401
1584676130146 0.8182804590118382 402
1584676132675 0.8178713187823323 403
1584676135105 0.8174623831229412 404
1584676137544 0.8170536519313798 405
1584676139850 0.8166451251054142 406
1584676142303 0.8162368025428616 407
1584676144767 0.8158286841415902 408
1584676147075 0.8154207697995194 409
1584676149442 0.8150130594146197 410
1584676151755 0.8146055528849124 411
1584676154139 0.81419825010847 412
1584676156505 0.8137911509834158 413
1584676158844 0.8133842554079241 414
1584676161179 0.8129775632802202 415
1584676163660 0.8125710744985801 416
1584676166031 0.8121647889613309 417
1584676168491 0.8117587065668503 418
1584676170808 0.8113528272135669 419
1584676173217 0.8109471507999602 420
1584676175606 0.8105416772245603 421
1584676177979 0.8101364063859481 422
1584676180333 0.8097313381827551 423
1584676182664 0.8093264725136637 424
1584676185336 0.808921809277407 425
1584676187739 0.8085173483727683 426
1584676190013 0.808113089698582 427
1584676192560 0.8077090331537328 428
1584676194929 0.8073051786371559 429
1584676197363 0.8069015260478374 430
1584676199658 0.8064980752848135 431
1584676202169 0.8060948262471712 432
1584676204568 0.8056917788340476 433
1584676206981 0.8052889329446307 434
1584676209301 0.8048862884781584 435
1584676211638 0.8044838453339194 436
1584676214028 0.8040816034112525 437
1584676216575 0.8036795626095469 438
1584676218919 0.8032777228282422 439
1584676221412 0.8028760839668281 440
1584676223741 0.8024746459248447 441
1584676226271 0.8020734086018824 442
1584676228806 0.8016723718975814 443
1584676231307 0.8012715357116327 444
1584676233650 0.8008708999437769 445
1584676236057 0.8004704644938051 446
1584676238451 0.8000702292615582 447
1584676240751 0.7996701941469275 448
1584676243085 0.7992703590498541 449
1584676245456 0.7988707238703292 450
1584676248024 0.7984712885083941 451
1584676250363 0.79807205286414 452
1584676252741 0.797673016837708 453
1584676255071 0.7972741803292892 454
1584676257566 0.7968755432391246 455
1584676260030 0.796477105467505 456
1584676262368 0.7960788669147714 457
1584676264760 0.7956808274813141 458
1584676267222 0.7952829870675735 459
1584676269513 0.7948853455740398 460
1584676271820 0.7944879029012528 461
1584676274312 0.7940906589498022 462
1584676276927 0.7936936136203274 463
1584676279333 0.7932967668135174 464
1584676281786 0.7929001184301107 465
1584676284383 0.7925036683708957 466
1584676286826 0.7921074165367102 467
1584676289286 0.7917113628284419 468
1584676291766 0.7913155071470277 469
1584676294150 0.7909198493934543 470
1584676296496 0.7905243894687576 471
1584676298948 0.7901291272740233 472
1584676301234 0.7897340627103864 473
1584676303533 0.7893391956790312 474
1584676305843 0.7889445260811917 475
1584676308163 0.7885500538181511 476
1584676310549 0.7881557787912421 477
1584676312808 0.7877617009018465 478
1584676315174 0.7873678200513956 479
1584676317631 0.7869741361413699 480
1584676320005 0.7865806490732993 481
1584676322353 0.7861873587487627 482
1584676324730 0.7857942650693883 483
1584676327107 0.7854013679368537 484
1584676329496 0.7850086672528853 485
1584676331801 0.784616162919259 486
1584676334218 0.7842238548377993 487
1584676336703 0.7838317429103805 488
1584676339097 0.7834398270389253 489
1584676341450 0.783048107125406 490
1584676343803 0.7826565830718433 491
1584676346149 0.7822652547803074 492
1584676348999 0.7818741221529173 493
1584676351401 0.7814831850918409 494
1584676353810 0.781092443499295 495
1584676356162 0.7807018972775454 496
1584676358462 0.7803115463289066 497
1584676360796 0.7799213905557423 498
1584676363102 0.7795314298604644 499
1584676365548 0.7791416641455342 500
1584676368000 0.7787520933134615 501
1584676370299 0.7783627172668048 502
1584676372698 0.7779735359081715 503
1584676375094 0.7775845491402175 504
1584676377507 0.7771957568656473 505
1584676379954 0.7768071589872145 506
1584676382457 0.776418755407721 507
1584676384874 0.7760305460300172 508
1584676387278 0.7756425307570022 509
1584676389643 0.7752547094916237 510
1584676391993 0.7748670821368779 511
1584676394910 0.7744796485958095 512
1584676397528 0.7740924087715116 513
1584676401210 0.773705362567126 514
1584676404387 0.7733185098858425 515
1584676408795 0.7729318506308996 516
1584676411390 0.7725453847055842 517
1584676413854 0.7721591120132315 518
1584676416237 0.771773032457225 519
1584676418574 0.7713871459409963 520
1584676420944 0.7710014523680259 521
1584676423528 0.7706159516418419 522
1584676425814 0.770230643666021 523
1584676428229 0.7698455283441881 524
1584676430526 0.769460605580016 525
1584676433061 0.7690758752772261 526
1584676435481 0.7686913373395875 527
1584676437856 0.7683069916709178 528
1584676440153 0.7679228381750823 529
1584676442633 0.7675388767559949 530
1584676445033 0.7671551073176169 531
1584676447488 0.7667715297639581 532
1584676450040 0.7663881439990762 533
1584676452428 0.7660049499270767 534
1584676454812 0.7656219474521132 535
1584676457311 0.7652391364783871 536
1584676459638 0.764856516910148 537
1584676462048 0.764474088651693 538
1584676464393 0.7640918516073671 539
1584676466849 0.7637098056815635 540
1584676469426 0.7633279507787228 541
1584676471929 0.7629462868033335 542
1584676474406 0.7625648136599319 543
1584676476916 0.762183531253102 544
1584676479447 0.7618024394874755 545
1584676481824 0.7614215382677318 546
1584676484138 0.761040827498598 547
1584676486494 0.7606603070848488 548
1584676488907 0.7602799769313064 549
1584676491276 0.7598998369428408 550
1584676493610 0.7595198870243695 551
1584676495962 0.7591401270808573 552
1584676498385 0.7587605570173169 553
1584676500748 0.7583811767388083 554
1584676503131 0.758001986150439 555
1584676505471 0.7576229851573638 556
1584676507946 0.7572441736647851 557
1584676510621 0.7568655515779528 558
1584676513098 0.7564871188021638 559
1584676515490 0.7561088752427627 560
1584676517871 0.7557308208051414 561
1584676520359 0.7553529553947389 562
1584676522727 0.7549752789170415 563
1584676525077 0.7545977912775831 564
1584676527866 0.7542204923819443 565
1584676530329 0.7538433821357534 566
1584676532731 0.7534664604446856 567
1584676535148 0.7530897272144633 568
1584676537499 0.7527131823508562 569
1584676539967 0.7523368257596807 570
1584676542364 0.751960657346801 571
1584676544692 0.7515846770181276 572
1584676547258 0.7512088846796185 573
1584676549750 0.7508332802372788 574
1584676552138 0.7504578635971602 575
1584676554551 0.7500826346653616 576
1584676557310 0.7497075933480289 577
1584676559714 0.7493327395513549 578
1584676562197 0.7489580731815793 579
1584676564714 0.7485835941449885 580
1584676567274 0.748209302347916 581
1584676569766 0.7478351976967421 582
1584676572211 0.7474612800978938 583
1584676574815 0.747087549457845 584
1584676577318 0.7467140056831161 585
1584676579702 0.7463406486802746 586
1584676582165 0.7459674783559345 587
1584676584650 0.7455944946167565 588
1584676587180 0.7452216973694482 589
1584676589550 0.7448490865207635 590
1584676592027 0.7444766619775032 591
1584676594390 0.7441044236465144 592
1584676596736 0.7437323714346912 593
1584676599110 0.7433605052489739 594
1584676601540 0.7429888249963494 595
1584676603935 0.7426173305838513 596
1584676606368 0.7422460219185594 597
1584676608702 0.7418748989076002 598
1584676611068 0.7415039614581465 599
1584676613467 0.7411332094774175 600
1584676616114 0.7407626428726788 601
1584676618392 0.7403922615512425 602
1584676620762 0.7400220654204669 603
1584676623121 0.7396520543877567 604
1584676625440 0.7392822283605629 605
1584676627810 0.7389125872463826 606
1584676630164 0.7385431309527595 607
1584676632484 0.7381738593872831 608
1584676634872 0.7378047724575895 609
1584676637333 0.7374358700713607 610
1584676639704 0.737067152136325 611
1584676642106 0.7366986185602569 612
1584676644590 0.7363302692509768 613
1584676647075 0.7359621041163513 614
1584676649519 0.7355941230642932 615
1584676651846 0.735226326002761 616
1584676654230 0.7348587128397597 617
1584676656566 0.7344912834833398 618
1584676658909 0.7341240378415982 619
1584676661276 0.7337569758226774 620
1584676663595 0.7333900973347661 621
1584676665945 0.7330234022860987 622
1584676668369 0.7326568905849558 623
1584676670671 0.7322905621396634 624
1584676673253 0.7319244168585936 625
1584676675724 0.7315584546501643 626
1584676678052 0.7311926754228393 627
1584676680422 0.7308270790851279 628
1584676682754 0.7304616655455853 629
1584676685759 0.7300964347128126 630
1584676688176 0.7297313864954562 631
1584676692012 0.7293665208022085 632
1584676695700 0.7290018375418075 633
1584676699502 0.7286373366230366 634
1584676702666 0.7282730179547252 635
1584676706822 0.7279088814457478 636
1584676709612 0.727544927005025 637
1584676712060 0.7271811545415225 638
1584676714578 0.7268175639642518 639
1584676716845 0.7264541551822697 640
1584676719263 0.7260909281046787 641
1584676721619 0.7257278826406264 642
1584676724440 0.7253650186993061 643
1584676726831 0.7250023361899566 644
1584676729293 0.7246398350218617 645
1584676731754 0.7242775151043508 646
1584676734393 0.7239153763467987 647
1584676736776 0.7235534186586253 648
1584676739119 0.7231916419492961 649
1584676741660 0.7228300461283215 650
1584676744030 0.7224686311052574 651
1584676746341 0.7221073967897048 652
1584676748880 0.72174634309131 653
1584676751324 0.7213854699197644 654
1584676753738 0.7210247771848045 655
1584676756151 0.7206642647962122 656
1584676758501 0.7203039326638141 657
1584676761106 0.7199437806974822 658
1584676763462 0.7195838088071335 659
1584676765978 0.71922401690273 660
1584676769184 0.7188644048942786 661
1584676772048 0.7185049726918316 662
1584676774447 0.7181457202054857 663
1584676776854 0.717786647345383 664
1584676779217 0.7174277540217103 665
1584676781555 0.7170690401446995 666
1584676783975 0.7167105056246272 667
1584676786346 0.716352150371815 668
1584676788656 0.7159939742966291 669
1584676790962 0.7156359773094809 670
1584676793394 0.7152781593208262 671
1584676795668 0.7149205202411658 672
1584676797949 0.7145630599810453 673
1584676800258 0.7142057784510548 674
1584676802824 0.7138486755618293 675
1584676805146 0.7134917512240484 676
1584676807430 0.7131350053484364 677
1584676809751 0.7127784378457622 678
1584676812043 0.7124220486268393 679
1584676814501 0.712065837602526 680
1584676816825 0.7117098046837247 681
1584676819175 0.7113539497813829 682
1584676821523 0.7109982728064922 683
1584676824033 0.710642773670089 684
1584676826433 0.710287452283254 685
1584676828852 0.7099323085571124 686
1584676831216 0.7095773424028339 687
1584676833725 0.7092225537316325 688
1584676836050 0.7088679424547667 689
1584676838327 0.7085135084835393 690
1584676840671 0.7081592517292976 691
1584676843140 0.707805172103433 692
1584676845505 0.7074512695173812 693
1584676847851 0.7070975438826226 694
1584676850478 0.7067439951106813 695
1584676852808 0.7063906231131261 696
1584676855213 0.7060374278015695 697
1584676857600 0.7056844090876688 698
1584676860046 0.705331566883125 699
1584676862633 0.7049789010996835 700
1584676865345 0.7046264116491338 701
1584676867831 0.7042740984433092 702
1584676870298 0.7039219613940876 703
1584676872551 0.7035700004133906 704
1584676875024 0.703218215413184 705
1584676877439 0.7028666063054774 706
1584676879916 0.7025151730023247 707
1584676882339 0.7021639154158236 708
1584676884726 0.7018128334581157 709
1584676887164 0.7014619270413868 710
1584676889498 0.7011111960778661 711
1584676891842 0.7007606404798272 712
1584676894195 0.7004102601595873 713
1584676896547 0.7000600550295075 714
1584676899061 0.6997100250019928 715
1584676901423 0.6993601699894918 716
1584676903815 0.6990104899044971 717
1584676906176 0.6986609846595448 718
1584676908575 0.6983116541672151 719
1584676910884 0.6979624983401315 720
1584676913372 0.6976135170909614 721
1584676915673 0.697264710332416 722
1584676917997 0.6969160779772499 723
1584676920292 0.6965676199382612 724
1584676922630 0.6962193361282921 725
1584676924982 0.695871226460228 726
1584676927259 0.6955232908469979 727
1584676930617 0.6951755292015744 728
1584676933104 0.6948279414369737 729
1584676935447 0.6944805274662552 730
1584676937751 0.6941332872025221 731
1584676940079 0.6937862205589209 732
1584676942412 0.6934393274486415 733
1584676944800 0.6930926077849172 734
1584676947152 0.6927460614810248 735
1584676949495 0.6923996884502843 736
1584676951885 0.6920534886060592 737
1584676954223 0.6917074618617562 738
1584676956675 0.6913616081308254 739
1584676958956 0.69101592732676 740
1584676961361 0.6906704193630966 741
1584676963633 0.6903250841534151 742
1584676966400 0.6899799216113385 743
1584676968888 0.6896349316505328 744
1584676971360 0.6892901141847075 745
1584676975016 0.6889454691276152 746
1584676978550 0.6886009963930515 747
1584676981525 0.688256695894855 748
1584676985030 0.6879125675469077 749
1584676988010 0.6875686112631343 750
1584676990576 0.6872248269575028 751
1584676994260 0.6868812145440241 752
1584676997676 0.6865377739367521 753
1584677001320 0.6861945050497837 754
1584677003944 0.6858514077972588 755
1584677006340 0.6855084820933602 756
1584677009314 0.6851657278523136 757
1584677012369 0.6848231449883875 758
1584677014944 0.6844807334158933 759
1584677017670 0.6841384930491854 760
1584677020364 0.6837964238026608 761
1584677023102 0.6834545255907595 762
1584677025514 0.6831127983279641 763
1584677028295 0.6827712419288002 764
1584677030474 0.6824298563078359 765
1584677032727 0.6820886413796821 766
1584677035180 0.6817475970589922 767
1584677037695 0.6814067232604628 768
1584677040151 0.6810660198988326 769
1584677043161 0.6807254868888832 770
1584677046282 0.6803851241454388 771
1584677049374 0.6800449315833662 772
1584677052238 0.6797049091175745 773
1584677055112 0.6793650566630158 774
1584677057995 0.6790253741346843 775
1584677060471 0.678685861447617 776
1584677062745 0.6783465185168932 777
1584677065057 0.6780073452576348 778
1584677067503 0.6776683415850061 779
1584677069716 0.6773295074142136 780
1584677071973 0.6769908426605066 781
1584677074375 0.6766523472391763 782
1584677077428 0.6763140210655568 783
1584677079732 0.6759758640550241 784
1584677081941 0.6756378761229966 785
1584677084429 0.6753000571849351 786
1584677087215 0.6749624071563427 787
1584677089521 0.6746249259527646 788
1584677091798 0.6742876134897883 789
1584677094126 0.6739504696830434 790
1584677096648 0.673613494448202 791
1584677099035 0.6732766877009779 792
1584677101341 0.6729400493571275 793
1584677103752 0.672603579332449 794
1584677106377 0.6722672775427828 795
1584677110524 0.6719311439040114 796
1584677113084 0.6715951783320595 797
1584677116114 0.6712593807428935 798
1584677118554 0.6709237510525221 799
1584677121071 0.6705882891769959 800
1584677123333 0.6702529950324074 801
1584677125526 0.6699178685348912 802
1584677127779 0.6695829096006238 803
1584677130453 0.6692481181458235 804
1584677132976 0.6689134940867506 805
1584677135445 0.6685790373397072 806
1584677137882 0.6682447478210375 807
1584677140298 0.667910625447127 808
1584677142606 0.6675766701344035 809
1584677144916 0.6672428817993363 810
1584677147436 0.6669092603584367 811
1584677150039 0.6665758057282575 812
1584677152622 0.6662425178253933 813
1584677154970 0.6659093965664807 814
1584677157801 0.6655764418681975 815
1584677160160 0.6652436536472635 816
1584677163408 0.6649110318204399 817
1584677166058 0.6645785763045297 818
1584677168660 0.6642462870163774 819
1584677171159 0.6639141638728693 820
1584677173708 0.6635822067909328 821
1584677176064 0.6632504156875374 822
1584677178512 0.6629187904796937 823
1584677181069 0.6625873310844539 824
1584677183771 0.6622560374189117 825
1584677186282 0.6619249094002023 826
1584677189675 0.6615939469455022 827
1584677192184 0.6612631499720295 828
1584677194927 0.6609325183970435 829
1584677197674 0.660602052137845 830
1584677200322 0.660271751111776 831
1584677203204 0.6599416152362202 832
1584677206072 0.6596116444286021 833
1584677208730 0.6592818386063878 834
1584677211098 0.6589521976870846 835
1584677213776 0.6586227215882411 836
1584677217083 0.658293410227447 837
1584677219399 0.6579642635223334 838
1584677221799 0.6576352813905723 839
1584677224242 0.657306463749877 840
1584677226773 0.6569778105180021 841
1584677229214 0.6566493216127431 842
1584677231753 0.6563209969519368 843
1584677234179 0.6559928364534608 844
1584677236467 0.6556648400352342 845
1584677238693 0.6553370076152166 846
1584677240850 0.655009339111409 847
1584677243065 0.6546818344418533 848
1584677245483 0.6543544935246325 849
1584677248113 0.6540273162778703 850
1584677250701 0.6537003026197313 851
1584677253540 0.6533734524684215 852
1584677256706 0.6530467657421873 853
1584677259873 0.6527202423593162 854
1584677262491 0.6523938822381367 855
1584677265940 0.6520676852970176 856
1584677268826 0.6517416514543691 857
1584677271056 0.651415780628642 858
1584677273330 0.6510900727383278 859
1584677275562 0.6507645277019586 860
1584677277819 0.6504391454381077 861
1584677280069 0.6501139258653886 862
1584677282345 0.649788868902456 863
1584677284638 0.6494639744680049 864
1584677286891 0.6491392424807709 865
1584677289184 0.6488146728595305 866
1584677291510 0.6484902655231009 867
1584677293816 0.6481660203903393 868
1584677296271 0.6478419373801442 869
1584677298544 0.6475180164114541 870
1584677300787 0.6471942574032484 871
1584677302973 0.6468706602745469 872
1584677305181 0.6465472249444096 873
1584677307980 0.6462239513319374 874
1584677310866 0.6459008393562715 875
1584677313281 0.6455778889365934 876
1584677315682 0.6452550999921252 877
1584677318141 0.6449324724421291 878
1584677320450 0.6446100062059081 879
1584677322969 0.6442877012028052 880
1584677325358 0.6439655573522038 881
1584677327852 0.6436435745735278 882
1584677330301 0.6433217527862412 883
1584677332640 0.6430000919098481 884
1584677335099 0.6426785918638932 885
1584677337450 0.6423572525679613 886
1584677339775 0.6420360739416774 887
1584677342498 0.6417150559047066 888
1584677344974 0.6413941983767543 889
1584677347349 0.6410735012775659 890
1584677349716 0.6407529645269272 891
1584677352366 0.6404325880446637 892
1584677354688 0.6401123717506414 893
1584677357217 0.6397923155647661 894
1584677360212 0.6394724194069837 895
1584677362762 0.6391526831972802 896
1584677365059 0.6388331068556816 897
1584677367625 0.6385136903022538 898
1584677369906 0.6381944334571027 899
1584677372440 0.6378753362403742 900
1584677375058 0.637556398572254 901
1584677377315 0.6372376203729679 902
1584677379883 0.6369190015627815 903
1584677382255 0.6366005420620001 904
1584677384725 0.6362822417909691 905
1584677387049 0.6359641006700737 906
1584677389301 0.6356461186197387 907
1584677392153 0.6353282955604289 908
1584677394618 0.6350106314126487 909
1584677396887 0.6346931260969424 910
1584677399357 0.634375779533894 911
1584677401964 0.6340585916441271 912
1584677404324 0.6337415623483051 913
1584677406978 0.633424691567131 914
1584677409199 0.6331079792213474 915
1584677411569 0.6327914252317368 916
1584677413915 0.6324750295191209 917
1584677416467 0.6321587920043614 918
1584677418786 0.6318427126083592 919
1584677421090 0.6315267912520551 920
1584677423356 0.6312110278564291 921
1584677425692 0.630895422342501 922
1584677428469 0.6305799746313298 923
1584677430845 0.6302646846440141 924
1584677433315 0.6299495523016921 925
1584677435674 0.6296345775255413 926
1584677438033 0.6293197602367786 927
1584677440370 0.6290051003566602 928
1584677442723 0.628690597806482 929
1584677445397 0.6283762525075788 930
1584677448108 0.6280620643813251 931
1584677450571 0.6277480333491344 932
1584677453247 0.6274341593324599 933
1584677455806 0.6271204422527937 934
1584677458702 0.6268068820316673 935
1584677461196 0.6264934785906515 936
1584677463720 0.6261802318513562 937
1584677466396 0.6258671417354306 938
1584677469344 0.6255542081645629 939
1584677471861 0.6252414310604806 940
1584677474552 0.6249288103449504 941
1584677477348 0.624616345939778 942
1584677480053 0.6243040377668081 943
1584677482595 0.6239918857479247 944
1584677485546 0.6236798898050508 945
1584677488573 0.6233680498601484 946
1584677491001 0.6230563658352183 947
1584677493642 0.6227448376523007 948
1584677496541 0.6224334652334746 949
1584677499520 0.622122248500858 950
1584677501797 0.6218111873766076 951
1584677504073 0.6215002817829193 952
1584677506948 0.6211895316420278 953
1584677509827 0.6208789368762069 954
1584677512273 0.6205684974077688 955
1584677514860 0.6202582131590649 956
1584677517639 0.6199480840524855 957
1584677520291 0.6196381100104592 958
1584677523042 0.619328290955454 959
1584677525514 0.6190186268099763 960
1584677528011 0.6187091174965714 961
1584677530515 0.6183997629378232 962
1584677532857 0.6180905630563543 963
1584677535467 0.6177815177748261 964
1584677537799 0.6174726270159387 965
1584677540094 0.6171638907024308 966
1584677542638 0.6168553087570796 967
1584677545288 0.6165468811027011 968
1584677548085 0.6162386076621498 969
1584677550733 0.6159304883583188 970
1584677553275 0.6156225231141397 971
1584677556108 0.6153147118525827 972
1584677558444 0.6150070544966564 973
1584677560906 0.6146995509694081 974
1584677563333 0.6143922011939235 975
1584677565721 0.6140850050933265 976
1584677568282 0.6137779625907799 977
1584677570554 0.6134710736094845 978
1584677573001 0.6131643380726798 979
1584677575442 0.6128577559036434 980
1584677578066 0.6125513270256917 981
1584677580505 0.6122450513621789 982
1584677582883 0.6119389288364978 983
1584677585207 0.6116329593720796 984
1584677587703 0.6113271428923936 985
1584677590102 0.6110214793209475 986
1584677592434 0.6107159685812871 987
1584677594748 0.6104106105969964 988
1584677597141 0.610105405291698 989
1584677599343 0.6098003525890522 990
1584677601600 0.6094954524127577 991
1584677604062 0.6091907046865513 992
1584677607676 0.6088861093342081 993
1584677610033 0.608581666279541 994
1584677612485 0.6082773754464013 995
1584677614822 0.6079732367586781 996
1584677617133 0.6076692501402988 997
1584677619308 0.6073654155152287 998
1584677621634 0.6070617328074711 999
1584677624057 0.6067582019410674 1000
1584677626697 0.606454822840097 1001
1584677628993 0.606151595428677 1002
1584677631175 0.6058485196309628 1003
1584677633350 0.6055455953711473 1004
1584677635707 0.6052428225734617 1005
1584677638275 0.6049402011621751 1006
1584677640665 0.604637731061594 1007
1584677643101 0.6043354121960632 1008
1584677645600 0.6040332444899652 1009
1584677648155 0.6037312278677203 1010
1584677650342 0.6034293622537864 1011
1584677652634 0.6031276475726596 1012
1584677654839 0.6028260837488733 1013
1584677658244 0.6025246707069989 1014
1584677660859 0.6022234083716455 1015
1584677663096 0.6019222966674597 1016
1584677666254 0.601621335519126 1017
1584677669344 0.6013205248513664 1018
1584677671610 0.6010198645889407 1019
1584677674341 0.6007193546566463 1020
1584677677103 0.6004189949793179 1021
1584677679868 0.6001187854818283 1022
1584677682344 0.5998187260890874 1023
1584677685041 0.5995188167260429 1024
1584677687791 0.5992190573176799 1025
1584677690431 0.5989194477890211 1026
1584677692833 0.5986199880651266 1027
1584677695224 0.5983206780710941 1028
1584677697902 0.5980215177320586 1029
1584677700389 0.5977225069731926 1030
1584677702923 0.5974236457197061 1031
1584677705497 0.5971249338968463 1032
1584677707847 0.5968263714298979 1033
1584677710175 0.596527958244183 1034
1584677712381 0.596229694265061 1035
1584677714883 0.5959315794179285 1036
1584677717499 0.5956336136282195 1037
1584677719834 0.5953357968214055 1038
1584677722173 0.5950381289229948 1039
1584677724596 0.5947406098585333 1040
1584677727099 0.594443239553604 1041
1584677729896 0.5941460179338273 1042
1584677732186 0.5938489449248604 1043
1584677734571 0.593552020452398 1044
1584677737303 0.5932552444421718 1045
1584677739742 0.5929586168199508 1046
1584677742371 0.5926621375115408 1047
1584677745132 0.5923658064427851 1048
1584677747730 0.5920696235395638 1049
1584677750711 0.5917735887277941 1050
1584677753117 0.5914777019334302 1051
1584677755690 0.5911819630824635 1052
1584677758039 0.5908863721009223 1053
1584677760235 0.5905909289148719 1054
1584677762572 0.5902956334504145 1055
1584677764987 0.5900004856336893 1056
1584677767755 0.5897054853908725 1057
1584677770201 0.5894106326481772 1058
1584677772701 0.5891159273318531 1059
1584677775005 0.5888213693681873 1060
1584677777401 0.5885269586835032 1061
1584677779837 0.5882326952041615 1062
1584677782547 0.5879385788565595 1063
1584677785208 0.5876446095671313 1064
1584677788131 0.5873507872623477 1065
1584677790367 0.5870571118687166 1066
1584677792873 0.5867635833127822 1067
1584677795381 0.5864702015211258 1068
1584677797652 0.5861769664203653 1069
1584677799859 0.5858838779371551 1070
1584677802103 0.5855909359981866 1071
1584677804387 0.5852981405301875 1072
1584677806804 0.5850054914599224 1073
1584677809206 0.5847129887141925 1074
1584677811762 0.5844206322198354 1075
1584677814077 0.5841284219037255 1076
1584677816290 0.5838363576927736 1077
1584677818465 0.5835444395139273 1078
1584677820617 0.5832526672941704 1079
1584677822964 0.5829610409605233 1080
1584677825395 0.582669560440043 1081
1584677827669 0.582378225659823 1082
1584677830204 0.5820870365469931 1083
1584677832649 0.5817959930287196 1084
1584677835007 0.5815050950322053 1085
1584677837531 0.5812143424846892 1086
1584677840005 0.5809237353134469 1087
1584677842376 0.5806332734457902 1088
1584677844742 0.5803429568090673 1089
1584677847874 0.5800527853306628 1090
1584677850802 0.5797627589379976 1091
1584677853270 0.5794728775585286 1092
1584677855596 0.5791831411197493 1093
1584677857883 0.5788935495491895 1094
1584677860250 0.5786041027744149 1095
1584677862850 0.5783148007230277 1096
1584677865255 0.5780256433226661 1097
1584677867581 0.5777366305010049 1098
1584677869847 0.5774477621857544 1099
1584677872517 0.5771590383046616 1100
1584677875844 0.5768704587855094 1101
1584677878610 0.5765820235561167 1102
1584677881080 0.5762937325443386 1103
1584677883477 0.5760055856780665 1104
1584677886112 0.5757175828852275 1105
1584677888642 0.5754297240937849 1106
1584677891210 0.5751420092317381 1107
1584677893506 0.5748544382271222 1108
1584677895776 0.5745670110080087 1109
1584677897971 0.5742797275025047 1110
1584677900177 0.5739925876387535 1111
1584677902719 0.5737055913449342 1112
1584677905487 0.5734187385492617 1113
1584677908237 0.5731320291799872 1114
1584677910744 0.5728454631653972 1115
1584677913262 0.5725590404338146 1116
1584677915696 0.5722727609135977 1117
1584677918154 0.571986624533141 1118
1584677920530 0.5717006312208744 1119
1584677922908 0.571414780905264 1120
1584677925141 0.5711290735148113 1121
1584677927374 0.570843508978054 1122
1584677929615 0.570558087223565 1123
1584677931850 0.5702728081799533 1124
1584677934233 0.5699876717758634 1125
1584677936998 0.5697026779399755 1126
1584677939475 0.5694178266010056 1127
1584677941974 0.5691331176877051 1128
1584677944486 0.5688485511288613 1129
1584677947101 0.5685641268532969 1130
1584677949409 0.5682798447898704 1131
1584677951632 0.5679957048674754 1132
1584677953982 0.5677117070150417 1133
1584677956691 0.5674278511615342 1134
1584677959139 0.5671441372359535 1135
1584677961402 0.5668605651673355 1136
1584677963730 0.5665771348847519 1137
1584677966604 0.5662938463173096 1138
1584677969899 0.5660106993941509 1139
1584677972360 0.5657276940444539 1140
1584677974735 0.5654448301974317 1141
1584677977150 0.5651621077823331 1142
1584677979861 0.564879526728442 1143
1584677982328 0.5645970869650778 1144
1584677984775 0.5643147884215953 1145
1584677987308 0.5640326310273845 1146
1584677989664 0.5637506147118709 1147
1584677992194 0.563468739404515 1148
1584677994500 0.5631870050348128 1149
1584677997100 0.5629054115322955 1150
1584677999662 0.5626239588265294 1151
1584678002317 0.5623426468471161 1152
1584678004819 0.5620614755236926 1153
1584678007134 0.5617804447859307 1154
1584678009883 0.5614995545635377 1155
1584678012469 0.561218804786256 1156
1584678015023 0.5609381953838629 1157
1584678017812 0.560657726286171 1158
1584678020592 0.560377397423028 1159
1584678022779 0.5600972087243165 1160
1584678025259 0.5598171601199543 1161
1584678028397 0.5595372515398943 1162
1584678031752 0.5592574829141244 1163
1584678034344 0.5589778541726673 1164
1584678036642 0.558698365245581 1165
1584678039128 0.5584190160629583 1166
1584678042182 0.5581398065549269 1167
1584678045543 0.5578607366516495 1168
1584678048332 0.5575818062833237 1169
1584678051090 0.557303015380182 1170
1584678053609 0.557024363872492 1171
1584678056278 0.5567458516905558 1172
1584678058769 0.5564674787647106 1173
1584678061433 0.5561892450253283 1174
1584678064175 0.5559111504028157 1175
1584678066808 0.5556331948276143 1176
1584678069216 0.5553553782302005 1177
1584678071827 0.5550777005410855 1178
1584678074264 0.554800161690815 1179
1584678077215 0.5545227616099696 1180
1584678080088 0.5542455002291646 1181
1584678082676 0.55396837747905 1182
1584678085346 0.5536913932903106 1183
1584678088387 0.5534145475936655 1184
1584678090848 0.5531378403198687 1185
1584678093446 0.5528612713997088 1186
1584678095771 0.5525848407640089 1187
1584678098094 0.552308548343627 1188
1584678100555 0.5520323940694551 1189
1584678103244 0.5517563778724205 1190
1584678105484 0.5514804996834843 1191
1584678108178 0.5512047594336427 1192
1584678110629 0.5509291570539259 1193
1584678113408 0.550653692475399 1194
1584678116089 0.5503783656291613 1195
1584678118625 0.5501031764463468 1196
1584678121160 0.5498281248581236 1197
1584678123677 0.5495532107956945 1198
1584678126223 0.5492784341902968 1199
1584678128677 0.5490037949732016 1200
1584678131243 0.548729293075715 1201
1584678133611 0.5484549284291772 1202
1584678136082 0.5481807009649626 1203
1584678138396 0.5479066106144802 1204
1584678140851 0.547632657309173 1205
1584678144088 0.5473588409805185 1206
1584678146824 0.5470851615600282 1207
1584678149441 0.5468116189792482 1208
1584678151771 0.5465382131697586 1209
1584678154305 0.5462649440631737 1210
1584678156596 0.5459918115911422 1211
1584678159231 0.5457188156853466 1212
1584678161599 0.545445956277504 1213
1584678164199 0.5451732332993653 1214
1584678166778 0.5449006466827157 1215
1584678169133 0.5446281963593743 1216
1584678171618 0.5443558822611947 1217
1584678174088 0.5440837043200641 1218
1584678176479 0.5438116624679041 1219
1584678178991 0.5435397566366702 1220
1584678181298 0.5432679867583519 1221
1584678183475 0.5429963527649727 1222
1584678185891 0.5427248545885902 1223
1584678188475 0.5424534921612959 1224
1584678191172 0.5421822654152153 1225
1584678193786 0.5419111742825077 1226
1584678196277 0.5416402186953665 1227
1584678198741 0.5413693985860188 1228
1584678201007 0.5410987138867258 1229
1584678203378 0.5408281645297824 1230
1584678205938 0.5405577504475175 1231
1584678208715 0.5402874715722938 1232
1584678211057 0.5400173278365077 1233
1584678213322 0.5397473191725894 1234
1584678215553 0.5394774455130031 1235
1584678217824 0.5392077067902467 1236
1584678220337 0.5389381029368515 1237
1584678222866 0.5386686338853831 1238
1584678225291 0.5383992995684405 1239
1584678227910 0.5381300999186562 1240
1584678230477 0.537861034868697 1241
1584678232850 0.5375921043512626 1242
1584678235540 0.537323308299087 1243
1584678237998 0.5370546466449375 1244
1584678240588 0.5367861193216151 1245
1584678243243 0.5365177262619544 1246
1584678245462 0.5362494673988234 1247
1584678248280 0.535981342665124 1248
1584678251210 0.5357133519937914 1249
1584678253994 0.5354454953177946 1250
1584678258439 0.5351777725701358 1251
1584678261824 0.5349101836838507 1252
1584678265541 0.5346427285920088 1253
1584678268197 0.5343754072277128 1254
1584678271286 0.534108219524099 1255
1584678274734 0.533841165414337 1256
1584678277640 0.5335742448316299 1257
1584678281025 0.5333074577092141 1258
1584678283881 0.5330408039803595 1259
1584678286632 0.5327742835783693 1260
1584678289394 0.5325078964365801 1261
1584678292039 0.5322416424883619 1262
1584678294463 0.5319755216671178 1263
1584678297004 0.5317095339062843 1264
1584678299711 0.5314436791393312 1265
1584678302439 0.5311779572997616 1266
1584678304760 0.5309123683211118 1267
1584678307831 0.5306469121369513 1268
1584678310344 0.5303815886808828 1269
1584678313162 0.5301163978865424 1270
1584678315676 0.5298513396875991 1271
1584678317855 0.5295864140177553 1272
1584678319997 0.5293216208107464 1273
1584678322174 0.5290569600003411 1274
1584678324334 0.5287924315203409 1275
1584678326888 0.5285280353045808 1276
1584678329278 0.5282637712869286 1277
1584678332070 0.5279996394012851 1278
1584678334562 0.5277356395815845 1279
1584678336789 0.5274717717617938 1280
1584678339059 0.5272080358759129 1281
1584678341315 0.526944431857975 1282
1584678343472 0.5266809596420461 1283
1584678345642 0.5264176191622251 1284
1584678347798 0.526154410352644 1285
1584678349951 0.5258913331474677 1286
1584678352100 0.525628387480894 1287
1584678354269 0.5253655732871536 1288
1584678356749 0.5251028905005101 1289
1584678359049 0.5248403390552598 1290
1584678361505 0.5245779188857322 1291
1584678364840 0.5243156299262894 1292
1584678367448 0.5240534721113264 1293
1584678370309 0.5237914453752707 1294
1584678372870 0.523529549652583 1295
1584678375263 0.5232677848777567 1296
1584678377539 0.5230061509853179 1297
1584678379888 0.5227446479098252 1298
1584678382258 0.5224832755858704 1299
1584678384600 0.5222220339480774 1300
1584678387602 0.5219609229311034 1301
1584678389952 0.5216999424696379 1302
1584678392105 0.5214390924984031 1303
1584678395097 0.521178372952154 1304
1584678397419 0.5209177837656779 1305
1584678399936 0.520657324873795 1306
1584678402402 0.5203969962113582 1307
1584678404629 0.5201367977132525 1308
1584678406910 0.5198767293143959 1309
1584678410651 0.5196167909497387 1310
1584678414222 0.5193569825542639 1311
1584678418293 0.5190973040629868 1312
1584678420848 0.5188377554109553 1313
1584678423343 0.5185783365332499 1314
1584678426087 0.5183190473649834 1315
1584678429726 0.5180598878413009 1316
1584678433549 0.5178008578973803 1317
1584678437659 0.5175419574684316 1318
1584678440004 0.5172831864896974 1319
1584678442211 0.5170245448964526 1320
1584678444433 0.5167660326240043 1321
1584678446652 0.5165076496076924 1322
1584678449401 0.5162493957828885 1323
1584678452419 0.5159912710849971 1324
1584678454677 0.5157332754494546 1325
1584678456880 0.5154754088117299 1326
1584678459090 0.5152176711073241 1327
1584678461246 0.5149600622717705 1328
1584678463415 0.5147025822406346 1329
1584678465653 0.5144452309495143 1330
1584678467937 0.5141880083340395 1331
1584678470197 0.5139309143298726 1332
1584678472405 0.5136739488727077 1333
1584678474685 0.5134171118982713 1334
1584678476884 0.5131604033423223 1335
1584678479059 0.5129038231406511 1336
1584678481491 0.5126473712290808 1337
1584678483691 0.5123910475434663 1338
1584678485956 0.5121348520196947 1339
1584678488137 0.5118787845936849 1340
1584678490473 0.511622845201388 1341
1584678492718 0.5113670337787873 1342
1584678495072 0.511111350261898 1343
1584678497477 0.5108557945867671 1344
1584678499709 0.5106003666894737 1345
1584678501902 0.510345066506129 1346
1584678504069 0.510089893972876 1347
1584678506258 0.5098348490258896 1348
1584678508478 0.5095799316013767 1349
1584678510658 0.5093251416355761 1350
1584678512918 0.5090704790647583 1351
1584678515092 0.508815943825226 1352
1584678517265 0.5085615358533134 1353
1584678519445 0.5083072550853868 1354
1584678521639 0.5080531014578441 1355
1584678523935 0.5077990749071152 1356
1584678526165 0.5075451753696616 1357
1584678528420 0.5072914027819768 1358
1584678530624 0.5070377570805858 1359
1584678532763 0.5067842382020455 1360
1584678535121 0.5065308460829445 1361
1584678537803 0.506277580659903 1362
1584678540212 0.5060244418695731 1363
1584678544554 0.5057714296486383 1364
1584678546920 0.505518543933814 1365
1584678549059 0.5052657846618471 1366
1584678551221 0.5050131517695162 1367
1584678553414 0.5047606451936315 1368
1584678556519 0.5045082648710347 1369
1584678558821 0.5042560107385993 1370
1584678561339 0.50400388273323 1371
1584678563537 0.5037518807918635 1372
1584678566461 0.5035000048514676 1373
1584678568969 0.5032482548490419 1374
1584678571761 0.5029966307216174 1375
1584678574305 0.5027451324062566 1376
1584678576892 0.5024937598400535 1377
1584678579501 0.5022425129601336 1378
1584678581982 0.5019913917036535 1379
1584678584271 0.5017403960078016 1380
1584678586752 0.5014895258097978 1381
1584678589562 0.5012387810468929 1382
1584678592352 0.5009881616563695 1383
1584678594667 0.5007376675755414 1384
1584678597395 0.5004872987417537 1385
1584678599789 0.5002370550923828 1386
1584678602683 0.49998693656483667 1387
1584678605152 0.49973694309655425 1388
1584678607852 0.499487074625006 1389
1584678610871 0.4992373310876935 1390
1584678613222 0.49898771242214973 1391
1584678615414 0.4987382185659387 1392
1584678617585 0.4984888494566558 1393
1584678619737 0.4982396050319275 1394
1584678621940 0.49799048522941153 1395
1584678624308 0.49774148998679685 1396
1584678626547 0.4974926192418035 1397
1584678628675 0.49724387293218264 1398
1584678631021 0.49699525099571656 1399
1584678633329 0.49674675337021873 1400
1584678635608 0.49649837999353363 1401
1584678638048 0.4962501308035369 1402
1584678640346 0.4960020057381352 1403
1584678642577 0.49575400473526615 1404
1584678644801 0.49550612773289854 1405
1584678647032 0.4952583746690321 1406
1584678649368 0.4950107454816976 1407
1584678651549 0.4947632401089568 1408
1584678653726 0.49451585848890234 1409
1584678655903 0.49426860055965793 1410
1584678658383 0.49402146625937815 1411
1584678661185 0.4937744555262485 1412
1584678663653 0.4935275682984854 1413
1584678665974 0.49328080451433615 1414
1584678668270 0.493034164112079 1415
1584678670389 0.492787647030023 1416
1584678672690 0.492541253206508 1417
1584678674841 0.4922949825799048 1418
1584678677023 0.49204883508861486 1419
1584678679198 0.49180281067107057 1420
1584678681366 0.49155690926573503 1421
1584678683511 0.49131113081110217 1422
1584678685632 0.49106547524569666 1423
1584678687884 0.4908199425080738 1424
1584678690026 0.4905745325368198 1425
1584678692202 0.49032924527055144 1426
1584678694380 0.4900840806479162 1427
1584678696837 0.48983903860759226 1428
1584678699131 0.4895941190882885 1429
1584678701431 0.48934932202874437 1430
1584678703587 0.48910464736773 1431
1584678705970 0.4888600950440462 1432
1584678708588 0.4886156649965242 1433
1584678710862 0.48837135716402597 1434
1584678713399 0.488127171485444 1435
1584678715565 0.4878831078997013 1436
1584678717797 0.4876391663457515 1437
1584678719968 0.4873953467625787 1438
1584678722148 0.4871516490891974 1439
1584678724315 0.4869080732646528 1440
1584678726442 0.4866646192280205 1441
1584678728721 0.4864212869184065 1442
1584678730933 0.48617807627494736 1443
1584678733086 0.4859349872368099 1444
1584678735240 0.48569201974319154 1445
1584678737417 0.48544917373331997 1446
1584678739616 0.48520644914645333 1447
1584678741770 0.48496384592188013 1448
1584678743893 0.48472136399891924 1449
1584678746079 0.4844790033169198 1450
1584678748351 0.4842367638152614 1451
1584678750599 0.48399464543335374 1452
1584678752876 0.4837526481106371 1453
1584678755082 0.4835107717865818 1454
1584678757215 0.48326901640068853 1455
1584678760006 0.48302738189248823 1456
1584678762239 0.482785868201542 1457
1584678764627 0.48254447526744126 1458
1584678767410 0.48230320302980756 1459
1584678770176 0.48206205142829267 1460
1584678772554 0.48182102040257857 1461
1584678774998 0.4815801098923773 1462
1584678777207 0.48133931983743117 1463
1584678779660 0.48109865017751247 1464
1584678781812 0.48085810085242375 1465
1584678784179 0.48061767180199755 1466
1584678787033 0.48037736296609657 1467
1584678789653 0.48013717428461355 1468
1584678792219 0.4798971056974713 1469
1584678794442 0.4796571571446226 1470
1584678797483 0.4794173285660503 1471
1584678801077 0.47917761990176727 1472
1584678804812 0.47893803109181643 1473
1584678809060 0.47869856207627054 1474
1584678813455 0.47845921279523246 1475
1584678816039 0.47821998318883485 1476
1584678819171 0.4779808731972405 1477
1584678821644 0.4777418827606419 1478
1584678824585 0.4775030118192616 1479
1584678826904 0.47726426031335195 1480
1584678829247 0.4770256281831953 1481
1584678831734 0.47678711536910373 1482
1584678834116 0.4765487218114192 1483
1584678837074 0.47631044745051354 1484
1584678839490 0.4760722922267883 1485
1584678841810 0.475834256080675 1486
1584678844805 0.47559633895263465 1487
1584678846953 0.47535854078315837 1488
1584678849124 0.47512086151276683 1489
1584678851289 0.4748833010820105 1490
1584678854336 0.47464585943146953 1491
1584678856547 0.4744085365017538 1492
1584678858713 0.47417133223350294 1493
1584678861366 0.4739342465673862 1494
1584678864067 0.4736972794441025 1495
1584678866267 0.4734604308043805 1496
1584678868789 0.47322370058897834 1497
1584678871462 0.4729870887386839 1498
1584678873870 0.47275059519431456 1499
1584678876414 0.47251421989671744 1500
1584678879516 0.4722779627867691 1501
1584678884320 0.47204182380537574 1502
1584678889351 0.47180580289347307 1503
1584678894651 0.47156989999202636 1504
1584678899643 0.4713341150420304 1505
1584678906124 0.4710984479845094 1506
1584678909413 0.4708628987605172 1507
1584678912426 0.47062746731113697 1508
1584678914832 0.47039215357748143 1509
1584678917040 0.4701569575006927 1510
1584678919204 0.4699218790219424 1511
1584678921404 0.46968691808243146 1512
1584678923660 0.4694520746233903 1513
1584678926425 0.4692173485860786 1514
1584678928639 0.4689827399117856 1515
1584678930883 0.4687482485418297 1516
1584678933121 0.4685138744175588 1517
1584678935886 0.4682796174803501 1518
1584678938034 0.4680454776716099 1519
1584678940207 0.46781145493277415 1520
1584678942445 0.4675775492053078 1521
1584678945127 0.4673437604307052 1522
1584678947474 0.46711008855048985 1523
1584678949703 0.4668765335062146 1524
1584678951948 0.4666430952394615 1525
1584678954509 0.46640977369184183 1526
1584678957137 0.4661765688049959 1527
1584678959399 0.4659434805205934 1528
1584678961584 0.46571050878033315 1529
1584678964892 0.465477653525943 1530
1584678967356 0.46524491469918006 1531
1584678969580 0.4650122922418305 1532
1584678971796 0.4647797860957096 1533
1584678974023 0.4645473962026618 1534
1584678976197 0.4643151225045605 1535
1584678978410 0.4640829649433082 1536
1584678980764 0.46385092346083656 1537
1584678982942 0.46361899799910616 1538
1584678985112 0.46338718850010663 1539
1584678987493 0.4631554949058566 1540
1584678989793 0.4629239171584037 1541
1584678991953 0.46269245519982455 1542
1584678995034 0.46246110897222464 1543
1584678998244 0.46222987841773855 1544
1584679000492 0.4619987634785297 1545
1584679002686 0.46176776409679043 1546
1584679004835 0.46153688021474204 1547
1584679007050 0.4613061117746347 1548
1584679009640 0.46107545871874744 1549
1584679011824 0.4608449209893881 1550
1584679013989 0.46061449852889347 1551
1584679016571 0.46038419127962904 1552
1584679018767 0.46015399918398925 1553
1584679021455 0.45992392218439726 1554
1584679024104 0.4596939602233051 1555
1584679026447 0.4594641132431935 1556
1584679028595 0.4592343811865719 1557
1584679030755 0.4590047639959786 1558
1584679032893 0.45877526161398063 1559
1584679035211 0.45854587398317365 1560
1584679037385 0.4583166010461821 1561
1584679039539 0.45808744274565905 1562
1584679041683 0.45785839902428627 1563
1584679043860 0.45762946982477415 1564
1584679045997 0.4574006550898618 1565
1584679048222 0.45717195476231687 1566
1584679050466 0.45694336878493574 1567
1584679052812 0.4567148971005433 1568
1584679055011 0.45648653965199304 1569
1584679057179 0.4562582963821671 1570
1584679059425 0.45603016723397605 1571
1584679061788 0.4558021521503591 1572
1584679064304 0.4555742510742839 1573
1584679066441 0.4553464639487468 1574
1584679068696 0.4551187907167724 1575
1584679070924 0.45489123132141407 1576
1584679073099 0.4546637857057534 1577
1584679075518 0.45443645381290054 1578
1584679078624 0.45420923558599413 1579
1584679081095 0.45398213096820117 1580
1584679083273 0.4537551399027171 1581
1584679085453 0.4535282623327658 1582
1584679087863 0.45330149820159943 1583
1584679090055 0.45307484745249865 1584
1584679092379 0.4528483100287724 1585
1584679095827 0.45262188587375807 1586
1584679098222 0.4523955749308212 1587
1584679100410 0.4521693771433558 1588
1584679102927 0.45194329245478415 1589
1584679106070 0.4517173208085568 1590
1584679109180 0.45149146214815256 1591
1584679112745 0.4512657164170785 1592
1584679115674 0.45104008355887 1593
1584679118478 0.4508145635170906 1594
1584679120835 0.4505891562353321 1595
1584679123126 0.4503638616572144 1596
1584679125426 0.4501386797263858 1597
1584679127733 0.44991361038652267 1598
1584679130208 0.4496886535813294 1599
1584679132411 0.44946380925453877 1600
1584679134749 0.44923907734991153 1601
1584679136962 0.4490144578112366 1602
1584679139154 0.448789950582331 1603
1584679141566 0.44856555560703987 1604
1584679143968 0.44834127282923636 1605
1584679146222 0.44811710219282175 1606
1584679148752 0.4478930436417254 1607
1584679151163 0.44766909711990455 1608
1584679154253 0.4474452625713446 1609
1584679157114 0.4472215399400589 1610
1584679159600 0.4469979291700889 1611
1584679162138 0.4467744302055039 1612
1584679164707 0.44655104299040116 1613
1584679166925 0.44632776746890596 1614
1584679169168 0.4461046035851715 1615
1584679171327 0.445881551283379 1616
1584679173542 0.4456586105077373 1617
1584679175733 0.44543578120248345 1618
1584679178315 0.4452130633118822 1619
1584679180931 0.4449904567802263 1620
1584679183172 0.44476796155183623 1621
1584679185571 0.44454557757106034 1622
1584679188147 0.44432330478227483 1623
1584679190367 0.4441011431298837 1624
1584679194073 0.44387909255831876 1625
1584679197001 0.4436571530120396 1626
1584679199410 0.44343532443553363 1627
1584679201705 0.4432136067733159 1628
1584679203870 0.4429919999699293 1629
1584679206335 0.44277050396994433 1630
1584679208565 0.4425491187179594 1631
1584679210864 0.44232784415860044 1632
1584679213075 0.44210668023652117 1633
1584679216276 0.4418856268964029 1634
1584679218758 0.44166468408295473 1635
1584679221083 0.4414438517409133 1636
1584679223339 0.44122312981504286 1637
1584679225572 0.44100251825013537 1638
1584679228099 0.44078201699101033 1639
1584679230290 0.44056162598251486 1640
1584679232526 0.4403413451695236 1641
1584679234719 0.4401211744969389 1642
1584679236931 0.43990111390969044 1643
1584679239134 0.4396811633527356 1644
1584679241440 0.43946132277105926 1645
1584679243741 0.43924159210967373 1646
1584679246024 0.4390219713136189 1647
1584679248260 0.4388024603279621 1648
1584679250501 0.43858305909779816 1649
1584679252894 0.4383637675682493 1650
1584679255904 0.4381445856844652 1651
1584679258392 0.437925513391623 1652
1584679262047 0.4377065506349272 1653
1584679265527 0.43748769735960974 1654
1584679268622 0.43726895351093 1655
1584679272622 0.4370503190341745 1656
1584679275650 0.4368317938746575 1657
1584679278488 0.43661337797772015 1658
1584679281316 0.43639507128873134 1659
1584679284054 0.436176873753087 1660
1584679286286 0.43595878531621046 1661
1584679288569 0.43574080592355235 1662
1584679290777 0.4355229355205906 1663
1584679293000 0.43530517405283037 1664
1584679295445 0.435087521465804 1665
1584679297704 0.43486997770507113 1666
1584679300148 0.4346525427162186 1667
1584679304423 0.43443521644486055 1668
1584679307182 0.43421799883663814 1669
1584679309926 0.43400088983721985 1670
1584679312637 0.4337838893923013 1671
1584679314803 0.43356699744760513 1672
1584679317002 0.43335021394888135 1673
1584679319207 0.4331335388419069 1674
1584679321496 0.432916972072486 1675
1584679323832 0.43270051358644973 1676
1584679325983 0.43248416332965656 1677
1584679328173 0.43226792124799174 1678
1584679330431 0.43205178728736776 1679
1584679332678 0.4318357613937241 1680
1584679335906 0.43161984351302723 1681
1584679339555 0.4314040335912707 1682
1584679342044 0.4311883315744751 1683
1584679344810 0.4309727374086879 1684
1584679347155 0.4307572510399836 1685
1584679349602 0.4305418724144636 1686
1584679351992 0.4303266014782564 1687
1584679354626 0.4301114381775173 1688
1584679356807 0.42989638245842854 1689
1584679359090 0.42968143426719935 1690
1584679361265 0.4294665935500658 1691
1584679363479 0.42925186025329076 1692
1584679365654 0.42903723432316415 1693
1584679367882 0.4288227157060026 1694
1584679370108 0.4286083043481496 1695
1584679372318 0.42839400019597557 1696
1584679374555 0.4281798031958776 1697
1584679376761 0.4279657132942797 1698
1584679378948 0.42775173043763254 1699
1584679381273 0.4275378545724137 1700
1584679385369 0.4273240856451275 1701
1584679388624 0.427110423602305 1702
1584679391264 0.4268968683905039 1703
1584679394242 0.42668341995630865 1704
1584679396749 0.42647007824633054 1705
1584679399095 0.4262568432072074 1706
1584679401521 0.4260437147856038 1707
1584679404348 0.425830692928211 1708
1584679407003 0.42561777758174696 1709
1584679409727 0.42540496869295613 1710
1584679411913 0.42519226620860967 1711
1584679414143 0.4249796700755054 1712
1584679416705 0.42476718024046767 1713
1584679418936 0.42455479665034745 1714
1584679421119 0.4243425192520223 1715
1584679423294 0.42413034799239635 1716
1584679425847 0.42391828281840016 1717
1584679429053 0.42370632367699096 1718
1584679431965 0.4234944705151525 1719
1584679435043 0.4232827232798949 1720
1584679437788 0.423071081918255 1721
1584679441356 0.4228595463772959 1722
1584679443688 0.4226481166041073 1723
1584679445955 0.42243679254580524 1724
1584679448254 0.4222255741495324 1725
1584679450496 0.4220144613624576 1726
1584679452825 0.42180345413177645 1727
1584679455144 0.4215925524047106 1728
1584679457325 0.42138175612850826 1729
1584679459707 0.421171065250444 1730
1584679461874 0.4209604797178188 1731
1584679464055 0.42074999947795994 1732
1584679466852 0.42053962447822096 1733
1584679469141 0.42032935466598187 1734
1584679471764 0.4201191899886489 1735
1584679474244 0.4199091303936546 1736
1584679476670 0.4196991758284578 1737
1584679478977 0.4194893262405436 1738
1584679481270 0.41927958157742334 1739
1584679484087 0.41906994178663465 1740
1584679486255 0.4188604068157413 1741
1584679488675 0.41865097661233347 1742
1584679490838 0.4184416511240273 1743
1584679493242 0.4182324302984653 1744
1584679495533 0.4180233140833161 1745
1584679497812 0.4178143024262745 1746
1584679499966 0.41760539527506135 1747
1584679502127 0.41739659257742384 1748
1584679504276 0.4171878942811352 1749
1584679506729 0.4169793003339946 1750
1584679508905 0.41677081068382765 1751
1584679511048 0.41656242527848575 1752
1584679513212 0.41635414406584653 1753
1584679515363 0.4161459669938136 1754
1584679517699 0.4159378940103167 1755
1584679520308 0.4157299250633116 1756
1584679522802 0.41552206010077997 1757
1584679525316 0.4153142990707296 1758
1584679527534 0.41510664192119423 1759
1584679529707 0.41489908860023367 1760
1584679531861 0.4146916390559336 1761
1584679534819 0.4144842932364056 1762
1584679537261 0.41427705108978746 1763
1584679539551 0.4140699125642426 1764
1584679541892 0.4138628776079605 1765
1584679544840 0.4136559461691565 1766
1584679547753 0.41344911819607194 1767
1584679549941 0.4132423936369739 1768
1584679552096 0.41303577244015544 1769
1584679554249 0.4128292545539354 1770
1584679556531 0.41262283992665844 1771
1584679558696 0.41241652850669513 1772
1584679560870 0.4122103202424418 1773
1584679563094 0.4120042150823206 1774
1584679565297 0.4117982129747795 1775
1584679567507 0.4115923138682921 1776
1584679569917 0.411386517711358 1777
1584679572380 0.4111808244525023 1778
1584679574520 0.4109752340402761 1779
1584679576693 0.410769746423256 1780
1584679578916 0.4105643615500444 1781
1584679581098 0.4103590793692694 1782
1584679583320 0.4101538998295848 1783
1584679585909 0.40994882287967 1784
1584679588203 0.4097438484682302 1785
1584679590375 0.4095389765439961 1786
1584679592561 0.40933420705572415 1787
1584679594779 0.4091295399521963 1788
1584679597076 0.4089249751822202 1789
1584679599680 0.4087205126946291 1790
1584679602414 0.4085161524382818 1791
1584679605699 0.4083118943620627 1792
1584679608597 0.40810773841488174 1793
1584679611657 0.4079036845456743 1794
1584679615167 0.40769973270340154 1795
1584679618376 0.40749588283704985 1796
1584679620543 0.4072921348956314 1797
1584679622676 0.4070884888281836 1798
1584679624824 0.40688494458376956 1799
1584679627374 0.4066815021114777 1800
1584679629791 0.406478161360422 1801
1584679632207 0.40627492227974177 1802
1584679635443 0.4060717848186019 1803
1584679638040 0.4058687489261926 1804
1584679640259 0.40566581455172956 1805
1584679644050 0.4054629816444537 1806
1584679647426 0.4052602501536315 1807
1584679649641 0.40505762002855467 1808
1584679652205 0.4048550912185404 1809
1584679654825 0.4046526636729312 1810
1584679657450 0.40445033734109476 1811
1584679659643 0.40424811217242423 1812
1584679661926 0.404045988116338 1813
1584679665115 0.4038439651222799 1814
1584679668672 0.40364204313971874 1815
1584679671057 0.4034402221181489 1816
1584679674650 0.4032385020070898 1817
1584679677544 0.4030368827560863 1818
1584679681096 0.4028353643147083 1819
1584679684122 0.402633946632551 1820
1584679686344 0.4024326296592347 1821
1584679688456 0.4022314133444051 1822
1584679690563 0.4020302976377329 1823
1584679692676 0.4018292824889141 1824
1584679694805 0.40162836784766964 1825
1584679697714 0.40142755366374583 1826
1584679702056 0.401226839886914 1827
1584679704720 0.40102622646697056 1828
1584679707619 0.4008257133537371 1829
1584679709992 0.4006253004970603 1830
1584679712398 0.4004249878468118 1831
1584679714975 0.4002247753528884 1832
1584679717719 0.400024662965212 1833
1584679720107 0.3998246506337294 1834
1584679722921 0.39962473830841255 1835
1584679725541 0.3994249259392584 1836
1584679727809 0.39922521347628875 1837
1584679730040 0.39902560086955063 1838
1584679732262 0.3988260880691159 1839
1584679734470 0.39862667502508137 1840
1584679736703 0.39842736168756887 1841
1584679738905 0.3982281480067251 1842
1584679741549 0.39802903393272177 1843
1584679744440 0.3978300194157554 1844
1584679748132 0.39763110440604754 1845
1584679751598 0.3974322888538445 1846
1584679755041 0.3972335727094176 1847
1584679759608 0.3970349559230629 1848
1584679764528 0.3968364384451014 1849
1584679769410 0.3966380202258789 1850
1584679774392 0.396439701215766 1851
1584679779445 0.39624148136515813 1852
1584679784476 0.3960433606244756 1853
1584679788752 0.39584533894416335 1854
1584679791540 0.3956474162746913 1855
1584679794132 0.395449592566554 1856
1584679796633 0.3952518677702707 1857
1584679798881 0.3950542418363856 1858
1584679804101 0.3948567147154674 1859
1584679808146 0.3946592863581097 1860
1584679812981 0.3944619567149307 1861
1584679817820 0.39426472573657323 1862
1584679823256 0.39406759337370495 1863
1584679828504 0.3938705595770181 1864
1584679831086 0.39367362429722963 1865
1584679834067 0.393476787485081 1866
1584679838535 0.3932800490913385 1867
1584679842938 0.39308340906679284 1868
1584679847692 0.3928868673622595 1869
1584679852712 0.3926904239285784 1870
1584679857322 0.3924940787166141 1871
1584679862136 0.39229783167725585 1872
1584679866462 0.39210168276141727 1873
1584679870197 0.3919056319200366 1874
1584679872579 0.39170967910407656 1875
1584679874787 0.3915138242645245 1876
1584679877098 0.3913180673523923 1877
1584679879667 0.3911224083187161 1878
1584679881837 0.3909268471145568 1879
1584679884067 0.3907313836909995 1880
1584679886748 0.39053601799915405 1881
1584679888954 0.3903407499901545 1882
1584679891205 0.39014557961515944 1883
1584679894249 0.3899505068253519 1884
1584679896866 0.3897555315719392 1885
1584679899577 0.38956065380615323 1886
1584679903001 0.38936587347925017 1887
1584679905979 0.3891711905425106 1888
1584679908655 0.38897660494723935 1889
1584679911501 0.38878211664476575 1890
1584679914154 0.3885877255864434 1891
1584679916783 0.3883934317236502 1892
1584679919215 0.3881992350077884 1893
1584679921649 0.38800513539028453 1894
1584679924075 0.3878111328225894 1895
1584679926862 0.3876172272561781 1896
1584679929698 0.38742341864255003 1897
1584679932801 0.3872297069332288 1898
1584679935466 0.3870360920797622 1899
1584679938066 0.38684257403372235 1900
1584679940875 0.3866491527467055 1901
1584679943462 0.3864558281703322 1902
1584679946555 0.38626260025624704 1903
1584679950713 0.38606946895611893 1904
1584679952896 0.3858764342216409 1905
1584679955824 0.3856834960045301 1906
1584679959702 0.38549065425652784 1907
1584679963520 0.3852979089293996 1908
1584679966247 0.3851052599749349 1909
1584679968602 0.3849127073449474 1910
1584679970750 0.384720250991275 1911
1584679972891 0.3845278908657794 1912
1584679975920 0.3843356269203465 1913
1584679978279 0.38414345910688635 1914
1584679980517 0.3839513873773329 1915
1584679982778 0.38375941168364425 1916
1584679985084 0.38356753197780247 1917
1584679987685 0.3833757482118136 1918
1584679990558 0.3831840603377077 1919
1584679993792 0.38299246830753886 1920
1584679996762 0.3828009720733851 1921
1584679999201 0.38260957158734843 1922
1584680001599 0.3824182668015548 1923
1584680003818 0.382227057668154 1924
1584680006168 0.38203594413931996 1925
1584680008608 0.3818449261672503 1926
1584680011203 0.3816540037041667 1927
1584680013475 0.3814631767023146 1928
1584680015751 0.38127244511396347 1929
1584680018070 0.3810818088914065 1930
1584680020312 0.3808912679869608 1931
1584680022913 0.38070082235296737 1932
1584680025189 0.3805104719417909 1933
1584680027691 0.38032021670582 1934
1584680029860 0.3801300565974671 1935
1584680032351 0.3799399915691684 1936
1584680034636 0.37975002157338383 1937
1584680037004 0.3795601465625972 1938
1584680039356 0.3793703664893159 1939
1584680041562 0.37918068130607124 1940
1584680043735 0.3789910909654182 1941
1584680046000 0.3788015954199355 1942
1584680048337 0.37861219462222556 1943
1584680050612 0.37842288852491446 1944
1584680052933 0.37823367708065203 1945
1584680055396 0.37804456024211175 1946
1584680057825 0.37785553796199073 1947
1584680060910 0.37766661019300973 1948
1584680064151 0.37747777688791323 1949
1584680066776 0.3772890379994693 1950
1584680070512 0.3771003934804696 1951
1584680072954 0.3769118432837294 1952
1584680075095 0.37672338736208755 1953
1584680077236 0.3765350256684065 1954
1584680079667 0.37634675815557234 1955
1584680081825 0.37615858477649455 1956
1584680084922 0.3759705054841063 1957
1584680088894 0.37578252023136427 1958
1584680091181 0.3755946289712486 1959
1584680094562 0.37540683165676303 1960
1584680097602 0.3752191282409347 1961
1584680100236 0.3750315186768142 1962
1584680102652 0.3748440029174758 1963
1584680105012 0.3746565809160171 1964
1584680107269 0.37446925262555913 1965
1584680109522 0.3742820179992464 1966
1584680111819 0.3740948769902468 1967
1584680114172 0.37390782955175167 1968
1584680116513 0.3737208756369758 1969
1584680118881 0.37353401519915735 1970
1584680121195 0.3733472481915578 1971
1584680123434 0.37316057456746204 1972
1584680125661 0.37297399428017836 1973
1584680128106 0.3727875072830383 1974
1584680130583 0.3726011135293968 1975
1584680132869 0.3724148129726321 1976
1584680135118 0.37222860556614584 1977
1584680137535 0.3720424912633628 1978
1584680139825 0.37185647001773114 1979
1584680142141 0.3716705417827223 1980
1584680144544 0.37148470651183096 1981
1584680146888 0.37129896415857505 1982
1584680149225 0.3711133146764958 1983
1584680151628 0.37092775801915756 1984
1584680153877 0.370742294140148 1985
1584680156186 0.3705569229930779 1986
1584680158519 0.3703716445315814 1987
1584680160970 0.3701864587093156 1988
1584680163357 0.370001365479961 1989
1584680165594 0.369816364797221 1990
1584680167900 0.36963145661482244 1991
1584680170368 0.3694466408865151 1992
1584680172738 0.36926191756607185 1993
1584680175129 0.36907728660728883 1994
1584680177464 0.3688927479639852 1995
1584680179876 0.36870830159000323 1996
1584680182118 0.36852394743920824 1997
1584680184365 0.3683396854654887 1998
1584680186716 0.36815551562275595 1999
1584680189139 0.3679714378649446 2000
