1584657974752 -2.0 1
1584657977450 0.0 2
1584657980023 2.0 3
1584657982573 0.0 4
1584657985057 1.0 5
1584657987650 0.0 6
1584657990336 1.0 7
1584657992963 1.0 8
1584657995572 0.0 9
1584657998054 -1.0 10
1584658000557 -1.0 11
1584658003260 1.0 12
1584658005831 0.0 13
1584658008314 -1.0 14
1584658010795 2.0 15
1584658013389 0.0 16
1584658016027 0.0 17
1584658018800 -2.0 18
1584658021726 1.0 19
1584658025201 0.0 20
1584658027985 -1.0 21
1584658030408 1.0 22
1584658032861 0.0 23
1584658036468 -2.0 24
1584658039001 0.0 25
1584658041770 0.0 26
1584658044204 0.0 27
1584658046742 0.0 28
1584658049104 -1.0 29
1584658051472 3.0 30
1584658053950 1.0 31
1584658056435 0.0 32
1584658059237 -1.0 33
1584658061705 0.0 34
1584658064256 1.0 35
1584658066625 2.0 36
1584658069205 -2.0 37
1584658071640 0.0 38
1584658074075 1.0 39
1584658076575 1.0 40
1584658079060 2.0 41
1584658081558 -1.0 42
1584658084281 -2.0 43
1584658086683 4.0 44
1584658089265 1.0 45
1584658091760 3.0 46
1584658094239 0.0 47
1584658096817 -1.0 48
1584658099424 -2.0 49
1584658101923 0.0 50
1584658104467 -1.0 51
1584658106910 -2.0 52
1584658109338 0.0 53
1584658111827 0.0 54
1584658114377 0.0 55
1584658116924 -1.0 56
1584658119941 2.0 57
1584658122582 1.0 58
1584658126323 1.0 59
1584658128841 0.0 60
1584658131297 -2.0 61
1584658133796 0.0 62
1584658136298 -3.0 63
1584658138771 0.0 64
1584658141363 0.0 65
1584658144647 -1.0 66
1584658147097 0.0 67
1584658149610 -1.0 68
1584658152123 0.0 69
1584658154690 0.0 70
1584658157259 -1.0 71
1584658159706 1.0 72
1584658162208 0.0 73
1584658164652 0.0 74
1584658167124 0.0 75
1584658169689 1.0 76
1584658172131 0.0 77
1584658174694 2.0 78
1584658177263 1.0 79
1584658179737 -1.0 80
1584658182257 0.0 81
1584658184884 2.0 82
1584658187660 0.0 83
1584658190119 0.0 84
1584658192534 1.0 85
1584658194922 0.0 86
1584658197540 2.0 87
1584658199998 -1.0 88
1584658202606 0.0 89
1584658205077 0.0 90
1584658207542 2.0 91
1584658209998 1.0 92
1584658212562 1.0 93
1584658215010 -1.0 94
1584658217652 0.0 95
1584658220086 0.0 96
1584658222687 -1.0 97
1584658225177 1.0 98
1584658227636 0.0 99
1584658230081 -1.0 100
1584658232640 -2.0 101
1584658235092 -2.0 102
1584658237621 0.0 103
1584658240084 -1.0 104
1584658242573 -2.0 105
1584658244993 0.0 106
1584658247513 -1.0 107
1584658250007 0.0 108
1584658252485 -2.0 109
1584658255000 2.0 110
1584658257460 0.0 111
1584658260021 0.0 112
1584658262570 2.0 113
1584658265203 0.0 114
1584658267617 1.0 115
1584658270058 -3.0 116
1584658272486 0.0 117
1584658274904 0.0 118
1584658277406 1.0 119
1584658279904 1.0 120
1584658282382 -2.0 121
1584658284838 0.0 122
1584658287238 0.0 123
1584658289614 0.0 124
1584658292153 1.0 125
1584658294631 0.0 126
1584658297035 2.0 127
1584658299489 -1.0 128
1584658301959 0.0 129
1584658304499 0.0 130
1584658306935 0.0 131
1584658309430 0.0 132
1584658311937 1.0 133
1584658314443 -1.0 134
1584658316901 0.0 135
1584658319375 0.0 136
1584658322316 2.0 137
1584658324919 -1.0 138
1584658327423 1.0 139
1584658329914 0.0 140
1584658332419 1.0 141
1584658334925 -1.0 142
1584658337502 0.0 143
1584658339986 1.0 144
1584658342460 0.0 145
1584658345039 0.0 146
1584658347465 0.0 147
1584658349932 -1.0 148
1584658352483 -1.0 149
1584658354947 0.0 150
1584658357389 0.0 151
1584658359946 0.0 152
1584658362554 0.0 153
1584658365135 1.0 154
1584658367610 0.0 155
1584658370106 0.0 156
1584658372560 0.0 157
1584658375095 1.0 158
1584658377660 0.0 159
1584658380130 0.0 160
1584658382865 0.0 161
1584658385711 1.0 162
1584658388940 -1.0 163
1584658392018 -1.0 164
1584658394857 1.0 165
1584658398922 0.0 166
1584658401764 2.0 167
1584658405087 -1.0 168
1584658408569 1.0 169
1584658412657 1.0 170
1584658415303 1.0 171
1584658417465 1.0 172
1584658419707 0.0 173
1584658421893 -1.0 174
1584658424607 2.0 175
1584658426801 0.0 176
1584658428950 2.0 177
1584665631974 2.0 178
1584665636957 -2.0 179
1584666011353 0.0 180
1584666014285 1.0 181
1584666016886 1.0 182
1584666019351 0.0 183
1584666066816 1.0 184
1584666069308 -2.0 185
1584666071483 2.0 186
1584666074749 1.0 187
1584666078171 -1.0 188
1584666081500 3.0 189
1584666084412 -2.0 190
1584666087155 1.0 191
1584666089914 -1.0 192
1584666092404 -1.0 193
1584666095012 0.0 194
1584666097560 1.0 195
1584666099976 -1.0 196
1584666102353 2.0 197
1584666104606 -1.0 198
1584666106884 1.0 199
1584666133912 0.0 200
1584666136318 0.0 201
1584666138503 -1.0 202
1584666140680 1.0 203
1584666143193 0.0 204
1584666145916 0.0 205
1584666148360 0.0 206
1584666151161 1.0 207
1584666153669 0.0 208
1584669160415 -1.0 209
1584669163756 2.0 210
1584669166734 -1.0 211
1584669169091 -1.0 212
1584669171416 2.0 213
1584669173831 0.0 214
1584669176711 3.0 215
1584669180277 3.0 216
1584669183275 0.0 217
1584669185738 1.0 218
1584669188809 2.0 219
1584669192630 -1.0 220
1584675649760 -3.0 221
1584675652638 2.0 222
1584675656229 1.0 223
1584675658994 2.0 224
1584675663216 0.0 225
1584675667948 0.0 226
1584675672499 3.0 227
1584675676582 0.0 228
1584675680774 -1.0 229
1584675683599 0.0 230
1584675686538 0.0 231
1584675689837 0.0 232
1584675694152 0.0 233
1584675698120 -1.0 234
1584675700808 1.0 235
1584675704592 -1.0 236
1584675707422 -1.0 237
1584675710083 0.0 238
1584675713452 -1.0 239
1584675715968 1.0 240
1584675718367 2.0 241
1584675720748 -3.0 242
1584675723297 1.0 243
1584675725626 -1.0 244
1584675728506 1.0 245
1584675730832 -1.0 246
1584675733208 0.0 247
1584675735673 0.0 248
1584675738156 -1.0 249
1584675740504 0.0 250
1584675742911 1.0 251
1584675745270 1.0 252
1584675747737 2.0 253
1584675751710 -1.0 254
1584675755562 0.0 255
1584675758764 0.0 256
1584675762105 2.0 257
1584675767539 0.0 258
1584675771634 -1.0 259
1584675774130 0.0 260
1584675776581 1.0 261
1584675779179 3.0 262
1584675781859 2.0 263
1584675784302 1.0 264
1584675786725 0.0 265
1584675789076 -1.0 266
1584675791489 2.0 267
1584675794221 -1.0 268
1584675796757 0.0 269
1584675799114 -1.0 270
1584675801479 1.0 271
1584675804163 0.0 272
1584675806532 1.0 273
1584675808930 3.0 274
1584675811311 1.0 275
1584675814330 0.0 276
1584675817465 -3.0 277
1584675821473 1.0 278
1584675825433 2.0 279
1584675829183 1.0 280
1584675831537 1.0 281
1584675833888 0.0 282
1584675836580 2.0 283
1584675839065 -2.0 284
1584675841417 2.0 285
1584675843722 1.0 286
1584675846454 1.0 287
1584675848761 1.0 288
1584675851239 1.0 289
1584675853490 -1.0 290
1584675856005 4.0 291
1584675858444 0.0 292
1584675860937 -2.0 293
1584675864491 0.0 294
1584675866982 1.0 295
1584675869618 1.0 296
1584675871930 0.0 297
1584675875376 3.0 298
1584675878405 4.0 299
1584675880822 -1.0 300
1584675883658 0.0 301
1584675886167 2.0 302
1584675888431 -1.0 303
1584675890737 1.0 304
1584675893393 2.0 305
1584675895780 0.0 306
1584675898114 2.0 307
1584675900627 1.0 308
1584675903141 2.0 309
1584675905416 2.0 310
1584675907729 2.0 311
1584675910172 2.0 312
1584675912605 1.0 313
1584675915018 1.0 314
1584675917355 2.0 315
1584675919672 2.0 316
1584675922077 1.0 317
1584675924452 1.0 318
1584675926884 5.0 319
1584675929316 -1.0 320
1584675931712 1.0 321
1584675933963 3.0 322
1584675936282 0.0 323
1584675938497 2.0 324
1584675940772 0.0 325
1584675943121 1.0 326
1584675945391 2.0 327
1584675947634 0.0 328
1584675949942 2.0 329
1584675952516 -1.0 330
1584675954924 1.0 331
1584675957306 -1.0 332
1584675959748 0.0 333
1584675962037 -2.0 334
1584675964379 0.0 335
1584675966658 -2.0 336
1584675968959 2.0 337
1584675971362 3.0 338
1584675973789 1.0 339
1584675976128 1.0 340
1584675978575 1.0 341
1584675981135 -1.0 342
1584675983592 2.0 343
1584675986133 0.0 344
1584675988536 0.0 345
1584675991184 0.0 346
1584675993963 1.0 347
1584675996537 0.0 348
1584675998810 0.0 349
1584676001139 3.0 350
1584676003501 0.0 351
1584676005912 -1.0 352
1584676008216 1.0 353
1584676010469 0.0 354
1584676012847 0.0 355
1584676015101 -2.0 356
1584676017553 3.0 357
1584676019920 3.0 358
1584676022357 -1.0 359
1584676024607 3.0 360
1584676026911 2.0 361
1584676029162 0.0 362
1584676031524 0.0 363
1584676033857 -1.0 364
1584676036156 -1.0 365
1584676038546 0.0 366
1584676040862 1.0 367
1584676043269 -1.0 368
1584676045669 2.0 369
1584676048270 -1.0 370
1584676050620 0.0 371
1584676053020 3.0 372
1584676055343 0.0 373
1584676057631 0.0 374
1584676060046 -1.0 375
1584676062388 -1.0 376
1584676064758 0.0 377
1584676067086 1.0 378
1584676070062 0.0 379
1584676072586 -1.0 380
1584676076071 1.0 381
1584676079351 -2.0 382
1584676083540 0.0 383
1584676086002 1.0 384
1584676088451 1.0 385
1584676090740 0.0 386
1584676093291 1.0 387
1584676095604 3.0 388
1584676097926 1.0 389
1584676100283 3.0 390
1584676102700 0.0 391
1584676105146 5.0 392
1584676107666 2.0 393
1584676110081 3.0 394
1584676112785 2.0 395
1584676115199 2.0 396
1584676117534 0.0 397
1584676120073 1.0 398
1584676122489 1.0 399
1584676124929 2.0 400
1584676127477 2.0 401
1584676130146 1.0 402
1584676132675 -1.0 403
1584676135105 2.0 404
1584676137544 -1.0 405
1584676139850 2.0 406
1584676142303 -1.0 407
1584676144767 2.0 408
1584676147075 1.0 409
1584676149442 0.0 410
1584676151755 2.0 411
1584676154139 2.0 412
1584676156505 1.0 413
1584676158844 0.0 414
1584676161179 -2.0 415
1584676163660 2.0 416
1584676166031 -1.0 417
1584676168491 0.0 418
1584676170808 1.0 419
1584676173217 1.0 420
1584676175606 0.0 421
1584676177979 3.0 422
1584676180333 0.0 423
1584676182664 1.0 424
1584676185336 1.0 425
1584676187739 0.0 426
1584676190013 3.0 427
1584676192560 1.0 428
1584676194929 0.0 429
1584676197363 2.0 430
1584676199658 -1.0 431
1584676202169 1.0 432
1584676204568 2.0 433
1584676206981 3.0 434
1584676209301 2.0 435
1584676211638 2.0 436
1584676214028 2.0 437
1584676216575 1.0 438
1584676218919 3.0 439
1584676221412 3.0 440
1584676223741 1.0 441
1584676226271 0.0 442
1584676228806 3.0 443
1584676231307 1.0 444
1584676233650 2.0 445
1584676236057 0.0 446
1584676238451 1.0 447
1584676240751 1.0 448
1584676243085 1.0 449
1584676245456 1.0 450
1584676248024 0.0 451
1584676250363 3.0 452
1584676252741 3.0 453
1584676255071 2.0 454
1584676257566 1.0 455
1584676260030 2.0 456
1584676262368 2.0 457
1584676264760 1.0 458
1584676267222 0.0 459
1584676269513 3.0 460
1584676271820 2.0 461
1584676274312 3.0 462
1584676276927 -1.0 463
1584676279333 1.0 464
1584676281786 3.0 465
1584676284383 -1.0 466
1584676286826 2.0 467
1584676289286 0.0 468
1584676291766 3.0 469
1584676294150 2.0 470
1584676296496 1.0 471
1584676298948 2.0 472
1584676301234 3.0 473
1584676303533 0.0 474
1584676305843 -2.0 475
1584676308163 -1.0 476
1584676310549 0.0 477
1584676312808 2.0 478
1584676315174 1.0 479
1584676317631 0.0 480
1584676320005 -1.0 481
1584676322353 1.0 482
1584676324730 4.0 483
1584676327107 1.0 484
1584676329496 -1.0 485
1584676331801 0.0 486
1584676334218 -1.0 487
1584676336703 3.0 488
1584676339097 3.0 489
1584676341450 1.0 490
1584676343803 4.0 491
1584676346149 2.0 492
1584676348999 1.0 493
1584676351401 3.0 494
1584676353810 5.0 495
1584676356162 2.0 496
1584676358462 3.0 497
1584676360796 1.0 498
1584676363102 3.0 499
1584676365548 3.0 500
1584676368000 2.0 501
1584676370299 1.0 502
1584676372698 0.0 503
1584676375094 7.0 504
1584676377507 0.0 505
1584676379954 1.0 506
1584676382457 3.0 507
1584676384874 3.0 508
1584676387278 3.0 509
1584676389643 1.0 510
1584676391993 5.0 511
1584676394910 2.0 512
1584676397528 4.0 513
1584676401210 1.0 514
1584676404387 2.0 515
1584676408795 4.0 516
1584676411390 1.0 517
1584676413854 -1.0 518
1584676416237 2.0 519
1584676418574 0.0 520
1584676420944 1.0 521
1584676423528 2.0 522
1584676425814 1.0 523
1584676428229 4.0 524
1584676430526 2.0 525
1584676433061 -1.0 526
1584676435481 1.0 527
1584676437856 1.0 528
1584676440153 0.0 529
1584676442633 1.0 530
1584676445033 2.0 531
1584676447488 5.0 532
1584676450040 2.0 533
1584676452428 3.0 534
1584676454812 3.0 535
1584676457311 1.0 536
1584676459638 2.0 537
1584676462048 0.0 538
1584676464393 2.0 539
1584676466849 2.0 540
1584676469426 3.0 541
1584676471929 4.0 542
1584676474406 0.0 543
1584676476916 1.0 544
1584676479447 3.0 545
1584676481824 0.0 546
1584676484138 2.0 547
1584676486494 1.0 548
1584676488907 0.0 549
1584676491276 4.0 550
1584676493610 2.0 551
1584676495962 4.0 552
1584676498385 2.0 553
1584676500748 1.0 554
1584676503131 3.0 555
1584676505471 3.0 556
1584676507946 0.0 557
1584676510621 4.0 558
1584676513098 3.0 559
1584676515490 1.0 560
1584676517871 0.0 561
1584676520359 0.0 562
1584676522727 2.0 563
1584676525077 3.0 564
1584676527866 4.0 565
1584676530329 2.0 566
1584676532731 3.0 567
1584676535148 1.0 568
1584676537499 0.0 569
1584676539967 1.0 570
1584676542364 6.0 571
1584676544692 4.0 572
1584676547258 3.0 573
1584676549750 4.0 574
1584676552138 3.0 575
1584676554551 2.0 576
1584676557310 1.0 577
1584676559714 3.0 578
1584676562197 1.0 579
1584676564714 3.0 580
1584676567274 3.0 581
1584676569766 1.0 582
1584676572211 1.0 583
1584676574815 -1.0 584
1584676577318 3.0 585
1584676579702 4.0 586
1584676582165 5.0 587
1584676584650 0.0 588
1584676587180 3.0 589
1584676589550 3.0 590
1584676592027 3.0 591
1584676594390 1.0 592
1584676596736 4.0 593
1584676599110 1.0 594
1584676601540 3.0 595
1584676603935 1.0 596
1584676606368 3.0 597
1584676608702 2.0 598
1584676611068 2.0 599
1584676613467 7.0 600
1584676616114 2.0 601
1584676618392 -1.0 602
1584676620762 1.0 603
1584676623121 0.0 604
1584676625440 3.0 605
1584676627810 1.0 606
1584676630164 1.0 607
1584676632484 1.0 608
1584676634872 1.0 609
1584676637333 2.0 610
1584676639704 1.0 611
1584676642106 0.0 612
1584676644590 2.0 613
1584676647075 0.0 614
1584676649519 6.0 615
1584676651846 2.0 616
1584676654230 4.0 617
1584676656566 3.0 618
1584676658909 -1.0 619
1584676661276 1.0 620
1584676663595 1.0 621
1584676665945 3.0 622
1584676668369 2.0 623
1584676670671 1.0 624
1584676673253 3.0 625
1584676675724 3.0 626
1584676678052 -1.0 627
1584676680422 1.0 628
1584676682754 4.0 629
1584676685759 4.0 630
1584676688176 2.0 631
1584676692012 4.0 632
1584676695700 5.0 633
1584676699502 2.0 634
1584676702666 2.0 635
1584676706822 3.0 636
1584676709612 3.0 637
1584676712060 1.0 638
1584676714578 1.0 639
1584676716845 3.0 640
1584676719263 2.0 641
1584676721619 1.0 642
1584676724440 3.0 643
1584676726831 1.0 644
1584676729293 2.0 645
1584676731754 2.0 646
1584676734393 5.0 647
1584676736776 1.0 648
1584676739119 3.0 649
1584676741660 1.0 650
1584676744030 1.0 651
1584676746341 3.0 652
1584676748880 1.0 653
1584676751324 4.0 654
1584676753738 2.0 655
1584676756151 2.0 656
1584676758501 3.0 657
1584676761106 2.0 658
1584676763462 2.0 659
1584676765978 1.0 660
1584676769184 2.0 661
1584676772048 3.0 662
1584676774447 2.0 663
1584676776854 1.0 664
1584676779217 4.0 665
1584676781555 3.0 666
1584676783975 2.0 667
1584676786346 -1.0 668
1584676788656 3.0 669
1584676790962 1.0 670
1584676793394 7.0 671
1584676795668 3.0 672
1584676797949 3.0 673
1584676800258 1.0 674
1584676802824 1.0 675
1584676805146 4.0 676
1584676807430 3.0 677
1584676809751 0.0 678
1584676812043 5.0 679
1584676814501 3.0 680
1584676816825 -1.0 681
1584676819175 1.0 682
1584676821523 1.0 683
1584676824033 0.0 684
1584676826433 6.0 685
1584676828852 6.0 686
1584676831216 5.0 687
1584676833725 2.0 688
1584676836050 4.0 689
1584676838327 2.0 690
1584676840671 2.0 691
1584676843140 3.0 692
1584676845505 3.0 693
1584676847851 2.0 694
1584676850478 2.0 695
1584676852808 2.0 696
1584676855213 5.0 697
1584676857600 0.0 698
1584676860046 4.0 699
1584676862633 2.0 700
1584676865345 1.0 701
1584676867831 2.0 702
1584676870298 3.0 703
1584676872551 2.0 704
1584676875024 2.0 705
1584676877439 4.0 706
1584676879916 0.0 707
1584676882339 4.0 708
1584676884726 4.0 709
1584676887164 2.0 710
1584676889498 4.0 711
1584676891842 5.0 712
1584676894195 3.0 713
1584676896547 1.0 714
1584676899061 2.0 715
1584676901423 2.0 716
1584676903815 2.0 717
1584676906176 2.0 718
1584676908575 3.0 719
1584676910884 3.0 720
1584676913372 4.0 721
1584676915673 0.0 722
1584676917997 1.0 723
1584676920292 1.0 724
1584676922630 3.0 725
1584676924982 3.0 726
1584676927259 4.0 727
1584676930617 2.0 728
1584676933104 2.0 729
1584676935447 2.0 730
1584676937751 4.0 731
1584676940079 6.0 732
1584676942412 3.0 733
1584676944800 2.0 734
1584676947152 1.0 735
1584676949495 1.0 736
1584676951885 4.0 737
1584676954223 4.0 738
1584676956675 2.0 739
1584676958956 0.0 740
1584676961361 3.0 741
1584676963633 1.0 742
1584676966400 6.0 743
1584676968888 2.0 744
1584676971360 2.0 745
1584676975016 4.0 746
1584676978550 1.0 747
1584676981525 3.0 748
1584676985030 -1.0 749
1584676988010 2.0 750
1584676990576 2.0 751
1584676994260 -3.0 752
1584676997676 5.0 753
1584677001320 5.0 754
1584677003944 5.0 755
1584677006340 0.0 756
1584677009314 4.0 757
1584677012369 3.0 758
1584677014944 5.0 759
1584677017670 2.0 760
1584677020364 1.0 761
1584677023102 -1.0 762
1584677025514 3.0 763
1584677028295 1.0 764
1584677030474 1.0 765
1584677032727 3.0 766
1584677035180 2.0 767
1584677037695 0.0 768
1584677040151 3.0 769
1584677043161 3.0 770
1584677046282 1.0 771
1584677049374 4.0 772
1584677052238 5.0 773
1584677055112 4.0 774
1584677057995 5.0 775
1584677060471 1.0 776
1584677062745 1.0 777
1584677065057 3.0 778
1584677067503 1.0 779
1584677069716 7.0 780
1584677071973 1.0 781
1584677074375 3.0 782
1584677077428 1.0 783
1584677079732 2.0 784
1584677081941 4.0 785
1584677084429 4.0 786
1584677087215 2.0 787
1584677089521 7.0 788
1584677091798 3.0 789
1584677094126 6.0 790
1584677096648 7.0 791
1584677099035 2.0 792
1584677101341 7.0 793
1584677103752 3.0 794
1584677106377 2.0 795
1584677110524 9.0 796
1584677113084 6.0 797
1584677116114 4.0 798
1584677118554 4.0 799
1584677121071 5.0 800
1584677123333 3.0 801
1584677125526 2.0 802
1584677127779 5.0 803
1584677130453 3.0 804
1584677132976 3.0 805
1584677135445 1.0 806
1584677137882 0.0 807
1584677140298 3.0 808
1584677142606 6.0 809
1584677144916 1.0 810
1584677147436 5.0 811
1584677150039 -1.0 812
1584677152622 4.0 813
1584677154970 4.0 814
1584677157801 2.0 815
1584677160160 6.0 816
1584677163408 1.0 817
1584677166058 5.0 818
1584677168660 3.0 819
1584677171159 0.0 820
1584677173708 3.0 821
1584677176064 1.0 822
1584677178512 3.0 823
1584677181069 1.0 824
1584677183771 1.0 825
1584677186282 7.0 826
1584677189675 0.0 827
1584677192184 1.0 828
1584677194927 3.0 829
1584677197674 3.0 830
1584677200322 2.0 831
1584677203204 3.0 832
1584677206072 5.0 833
1584677208730 4.0 834
1584677211098 2.0 835
1584677213776 4.0 836
1584677217083 2.0 837
1584677219399 3.0 838
1584677221799 3.0 839
1584677224242 0.0 840
1584677226773 5.0 841
1584677229214 3.0 842
1584677231753 2.0 843
1584677234179 4.0 844
1584677236467 4.0 845
1584677238693 3.0 846
1584677240850 2.0 847
1584677243065 6.0 848
1584677245483 0.0 849
1584677248113 5.0 850
1584677250701 -2.0 851
1584677253540 3.0 852
1584677256706 2.0 853
1584677259873 3.0 854
1584677262491 3.0 855
1584677265940 1.0 856
1584677268826 1.0 857
1584677271056 2.0 858
1584677273330 4.0 859
1584677275562 6.0 860
1584677277819 7.0 861
1584677280069 3.0 862
1584677282345 1.0 863
1584677284638 2.0 864
1584677286891 4.0 865
1584677289184 4.0 866
1584677291510 3.0 867
1584677293816 3.0 868
1584677296271 5.0 869
1584677298544 2.0 870
1584677300787 6.0 871
1584677302973 6.0 872
1584677305181 0.0 873
1584677307980 6.0 874
1584677310866 2.0 875
1584677313281 3.0 876
1584677315682 3.0 877
1584677318141 4.0 878
1584677320450 4.0 879
1584677322969 5.0 880
1584677325358 4.0 881
1584677327852 5.0 882
1584677330301 6.0 883
1584677332640 5.0 884
1584677335099 7.0 885
1584677337450 5.0 886
1584677339775 3.0 887
1584677342498 2.0 888
1584677344974 1.0 889
1584677347349 5.0 890
1584677349716 4.0 891
1584677352366 3.0 892
1584677354688 1.0 893
1584677357217 5.0 894
1584677360212 6.0 895
1584677362762 8.0 896
1584677365059 2.0 897
1584677367625 8.0 898
1584677369906 6.0 899
1584677372440 2.0 900
1584677375058 1.0 901
1584677377315 4.0 902
1584677379883 5.0 903
1584677382255 2.0 904
1584677384725 6.0 905
1584677387049 3.0 906
1584677389301 2.0 907
1584677392153 4.0 908
1584677394618 7.0 909
1584677396887 4.0 910
1584677399357 2.0 911
1584677401964 3.0 912
1584677404324 0.0 913
1584677406978 4.0 914
1584677409199 4.0 915
1584677411569 6.0 916
1584677413915 3.0 917
1584677416467 5.0 918
1584677418786 5.0 919
1584677421090 3.0 920
1584677423356 5.0 921
1584677425692 2.0 922
1584677428469 4.0 923
1584677430845 5.0 924
1584677433315 2.0 925
1584677435674 0.0 926
1584677438033 4.0 927
1584677440370 3.0 928
1584677442723 2.0 929
1584677445397 1.0 930
1584677448108 7.0 931
1584677450571 4.0 932
1584677453247 8.0 933
1584677455806 5.0 934
1584677458702 8.0 935
1584677461196 5.0 936
1584677463720 6.0 937
1584677466396 4.0 938
1584677469344 6.0 939
1584677471861 2.0 940
1584677474552 6.0 941
1584677477348 6.0 942
1584677480053 1.0 943
1584677482595 8.0 944
1584677485546 4.0 945
1584677488573 5.0 946
1584677491001 9.0 947
1584677493642 6.0 948
1584677496541 1.0 949
1584677499520 8.0 950
1584677501797 6.0 951
1584677504073 5.0 952
1584677506948 5.0 953
1584677509827 8.0 954
1584677512273 9.0 955
1584677514860 6.0 956
1584677517639 2.0 957
1584677520291 7.0 958
1584677523042 4.0 959
1584677525514 1.0 960
1584677528011 1.0 961
1584677530515 0.0 962
1584677532857 3.0 963
1584677535467 4.0 964
1584677537799 8.0 965
1584677540094 8.0 966
1584677542638 7.0 967
1584677545288 9.0 968
1584677548085 3.0 969
1584677550733 6.0 970
1584677553275 4.0 971
1584677556108 6.0 972
1584677558444 7.0 973
1584677560906 6.0 974
1584677563333 6.0 975
1584677565721 5.0 976
1584677568282 7.0 977
1584677570554 4.0 978
1584677573001 4.0 979
1584677575442 4.0 980
1584677578066 5.0 981
1584677580505 2.0 982
1584677582883 5.0 983
1584677585207 3.0 984
1584677587703 2.0 985
1584677590102 6.0 986
1584677592434 8.0 987
1584677594748 5.0 988
1584677597141 10.0 989
1584677599343 2.0 990
1584677601600 5.0 991
1584677604062 6.0 992
1584677607676 1.0 993
1584677610033 5.0 994
1584677612485 3.0 995
1584677614822 4.0 996
1584677617133 6.0 997
1584677619308 4.0 998
1584677621634 3.0 999
1584677624057 3.0 1000
1584677626697 0.0 1001
1584677628993 5.0 1002
1584677631175 3.0 1003
1584677633350 5.0 1004
1584677635707 5.0 1005
1584677638275 4.0 1006
1584677640665 4.0 1007
1584677643101 0.0 1008
1584677645600 4.0 1009
1584677648155 8.0 1010
1584677650342 4.0 1011
1584677652634 3.0 1012
1584677654839 8.0 1013
1584677658244 2.0 1014
1584677660859 2.0 1015
1584677663096 3.0 1016
1584677666254 7.0 1017
1584677669344 0.0 1018
1584677671610 6.0 1019
1584677674341 4.0 1020
1584677677103 3.0 1021
1584677679868 3.0 1022
1584677682344 6.0 1023
1584677685041 5.0 1024
1584677687791 4.0 1025
1584677690431 9.0 1026
1584677692833 8.0 1027
1584677695224 5.0 1028
1584677697902 6.0 1029
1584677700389 7.0 1030
1584677702923 3.0 1031
1584677705497 6.0 1032
1584677707847 7.0 1033
1584677710175 3.0 1034
1584677712381 2.0 1035
1584677714883 5.0 1036
1584677717499 7.0 1037
1584677719834 3.0 1038
1584677722173 9.0 1039
1584677724596 6.0 1040
1584677727099 5.0 1041
1584677729896 5.0 1042
1584677732186 3.0 1043
1584677734571 8.0 1044
1584677737303 3.0 1045
1584677739742 8.0 1046
1584677742371 6.0 1047
1584677745132 7.0 1048
1584677747730 4.0 1049
1584677750711 6.0 1050
1584677753117 3.0 1051
1584677755690 5.0 1052
1584677758039 3.0 1053
1584677760235 5.0 1054
1584677762572 6.0 1055
1584677764987 -1.0 1056
1584677767755 7.0 1057
1584677770201 8.0 1058
1584677772701 4.0 1059
1584677775005 2.0 1060
1584677777401 8.0 1061
1584677779837 3.0 1062
1584677782547 11.0 1063
1584677785208 1.0 1064
1584677788131 2.0 1065
1584677790367 4.0 1066
1584677792873 5.0 1067
1584677795381 7.0 1068
1584677797652 6.0 1069
1584677799859 8.0 1070
1584677802103 8.0 1071
1584677804387 6.0 1072
1584677806804 6.0 1073
1584677809206 3.0 1074
1584677811762 4.0 1075
1584677814077 4.0 1076
1584677816290 2.0 1077
1584677818465 3.0 1078
1584677820617 4.0 1079
1584677822964 11.0 1080
1584677825395 7.0 1081
1584677827669 3.0 1082
1584677830204 5.0 1083
1584677832649 0.0 1084
1584677835007 1.0 1085
1584677837531 7.0 1086
1584677840005 3.0 1087
1584677842376 6.0 1088
1584677844742 4.0 1089
1584677847874 6.0 1090
1584677850802 4.0 1091
1584677853270 6.0 1092
1584677855596 7.0 1093
1584677857883 7.0 1094
1584677860250 5.0 1095
1584677862850 4.0 1096
1584677865255 4.0 1097
1584677867581 3.0 1098
1584677869847 1.0 1099
1584677872517 6.0 1100
1584677875844 1.0 1101
1584677878610 3.0 1102
1584677881080 6.0 1103
1584677883477 3.0 1104
1584677886112 9.0 1105
1584677888642 5.0 1106
1584677891210 5.0 1107
1584677893506 5.0 1108
1584677895776 7.0 1109
1584677897971 3.0 1110
1584677900177 5.0 1111
1584677902719 4.0 1112
1584677905487 2.0 1113
1584677908237 5.0 1114
1584677910744 6.0 1115
1584677913262 8.0 1116
1584677915696 7.0 1117
1584677918154 6.0 1118
1584677920530 2.0 1119
1584677922908 5.0 1120
1584677925141 6.0 1121
1584677927374 1.0 1122
1584677929615 5.0 1123
1584677931850 4.0 1124
1584677934233 10.0 1125
1584677936998 6.0 1126
1584677939475 8.0 1127
1584677941974 1.0 1128
1584677944486 3.0 1129
1584677947101 4.0 1130
1584677949409 3.0 1131
1584677951632 2.0 1132
1584677953982 8.0 1133
1584677956691 1.0 1134
1584677959139 7.0 1135
1584677961402 2.0 1136
1584677963730 7.0 1137
1584677966604 5.0 1138
1584677969899 7.0 1139
1584677972360 8.0 1140
1584677974735 0.0 1141
1584677977150 6.0 1142
1584677979861 5.0 1143
1584677982328 6.0 1144
1584677984775 6.0 1145
1584677987308 1.0 1146
1584677989664 3.0 1147
1584677992194 3.0 1148
1584677994500 6.0 1149
1584677997100 7.0 1150
1584677999662 7.0 1151
1584678002317 5.0 1152
1584678004819 3.0 1153
1584678007134 4.0 1154
1584678009883 9.0 1155
1584678012469 3.0 1156
1584678015023 7.0 1157
1584678017812 5.0 1158
1584678020592 1.0 1159
1584678022779 4.0 1160
1584678025259 5.0 1161
1584678028397 6.0 1162
1584678031752 3.0 1163
1584678034344 5.0 1164
1584678036642 7.0 1165
1584678039128 8.0 1166
1584678042182 7.0 1167
1584678045543 4.0 1168
1584678048332 1.0 1169
1584678051090 7.0 1170
1584678053609 10.0 1171
1584678056278 4.0 1172
1584678058769 9.0 1173
1584678061433 8.0 1174
1584678064175 8.0 1175
1584678066808 6.0 1176
1584678069216 7.0 1177
1584678071827 8.0 1178
1584678074264 1.0 1179
1584678077215 8.0 1180
1584678080088 6.0 1181
1584678082676 10.0 1182
1584678085346 7.0 1183
1584678088387 10.0 1184
1584678090848 8.0 1185
1584678093446 7.0 1186
1584678095771 5.0 1187
1584678098094 6.0 1188
1584678100555 6.0 1189
1584678103244 4.0 1190
1584678105484 7.0 1191
1584678108178 6.0 1192
1584678110629 4.0 1193
1584678113408 6.0 1194
1584678116089 4.0 1195
1584678118625 7.0 1196
1584678121160 8.0 1197
1584678123677 9.0 1198
1584678126223 4.0 1199
1584678128677 7.0 1200
1584678131243 8.0 1201
1584678133611 4.0 1202
1584678136082 5.0 1203
1584678138396 9.0 1204
1584678140851 9.0 1205
1584678144088 6.0 1206
1584678146824 1.0 1207
1584678149441 9.0 1208
1584678151771 6.0 1209
1584678154305 5.0 1210
1584678156596 9.0 1211
1584678159231 9.0 1212
1584678161599 5.0 1213
1584678164199 3.0 1214
1584678166778 6.0 1215
1584678169133 8.0 1216
1584678171618 1.0 1217
1584678174088 7.0 1218
1584678176479 9.0 1219
1584678178991 8.0 1220
1584678181298 2.0 1221
1584678183475 5.0 1222
1584678185891 3.0 1223
1584678188475 4.0 1224
1584678191172 5.0 1225
1584678193786 7.0 1226
1584678196277 5.0 1227
1584678198741 3.0 1228
1584678201007 6.0 1229
1584678203378 6.0 1230
1584678205938 5.0 1231
1584678208715 6.0 1232
1584678211057 5.0 1233
1584678213322 3.0 1234
1584678215553 5.0 1235
1584678217824 9.0 1236
1584678220337 8.0 1237
1584678222866 11.0 1238
1584678225291 7.0 1239
1584678227910 2.0 1240
1584678230477 4.0 1241
1584678232850 5.0 1242
1584678235540 7.0 1243
1584678237998 6.0 1244
1584678240588 7.0 1245
1584678243243 2.0 1246
1584678245462 5.0 1247
1584678248280 4.0 1248
1584678251210 7.0 1249
1584678253994 6.0 1250
1584678258439 4.0 1251
1584678261824 5.0 1252
1584678265541 2.0 1253
1584678268197 7.0 1254
1584678271286 4.0 1255
1584678274734 4.0 1256
1584678277640 4.0 1257
1584678281025 4.0 1258
1584678283881 5.0 1259
1584678286632 6.0 1260
1584678289394 1.0 1261
1584678292039 4.0 1262
1584678294463 7.0 1263
1584678297004 9.0 1264
1584678299711 3.0 1265
1584678302439 3.0 1266
1584678304760 6.0 1267
1584678307831 5.0 1268
1584678310344 11.0 1269
1584678313162 0.0 1270
1584678315676 5.0 1271
1584678317855 7.0 1272
1584678319997 2.0 1273
1584678322174 4.0 1274
1584678324334 11.0 1275
1584678326888 4.0 1276
1584678329278 5.0 1277
1584678332070 6.0 1278
1584678334562 8.0 1279
1584678336789 -1.0 1280
1584678339059 6.0 1281
1584678341315 5.0 1282
1584678343472 5.0 1283
1584678345642 6.0 1284
1584678347798 5.0 1285
1584678349951 5.0 1286
1584678352100 12.0 1287
1584678354269 6.0 1288
1584678356749 5.0 1289
1584678359049 3.0 1290
1584678361505 6.0 1291
1584678364840 7.0 1292
1584678367448 5.0 1293
1584678370309 5.0 1294
1584678372870 5.0 1295
1584678375263 10.0 1296
1584678377539 5.0 1297
1584678379888 5.0 1298
1584678382258 6.0 1299
1584678384600 5.0 1300
1584678387602 4.0 1301
1584678389952 11.0 1302
1584678392105 8.0 1303
1584678395097 10.0 1304
1584678397419 7.0 1305
1584678399936 7.0 1306
1584678402402 6.0 1307
1584678404629 5.0 1308
1584678406910 5.0 1309
1584678410651 6.0 1310
1584678414222 5.0 1311
1584678418293 6.0 1312
1584678420848 8.0 1313
1584678423343 5.0 1314
1584678426087 5.0 1315
1584678429726 6.0 1316
1584678433549 6.0 1317
1584678437659 7.0 1318
1584678440004 6.0 1319
1584678442211 5.0 1320
1584678444433 6.0 1321
1584678446652 8.0 1322
1584678449401 10.0 1323
1584678452419 1.0 1324
1584678454677 6.0 1325
1584678456880 4.0 1326
1584678459090 4.0 1327
1584678461246 5.0 1328
1584678463415 6.0 1329
1584678465653 7.0 1330
1584678467937 3.0 1331
1584678470197 5.0 1332
1584678472405 8.0 1333
1584678474685 6.0 1334
1584678476884 5.0 1335
1584678479059 8.0 1336
1584678481491 5.0 1337
1584678483691 10.0 1338
1584678485956 4.0 1339
1584678488137 6.0 1340
1584678490473 6.0 1341
1584678492718 3.0 1342
1584678495072 8.0 1343
1584678497477 10.0 1344
1584678499709 4.0 1345
1584678501902 6.0 1346
1584678504069 2.0 1347
1584678506258 8.0 1348
1584678508478 6.0 1349
1584678510658 7.0 1350
1584678512918 10.0 1351
1584678515092 5.0 1352
1584678517265 5.0 1353
1584678519445 3.0 1354
1584678521639 4.0 1355
1584678523935 7.0 1356
1584678526165 6.0 1357
1584678528420 7.0 1358
1584678530624 6.0 1359
1584678532763 11.0 1360
1584678535121 7.0 1361
1584678537803 12.0 1362
1584678540212 3.0 1363
1584678544554 7.0 1364
1584678546920 9.0 1365
1584678549059 6.0 1366
1584678551221 6.0 1367
1584678553414 7.0 1368
1584678556519 4.0 1369
1584678558821 7.0 1370
1584678561339 4.0 1371
1584678563537 12.0 1372
1584678566461 10.0 1373
1584678568969 14.0 1374
1584678571761 8.0 1375
1584678574305 5.0 1376
1584678576892 9.0 1377
1584678579501 6.0 1378
1584678581982 3.0 1379
1584678584271 5.0 1380
1584678586752 1.0 1381
1584678589562 4.0 1382
1584678592352 5.0 1383
1584678594667 4.0 1384
1584678597395 6.0 1385
1584678599789 8.0 1386
1584678602683 7.0 1387
1584678605152 11.0 1388
1584678607852 7.0 1389
1584678610871 4.0 1390
1584678613222 9.0 1391
1584678615414 9.0 1392
1584678617585 4.0 1393
1584678619737 5.0 1394
1584678621940 8.0 1395
1584678624308 10.0 1396
1584678626547 10.0 1397
1584678628675 10.0 1398
1584678631021 -2.0 1399
1584678633329 8.0 1400
1584678635608 5.0 1401
1584678638048 3.0 1402
1584678640346 6.0 1403
1584678642577 8.0 1404
1584678644801 4.0 1405
1584678647032 9.0 1406
1584678649368 3.0 1407
1584678651549 0.0 1408
1584678653726 9.0 1409
1584678655903 5.0 1410
1584678658383 6.0 1411
1584678661185 3.0 1412
1584678663653 6.0 1413
1584678665974 7.0 1414
1584678668270 9.0 1415
1584678670389 6.0 1416
1584678672690 7.0 1417
1584678674841 11.0 1418
1584678677023 9.0 1419
1584678679198 5.0 1420
1584678681366 2.0 1421
1584678683511 6.0 1422
1584678685632 5.0 1423
1584678687884 7.0 1424
1584678690026 7.0 1425
1584678692202 6.0 1426
1584678694380 8.0 1427
1584678696837 6.0 1428
1584678699131 5.0 1429
1584678701431 6.0 1430
1584678703587 6.0 1431
1584678705970 3.0 1432
1584678708588 3.0 1433
1584678710862 2.0 1434
1584678713399 2.0 1435
1584678715565 7.0 1436
1584678717797 3.0 1437
1584678719968 4.0 1438
1584678722148 8.0 1439
1584678724315 5.0 1440
1584678726442 8.0 1441
1584678728721 7.0 1442
1584678730933 5.0 1443
1584678733086 7.0 1444
1584678735240 3.0 1445
1584678737417 7.0 1446
1584678739616 5.0 1447
1584678741770 8.0 1448
1584678743893 10.0 1449
1584678746079 4.0 1450
1584678748351 7.0 1451
1584678750599 0.0 1452
1584678752876 4.0 1453
1584678755082 6.0 1454
1584678757215 2.0 1455
1584678760006 11.0 1456
1584678762239 4.0 1457
1584678764627 9.0 1458
1584678767410 5.0 1459
1584678770176 10.0 1460
1584678772554 7.0 1461
1584678774998 9.0 1462
1584678777207 4.0 1463
1584678779660 5.0 1464
1584678781812 7.0 1465
1584678784179 6.0 1466
1584678787033 7.0 1467
1584678789653 5.0 1468
1584678792219 4.0 1469
1584678794442 8.0 1470
1584678797483 6.0 1471
1584678801077 11.0 1472
1584678804812 2.0 1473
1584678809060 12.0 1474
1584678813455 2.0 1475
1584678816039 5.0 1476
1584678819171 8.0 1477
1584678821644 8.0 1478
1584678824585 3.0 1479
1584678826904 7.0 1480
1584678829247 8.0 1481
1584678831734 4.0 1482
1584678834116 7.0 1483
1584678837074 6.0 1484
1584678839490 4.0 1485
1584678841810 5.0 1486
1584678844805 9.0 1487
1584678846953 7.0 1488
1584678849124 2.0 1489
1584678851289 7.0 1490
1584678854336 3.0 1491
1584678856547 8.0 1492
1584678858713 3.0 1493
1584678861366 4.0 1494
1584678864067 6.0 1495
1584678866267 8.0 1496
1584678868789 5.0 1497
1584678871462 8.0 1498
1584678873870 5.0 1499
1584678876414 4.0 1500
1584678879516 7.0 1501
1584678884320 6.0 1502
1584678889351 6.0 1503
1584678894651 11.0 1504
1584678899643 10.0 1505
1584678906124 7.0 1506
1584678909413 2.0 1507
1584678912426 8.0 1508
1584678914832 8.0 1509
1584678917040 8.0 1510
1584678919204 8.0 1511
1584678921404 8.0 1512
1584678923660 7.0 1513
1584678926425 4.0 1514
1584678928639 7.0 1515
1584678930883 11.0 1516
1584678933121 8.0 1517
1584678935886 6.0 1518
1584678938034 6.0 1519
1584678940207 8.0 1520
1584678942445 2.0 1521
1584678945127 9.0 1522
1584678947474 4.0 1523
1584678949703 10.0 1524
1584678951948 6.0 1525
1584678954509 9.0 1526
1584678957137 4.0 1527
1584678959399 8.0 1528
1584678961584 7.0 1529
1584678964892 8.0 1530
1584678967356 3.0 1531
1584678969580 7.0 1532
1584678971796 5.0 1533
1584678974023 7.0 1534
1584678976197 6.0 1535
1584678978410 13.0 1536
1584678980764 5.0 1537
1584678982942 8.0 1538
1584678985112 8.0 1539
1584678987493 8.0 1540
1584678989793 8.0 1541
1584678991953 5.0 1542
1584678995034 7.0 1543
1584678998244 5.0 1544
1584679000492 9.0 1545
1584679002686 7.0 1546
1584679004835 5.0 1547
1584679007050 7.0 1548
1584679009640 5.0 1549
1584679011824 5.0 1550
1584679013989 6.0 1551
1584679016571 6.0 1552
1584679018767 4.0 1553
1584679021455 8.0 1554
1584679024104 9.0 1555
1584679026447 8.0 1556
1584679028595 6.0 1557
1584679030755 4.0 1558
1584679032893 6.0 1559
1584679035211 6.0 1560
1584679037385 11.0 1561
1584679039539 8.0 1562
1584679041683 6.0 1563
1584679043860 8.0 1564
1584679045997 6.0 1565
1584679048222 10.0 1566
1584679050466 4.0 1567
1584679052812 5.0 1568
1584679055011 6.0 1569
1584679057179 1.0 1570
1584679059425 2.0 1571
1584679061788 9.0 1572
1584679064304 5.0 1573
1584679066441 10.0 1574
1584679068696 6.0 1575
1584679070924 9.0 1576
1584679073099 7.0 1577
1584679075518 4.0 1578
1584679078624 12.0 1579
1584679081095 5.0 1580
1584679083273 7.0 1581
1584679085453 9.0 1582
1584679087863 10.0 1583
1584679090055 7.0 1584
1584679092379 10.0 1585
1584679095827 8.0 1586
1584679098222 8.0 1587
1584679100410 0.0 1588
1584679102927 10.0 1589
1584679106070 7.0 1590
1584679109180 5.0 1591
1584679112745 8.0 1592
1584679115674 7.0 1593
1584679118478 10.0 1594
1584679120835 8.0 1595
1584679123126 10.0 1596
1584679125426 5.0 1597
1584679127733 2.0 1598
1584679130208 4.0 1599
1584679132411 9.0 1600
1584679134749 8.0 1601
1584679136962 13.0 1602
1584679139154 6.0 1603
1584679141566 10.0 1604
1584679143968 11.0 1605
1584679146222 12.0 1606
1584679148752 5.0 1607
1584679151163 10.0 1608
1584679154253 8.0 1609
1584679157114 6.0 1610
1584679159600 7.0 1611
1584679162138 5.0 1612
1584679164707 8.0 1613
1584679166925 7.0 1614
1584679169168 8.0 1615
1584679171327 3.0 1616
1584679173542 9.0 1617
1584679175733 6.0 1618
1584679178315 2.0 1619
1584679180931 7.0 1620
1584679183172 5.0 1621
1584679185571 13.0 1622
1584679188147 8.0 1623
1584679190367 8.0 1624
1584679194073 2.0 1625
1584679197001 7.0 1626
1584679199410 7.0 1627
1584679201705 9.0 1628
1584679203870 11.0 1629
1584679206335 4.0 1630
1584679208565 8.0 1631
1584679210864 5.0 1632
1584679213075 6.0 1633
1584679216276 10.0 1634
1584679218758 6.0 1635
1584679221083 11.0 1636
1584679223339 9.0 1637
1584679225572 6.0 1638
1584679228099 1.0 1639
1584679230290 8.0 1640
1584679232526 7.0 1641
1584679234719 7.0 1642
1584679236931 9.0 1643
1584679239134 8.0 1644
1584679241440 8.0 1645
1584679243741 5.0 1646
1584679246024 0.0 1647
1584679248260 10.0 1648
1584679250501 4.0 1649
1584679252894 8.0 1650
1584679255904 5.0 1651
1584679258392 12.0 1652
1584679262047 5.0 1653
1584679265527 7.0 1654
1584679268622 6.0 1655
1584679272622 6.0 1656
1584679275650 7.0 1657
1584679278488 10.0 1658
1584679281316 6.0 1659
1584679284054 6.0 1660
1584679286286 6.0 1661
1584679288569 8.0 1662
1584679290777 7.0 1663
1584679293000 3.0 1664
1584679295445 5.0 1665
1584679297704 10.0 1666
1584679300148 5.0 1667
1584679304423 7.0 1668
1584679307182 13.0 1669
1584679309926 10.0 1670
1584679312637 12.0 1671
1584679314803 7.0 1672
1584679317002 3.0 1673
1584679319207 5.0 1674
1584679321496 7.0 1675
1584679323832 11.0 1676
1584679325983 3.0 1677
1584679328173 6.0 1678
1584679330431 2.0 1679
1584679332678 6.0 1680
1584679335906 8.0 1681
1584679339555 4.0 1682
1584679342044 4.0 1683
1584679344810 7.0 1684
1584679347155 6.0 1685
1584679349602 12.0 1686
1584679351992 8.0 1687
1584679354626 5.0 1688
1584679356807 8.0 1689
1584679359090 7.0 1690
1584679361265 12.0 1691
1584679363479 11.0 1692
1584679365654 4.0 1693
1584679367882 5.0 1694
1584679370108 2.0 1695
1584679372318 6.0 1696
1584679374555 9.0 1697
1584679376761 6.0 1698
1584679378948 7.0 1699
1584679381273 10.0 1700
1584679385369 6.0 1701
1584679388624 8.0 1702
1584679391264 8.0 1703
1584679394242 7.0 1704
1584679396749 10.0 1705
1584679399095 8.0 1706
1584679401521 11.0 1707
1584679404348 12.0 1708
1584679407003 6.0 1709
1584679409727 6.0 1710
1584679411913 6.0 1711
1584679414143 14.0 1712
1584679416705 8.0 1713
1584679418936 8.0 1714
1584679421119 9.0 1715
1584679423294 8.0 1716
1584679425847 12.0 1717
1584679429053 6.0 1718
1584679431965 7.0 1719
1584679435043 9.0 1720
1584679437788 9.0 1721
1584679441356 12.0 1722
1584679443688 8.0 1723
1584679445955 7.0 1724
1584679448254 13.0 1725
1584679450496 5.0 1726
1584679452825 12.0 1727
1584679455144 10.0 1728
1584679457325 10.0 1729
1584679459707 9.0 1730
1584679461874 6.0 1731
1584679464055 5.0 1732
1584679466852 4.0 1733
1584679469141 11.0 1734
1584679471764 7.0 1735
1584679474244 13.0 1736
1584679476670 10.0 1737
1584679478977 9.0 1738
1584679481270 12.0 1739
1584679484087 8.0 1740
1584679486255 3.0 1741
1584679488675 5.0 1742
1584679490838 6.0 1743
1584679493242 5.0 1744
1584679495533 11.0 1745
1584679497812 7.0 1746
1584679499966 6.0 1747
1584679502127 10.0 1748
1584679504276 10.0 1749
1584679506729 12.0 1750
1584679508905 10.0 1751
1584679511048 5.0 1752
1584679513212 10.0 1753
1584679515363 9.0 1754
1584679517699 7.0 1755
1584679520308 5.0 1756
1584679522802 10.0 1757
1584679525316 10.0 1758
1584679527534 9.0 1759
1584679529707 8.0 1760
1584679531861 10.0 1761
1584679534819 5.0 1762
1584679537261 12.0 1763
1584679539551 11.0 1764
1584679541892 4.0 1765
1584679544840 9.0 1766
1584679547753 12.0 1767
1584679549941 4.0 1768
1584679552096 13.0 1769
1584679554249 10.0 1770
1584679556531 8.0 1771
1584679558696 4.0 1772
1584679560870 8.0 1773
1584679563094 8.0 1774
1584679565297 8.0 1775
1584679567507 10.0 1776
1584679569917 9.0 1777
1584679572380 10.0 1778
1584679574520 1.0 1779
1584679576693 7.0 1780
1584679578916 7.0 1781
1584679581098 10.0 1782
1584679583320 10.0 1783
1584679585909 6.0 1784
1584679588203 7.0 1785
1584679590375 5.0 1786
1584679592561 9.0 1787
1584679594779 4.0 1788
1584679597076 6.0 1789
1584679599680 8.0 1790
1584679602414 6.0 1791
1584679605699 11.0 1792
1584679608597 14.0 1793
1584679611657 8.0 1794
1584679615167 4.0 1795
1584679618376 7.0 1796
1584679620543 8.0 1797
1584679622676 7.0 1798
1584679624824 6.0 1799
1584679627374 11.0 1800
1584679629791 1.0 1801
1584679632207 7.0 1802
1584679635443 10.0 1803
1584679638040 9.0 1804
1584679640259 9.0 1805
1584679644050 14.0 1806
1584679647426 4.0 1807
1584679649641 10.0 1808
1584679652205 5.0 1809
1584679654825 13.0 1810
1584679657450 9.0 1811
1584679659643 6.0 1812
1584679661926 6.0 1813
1584679665115 9.0 1814
1584679668672 13.0 1815
1584679671057 8.0 1816
1584679674650 5.0 1817
1584679677544 7.0 1818
1584679681096 8.0 1819
1584679684122 7.0 1820
1584679686344 4.0 1821
1584679688456 12.0 1822
1584679690563 7.0 1823
1584679692676 9.0 1824
1584679694805 9.0 1825
1584679697714 11.0 1826
1584679702056 9.0 1827
1584679704720 7.0 1828
1584679707619 12.0 1829
1584679709992 6.0 1830
1584679712398 6.0 1831
1584679714975 10.0 1832
1584679717719 12.0 1833
1584679720107 10.0 1834
1584679722921 12.0 1835
1584679725541 6.0 1836
1584679727809 4.0 1837
1584679730040 11.0 1838
1584679732262 8.0 1839
1584679734470 6.0 1840
1584679736703 5.0 1841
1584679738905 9.0 1842
1584679741549 3.0 1843
1584679744440 7.0 1844
1584679748132 10.0 1845
1584679751598 9.0 1846
1584679755041 9.0 1847
1584679759608 9.0 1848
1584679764528 8.0 1849
1584679769410 7.0 1850
1584679774392 11.0 1851
1584679779445 13.0 1852
1584679784476 12.0 1853
1584679788752 5.0 1854
1584679791540 12.0 1855
1584679794132 11.0 1856
1584679796633 5.0 1857
1584679798881 5.0 1858
1584679804101 12.0 1859
1584679808146 7.0 1860
1584679812981 10.0 1861
1584679817820 10.0 1862
1584679823256 5.0 1863
1584679828504 12.0 1864
1584679831086 5.0 1865
1584679834067 5.0 1866
1584679838535 4.0 1867
1584679842938 7.0 1868
1584679847692 4.0 1869
1584679852712 11.0 1870
1584679857322 11.0 1871
1584679862136 9.0 1872
1584679866462 7.0 1873
1584679870197 10.0 1874
1584679872579 9.0 1875
1584679874787 6.0 1876
1584679877098 12.0 1877
1584679879667 8.0 1878
1584679881837 8.0 1879
1584679884067 6.0 1880
1584679886748 11.0 1881
1584679888954 9.0 1882
1584679891205 10.0 1883
1584679894249 6.0 1884
1584679896866 6.0 1885
1584679899577 10.0 1886
1584679903001 5.0 1887
1584679905979 7.0 1888
1584679908655 9.0 1889
1584679911501 6.0 1890
1584679914154 7.0 1891
1584679916783 10.0 1892
1584679919215 16.0 1893
1584679921649 9.0 1894
1584679924075 11.0 1895
1584679926862 1.0 1896
1584679929698 10.0 1897
1584679932801 7.0 1898
1584679935466 10.0 1899
1584679938066 9.0 1900
1584679940875 10.0 1901
1584679943462 7.0 1902
1584679946555 7.0 1903
1584679950713 8.0 1904
1584679952896 5.0 1905
1584679955824 9.0 1906
1584679959702 3.0 1907
1584679963520 8.0 1908
1584679966247 9.0 1909
1584679968602 13.0 1910
1584679970750 8.0 1911
1584679972891 4.0 1912
1584679975920 5.0 1913
1584679978279 5.0 1914
1584679980517 12.0 1915
1584679982778 12.0 1916
1584679985084 7.0 1917
1584679987685 8.0 1918
1584679990558 7.0 1919
1584679993792 10.0 1920
1584679996762 9.0 1921
1584679999201 10.0 1922
1584680001599 6.0 1923
1584680003818 8.0 1924
1584680006168 8.0 1925
1584680008608 12.0 1926
1584680011203 7.0 1927
1584680013475 9.0 1928
1584680015751 11.0 1929
1584680018070 8.0 1930
1584680020312 6.0 1931
1584680022913 8.0 1932
1584680025189 12.0 1933
1584680027691 12.0 1934
1584680029860 8.0 1935
1584680032351 12.0 1936
1584680034636 6.0 1937
1584680037004 8.0 1938
1584680039356 11.0 1939
1584680041562 9.0 1940
1584680043735 9.0 1941
1584680046000 9.0 1942
1584680048337 6.0 1943
1584680050612 4.0 1944
1584680052933 4.0 1945
1584680055396 13.0 1946
1584680057825 7.0 1947
1584680060910 8.0 1948
1584680064151 6.0 1949
1584680066776 6.0 1950
1584680070512 3.0 1951
1584680072954 11.0 1952
1584680075095 5.0 1953
1584680077236 11.0 1954
1584680079667 15.0 1955
1584680081825 7.0 1956
1584680084922 11.0 1957
1584680088894 10.0 1958
1584680091181 8.0 1959
1584680094562 7.0 1960
1584680097602 10.0 1961
1584680100236 5.0 1962
1584680102652 13.0 1963
1584680105012 8.0 1964
1584680107269 5.0 1965
1584680109522 9.0 1966
1584680111819 7.0 1967
1584680114172 12.0 1968
1584680116513 9.0 1969
1584680118881 8.0 1970
1584680121195 7.0 1971
1584680123434 13.0 1972
1584680125661 6.0 1973
1584680128106 9.0 1974
1584680130583 9.0 1975
1584680132869 8.0 1976
1584680135118 14.0 1977
1584680137535 7.0 1978
1584680139825 9.0 1979
1584680142141 13.0 1980
1584680144544 12.0 1981
1584680146888 6.0 1982
1584680149225 12.0 1983
1584680151628 8.0 1984
1584680153877 9.0 1985
1584680156186 8.0 1986
1584680158519 9.0 1987
1584680160970 5.0 1988
1584680163357 9.0 1989
1584680165594 8.0 1990
1584680167900 10.0 1991
1584680170368 11.0 1992
1584680172738 11.0 1993
1584680175129 10.0 1994
1584680177464 8.0 1995
1584680179876 7.0 1996
1584680182118 9.0 1997
1584680184365 11.0 1998
1584680186716 6.0 1999
1584680189139 15.0 2000
