1584682123286 1 1
1584682125560 0.995 2
1584682127818 0.990025 3
1584682130014 0.985074875 4
1584682132220 0.9801495006250001 5
1584682134502 0.9752487531218751 6
1584682136797 0.9703725093562657 7
1584682139088 0.9655206468094844 8
1584682141331 0.960693043575437 9
1584682143623 0.9558895783575597 10
1584682145814 0.9511101304657719 11
1584682147994 0.946354579813443 12
1584682150194 0.9416228069143757 13
1584682152489 0.9369146928798039 14
1584682154786 0.9322301194154049 15
1584682157135 0.9275689688183278 16
1584682159290 0.9229311239742362 17
1584682161465 0.918316468354365 18
1584682163630 0.9137248860125932 19
1584682165806 0.9091562615825302 20
1584682168272 0.9046104802746175 21
1584682170437 0.9000874278732445 22
1584682172588 0.8955869907338783 23
1584682174789 0.8911090557802088 24
1584682176977 0.8866535105013078 25
1584682179133 0.8822202429488013 26
1584682181377 0.8778091417340573 27
1584682183563 0.8734200960253871 28
1584682185768 0.8690529955452602 29
1584682187968 0.8647077305675338 30
1584682190144 0.8603841919146962 31
1584682192328 0.8560822709551227 32
1584682194514 0.851801859600347 33
1584682196692 0.8475428503023453 34
1584682198848 0.8433051360508336 35
1584682201210 0.8390886103705794 36
1584682203412 0.8348931673187264 37
1584682205579 0.8307187014821328 38
1584682207755 0.8265651079747222 39
1584682209959 0.8224322824348486 40
1584682212110 0.8183201210226743 41
1584682214265 0.8142285204175609 42
1584682216442 0.810157377815473 43
1584682218610 0.8061065909263957 44
1584682220777 0.8020760579717637 45
1584682222973 0.798065677681905 46
1584682225157 0.7940753492934954 47
1584682227326 0.7901049725470279 48
1584682229554 0.7861544476842928 49
1584682231755 0.7822236754458713 50
1584682233955 0.778312557068642 51
1584682236261 0.7744209942832988 52
1584682238475 0.7705488893118823 53
1584682240687 0.7666961448653229 54
1584682242870 0.7628626641409962 55
1584682245027 0.7590483508202912 56
1584682247243 0.7552531090661897 57
1584682249477 0.7514768435208588 58
1584682251645 0.7477194593032545 59
1584682253790 0.7439808620067382 60
1584682255968 0.7402609576967045 61
1584682258180 0.736559652908221 62
1584682260338 0.7328768546436799 63
1584682262608 0.7292124703704616 64
1584682264793 0.7255664080186093 65
1584682266970 0.7219385759785162 66
1584682269146 0.7183288830986236 67
1584682271371 0.7147372386831305 68
1584682273530 0.7111635524897149 69
1584682276082 0.7076077347272662 70
1584682278293 0.7040696960536299 71
1584682280484 0.7005493475733617 72
1584682282646 0.697046600835495 73
1584682284863 0.6935613678313175 74
1584682287112 0.6900935609921609 75
1584682289363 0.6866430931872001 76
1584682291590 0.6832098777212641 77
1584682293790 0.6797938283326578 78
1584682295993 0.6763948591909945 79
1584682298242 0.6730128848950395 80
1584682300586 0.6696478204705644 81
1584682302888 0.6662995813682115 82
1584682305090 0.6629680834613705 83
1584682307312 0.6596532430440636 84
1584682309510 0.6563549768288433 85
1584682311691 0.653073201944699 86
1584682313888 0.6498078359349755 87
1584682316127 0.6465587967553006 88
1584682318481 0.6433260027715241 89
1584682320693 0.6401093727576664 90
1584682322887 0.6369088258938781 91
1584682325091 0.6337242817644086 92
1584682327289 0.6305556603555866 93
1584682329499 0.6274028820538087 94
1584682331758 0.6242658676435396 95
1584682333963 0.6211445383053219 96
1584682336175 0.6180388156137953 97
1584682338349 0.6149486215357263 98
1584682340576 0.6118738784280476 99
1584682342767 0.6088145090359074 100
1584682345015 0.6057704364907278 101
1584682347205 0.6027415843082742 102
1584682349458 0.5997278763867329 103
1584682351656 0.5967292370047992 104
1584682353863 0.5937455908197752 105
1584682356071 0.5907768628656763 106
1584682358302 0.5878229785513479 107
1584682360664 0.5848838636585911 108
1584682363356 0.5819594443402982 109
1584682365624 0.5790496471185967 110
1584682367819 0.5761543988830038 111
1584682370046 0.5732736268885887 112
1584682372849 0.5704072587541458 113
1584682375426 0.567555222460375 114
1584682377645 0.5647174463480732 115
1584682379844 0.5618938591163328 116
1584682382093 0.5590843898207511 117
1584682384315 0.5562889678716474 118
1584682386491 0.5535075230322891 119
1584682388700 0.5507399854171277 120
1584682393257 0.547986285490042 121
1584682395799 0.5452463540625918 122
1584682397994 0.5425201222922789 123
1584682400208 0.5398075216808175 124
1584682402407 0.5371084840724134 125
1584682404606 0.5344229416520513 126
1584682406844 0.531750826943791 127
1584682409041 0.5290920728090721 128
1584682413670 0.5264466124450268 129
1584682416583 0.5238143793828016 130
1584682420519 0.5211953074858876 131
1584682424785 0.5185893309484582 132
1584682427105 0.5159963842937159 133
1584682429380 0.5134164023722473 134
1584682431615 0.510849320360386 135
1584682433828 0.5082950737585841 136
1584682436031 0.5057535983897912 137
1584682439026 0.5032248303978422 138
1584682442323 0.500708706245853 139
1584682445039 0.4982051627146237 140
1584682447660 0.49571413690105054 141
1584682451575 0.4932355662165453 142
1584682454469 0.4907693883854626 143
1584682457339 0.4883155414435353 144
1584682460480 0.4858739637363176 145
1584682463105 0.483444593917636 146
1584682465641 0.4810273709480478 147
1584682468568 0.47862223409330756 148
1584682471345 0.47622912292284103 149
1584682473780 0.4738479773082268 150
1584682476163 0.47147873742168567 151
1584682480424 0.46912134373457726 152
1584682483230 0.46677573701590436 153
1584682486526 0.46444185833082485 154
1584682489934 0.46211964903917074 155
1584682494062 0.4598090507939749 156
1584682496479 0.457510005540005 157
1584682498752 0.45522245551230495 158
1584682501429 0.4529463432347434 159
1584682503622 0.4506816115185697 160
1584682505918 0.4484282034609769 161
1584682508439 0.446186062443672 162
1584682510735 0.4439551321314536 163
1584682513133 0.4417353564707963 164
1584682515497 0.43952667968844233 165
1584682517752 0.43732904629000013 166
1584682520116 0.4351424010585501 167
1584682522532 0.43296668905325736 168
1584682524993 0.43080185560799106 169
1584682528037 0.4286478463299511 170
1584682530483 0.42650460709830135 171
1584682532929 0.42437208406280985 172
1584682535367 0.4222502236424958 173
1584682537766 0.42013897252428334 174
1584682540522 0.4180382776616619 175
1584682543422 0.4159480862733536 176
1584682545855 0.41386834584198684 177
1584682548238 0.4117990041127769 178
1584682551770 0.40974000909221303 179
1584682555061 0.40769130904675194 180
1584682560854 0.40565285250151817 181
1584682565248 0.4036245882390106 182
1584682567544 0.4016064652978155 183
1584682569796 0.3995984329713264 184
1584682571985 0.3976004408064698 185
1584682574489 0.39561243860243744 186
1584682577002 0.3936343764094253 187
1584682580155 0.39166620452737816 188
1584682584156 0.3897078735047413 189
1584682587769 0.3877593341372176 190
1584682589985 0.3858205374665315 191
1584682594551 0.38389143477919885 192
1584682598726 0.3819719776053028 193
1584682601006 0.3800621177172763 194
1584682603499 0.37816180712868996 195
1584682605940 0.37627099809304654 196
1584682608339 0.3743896431025813 197
1584682610523 0.37251769488706843 198
1584682612948 0.3706551064126331 199
1584682615242 0.36880183088056995 200
1584682617637 0.3669578217261671 201
1584682619949 0.36512303261753626 202
1584682622334 0.3632974174544486 203
1584682625628 0.3614809303671764 204
1584682628059 0.3596735257153405 205
1584682631119 0.3578751580867638 206
1584682633743 0.35608578229633 207
1584682636429 0.3543053533848483 208
1584682638708 0.35253382661792404 209
1584682640952 0.3507711574848344 210
1584682643224 0.34901730169741024 211
1584682645433 0.3472722151889232 212
1584682647729 0.3455358541129786 213
1584682649958 0.3438081748424137 214
1584682652198 0.3420891339682016 215
1584682654452 0.3403786882983606 216
1584682656659 0.3386767948568688 217
1584682658862 0.33698341088258443 218
1584682661127 0.3352984938281715 219
1584682663481 0.33362200135903064 220
1584682665833 0.33195389135223546 221
1584682667999 0.3302941218954743 222
1584682670192 0.32864265128599696 223
1584682672431 0.326999438029567 224
1584682675188 0.3253644408394192 225
1584682680186 0.3237376186352221 226
1584682684885 0.322118930542046 227
1584682688635 0.32050833588933575 228
1584682691189 0.31890579420988907 229
1584682694064 0.3173112652388396 230
1584682697325 0.3157247089126454 231
1584682699859 0.3141460853680822 232
1584682702168 0.3125753549412418 233
1584682704476 0.31101247816653554 234
1584682706778 0.30945741577570285 235
1584682709109 0.3079101286968243 236
1584682711562 0.3063705780533402 237
1584682714053 0.30483872516307353 238
1584682716978 0.3033145315372582 239
1584682719815 0.3017979588795719 240
1584682724328 0.30028896908517405 241
1584682726822 0.2987875242397482 242
1584682729102 0.29729358661854943 243
1584682731514 0.29580711868545667 244
1584682733802 0.2943280830920294 245
1584682736587 0.29285644267656924 246
1584682738938 0.2913921604631864 247
1584682741487 0.28993519966087045 248
1584682745310 0.2884855236625661 249
1584682751919 0.28704309604425327 250
1584682755472 0.285607880564032 251
1584682758549 0.28417984116121187 252
1584682762885 0.2827589419554058 253
1584682765880 0.28134514724562876 254
1584682769383 0.2799384215094006 255
1584682772398 0.27853872940185365 256
1584682775450 0.27714603575484437 257
1584682778842 0.2757603055760701 258
1584682781817 0.2743815040481898 259
1584682785034 0.2730095965279488 260
1584682788034 0.27164454854530906 261
1584682792976 0.2702863258025825 262
1584682796946 0.2689348941735696 263
1584682799409 0.26759021970270175 264
1584682801898 0.2662522686041882 265
1584682804286 0.2649210072611673 266
1584682807034 0.26359640222486147 267
1584682809988 0.26227842021373715 268
1584682813626 0.2609670281126685 269
1584682819844 0.25966219297210513 270
1584682824737 0.2583638820072446 271
1584682830397 0.2570720625972084 272
1584682834232 0.25578670228422234 273
1584682837231 0.25450776877280124 274
1584682839980 0.2532352299289372 275
1584682842494 0.2519690537792925 276
1584682846254 0.2507092085103961 277
1584682848965 0.2494556624678441 278
1584682854730 0.24820838415550486 279
1584682857192 0.24696734223472733 280
1584682860579 0.2457325055235537 281
1584682863710 0.24450384299593592 282
1584682865987 0.24328132378095624 283
1584682868305 0.24206491716205145 284
1584682870601 0.2408545925762412 285
1584682872959 0.23965031961336 286
1584682875533 0.2384520680152932 287
1584682878324 0.23725980767521673 288
1584682881462 0.23607350863684065 289
1584682885722 0.23489314109365644 290
1584682889625 0.23371867538818816 291
1584682892041 0.23255008201124722 292
1584682895832 0.231387331601191 293
1584682901681 0.23023039494318503 294
1584682904244 0.2290792429684691 295
1584682906539 0.22793384675362674 296
1584682908745 0.22679417751985861 297
1584682910992 0.22566020663225933 298
1584682913213 0.22453190559909803 299
1584682915592 0.22340924607110255 300
1584682917929 0.22229219984074702 301
1584682920591 0.2211807388415433 302
1584682922906 0.22007483514733558 303
1584682925182 0.2189744609715989 304
1584682927538 0.2178795886667409 305
1584682929784 0.2167901907234072 306
1584682931992 0.21570623976979014 307
1584682934237 0.21462770857094118 308
1584682936534 0.21355457002808648 309
1584682938903 0.21248679717794605 310
1584682941888 0.21142436319205632 311
1584682945466 0.21036724137609603 312
1584682949287 0.20931540516921554 313
1584682953658 0.20826882814336947 314
1584682958500 0.20722748400265262 315
1584682962081 0.20619134658263935 316
1584682964589 0.20516038984972615 317
1584682968181 0.2041345879004775 318
1584682970851 0.2031139149609751 319
1584682973481 0.20209834538617025 320
1584682976920 0.2010878536592394 321
1584682979236 0.2000824143909432 322
1584682981725 0.19908200231898848 323
1584682985144 0.19808659230739353 324
1584682988246 0.19709615934585656 325
1584682990773 0.19611067854912728 326
1584682993372 0.19513012515638165 327
1584682996966 0.19415447453059972 328
1584682999238 0.19318370215794672 329
1584683001564 0.192217783647157 330
1584683003801 0.1912566947289212 331
1584683006299 0.1903004112552766 332
1584683009168 0.18934890919900021 333
1584683011713 0.18840216465300522 334
1584683014503 0.18746015382974018 335
1584683017293 0.1865228530605915 336
1584683019635 0.18559023879528855 337
1584683021886 0.1846622876013121 338
1584683024203 0.18373897616330553 339
1584683026458 0.182820281282489 340
1584683028974 0.18190617987607657 341
1584683031263 0.18099664897669618 342
1584683033442 0.1800916657318127 343
1584683035786 0.17919120740315364 344
1584683038116 0.17829525136613786 345
1584683040360 0.17740377510930716 346
1584683043374 0.17651675623376062 347
1584683045877 0.1756341724525918 348
1584683048522 0.17475600159032884 349
1584683050917 0.17388222158237718 350
1584683053399 0.1730128104744653 351
1584683055931 0.17214774642209296 352
1584683058277 0.1712870076899825 353
1584683060478 0.17043057265153258 354
1584683062665 0.16957841978827493 355
1584683065002 0.16873052768933355 356
1584683067444 0.1678868750508869 357
1584683069673 0.16704744067563246 358
1584683071902 0.1662122034722543 359
1584683074112 0.16538114245489302 360
1584683076387 0.16455423674261854 361
1584683078799 0.16373146555890544 362
1584683081017 0.16291280823111093 363
1584683083432 0.16209824418995536 364
1584683086311 0.16128775296900558 365
1584683089082 0.16048131420416054 366
1584683091646 0.15967890763313974 367
1584683094411 0.15888051309497406 368
1584683096883 0.1580861105294992 369
1584683099899 0.1572956799768517 370
1584683102960 0.15650920157696743 371
1584683105512 0.1557266555690826 372
1584683107796 0.1549480222912372 373
1584683110403 0.15417328217978102 374
1584683112788 0.1534024157688821 375
1584683115168 0.1526354036900377 376
1584683117492 0.1518722266715875 377
1584683120517 0.15111286553822956 378
1584683122979 0.15035730121053842 379
1584683125182 0.14960551470448571 380
1584683127465 0.14885748713096328 381
1584683129807 0.14811319969530845 382
1584683132160 0.1473726336968319 383
1584683134353 0.14663577052834775 384
1584683136635 0.14590259167570602 385
1584683139618 0.1451730787173275 386
1584683143290 0.14444721332374086 387
1584683145768 0.14372497725712216 388
1584683147972 0.14300635237083656 389
1584683150287 0.14229132060898236 390
1584683153077 0.14157986400593744 391
1584683155911 0.14087196468590776 392
1584683158237 0.14016760486247823 393
1584683160814 0.13946676683816583 394
1584683163500 0.138769433003975 395
1584683165822 0.13807558583895513 396
1584683168486 0.13738520790976036 397
1584683170865 0.13669828187021155 398
1584683173372 0.13601479046086049 399
1584683176003 0.1353347165085562 400
1584683178536 0.1346580429260134 401
1584683181076 0.13398475271138335 402
1584683183630 0.13331482894782642 403
1584683185926 0.13264825480308728 404
1584683188714 0.13198501352907185 405
1584683191018 0.1313250884614265 406
1584683193630 0.13066846301911936 407
1584683196012 0.13001512070402377 408
1584683198371 0.12936504510050365 409
1584683200810 0.12871821987500112 410
1584683203442 0.12807462877562611 411
1584683206218 0.12743425563174798 412
1584683209292 0.12679708435358925 413
1584683213053 0.1261630989318213 414
1584683215996 0.1255322834371622 415
1584683218404 0.12490462201997637 416
1584683220746 0.1242800989098765 417
1584683223771 0.12365869841532712 418
1584683226590 0.12304040492325048 419
1584683229177 0.12242520289863423 420
1584683231910 0.12181307688414106 421
1584683235477 0.12120401149972035 422
1584683237752 0.12059799144222175 423
1584683240001 0.11999500148501063 424
1584683242243 0.11939502647758558 425
1584683244595 0.11879805134519765 426
1584683247190 0.11820406108847166 427
1584683250075 0.1176130407830293 428
1584683252644 0.11702497557911415 429
1584683255272 0.11643985070121858 430
1584683257870 0.11585765144771248 431
1584683260805 0.11527836319047392 432
1584683263370 0.11470197137452155 433
1584683265720 0.11412846151764894 434
1584683268028 0.1135578192100607 435
1584683270472 0.11299003011401039 436
1584683272753 0.11242507996344034 437
1584683276254 0.11186295456362313 438
1584683279939 0.11130363979080501 439
1584683282239 0.11074712159185099 440
1584683284428 0.11019338598389174 441
1584683286713 0.10964241905397228 442
1584683288881 0.10909420695870241 443
1584683291077 0.1085487359239089 444
1584683293307 0.10800599224428936 445
1584683295515 0.10746596228306791 446
1584683297665 0.10692863247165257 447
1584683299841 0.1063939893092943 448
1584683302053 0.10586201936274783 449
1584683304290 0.10533270926593409 450
1584683306568 0.10480604571960442 451
1584683308837 0.1042820154910064 452
1584683311210 0.10376060541355137 453
1584683313372 0.1032418023864836 454
1584683315583 0.10272559337455119 455
1584683317776 0.10221196540767843 456
1584683319983 0.10170090558064004 457
1584683322184 0.10119240105273684 458
1584683324359 0.10068643904747315 459
1584683326517 0.10018300685223579 460
1584683328715 0.0996820918179746 461
1584683330951 0.09918368135888474 462
1584683333488 0.09868776295209031 463
1584683336322 0.09819432413732986 464
1584683339118 0.09770335251664321 465
1584683341683 0.09721483575406 466
1584683343956 0.09672876157528969 467
1584683346396 0.09624511776741324 468
1584683348874 0.09576389217857617 469
1584683351252 0.09528507271768329 470
1584683355135 0.09480864735409487 471
1584683358124 0.0943346041173244 472
1584683361225 0.09386293109673778 473
1584683363975 0.09339361644125409 474
1584683366358 0.09292664835904782 475
1584683368735 0.09246201511725258 476
1584683370999 0.09199970504166631 477
1584683373270 0.09153970651645797 478
1584683375507 0.09108200798387568 479
1584683377719 0.0906265979439563 480
1584683379940 0.09017346495423652 481
1584683382233 0.08972259762946533 482
1584683384513 0.089273984641318 483
1584683386720 0.0888276147181114 484
1584683388919 0.08838347664452084 485
1584683392048 0.08794155926129824 486
1584683394952 0.08750185146499175 487
1584683397906 0.08706434220766679 488
1584683402139 0.08662902049662846 489
1584683405740 0.08619587539414532 490
1584683411339 0.08576489601717459 491
1584683416761 0.08533607153708872 492
1584683420757 0.08490939117940327 493
1584683424426 0.08448484422350626 494
1584683428198 0.08406242000238873 495
1584683430454 0.08364210790237678 496
1584683432662 0.0832238973628649 497
1584683434925 0.08280777787605056 498
1584683437412 0.08239373898667031 499
1584683439975 0.08198177029173696 500
1584683443015 0.08157186144027828 501
1584683445767 0.0811640021330769 502
1584683448326 0.08075818212241151 503
1584683450691 0.08035439121179945 504
1584683452889 0.07995261925574046 505
1584683455116 0.07955285615946175 506
1584683457541 0.07915509187866444 507
1584683459820 0.07875931641927113 508
1584683462014 0.07836551983717477 509
1584683464482 0.07797369223798889 510
1584683466737 0.07758382377679894 511
1584683468968 0.07719590465791494 512
1584683471206 0.07680992513462537 513
1584683473456 0.07642587550895225 514
1584683475668 0.07604374613140748 515
1584683477867 0.07566352740075044 516
1584683480044 0.07528520976374668 517
1584683482259 0.07490878371492794 518
1584683484495 0.0745342397963533 519
1584683486759 0.07416156859737154 520
1584683488925 0.07379076075438468 521
1584683491113 0.07342180695061275 522
1584683493285 0.07305469791585968 523
1584683495508 0.07268942442628039 524
1584683497701 0.07232597730414898 525
1584683499901 0.07196434741762824 526
1584683502157 0.0716045256805401 527
1584683504415 0.0712465030521374 528
1584683506640 0.0708902705368767 529
1584683508879 0.07053581918419231 530
1584683511105 0.07018314008827135 531
1584683513342 0.06983222438783 532
1584683515594 0.06948306326589085 533
1584683517779 0.0691356479495614 534
1584683519952 0.06878996970981359 535
1584683522181 0.06844601986126451 536
1584683524430 0.06810378976195819 537
1584683526648 0.0677632708131484 538
1584683528859 0.06742445445908266 539
1584683531072 0.06708733218678724 540
1584683533264 0.0667518955258533 541
1584683535475 0.06641813604822402 542
1584683537641 0.0660860453679829 543
1584683539873 0.06575561514114299 544
1584683542071 0.06542683706543727 545
1584683544316 0.06509970288011008 546
1584683546544 0.06477420436570952 547
1584683549018 0.06445033334388098 548
1584683551395 0.06412808167716157 549
1584683553718 0.06380744126877576 550
1584683556019 0.06348840406243188 551
1584683558500 0.06317096204211972 552
1584683560741 0.06285510723190912 553
1584683562929 0.06254083169574957 554
1584683565124 0.062228127537270826 555
1584683567313 0.06191698689958447 556
1584683569571 0.061607401965086545 557
1584683571802 0.06129936495526111 558
1584683573997 0.0609928681304848 559
1584683576191 0.060687903789832374 560
1584683578440 0.06038446427088321 561
1584683580632 0.06008254194952879 562
1584683582828 0.05978212923978115 563
1584683585030 0.05948321859358224 564
1584683587266 0.05918580250061433 565
1584683589476 0.058889873488111255 566
1584683591668 0.058595424120670696 567
1584683593868 0.05830244700006734 568
1584683596119 0.058010934765067 569
1584683598373 0.05772088009124167 570
1584683600557 0.05743227569078546 571
1584683602751 0.05714511431233153 572
1584683605073 0.05685938874076987 573
1584683607485 0.056575091797066025 574
1584683609697 0.056292216338080694 575
1584683612157 0.05601075525639029 576
1584683615180 0.05573070148010834 577
1584683618664 0.0554520479727078 578
1584683621762 0.05517478773284426 579
1584683625019 0.05489891379418004 580
1584683627783 0.05462441922520914 581
1584683630055 0.0543512971290831 582
1584683633146 0.05407954064343768 583
1584683635538 0.05380914294022049 584
1584683637772 0.05354009722551939 585
1584683640037 0.05327239673939179 586
1584683642283 0.053006034755694834 587
1584683644518 0.052741004581916356 588
1584683647342 0.052477299559006776 589
1584683650085 0.052214913061211746 590
1584683652494 0.05195383849590569 591
1584683655272 0.05169406930342616 592
1584683658010 0.05143559895690903 593
1584683661648 0.051178420962124486 594
1584683664467 0.05092252885731386 595
1584683667239 0.05066791621302729 596
1584683669623 0.05041457663196215 597
1584683672083 0.050162503748802344 598
1584683674360 0.049911691230058335 599
1584683676985 0.04966213277390804 600
1584683679357 0.0494138221100385 601
1584683681810 0.04916675299948831 602
1584683684728 0.04892091923449087 603
1584683687767 0.04867631463831842 604
1584683690430 0.048432933065126825 605
1584683692906 0.048190768399801194 606
1584683695885 0.04794981455780219 607
1584683698568 0.04771006548501318 608
1584683701331 0.047471515157588115 609
1584683704090 0.047234157581800176 610
1584683706472 0.046997986793891174 611
1584683709064 0.04676299685992172 612
1584683712377 0.04652918187562211 613
1584683714800 0.046296535966244 614
1584683717509 0.046065053286412784 615
1584683720256 0.04583472801998072 616
1584683722576 0.045605554379880814 617
1584683724981 0.04537752660798141 618
1584683727716 0.0451506389749415 619
1584683730044 0.044924885780066794 620
1584683732659 0.04470026135116646 621
1584683735711 0.04447676004441063 622
1584683738330 0.04425437624418858 623
1584683741074 0.04403310436296763 624
1584683743970 0.043812938841152796 625
1584683746926 0.04359387414694703 626
1584683749736 0.043375904776212296 627
1584683752348 0.043159025252331236 628
1584683754896 0.04294323012606958 629
1584683758412 0.04272851397543923 630
1584683761438 0.04251487140556204 631
1584683763927 0.04230229704853423 632
1584683767760 0.04209078556329156 633
1584683770966 0.0418803316354751 634
1584683775563 0.041670929977297724 635
1584683778016 0.04146257532741124 636
1584683780312 0.04125526245077418 637
1584683782720 0.04104898613852031 638
1584683784941 0.04084374120782771 639
1584683787221 0.04063952250178857 640
1584683789431 0.04043632488927963 641
1584683791677 0.04023414326483323 642
1584683793948 0.040032972548509065 643
1584683796251 0.03983280768576652 644
1584683798570 0.03963364364733769 645
1584683800789 0.039435475429100995 646
1584683803357 0.03923829805195549 647
1584683805659 0.03904210656169572 648
1584683808288 0.03884689602888724 649
1584683810718 0.0386526615487428 650
1584683813171 0.03845939824099909 651
1584683815470 0.03826710124979409 652
1584683817855 0.038075765743545126 653
1584683820153 0.0378853869148274 654
1584683822814 0.03769595998025326 655
1584683825187 0.03750748018035199 656
1584683827970 0.037319942779450235 657
1584683830796 0.037133343065552986 658
1584683833689 0.03694767635022522 659
1584683836141 0.036762937968474095 660
1584683838816 0.03657912327863173 661
1584683841071 0.036396227662238566 662
1584683843439 0.03621424652392737 663
1584683846529 0.036033175291307735 664
1584683849040 0.03585300941485119 665
1584683851891 0.035673744367776934 666
1584683854148 0.03549537564593805 667
1584683856783 0.035317898767708356 668
1584683860030 0.03514130927386981 669
1584683863067 0.03496560272750046 670
1584683865716 0.03479077471386296 671
1584683867977 0.03461682084029365 672
1584683870281 0.034443736736092176 673
1584683872671 0.034271518052411715 674
1584683874898 0.034100160462149656 675
1584683877092 0.03392965965983891 676
1584683879570 0.033760011361539714 677
1584683882562 0.03359121130473201 678
1584683884829 0.033423255248208356 679
1584683886993 0.03325613897196732 680
1584683889293 0.03308985827710748 681
1584683894164 0.032924408985721944 682
1584683897069 0.03275978694079333 683
1584683899649 0.032595988006089364 684
1584683902202 0.032433008066058915 685
1584683904725 0.03227084302572862 686
1584683907464 0.032109488810599975 687
1584683910650 0.031948941366546975 688
1584683913632 0.03178919665971424 689
1584683916915 0.03163025067641567 690
1584683919448 0.03147209942303359 691
1584683922208 0.03131473892591842 692
1584683924953 0.031158165231288826 693
1584683928094 0.03100237440513238 694
1584683930701 0.030847362533106718 695
1584683933617 0.030693125720441184 696
1584683936017 0.030539660091838977 697
1584683938258 0.03038696179137978 698
1584683940460 0.030235026982422884 699
1584683942675 0.030083851847510768 700
1584683945010 0.029933432588273214 701
1584683947400 0.029783765425331846 702
1584683949641 0.029634846598205186 703
1584683951807 0.02948667236521416 704
1584683954391 0.029339239003388088 705
1584683956686 0.029192542808371146 706
1584683958897 0.02904658009432929 707
1584683961084 0.028901347193857643 708
1584683963280 0.028756840457888354 709
1584683965521 0.02861305625559891 710
1584683967769 0.028469990974320916 711
1584683970205 0.02832764101944931 712
1584683972486 0.028186002814352063 713
1584683975862 0.0280450728002803 714
1584683978775 0.0279048474362789 715
1584683981710 0.027765323199097504 716
1584683984564 0.027626496583102015 717
1584683986772 0.027488364100186506 718
1584683989616 0.027350922279685573 719
1584683993220 0.027214167668287145 720
1584683996043 0.02707809682994571 721
1584683998347 0.02694270634579598 722
1584684001021 0.026807992814067 723
1584684004243 0.026673952849996664 724
1584684006741 0.02654058308574668 725
1584684008982 0.026407880170317945 726
1584684011600 0.026275840769466357 727
1584684013983 0.026144461565619025 728
1584684016232 0.02601373925779093 729
1584684018445 0.025883670561501974 730
1584684021259 0.025754252208694463 731
1584684023632 0.02562548094765099 732
1584684026323 0.025497353542912736 733
1584684029142 0.02536986677519817 734
1584684031403 0.02524301744132218 735
1584684034215 0.025116802354115567 736
1584684037183 0.024991218342344988 737
1584684040465 0.024866262250633264 738
1584684042974 0.024741930939380097 739
1584684045776 0.024618221284683196 740
1584684048483 0.02449513017825978 741
1584684051019 0.02437265452736848 742
1584684053204 0.024250791254731636 743
1584684055598 0.024129537298457977 744
1584684057968 0.024008889611965685 745
1584684060198 0.023888845163905856 746
1584684062636 0.023769400938086327 747
1584684065208 0.023650553933395897 748
1584684068026 0.023532301163728918 749
1584684071457 0.023414639657910272 750
1584684074674 0.023297566459620722 751
1584684077383 0.023181078627322618 752
1584684079895 0.023065173234186005 753
1584684082599 0.022949847368015076 754
1584684085190 0.022835098131175 755
1584684088062 0.022720922640519125 756
1584684091477 0.02260731802731653 757
1584684095414 0.022494281437179946 758
1584684098849 0.022381810029994047 759
1584684101290 0.022269900979844076 760
1584684103846 0.022158551474944856 761
1584684106627 0.022047758717570132 762
1584684109662 0.021937519923982282 763
1584684112063 0.021827832324362372 764
1584684114511 0.02171869316274056 765
1584684116917 0.021610099696926857 766
1584684119324 0.021502049198442223 767
1584684121527 0.021394538952450012 768
1584684124406 0.02128756625768776 769
1584684127018 0.021181128426399323 770
1584684129336 0.021075222784267326 771
1584684131932 0.020969846670345987 772
1584684135078 0.020864997436994256 773
1584684137393 0.020760672449809284 774
1584684139999 0.020656869087560238 775
1584684142284 0.020553584742122436 776
1584684144559 0.020450816818411825 777
1584684146767 0.020348562734319765 778
1584684149054 0.020246819920648168 779
1584684151603 0.020145585821044927 780
1584684153867 0.020044857891939702 781
1584684156433 0.019944633602480003 782
1584684158894 0.019844910434467605 783
1584684161456 0.019745685882295267 784
1584684163749 0.01964695745288379 785
1584684166238 0.01954872266561937 786
1584684168975 0.019450979052291272 787
1584684171373 0.019353724157029815 788
1584684173803 0.019256955536244666 789
1584684176442 0.019160670758563442 790
1584684178787 0.019064867404770626 791
1584684181238 0.018969543067746772 792
1584684183549 0.018874695352408037 793
1584684185953 0.018780321875645996 794
1584684189623 0.018686420266267767 795
1584684195050 0.018592988164936427 796
1584684198978 0.018500023224111744 797
1584684201534 0.018407523107991184 798
1584684203912 0.01831548549245123 799
1584684206440 0.018223908064988973 800
1584684210103 0.018132788524664028 801
1584684212558 0.018042124582040707 802
1584684214916 0.017951913959130504 803
1584684217433 0.01786215438933485 804
1584684220092 0.017772843617388175 805
1584684222464 0.017683979399301233 806
1584684224761 0.017595559502304726 807
1584684226988 0.0175075817047932 808
1584684229227 0.017420043796269234 809
1584684231398 0.017332943577287888 810
1584684233663 0.01724627885940145 811
1584684235915 0.017160047465104442 812
1584684238133 0.01707424722777892 813
1584684240349 0.016988875991640028 814
1584684242593 0.016903931611681827 815
1584684244833 0.01681941195362342 816
1584684247192 0.016735314893855303 817
1584684249477 0.016651638319386028 818
1584684251912 0.0165683801277891 819
1584684254468 0.016485538227150154 820
1584684256724 0.0164031105360144 821
1584684258921 0.01632109498333433 822
1584684261102 0.016239489508417658 823
1584684263311 0.01615829206087557 824
1584684265687 0.01607750060057119 825
1584684268162 0.015997113097568336 826
1584684270371 0.015917127532080494 827
1584684273081 0.01583754189442009 828
1584684275936 0.01575835418494799 829
1584684278227 0.01567956241402325 830
1584684280476 0.015601164601953134 831
1584684282729 0.015523158778943369 832
1584684285044 0.015445542985048652 833
1584684287309 0.015368315270123408 834
1584684289607 0.01529147369377279 835
1584684292222 0.015215016325303928 836
1584684294887 0.015138941243677408 837
1584684297383 0.01506324653745902 838
1584684299629 0.014987930304771725 839
1584684302186 0.014912990653247866 840
1584684304773 0.014838425699981627 841
1584684307549 0.01476423357148172 842
1584684309820 0.014690412403624311 843
1584684312203 0.01461696034160619 844
1584684314515 0.014543875539898159 845
1584684316876 0.014471156162198668 846
1584684319400 0.014398800381387675 847
1584684321666 0.014326806379480736 848
1584684324192 0.014255172347583332 849
1584684326652 0.014183896485845416 850
1584684328915 0.014112977003416188 851
1584684331690 0.014042412118399107 852
1584684333996 0.013972200057807112 853
1584684336245 0.013902339057518077 854
1584684338885 0.013832827362230486 855
1584684341330 0.013763663225419333 856
1584684344863 0.013694844909292236 857
1584684348414 0.013626370684745774 858
1584684351324 0.013558238831322046 859
1584684354177 0.013490447637165436 860
1584684356635 0.013422995398979608 861
1584684358855 0.01335588042198471 862
1584684361085 0.013289101019874787 863
1584684363302 0.013222655514775413 864
1584684365618 0.013156542237201536 865
1584684368054 0.013090759526015528 866
1584684370423 0.01302530572838545 867
1584684372696 0.012960179199743523 868
1584684375724 0.012895378303744804 869
1584684378231 0.01283090141222608 870
1584684382323 0.012766746905164949 871
1584684385962 0.012702913170639124 872
1584684390756 0.012639398604785928 873
1584684393318 0.012576201611761997 874
1584684396931 0.012513320603703188 875
1584684399830 0.012450754000684672 876
1584684402955 0.012388500230681249 877
1584684405531 0.012326557729527843 878
1584684408298 0.012264924940880204 879
1584684411068 0.012203600316175803 880
1584684413822 0.012142582314594924 881
1584684416574 0.01208186940302195 882
1584684419170 0.01202146005600684 883
1584684422220 0.011961352755726806 884
1584684425075 0.01190154599194817 885
1584684428098 0.01184203826198843 886
1584684430636 0.011782828070678488 887
1584684433237 0.011723913930325095 888
1584684435941 0.01166529436067347 889
1584684438628 0.011606967888870102 890
1584684441663 0.01154893304942575 891
1584684444434 0.011491188384178622 892
1584684447380 0.011433732442257729 893
1584684450402 0.01137656378004644 894
1584684453286 0.011319680961146208 895
1584684456996 0.011263082556340478 896
1584684460434 0.011206767143558775 897
1584684463388 0.011150733307840981 898
1584684466998 0.011094979641301777 899
1584684470931 0.011039504743095268 900
1584684474055 0.01098430721937979 901
1584684477201 0.010929385683282892 902
1584684480184 0.010874738754866477 903
1584684483072 0.010820365061092144 904
1584684485642 0.010766263235786683 905
1584684488802 0.01071243191960775 906
1584684491974 0.010658869760009713 907
1584684495069 0.010605575411209664 908
1584684497783 0.010552547534153616 909
1584684500867 0.010499784796482848 910
1584684503626 0.010447285872500434 911
1584684506360 0.01039504944313793 912
1584684509292 0.010343074195922241 913
1584684512252 0.01029135882494263 914
1584684516030 0.010239902030817916 915
1584684519017 0.010188702520663827 916
1584684521671 0.010137759008060509 917
1584684524313 0.010087070213020206 918
1584684527247 0.010036634861955105 919
1584684530448 0.01 920
1584684533386 0.01 921
1584684536232 0.01 922
1584684539168 0.01 923
1584684541867 0.01 924
1584684544503 0.01 925
1584684547447 0.01 926
1584684550702 0.01 927
1584684554121 0.01 928
1584684556751 0.01 929
1584684559667 0.01 930
1584684562356 0.01 931
1584684565058 0.01 932
1584684568055 0.01 933
1584684570892 0.01 934
1584684574121 0.01 935
1584684576630 0.01 936
1584684578918 0.01 937
1584684581215 0.01 938
1584684583530 0.01 939
1584684586075 0.01 940
1584684588319 0.01 941
1584684590669 0.01 942
1584684593117 0.01 943
1584684595449 0.01 944
1584684597869 0.01 945
1584684600157 0.01 946
1584684602398 0.01 947
1584684604647 0.01 948
1584684606915 0.01 949
1584684609220 0.01 950
