1584682123286 1.0 1
1584682125560 0.0 2
1584682127818 -2.0 3
1584682130014 -1.0 4
1584682132220 1.0 5
1584682134502 1.0 6
1584682136797 -2.0 7
1584682139088 -1.0 8
1584682141331 0.0 9
1584682143623 0.0 10
1584682145814 -1.0 11
1584682147994 -1.0 12
1584682150194 0.0 13
1584682152489 -1.0 14
1584682154786 0.0 15
1584682157135 0.0 16
1584682159290 0.0 17
1584682161465 0.0 18
1584682163630 0.0 19
1584682165806 0.0 20
1584682168272 -1.0 21
1584682170437 0.0 22
1584682172588 1.0 23
1584682174789 -2.0 24
1584682176977 0.0 25
1584682179133 0.0 26
1584682181377 -1.0 27
1584682183563 0.0 28
1584682185768 0.0 29
1584682187968 1.0 30
1584682190144 0.0 31
1584682192328 0.0 32
1584682194514 -1.0 33
1584682196692 2.0 34
1584682198848 -1.0 35
1584682201210 0.0 36
1584682203412 0.0 37
1584682205579 0.0 38
1584682207755 0.0 39
1584682209959 -1.0 40
1584682212110 0.0 41
1584682214265 0.0 42
1584682216442 1.0 43
1584682218610 0.0 44
1584682220777 -2.0 45
1584682222973 -1.0 46
1584682225157 1.0 47
1584682227326 0.0 48
1584682229554 1.0 49
1584682231755 1.0 50
1584682233955 0.0 51
1584682236261 1.0 52
1584682238475 0.0 53
1584682240687 0.0 54
1584682242870 0.0 55
1584682245027 -2.0 56
1584682247243 0.0 57
1584682249477 0.0 58
1584682251645 -1.0 59
1584682253790 3.0 60
1584682255968 2.0 61
1584682258180 -1.0 62
1584682260338 0.0 63
1584682262608 0.0 64
1584682264793 2.0 65
1584682266970 2.0 66
1584682269146 -2.0 67
1584682271371 0.0 68
1584682273530 0.0 69
1584682276082 1.0 70
1584682278293 -1.0 71
1584682280484 1.0 72
1584682282646 0.0 73
1584682284863 -1.0 74
1584682287112 1.0 75
1584682289363 2.0 76
1584682291590 0.0 77
1584682293790 0.0 78
1584682295993 0.0 79
1584682298242 -2.0 80
1584682300586 1.0 81
1584682302888 3.0 82
1584682305090 1.0 83
1584682307312 1.0 84
1584682309510 3.0 85
1584682311691 0.0 86
1584682313888 0.0 87
1584682316127 1.0 88
1584682318481 1.0 89
1584682320693 1.0 90
1584682322887 -1.0 91
1584682325091 1.0 92
1584682327289 0.0 93
1584682329499 -1.0 94
1584682331758 -1.0 95
1584682333963 1.0 96
1584682336175 0.0 97
1584682338349 0.0 98
1584682340576 -2.0 99
1584682342767 1.0 100
1584682345015 1.0 101
1584682347205 3.0 102
1584682349458 2.0 103
1584682351656 1.0 104
1584682353863 2.0 105
1584682356071 0.0 106
1584682358302 -1.0 107
1584682360664 1.0 108
1584682363356 1.0 109
1584682365624 0.0 110
1584682367819 2.0 111
1584682370046 0.0 112
1584682372849 -1.0 113
1584682375426 2.0 114
1584682377645 3.0 115
1584682379844 -2.0 116
1584682382093 -1.0 117
1584682384315 0.0 118
1584682386491 0.0 119
1584682388700 1.0 120
1584682393257 -1.0 121
1584682395799 -2.0 122
1584682397994 0.0 123
1584682400208 2.0 124
1584682402407 1.0 125
1584682404606 -1.0 126
1584682406844 0.0 127
1584682409041 1.0 128
1584682413670 1.0 129
1584682416583 1.0 130
1584682420519 2.0 131
1584682424785 0.0 132
1584682427105 0.0 133
1584682429380 2.0 134
1584682431615 0.0 135
1584682433828 2.0 136
1584682436031 4.0 137
1584682439026 2.0 138
1584682442323 2.0 139
1584682445039 0.0 140
1584682447660 4.0 141
1584682451575 1.0 142
1584682454469 0.0 143
1584682457339 2.0 144
1584682460480 2.0 145
1584682463105 0.0 146
1584682465641 1.0 147
1584682468568 -1.0 148
1584682471345 2.0 149
1584682473780 5.0 150
1584682476163 3.0 151
1584682480424 4.0 152
1584682483230 2.0 153
1584682486526 1.0 154
1584682489934 1.0 155
1584682494062 4.0 156
1584682496479 0.0 157
1584682498752 3.0 158
1584682501429 4.0 159
1584682503622 1.0 160
1584682505918 1.0 161
1584682508439 4.0 162
1584682510735 4.0 163
1584682513133 4.0 164
1584682515497 3.0 165
1584682517752 1.0 166
1584682520116 2.0 167
1584682522532 1.0 168
1584682524993 2.0 169
1584682528037 9.0 170
1584682530483 2.0 171
1584682532929 4.0 172
1584682535367 5.0 173
1584682537766 0.0 174
1584682540522 5.0 175
1584682543422 0.0 176
1584682545855 1.0 177
1584682548238 4.0 178
1584682551770 6.0 179
1584682555061 3.0 180
1584682560854 5.0 181
1584682565248 4.0 182
1584682567544 5.0 183
1584682569796 3.0 184
1584682571985 4.0 185
1584682574489 3.0 186
1584682577002 1.0 187
1584682580155 1.0 188
1584682584156 0.0 189
1584682587769 2.0 190
1584682589985 5.0 191
1584682594551 2.0 192
1584682598726 4.0 193
1584682601006 4.0 194
1584682603499 10.0 195
1584682605940 4.0 196
1584682608339 4.0 197
1584682610523 2.0 198
1584682612948 0.0 199
1584682615242 3.0 200
1584682617637 3.0 201
1584682619949 6.0 202
1584682622334 3.0 203
1584682625628 2.0 204
1584682628059 10.0 205
1584682631119 4.0 206
1584682633743 6.0 207
1584682636429 3.0 208
1584682638708 1.0 209
1584682640952 3.0 210
1584682643224 2.0 211
1584682645433 7.0 212
1584682647729 8.0 213
1584682649958 2.0 214
1584682652198 5.0 215
1584682654452 5.0 216
1584682656659 9.0 217
1584682658862 4.0 218
1584682661127 7.0 219
1584682663481 5.0 220
1584682665833 8.0 221
1584682667999 3.0 222
1584682670192 3.0 223
1584682672431 5.0 224
1584682675188 4.0 225
1584682680186 5.0 226
1584682684885 0.0 227
1584682688635 0.0 228
1584682691189 4.0 229
1584682694064 0.0 230
1584682697325 7.0 231
1584682699859 7.0 232
1584682702168 9.0 233
1584682704476 1.0 234
1584682706778 8.0 235
1584682709109 2.0 236
1584682711562 3.0 237
1584682714053 7.0 238
1584682716978 5.0 239
1584682719815 7.0 240
1584682724328 10.0 241
1584682726822 3.0 242
1584682729102 4.0 243
1584682731514 7.0 244
1584682733802 10.0 245
1584682736587 8.0 246
1584682738938 0.0 247
1584682741487 5.0 248
1584682745310 7.0 249
1584682751919 7.0 250
1584682755472 6.0 251
1584682758549 3.0 252
1584682762885 4.0 253
1584682765880 8.0 254
1584682769383 7.0 255
1584682772398 15.0 256
1584682775450 4.0 257
1584682778842 4.0 258
1584682781817 10.0 259
1584682785034 10.0 260
1584682788034 1.0 261
1584682792976 5.0 262
1584682796946 4.0 263
1584682799409 7.0 264
1584682801898 7.0 265
1584682804286 5.0 266
1584682807034 8.0 267
1584682809988 7.0 268
1584682813626 2.0 269
1584682819844 13.0 270
1584682824737 4.0 271
1584682830397 3.0 272
1584682834232 0.0 273
1584682837231 10.0 274
1584682839980 4.0 275
1584682842494 8.0 276
1584682846254 3.0 277
1584682848965 6.0 278
1584682854730 7.0 279
1584682857192 0.0 280
1584682860579 1.0 281
1584682863710 8.0 282
1584682865987 7.0 283
1584682868305 5.0 284
1584682870601 9.0 285
1584682872959 7.0 286
1584682875533 5.0 287
1584682878324 3.0 288
1584682881462 4.0 289
1584682885722 8.0 290
1584682889625 10.0 291
1584682892041 4.0 292
1584682895832 6.0 293
1584682901681 9.0 294
1584682904244 14.0 295
1584682906539 5.0 296
1584682908745 5.0 297
1584682910992 2.0 298
1584682913213 1.0 299
1584682915592 8.0 300
1584682917929 9.0 301
1584682920591 2.0 302
1584682922906 11.0 303
1584682925182 7.0 304
1584682927538 0.0 305
1584682929784 1.0 306
1584682931992 9.0 307
1584682934237 6.0 308
1584682936534 8.0 309
1584682938903 2.0 310
1584682941888 0.0 311
1584682945466 5.0 312
1584682949287 2.0 313
1584682953658 5.0 314
1584682958500 11.0 315
1584682962081 2.0 316
1584682964589 7.0 317
1584682968181 3.0 318
1584682970851 7.0 319
1584682973481 4.0 320
1584682976920 7.0 321
1584682979236 13.0 322
1584682981725 6.0 323
1584682985144 7.0 324
1584682988246 11.0 325
1584682990773 7.0 326
1584682993372 5.0 327
1584682996966 10.0 328
1584682999238 8.0 329
1584683001564 13.0 330
1584683003801 13.0 331
1584683006299 9.0 332
1584683009168 4.0 333
1584683011713 13.0 334
1584683014503 8.0 335
1584683017293 8.0 336
1584683019635 15.0 337
1584683021886 10.0 338
1584683024203 9.0 339
1584683026458 8.0 340
1584683028974 8.0 341
1584683031263 7.0 342
1584683033442 7.0 343
1584683035786 8.0 344
1584683038116 8.0 345
1584683040360 11.0 346
1584683043374 0.0 347
1584683045877 9.0 348
1584683048522 5.0 349
1584683050917 5.0 350
1584683053399 11.0 351
1584683055931 6.0 352
1584683058277 4.0 353
1584683060478 10.0 354
1584683062665 10.0 355
1584683065002 6.0 356
1584683067444 9.0 357
1584683069673 9.0 358
1584683071902 9.0 359
1584683074112 9.0 360
1584683076387 14.0 361
1584683078799 7.0 362
1584683081017 14.0 363
1584683083432 10.0 364
1584683086311 10.0 365
1584683089082 8.0 366
1584683091646 4.0 367
1584683094411 8.0 368
1584683096883 7.0 369
1584683099899 3.0 370
1584683102960 10.0 371
1584683105512 3.0 372
1584683107796 11.0 373
1584683110403 11.0 374
1584683112788 11.0 375
1584683115168 3.0 376
1584683117492 7.0 377
1584683120517 7.0 378
1584683122979 13.0 379
1584683125182 12.0 380
1584683127465 11.0 381
1584683129807 11.0 382
1584683132160 12.0 383
1584683134353 11.0 384
1584683136635 5.0 385
1584683139618 9.0 386
1584683143290 11.0 387
1584683145768 12.0 388
1584683147972 10.0 389
1584683150287 10.0 390
1584683153077 12.0 391
1584683155911 17.0 392
1584683158237 15.0 393
1584683160814 6.0 394
1584683163500 0.0 395
1584683165822 7.0 396
1584683168486 5.0 397
1584683170865 13.0 398
1584683173372 9.0 399
1584683176003 6.0 400
1584683178536 10.0 401
1584683181076 7.0 402
1584683183630 7.0 403
1584683185926 10.0 404
1584683188714 11.0 405
1584683191018 16.0 406
1584683193630 7.0 407
1584683196012 14.0 408
1584683198371 7.0 409
1584683200810 3.0 410
1584683203442 1.0 411
1584683206218 11.0 412
1584683209292 2.0 413
1584683213053 10.0 414
1584683215996 6.0 415
1584683218404 3.0 416
1584683220746 14.0 417
1584683223771 6.0 418
1584683226590 11.0 419
1584683229177 15.0 420
1584683231910 3.0 421
1584683235477 5.0 422
1584683237752 4.0 423
1584683240001 6.0 424
1584683242243 2.0 425
1584683244595 1.0 426
1584683247190 4.0 427
1584683250075 6.0 428
1584683252644 2.0 429
1584683255272 8.0 430
1584683257870 6.0 431
1584683260805 9.0 432
1584683263370 14.0 433
1584683265720 6.0 434
1584683268028 8.0 435
1584683270472 11.0 436
1584683272753 8.0 437
1584683276254 5.0 438
1584683279939 2.0 439
1584683282239 7.0 440
1584683284428 3.0 441
1584683286713 11.0 442
1584683288881 1.0 443
1584683291077 7.0 444
1584683293307 4.0 445
1584683295515 15.0 446
1584683297665 4.0 447
1584683299841 5.0 448
1584683302053 7.0 449
1584683304290 1.0 450
1584683306568 10.0 451
1584683308837 9.0 452
1584683311210 12.0 453
1584683313372 6.0 454
1584683315583 15.0 455
1584683317776 6.0 456
1584683319983 4.0 457
1584683322184 7.0 458
1584683324359 8.0 459
1584683326517 10.0 460
1584683328715 4.0 461
1584683330951 10.0 462
1584683333488 8.0 463
1584683336322 9.0 464
1584683339118 13.0 465
1584683341683 0.0 466
1584683343956 9.0 467
1584683346396 10.0 468
1584683348874 13.0 469
1584683351252 7.0 470
1584683355135 8.0 471
1584683358124 2.0 472
1584683361225 14.0 473
1584683363975 14.0 474
1584683366358 13.0 475
1584683368735 12.0 476
1584683370999 8.0 477
1584683373270 5.0 478
1584683375507 7.0 479
1584683377719 7.0 480
1584683379940 19.0 481
1584683382233 9.0 482
1584683384513 19.0 483
1584683386720 16.0 484
1584683388919 9.0 485
1584683392048 12.0 486
1584683394952 16.0 487
1584683397906 13.0 488
1584683402139 8.0 489
1584683405740 13.0 490
1584683411339 5.0 491
1584683416761 11.0 492
1584683420757 12.0 493
1584683424426 14.0 494
1584683428198 10.0 495
1584683430454 17.0 496
1584683432662 3.0 497
1584683434925 7.0 498
1584683437412 11.0 499
1584683439975 16.0 500
1584683443015 21.0 501
1584683445767 10.0 502
1584683448326 15.0 503
1584683450691 11.0 504
1584683452889 13.0 505
1584683455116 9.0 506
1584683457541 10.0 507
1584683459820 12.0 508
1584683462014 14.0 509
1584683464482 13.0 510
1584683466737 11.0 511
1584683468968 9.0 512
1584683471206 10.0 513
1584683473456 13.0 514
1584683475668 13.0 515
1584683477867 10.0 516
1584683480044 11.0 517
1584683482259 15.0 518
1584683484495 16.0 519
1584683486759 8.0 520
1584683488925 8.0 521
1584683491113 7.0 522
1584683493285 14.0 523
1584683495508 10.0 524
1584683497701 7.0 525
1584683499901 12.0 526
1584683502157 13.0 527
1584683504415 13.0 528
1584683506640 22.0 529
1584683508879 13.0 530
1584683511105 16.0 531
1584683513342 11.0 532
1584683515594 5.0 533
1584683517779 9.0 534
1584683519952 10.0 535
1584683522181 10.0 536
1584683524430 11.0 537
1584683526648 11.0 538
1584683528859 14.0 539
1584683531072 11.0 540
1584683533264 6.0 541
1584683535475 9.0 542
1584683537641 13.0 543
1584683539873 17.0 544
1584683542071 13.0 545
1584683544316 19.0 546
1584683546544 12.0 547
1584683549018 11.0 548
1584683551395 9.0 549
1584683553718 13.0 550
1584683556019 9.0 551
1584683558500 14.0 552
1584683560741 18.0 553
1584683562929 13.0 554
1584683565124 11.0 555
1584683567313 11.0 556
1584683569571 9.0 557
1584683571802 17.0 558
1584683573997 14.0 559
1584683576191 20.0 560
1584683578440 11.0 561
1584683580632 10.0 562
1584683582828 18.0 563
1584683585030 11.0 564
1584683587266 11.0 565
1584683589476 17.0 566
1584683591668 18.0 567
1584683593868 18.0 568
1584683596119 15.0 569
1584683598373 12.0 570
1584683600557 14.0 571
1584683602751 16.0 572
1584683605073 11.0 573
1584683607485 10.0 574
1584683609697 10.0 575
1584683612157 4.0 576
1584683615180 17.0 577
1584683618664 12.0 578
1584683621762 16.0 579
1584683625019 16.0 580
1584683627783 18.0 581
1584683630055 14.0 582
1584683633146 13.0 583
1584683635538 14.0 584
1584683637772 12.0 585
1584683640037 14.0 586
1584683642283 14.0 587
1584683644518 13.0 588
1584683647342 15.0 589
1584683650085 14.0 590
1584683652494 13.0 591
1584683655272 10.0 592
1584683658010 14.0 593
1584683661648 17.0 594
1584683664467 9.0 595
1584683667239 13.0 596
1584683669623 11.0 597
1584683672083 14.0 598
1584683674360 17.0 599
1584683676985 15.0 600
1584683679357 13.0 601
1584683681810 10.0 602
1584683684728 8.0 603
1584683687767 18.0 604
1584683690430 14.0 605
1584683692906 16.0 606
1584683695885 12.0 607
1584683698568 13.0 608
1584683701331 12.0 609
1584683704090 16.0 610
1584683706472 8.0 611
1584683709064 16.0 612
1584683712377 20.0 613
1584683714800 13.0 614
1584683717509 15.0 615
1584683720256 13.0 616
1584683722576 19.0 617
1584683724981 20.0 618
1584683727716 18.0 619
1584683730044 17.0 620
1584683732659 14.0 621
1584683735711 16.0 622
1584683738330 18.0 623
1584683741074 14.0 624
1584683743970 12.0 625
1584683746926 15.0 626
1584683749736 20.0 627
1584683752348 17.0 628
1584683754896 16.0 629
1584683758412 10.0 630
1584683761438 18.0 631
1584683763927 17.0 632
1584683767760 13.0 633
1584683770966 16.0 634
1584683775563 11.0 635
1584683778016 9.0 636
1584683780312 14.0 637
1584683782720 18.0 638
1584683784941 14.0 639
1584683787221 17.0 640
1584683789431 16.0 641
1584683791677 17.0 642
1584683793948 19.0 643
1584683796251 21.0 644
1584683798570 16.0 645
1584683800789 12.0 646
1584683803357 14.0 647
1584683805659 15.0 648
1584683808288 17.0 649
1584683810718 11.0 650
1584683813171 15.0 651
1584683815470 9.0 652
1584683817855 13.0 653
1584683820153 14.0 654
1584683822814 16.0 655
1584683825187 10.0 656
1584683827970 18.0 657
1584683830796 18.0 658
1584683833689 12.0 659
1584683836141 15.0 660
1584683838816 15.0 661
1584683841071 16.0 662
1584683843439 11.0 663
1584683846529 14.0 664
1584683849040 15.0 665
1584683851891 9.0 666
1584683854148 16.0 667
1584683856783 18.0 668
1584683860030 17.0 669
1584683863067 14.0 670
1584683865716 18.0 671
1584683867977 16.0 672
1584683870281 16.0 673
1584683872671 16.0 674
1584683874898 19.0 675
1584683877092 18.0 676
1584683879570 16.0 677
1584683882562 16.0 678
1584683884829 5.0 679
1584683886993 16.0 680
1584683889293 12.0 681
1584683894164 12.0 682
1584683897069 23.0 683
1584683899649 15.0 684
1584683902202 11.0 685
1584683904725 17.0 686
1584683907464 13.0 687
1584683910650 13.0 688
1584683913632 18.0 689
1584683916915 13.0 690
1584683919448 12.0 691
1584683922208 15.0 692
1584683924953 22.0 693
1584683928094 10.0 694
1584683930701 17.0 695
1584683933617 20.0 696
1584683936017 11.0 697
1584683938258 11.0 698
1584683940460 14.0 699
1584683942675 19.0 700
1584683945010 14.0 701
1584683947400 12.0 702
1584683949641 18.0 703
1584683951807 13.0 704
1584683954391 18.0 705
1584683956686 17.0 706
1584683958897 15.0 707
1584683961084 15.0 708
1584683963280 18.0 709
1584683965521 18.0 710
1584683967769 21.0 711
1584683970205 11.0 712
1584683972486 20.0 713
1584683975862 18.0 714
1584683978775 15.0 715
1584683981710 19.0 716
1584683984564 18.0 717
1584683986772 13.0 718
1584683989616 18.0 719
1584683993220 19.0 720
1584683996043 15.0 721
1584683998347 16.0 722
1584684001021 15.0 723
1584684004243 15.0 724
1584684006741 20.0 725
1584684008982 19.0 726
1584684011600 18.0 727
1584684013983 12.0 728
1584684016232 17.0 729
1584684018445 19.0 730
1584684021259 14.0 731
1584684023632 12.0 732
1584684026323 17.0 733
1584684029142 10.0 734
1584684031403 14.0 735
1584684034215 15.0 736
1584684037183 17.0 737
1584684040465 14.0 738
1584684042974 13.0 739
1584684045776 13.0 740
1584684048483 14.0 741
1584684051019 20.0 742
1584684053204 16.0 743
1584684055598 11.0 744
1584684057968 13.0 745
1584684060198 17.0 746
1584684062636 11.0 747
1584684065208 15.0 748
1584684068026 15.0 749
1584684071457 17.0 750
1584684074674 3.0 751
1584684077383 8.0 752
1584684079895 20.0 753
1584684082599 12.0 754
1584684085190 15.0 755
1584684088062 21.0 756
1584684091477 20.0 757
1584684095414 15.0 758
1584684098849 17.0 759
1584684101290 11.0 760
1584684103846 22.0 761
1584684106627 14.0 762
1584684109662 16.0 763
1584684112063 22.0 764
1584684114511 9.0 765
1584684116917 10.0 766
1584684119324 9.0 767
1584684121527 12.0 768
1584684124406 15.0 769
1584684127018 12.0 770
1584684129336 15.0 771
1584684131932 18.0 772
1584684135078 18.0 773
1584684137393 11.0 774
1584684139999 18.0 775
1584684142284 11.0 776
1584684144559 14.0 777
1584684146767 18.0 778
1584684149054 21.0 779
1584684151603 10.0 780
1584684153867 19.0 781
1584684156433 19.0 782
1584684158894 14.0 783
1584684161456 19.0 784
1584684163749 18.0 785
1584684166238 19.0 786
1584684168975 13.0 787
1584684171373 14.0 788
1584684173803 18.0 789
1584684176442 13.0 790
1584684178787 18.0 791
1584684181238 19.0 792
1584684183549 11.0 793
1584684185953 19.0 794
1584684189623 18.0 795
1584684195050 19.0 796
1584684198978 17.0 797
1584684201534 16.0 798
1584684203912 15.0 799
1584684206440 21.0 800
1584684210103 14.0 801
1584684212558 14.0 802
1584684214916 12.0 803
1584684217433 19.0 804
1584684220092 17.0 805
1584684222464 17.0 806
1584684224761 17.0 807
1584684226988 14.0 808
1584684229227 19.0 809
1584684231398 22.0 810
1584684233663 17.0 811
1584684235915 18.0 812
1584684238133 15.0 813
1584684240349 15.0 814
1584684242593 17.0 815
1584684244833 14.0 816
1584684247192 25.0 817
1584684249477 18.0 818
1584684251912 19.0 819
1584684254468 16.0 820
1584684256724 16.0 821
1584684258921 21.0 822
1584684261102 17.0 823
1584684263311 17.0 824
1584684265687 15.0 825
1584684268162 18.0 826
1584684270371 22.0 827
1584684273081 14.0 828
1584684275936 20.0 829
1584684278227 19.0 830
1584684280476 24.0 831
1584684282729 10.0 832
1584684285044 16.0 833
1584684287309 18.0 834
1584684289607 24.0 835
1584684292222 16.0 836
1584684294887 21.0 837
1584684297383 18.0 838
1584684299629 11.0 839
1584684302186 21.0 840
1584684304773 19.0 841
1584684307549 17.0 842
1584684309820 13.0 843
1584684312203 19.0 844
1584684314515 18.0 845
1584684316876 20.0 846
1584684319400 20.0 847
1584684321666 20.0 848
1584684324192 18.0 849
1584684326652 18.0 850
1584684328915 17.0 851
1584684331690 19.0 852
1584684333996 19.0 853
1584684336245 19.0 854
1584684338885 17.0 855
1584684341330 14.0 856
1584684344863 17.0 857
1584684348414 17.0 858
1584684351324 20.0 859
1584684354177 20.0 860
1584684356635 24.0 861
1584684358855 18.0 862
1584684361085 20.0 863
1584684363302 15.0 864
1584684365618 21.0 865
1584684368054 19.0 866
1584684370423 22.0 867
1584684372696 14.0 868
1584684375724 3.0 869
1584684378231 8.0 870
1584684382323 14.0 871
1584684385962 15.0 872
1584684390756 19.0 873
1584684393318 9.0 874
1584684396931 16.0 875
1584684399830 18.0 876
1584684402955 14.0 877
1584684405531 14.0 878
1584684408298 17.0 879
1584684411068 13.0 880
1584684413822 17.0 881
1584684416574 16.0 882
1584684419170 17.0 883
1584684422220 13.0 884
1584684425075 16.0 885
1584684428098 15.0 886
1584684430636 12.0 887
1584684433237 10.0 888
1584684435941 21.0 889
1584684438628 14.0 890
1584684441663 21.0 891
1584684444434 15.0 892
1584684447380 21.0 893
1584684450402 21.0 894
1584684453286 21.0 895
1584684456996 18.0 896
1584684460434 22.0 897
1584684463388 17.0 898
1584684466998 18.0 899
1584684470931 20.0 900
1584684474055 21.0 901
1584684477201 16.0 902
1584684480184 11.0 903
1584684483072 17.0 904
1584684485642 17.0 905
1584684488802 18.0 906
1584684491974 21.0 907
1584684495069 17.0 908
1584684497783 9.0 909
1584684500867 18.0 910
1584684503626 21.0 911
1584684506360 16.0 912
1584684509292 10.0 913
1584684512252 16.0 914
1584684516030 19.0 915
1584684519017 11.0 916
1584684521671 14.0 917
1584684524313 17.0 918
1584684527247 12.0 919
1584684530448 18.0 920
1584684533386 17.0 921
1584684536232 17.0 922
1584684539168 8.0 923
1584684541867 17.0 924
1584684544503 17.0 925
1584684547447 15.0 926
1584684550702 16.0 927
1584684554121 16.0 928
1584684556751 20.0 929
1584684559667 13.0 930
1584684562356 21.0 931
1584684565058 21.0 932
1584684568055 14.0 933
1584684570892 13.0 934
1584684574121 19.0 935
1584684576630 18.0 936
1584684578918 14.0 937
1584684581215 15.0 938
1584684583530 16.0 939
1584684586075 17.0 940
1584684588319 22.0 941
1584684590669 15.0 942
1584684593117 18.0 943
1584684595449 19.0 944
1584684597869 17.0 945
1584684600157 21.0 946
1584684602398 16.0 947
1584684604647 16.0 948
1584684606915 15.0 949
1584684609220 15.0 950
