1584310940487 1 1
1584310943091 1 2
1584310946054 1 3
1584310948452 1 4
1584310950788 1 5
1584310952951 1 6
1584310955344 1 7
1584310957793 1 8
1584310960124 1 9
1584310962306 1 10
1584310964483 1 11
1584310966787 1 12
1584310968940 1 13
1584310971059 1 14
1584310973228 1 15
1584310975440 1 16
1584310977664 1 17
1584310980024 1 18
1584310982297 1 19
1584310984521 1 20
1584310986710 1 21
1584310988920 1 22
1584310991252 1 23
1584310993427 1 24
1584310995775 1 25
1584310997956 1 26
1584311000136 1 27
1584311002383 1 28
1584311004631 1 29
1584311006902 1 30
1584311009022 1 31
1584311011230 1 32
1584311013428 1 33
1584311015776 1 34
1584311018055 1 35
1584311020215 1 36
1584311022362 1 37
1584311024711 1 38
1584311026878 1 39
1584311029036 1 40
1584311031197 1 41
1584311033395 1 42
1584311035650 1 43
1584311038179 1 44
1584311040648 1 45
1584311042831 1 46
1584311045251 1 47
1584311047829 1 48
1584311050090 1 49
1584311052276 1 50
1584311054526 1 51
1584311056751 1 52
1584311059180 1 53
1584311061351 1 54
1584311063626 1 55
1584311065895 1 56
1584311068367 1 57
1584311070676 1 58
1584311073081 1 59
1584311075483 1 60
1584311077661 1 61
1584311079979 1 62
1584311082169 1 63
1584311084429 1 64
1584311086613 1 65
1584311088869 1 66
1584311091153 1 67
1584311093432 1 68
1584311095544 1 69
1584311098043 1 70
1584311100178 1 71
1584311103298 1 72
1584311106611 1 73
1584311109385 1 74
1584311112112 1 75
1584311114631 1 76
1584311117057 1 77
1584311119288 1 78
1584311121461 1 79
1584311123804 1 80
1584311126186 1 81
1584311128501 1 82
1584311130746 1 83
1584311132898 1 84
1584311135047 1 85
1584311137216 1 86
1584311139333 1 87
1584311141456 1 88
1584311143591 1 89
1584311146343 1 90
1584311148615 1 91
1584311151321 1 92
1584311153536 1 93
1584311155976 1 94
1584311158140 1 95
1584311160433 1 96
1584311162719 1 97
1584311165097 1 98
1584311167297 1 99
1584311169463 1 100
1584311171742 1 101
1584311174011 1 102
1584311176301 1 103
1584311178637 1 104
1584311180844 1 105
1584311183197 1 106
1584311185639 1 107
1584311187825 1 108
1584311190520 1 109
1584311192659 1 110
1584311195143 1 111
1584311197561 1 112
1584311199722 1 113
1584311201945 1 114
1584311204194 1 115
1584311206316 1 116
1584311208791 1 117
1584311210930 1 118
1584311213064 1 119
1584311215204 1 120
1584311217322 1 121
1584311219462 1 122
1584311221589 1 123
1584311223749 1 124
1584311225859 1 125
1584311227982 1 126
1584311230108 1 127
1584311232454 1 128
1584311234727 1 129
1584311236888 1 130
1584311239024 1 131
1584311241156 1 132
1584311243286 1 133
1584311245404 1 134
1584311247516 1 135
1584311249658 1 136
1584311251997 1 137
1584311254570 1 138
1584311256722 1 139
1584311259190 1 140
1584311261488 1 141
1584311263941 1 142
1584311266216 1 143
1584311268409 1 144
1584311270567 1 145
1584311272861 1 146
1584311275185 1 147
1584311277517 1 148
1584311279661 1 149
1584311281836 1 150
1584311284551 1 151
1584311286898 1 152
1584311289047 1 153
1584311291357 1 154
1584311293828 1 155
1584311296053 1 156
1584311298380 1 157
1584311301042 1 158
1584311303189 1 159
1584311305320 1 160
1584311307577 1 161
1584311309994 1 162
1584311312124 1 163
1584311314286 1 164
1584311316436 1 165
1584311318579 1 166
1584311320722 1 167
1584311323070 1 168
1584311325214 1 169
1584311327321 1 170
1584311329488 1 171
1584311332086 1 172
1584311334281 1 173
1584311336523 1 174
1584311338677 1 175
1584311340830 1 176
1584311343000 1 177
1584311345182 1 178
1584311347590 1 179
1584311349732 1 180
1584311351878 1 181
1584311354547 1 182
1584311357287 1 183
1584311360094 1 184
1584311362633 1 185
1584311365278 1 186
1584311368147 1 187
1584311370684 1 188
1584311373033 1 189
1584311375440 1 190
1584311377602 1 191
1584311379787 1 192
1584311381926 1 193
1584311384074 1 194
1584311386192 1 195
1584311388323 1 196
1584311390488 1 197
1584311392622 1 198
1584311394748 1 199
1584311397020 1 200
1584311399156 1 201
1584311401302 1 202
1584311403422 1 203
1584311405544 1 204
1584311407689 1 205
1584311409815 1 206
1584311411944 1 207
1584311414089 1 208
1584311416224 1 209
1584311418423 1 210
1584311420575 1 211
1584311422755 1 212
1584311424866 1 213
1584311427022 1 214
1584311429176 1 215
1584311431332 1 216
1584311433473 1 217
1584311435594 1 218
1584311437763 1 219
1584311439889 1 220
1584311442040 1 221
1584311444180 1 222
1584311446346 1 223
1584311448511 1 224
1584311450653 1 225
1584311452788 1 226
1584311454950 1 227
1584311457119 1 228
1584311459247 1 229
1584311461698 1 230
1584311463951 1 231
1584311466309 1 232
1584311468522 1 233
1584311470800 1 234
1584311473060 1 235
1584311475531 1 236
1584311477904 1 237
1584311480171 1 238
1584311482546 1 239
1584311484724 1 240
1584311487372 1 241
1584311489559 1 242
1584311492131 1 243
1584311494680 1 244
1584311496831 1 245
1584311499006 1 246
1584311501160 1 247
1584311503298 1 248
1584311505765 1 249
1584311508181 1 250
1584311510476 1 251
1584311512784 1 252
1584311515193 1 253
1584311517332 1 254
1584311519456 1 255
1584311521601 1 256
1584311523810 1 257
1584311525937 1 258
1584311528076 1 259
1584311530208 1 260
1584311532357 1 261
1584311534501 1 262
1584311536632 1 263
1584311538783 1 264
1584311540913 1 265
1584311543032 1 266
1584311545186 1 267
1584311547324 1 268
1584311549472 1 269
1584311551588 1 270
1584311553758 1 271
1584311555892 1 272
1584311558048 1 273
1584311560234 1 274
1584311562388 1 275
1584311564518 1 276
1584311566647 1 277
1584311568868 1 278
1584311571023 1 279
1584311573159 1 280
1584311575334 1 281
1584311577506 1 282
1584311579660 1 283
1584311581818 1 284
1584311584086 1 285
1584311586260 1 286
1584311588516 1 287
1584311590867 1 288
1584311593005 1 289
1584311595236 1 290
1584311597431 1 291
1584311599566 1 292
1584311601740 1 293
1584311604550 1 294
1584311606887 1 295
1584311609060 1 296
1584311611198 1 297
1584311613333 1 298
1584311615481 1 299
1584311617621 1 300
1584311619794 1 301
1584311621916 1 302
1584311624064 1 303
1584311626190 1 304
1584311628956 1 305
1584311632343 1 306
1584311634634 1 307
1584311637331 1 308
1584311641006 1 309
1584311643977 1 310
1584311646283 1 311
1584311648463 1 312
1584311650631 1 313
1584311652771 1 314
1584311654929 1 315
1584311657067 1 316
1584311659245 1 317
1584311661415 1 318
1584311664071 1 319
1584311666795 1 320
1584311669249 1 321
1584311671772 1 322
1584311674900 1 323
1584311678351 1 324
1584311680565 1 325
1584311682736 1 326
1584311684916 1 327
1584311687280 1 328
1584311689496 1 329
1584311691671 1 330
1584311693846 1 331
1584311696033 1 332
1584311698255 1 333
1584311700406 1 334
1584311702595 1 335
1584311704759 1 336
1584311706956 1 337
1584311709157 1 338
1584311711320 1 339
1584311713528 1 340
1584311715712 1 341
1584311717963 1 342
1584311720134 1 343
1584311722284 1 344
1584311724517 1 345
1584311727529 1 346
1584311731606 1 347
1584311734165 1 348
1584311736304 1 349
1584311738475 1 350
1584311740673 1 351
1584311742827 1 352
1584311745136 1 353
1584311747378 1 354
1584311749847 1 355
1584311752004 1 356
1584311754151 1 357
1584311756310 1 358
1584311758434 1 359
1584311760578 1 360
1584311762726 1 361
1584311764865 1 362
1584311767009 1 363
1584311769146 1 364
1584311771292 1 365
1584311773441 1 366
1584311775575 1 367
1584311777785 1 368
1584311779943 1 369
1584311782107 1 370
1584311784378 1 371
1584311786506 1 372
1584311788635 1 373
1584311790768 1 374
1584311792910 1 375
1584311795082 1 376
1584311797217 1 377
1584311799391 1 378
1584311801535 1 379
1584311803655 1 380
1584311805798 1 381
1584311807935 1 382
1584311810085 1 383
1584311812248 1 384
1584311814546 1 385
1584311816894 1 386
1584311819093 1 387
1584311821412 1 388
1584311823600 1 389
1584311825928 1 390
1584311828089 1 391
1584311830269 1 392
1584311832441 1 393
1584311834714 1 394
1584311836897 1 395
1584311839059 1 396
1584311841206 1 397
1584311843425 1 398
1584311845590 1 399
1584311847726 1 400
1584311849940 1 401
1584311852100 1 402
1584311854272 1 403
1584311856444 1 404
1584311858685 1 405
1584311860862 1 406
1584311863032 1 407
1584311865218 1 408
1584311867410 1 409
1584311869595 1 410
1584311871759 1 411
1584311873930 1 412
1584311876059 1 413
1584311878208 1 414
1584311880542 1 415
1584311882727 1 416
1584311884898 1 417
1584311887038 1 418
1584311889206 1 419
1584311891390 1 420
1584311893575 1 421
1584311895800 1 422
1584311897939 1 423
1584311900111 1 424
1584311902303 1 425
1584311904482 1 426
1584311906636 1 427
1584311908864 1 428
1584311911141 1 429
1584311913338 1 430
1584311915518 1 431
1584311917667 1 432
1584311919838 1 433
1584311922072 1 434
1584311924238 1 435
1584311926500 1 436
1584311928847 1 437
1584311931013 1 438
1584311933147 1 439
1584311935303 1 440
1584311937457 1 441
1584311939619 1 442
1584311941821 1 443
1584311943965 1 444
1584311946109 1 445
1584311948321 1 446
1584311950483 1 447
1584311952640 1 448
1584311954874 1 449
1584311957042 1 450
1584311959183 1 451
1584311961367 1 452
1584311963521 1 453
1584311965670 1 454
1584311967843 1 455
1584311970010 1 456
1584311972208 1 457
1584311974349 1 458
1584311976600 1 459
1584311978733 1 460
1584311980903 1 461
1584311983049 1 462
1584311985203 1 463
1584311987376 1 464
1584311989530 1 465
1584311991721 1 466
1584311993884 1 467
1584311996019 1 468
1584311998176 1 469
1584312000346 1 470
1584312002488 1 471
1584312004673 1 472
1584312006830 1 473
1584312008993 1 474
1584312011257 1 475
1584312013583 1 476
1584312015965 1 477
1584312018125 1 478
1584312020281 1 479
1584312022445 1 480
1584312024596 1 481
1584312026787 1 482
1584312028935 1 483
1584312031184 1 484
1584312033473 1 485
1584312035653 1 486
1584312037898 1 487
1584312040034 1 488
1584312042188 1 489
1584312044366 1 490
1584312046518 1 491
1584312048684 1 492
1584312050859 1 493
1584312053022 1 494
1584312055179 1 495
1584312057830 1 496
1584312060010 1 497
1584312062207 1 498
1584312064390 1 499
1584312066608 1 500
1584312068813 1 501
1584312071053 1 502
1584312073964 1 503
1584312076167 1 504
1584312078331 1 505
1584312080483 1 506
1584312082646 1 507
1584312084904 1 508
1584312087060 1 509
1584312089264 1 510
1584312091442 1 511
1584312093630 1 512
1584312095773 1 513
1584312097930 1 514
1584312100230 1 515
1584312102509 1 516
1584312104780 1 517
1584312106933 1 518
1584312109098 1 519
1584312111248 1 520
1584312113430 1 521
1584312115566 1 522
1584312117757 1 523
1584312119895 1 524
1584312122022 1 525
1584312124172 1 526
1584312126658 1 527
1584312129043 1 528
1584312131186 1 529
1584312133873 1 530
1584312136296 1 531
1584312138595 1 532
1584312140830 1 533
1584312143019 1 534
1584312145244 1 535
1584312147418 1 536
1584312149619 1 537
1584312151823 1 538
1584312154023 1 539
1584312156163 1 540
1584312158402 1 541
1584312160613 1 542
1584312162821 1 543
1584312165068 1 544
1584312167216 1 545
1584312169561 1 546
1584312171738 1 547
1584312173947 1 548
1584312176134 1 549
1584312178365 1 550
1584312180541 1 551
1584312182798 1 552
1584312185231 1 553
1584312187500 1 554
1584312189829 1 555
1584312192033 1 556
1584312194298 1 557
1584312196530 1 558
1584312198925 1 559
1584312201320 1 560
1584312204105 1 561
1584312206456 1 562
1584312208619 1 563
1584312210844 1 564
1584312213034 1 565
1584312215272 1 566
1584312217745 1 567
1584312219931 1 568
1584312222201 1 569
1584312224517 1 570
1584312226739 1 571
1584312229061 1 572
1584312231347 1 573
1584312233597 1 574
1584312235777 1 575
1584312238208 1 576
1584312240888 1 577
1584312243258 1 578
1584312245621 1 579
1584312247907 1 580
1584312250201 1 581
1584312252449 1 582
1584312254679 1 583
1584312256847 1 584
1584312259013 1 585
1584312261409 1 586
1584312263979 1 587
1584312266369 1 588
1584312268551 1 589
1584312270729 1 590
1584312272925 1 591
1584312275075 1 592
1584312277222 1 593
1584312279377 1 594
1584312281518 1 595
1584312283683 1 596
1584312285859 1 597
1584312287994 1 598
1584312290130 1 599
1584312292269 1 600
1584312294437 1 601
1584312296635 1 602
1584312298789 1 603
1584312300949 1 604
1584312303111 1 605
1584312305264 1 606
1584312307459 1 607
1584312309598 1 608
1584312311731 1 609
1584312313964 1 610
1584312316112 1 611
1584312318298 1 612
1584312320440 1 613
1584312322609 1 614
1584312324763 1 615
1584312326927 1 616
1584312329092 1 617
1584312331241 1 618
1584312333411 1 619
1584312335564 1 620
1584312337718 1 621
1584312339877 1 622
1584312342084 1 623
1584312344368 1 624
1584312346524 1 625
1584312348857 1 626
1584312351234 1 627
1584312353443 1 628
1584312355772 1 629
1584312358134 1 630
1584312360298 1 631
1584312362503 1 632
1584312364637 1 633
1584312366811 1 634
1584312368978 1 635
1584312371098 1 636
1584312373265 1 637
1584312375400 1 638
1584312377556 1 639
1584312379720 1 640
1584312381864 1 641
1584312384064 1 642
1584312386213 1 643
1584312388358 1 644
1584312390534 1 645
1584312392726 1 646
1584312394923 1 647
1584312397047 1 648
1584312399182 1 649
1584312401326 1 650
1584312403468 1 651
1584312405607 1 652
1584312407765 1 653
1584312409892 1 654
1584312412026 1 655
1584312414332 1 656
1584312416822 1 657
1584312419214 1 658
1584312421530 1 659
1584312423915 1 660
1584312426301 1 661
1584312428531 1 662
1584312430692 1 663
1584312432887 1 664
1584312435125 1 665
1584312437322 1 666
1584312439504 1 667
1584312441665 1 668
1584312443805 1 669
1584312445997 1 670
1584312448159 1 671
1584312450342 1 672
1584312452489 1 673
1584312454729 1 674
1584312457051 1 675
1584312459743 1 676
1584312461904 1 677
1584312464049 1 678
1584312466366 1 679
1584312468636 1 680
1584312470816 1 681
1584312473096 1 682
1584312475380 1 683
1584312477526 1 684
1584312479706 1 685
1584312481848 1 686
1584312483999 1 687
1584312486144 1 688
1584312488322 1 689
1584312490533 1 690
1584312492678 1 691
1584312494868 1 692
1584312497030 1 693
1584312499183 1 694
1584312501343 1 695
1584312503523 1 696
1584312505715 1 697
1584312507844 1 698
1584312509993 1 699
1584312512122 1 700
1584312514295 1 701
1584312516449 1 702
1584312518581 1 703
1584312520770 1 704
1584312522925 1 705
1584312525096 1 706
1584312527224 1 707
1584312529388 1 708
1584312531540 1 709
1584312533697 1 710
1584312535845 1 711
1584312538153 1 712
1584312540381 1 713
1584312542566 1 714
1584312544856 1 715
1584312546993 1 716
1584312549137 1 717
1584312551338 1 718
1584312553526 1 719
1584312555829 1 720
1584312558085 1 721
1584312560259 1 722
1584312562454 1 723
1584312564584 1 724
1584312566722 1 725
1584312568839 1 726
1584312570981 1 727
1584312573128 1 728
1584312575272 1 729
1584312577442 1 730
1584312579613 1 731
1584312581746 1 732
1584312583914 1 733
1584312586086 1 734
1584312588225 1 735
1584312590378 1 736
1584312592532 1 737
1584312594675 1 738
1584312596815 1 739
1584312598957 1 740
1584312601105 1 741
1584312603358 1 742
1584312605581 1 743
1584312607733 1 744
1584312609914 1 745
1584312612081 1 746
1584312614441 1 747
1584312616751 1 748
1584312619082 1 749
1584312621290 1 750
1584312623689 1 751
1584312626035 1 752
1584312628352 1 753
1584312630530 1 754
1584312632761 1 755
1584312634925 1 756
1584312637090 1 757
1584312639228 1 758
1584312641395 1 759
1584312643565 1 760
1584312645706 1 761
1584312647943 1 762
1584312650098 1 763
1584312652341 1 764
1584312654504 1 765
1584312656664 1 766
1584312658810 1 767
1584312660951 1 768
1584312663117 1 769
1584312665256 1 770
1584312667407 1 771
1584312669535 1 772
1584312671653 1 773
1584312673893 1 774
1584312676032 1 775
1584312678230 1 776
1584312680699 1 777
1584312683147 1 778
1584312685305 1 779
1584312687468 1 780
1584312689643 1 781
1584312691786 1 782
1584312693968 1 783
1584312697099 1 784
1584312699602 1 785
