1584310940487 1 1
1584310943091 0.995 2
1584310946054 0.990025 3
1584310948452 0.985074875 4
1584310950788 0.9801495006250001 5
1584310952951 0.9752487531218751 6
1584310955344 0.9703725093562657 7
1584310957793 0.9655206468094844 8
1584310960124 0.960693043575437 9
1584310962306 0.9558895783575597 10
1584310964483 0.9511101304657719 11
1584310966787 0.946354579813443 12
1584310968940 0.9416228069143757 13
1584310971059 0.9369146928798039 14
1584310973228 0.9322301194154049 15
1584310975440 0.9275689688183278 16
1584310977664 0.9229311239742362 17
1584310980024 0.918316468354365 18
1584310982297 0.9137248860125932 19
1584310984521 0.9091562615825302 20
1584310986710 0.9046104802746175 21
1584310988920 0.9000874278732445 22
1584310991252 0.8955869907338783 23
1584310993427 0.8911090557802088 24
1584310995775 0.8866535105013078 25
1584310997956 0.8822202429488013 26
1584311000136 0.8778091417340573 27
1584311002383 0.8734200960253871 28
1584311004631 0.8690529955452602 29
1584311006902 0.8647077305675338 30
1584311009022 0.8603841919146962 31
1584311011230 0.8560822709551227 32
1584311013428 0.851801859600347 33
1584311015776 0.8475428503023453 34
1584311018055 0.8433051360508336 35
1584311020215 0.8390886103705794 36
1584311022362 0.8348931673187264 37
1584311024711 0.8307187014821328 38
1584311026878 0.8265651079747222 39
1584311029036 0.8224322824348486 40
1584311031197 0.8183201210226743 41
1584311033395 0.8142285204175609 42
1584311035650 0.810157377815473 43
1584311038179 0.8061065909263957 44
1584311040648 0.8020760579717637 45
1584311042831 0.798065677681905 46
1584311045251 0.7940753492934954 47
1584311047829 0.7901049725470279 48
1584311050090 0.7861544476842928 49
1584311052276 0.7822236754458713 50
1584311054526 0.778312557068642 51
1584311056751 0.7744209942832988 52
1584311059180 0.7705488893118823 53
1584311061351 0.7666961448653229 54
1584311063626 0.7628626641409962 55
1584311065895 0.7590483508202912 56
1584311068367 0.7552531090661897 57
1584311070676 0.7514768435208588 58
1584311073081 0.7477194593032545 59
1584311075483 0.7439808620067382 60
1584311077661 0.7402609576967045 61
1584311079979 0.736559652908221 62
1584311082169 0.7328768546436799 63
1584311084429 0.7292124703704616 64
1584311086613 0.7255664080186093 65
1584311088869 0.7219385759785162 66
1584311091153 0.7183288830986236 67
1584311093432 0.7147372386831305 68
1584311095544 0.7111635524897149 69
1584311098043 0.7076077347272662 70
1584311100178 0.7040696960536299 71
1584311103298 0.7005493475733617 72
1584311106611 0.697046600835495 73
1584311109385 0.6935613678313175 74
1584311112112 0.6900935609921609 75
1584311114631 0.6866430931872001 76
1584311117057 0.6832098777212641 77
1584311119288 0.6797938283326578 78
1584311121461 0.6763948591909945 79
1584311123804 0.6730128848950395 80
1584311126186 0.6696478204705644 81
1584311128501 0.6662995813682115 82
1584311130746 0.6629680834613705 83
1584311132898 0.6596532430440636 84
1584311135047 0.6563549768288433 85
1584311137216 0.653073201944699 86
1584311139333 0.6498078359349755 87
1584311141456 0.6465587967553006 88
1584311143591 0.6433260027715241 89
1584311146343 0.6401093727576664 90
1584311148615 0.6369088258938781 91
1584311151321 0.6337242817644086 92
1584311153536 0.6305556603555866 93
1584311155976 0.6274028820538087 94
1584311158140 0.6242658676435396 95
1584311160433 0.6211445383053219 96
1584311162719 0.6180388156137953 97
1584311165097 0.6149486215357263 98
1584311167297 0.6118738784280476 99
1584311169463 0.6088145090359074 100
1584311171742 0.6057704364907278 101
1584311174011 0.6027415843082742 102
1584311176301 0.5997278763867329 103
1584311178637 0.5967292370047992 104
1584311180844 0.5937455908197752 105
1584311183197 0.5907768628656763 106
1584311185639 0.5878229785513479 107
1584311187825 0.5848838636585911 108
1584311190520 0.5819594443402982 109
1584311192659 0.5790496471185967 110
1584311195143 0.5761543988830038 111
1584311197561 0.5732736268885887 112
1584311199722 0.5704072587541458 113
1584311201945 0.567555222460375 114
1584311204194 0.5647174463480732 115
1584311206316 0.5618938591163328 116
1584311208791 0.5590843898207511 117
1584311210930 0.5562889678716474 118
1584311213064 0.5535075230322891 119
1584311215204 0.5507399854171277 120
1584311217322 0.547986285490042 121
1584311219462 0.5452463540625918 122
1584311221589 0.5425201222922789 123
1584311223749 0.5398075216808175 124
1584311225859 0.5371084840724134 125
1584311227982 0.5344229416520513 126
1584311230108 0.531750826943791 127
1584311232454 0.5290920728090721 128
1584311234727 0.5264466124450268 129
1584311236888 0.5238143793828016 130
1584311239024 0.5211953074858876 131
1584311241156 0.5185893309484582 132
1584311243286 0.5159963842937159 133
1584311245404 0.5134164023722473 134
1584311247516 0.510849320360386 135
1584311249658 0.5082950737585841 136
1584311251997 0.5057535983897912 137
1584311254570 0.5032248303978422 138
1584311256722 0.500708706245853 139
1584311259190 0.4982051627146237 140
1584311261488 0.49571413690105054 141
1584311263941 0.4932355662165453 142
1584311266216 0.4907693883854626 143
1584311268409 0.4883155414435353 144
1584311270567 0.4858739637363176 145
1584311272861 0.483444593917636 146
1584311275185 0.4810273709480478 147
1584311277517 0.47862223409330756 148
1584311279661 0.47622912292284103 149
1584311281836 0.4738479773082268 150
1584311284551 0.47147873742168567 151
1584311286898 0.46912134373457726 152
1584311289047 0.46677573701590436 153
1584311291357 0.46444185833082485 154
1584311293828 0.46211964903917074 155
1584311296053 0.4598090507939749 156
1584311298380 0.457510005540005 157
1584311301042 0.45522245551230495 158
1584311303189 0.4529463432347434 159
1584311305320 0.4506816115185697 160
1584311307577 0.4484282034609769 161
1584311309994 0.446186062443672 162
1584311312124 0.4439551321314536 163
1584311314286 0.4417353564707963 164
1584311316436 0.43952667968844233 165
1584311318579 0.43732904629000013 166
1584311320722 0.4351424010585501 167
1584311323070 0.43296668905325736 168
1584311325214 0.43080185560799106 169
1584311327321 0.4286478463299511 170
1584311329488 0.42650460709830135 171
1584311332086 0.42437208406280985 172
1584311334281 0.4222502236424958 173
1584311336523 0.42013897252428334 174
1584311338677 0.4180382776616619 175
1584311340830 0.4159480862733536 176
1584311343000 0.41386834584198684 177
1584311345182 0.4117990041127769 178
1584311347590 0.40974000909221303 179
1584311349732 0.40769130904675194 180
1584311351878 0.40565285250151817 181
1584311354547 0.4036245882390106 182
1584311357287 0.4016064652978155 183
1584311360094 0.3995984329713264 184
1584311362633 0.3976004408064698 185
1584311365278 0.39561243860243744 186
1584311368147 0.3936343764094253 187
1584311370684 0.39166620452737816 188
1584311373033 0.3897078735047413 189
1584311375440 0.3877593341372176 190
1584311377602 0.3858205374665315 191
1584311379787 0.38389143477919885 192
1584311381926 0.3819719776053028 193
1584311384074 0.3800621177172763 194
1584311386192 0.37816180712868996 195
1584311388323 0.37627099809304654 196
1584311390488 0.3743896431025813 197
1584311392622 0.37251769488706843 198
1584311394748 0.3706551064126331 199
1584311397020 0.36880183088056995 200
1584311399156 0.3669578217261671 201
1584311401302 0.36512303261753626 202
1584311403422 0.3632974174544486 203
1584311405544 0.3614809303671764 204
1584311407689 0.3596735257153405 205
1584311409815 0.3578751580867638 206
1584311411944 0.35608578229633 207
1584311414089 0.3543053533848483 208
1584311416224 0.35253382661792404 209
1584311418423 0.3507711574848344 210
1584311420575 0.34901730169741024 211
1584311422755 0.3472722151889232 212
1584311424866 0.3455358541129786 213
1584311427022 0.3438081748424137 214
1584311429176 0.3420891339682016 215
1584311431332 0.3403786882983606 216
1584311433473 0.3386767948568688 217
1584311435594 0.33698341088258443 218
1584311437763 0.3352984938281715 219
1584311439889 0.33362200135903064 220
1584311442040 0.33195389135223546 221
1584311444180 0.3302941218954743 222
1584311446346 0.32864265128599696 223
1584311448511 0.326999438029567 224
1584311450653 0.3253644408394192 225
1584311452788 0.3237376186352221 226
1584311454950 0.322118930542046 227
1584311457119 0.32050833588933575 228
1584311459247 0.31890579420988907 229
1584311461698 0.3173112652388396 230
1584311463951 0.3157247089126454 231
1584311466309 0.3141460853680822 232
1584311468522 0.3125753549412418 233
1584311470800 0.31101247816653554 234
1584311473060 0.30945741577570285 235
1584311475531 0.3079101286968243 236
1584311477904 0.3063705780533402 237
1584311480171 0.30483872516307353 238
1584311482546 0.3033145315372582 239
1584311484724 0.3017979588795719 240
1584311487372 0.30028896908517405 241
1584311489559 0.2987875242397482 242
1584311492131 0.29729358661854943 243
1584311494680 0.29580711868545667 244
1584311496831 0.2943280830920294 245
1584311499006 0.29285644267656924 246
1584311501160 0.2913921604631864 247
1584311503298 0.28993519966087045 248
1584311505765 0.2884855236625661 249
1584311508181 0.28704309604425327 250
1584311510476 0.285607880564032 251
1584311512784 0.28417984116121187 252
1584311515193 0.2827589419554058 253
1584311517332 0.28134514724562876 254
1584311519456 0.2799384215094006 255
1584311521601 0.27853872940185365 256
1584311523810 0.27714603575484437 257
1584311525937 0.2757603055760701 258
1584311528076 0.2743815040481898 259
1584311530208 0.2730095965279488 260
1584311532357 0.27164454854530906 261
1584311534501 0.2702863258025825 262
1584311536632 0.2689348941735696 263
1584311538783 0.26759021970270175 264
1584311540913 0.2662522686041882 265
1584311543032 0.2649210072611673 266
1584311545186 0.26359640222486147 267
1584311547324 0.26227842021373715 268
1584311549472 0.2609670281126685 269
1584311551588 0.25966219297210513 270
1584311553758 0.2583638820072446 271
1584311555892 0.2570720625972084 272
1584311558048 0.25578670228422234 273
1584311560234 0.25450776877280124 274
1584311562388 0.2532352299289372 275
1584311564518 0.2519690537792925 276
1584311566647 0.2507092085103961 277
1584311568868 0.2494556624678441 278
1584311571023 0.24820838415550486 279
1584311573159 0.24696734223472733 280
1584311575334 0.2457325055235537 281
1584311577506 0.24450384299593592 282
1584311579660 0.24328132378095624 283
1584311581818 0.24206491716205145 284
1584311584086 0.2408545925762412 285
1584311586260 0.23965031961336 286
1584311588516 0.2384520680152932 287
1584311590867 0.23725980767521673 288
1584311593005 0.23607350863684065 289
1584311595236 0.23489314109365644 290
1584311597431 0.23371867538818816 291
1584311599566 0.23255008201124722 292
1584311601740 0.231387331601191 293
1584311604550 0.23023039494318503 294
1584311606887 0.2290792429684691 295
1584311609060 0.22793384675362674 296
1584311611198 0.22679417751985861 297
1584311613333 0.22566020663225933 298
1584311615481 0.22453190559909803 299
1584311617621 0.22340924607110255 300
1584311619794 0.22229219984074702 301
1584311621916 0.2211807388415433 302
1584311624064 0.22007483514733558 303
1584311626190 0.2189744609715989 304
1584311628956 0.2178795886667409 305
1584311632343 0.2167901907234072 306
1584311634634 0.21570623976979014 307
1584311637331 0.21462770857094118 308
1584311641006 0.21355457002808648 309
1584311643977 0.21248679717794605 310
1584311646283 0.21142436319205632 311
1584311648463 0.21036724137609603 312
1584311650631 0.20931540516921554 313
1584311652771 0.20826882814336947 314
1584311654929 0.20722748400265262 315
1584311657067 0.20619134658263935 316
1584311659245 0.20516038984972615 317
1584311661415 0.2041345879004775 318
1584311664071 0.2031139149609751 319
1584311666795 0.20209834538617025 320
1584311669249 0.2010878536592394 321
1584311671772 0.2000824143909432 322
1584311674900 0.19908200231898848 323
1584311678351 0.19808659230739353 324
1584311680565 0.19709615934585656 325
1584311682736 0.19611067854912728 326
1584311684916 0.19513012515638165 327
1584311687280 0.19415447453059972 328
1584311689496 0.19318370215794672 329
1584311691671 0.192217783647157 330
1584311693846 0.1912566947289212 331
1584311696033 0.1903004112552766 332
1584311698255 0.18934890919900021 333
1584311700406 0.18840216465300522 334
1584311702595 0.18746015382974018 335
1584311704759 0.1865228530605915 336
1584311706956 0.18559023879528855 337
1584311709157 0.1846622876013121 338
1584311711320 0.18373897616330553 339
1584311713528 0.182820281282489 340
1584311715712 0.18190617987607657 341
1584311717963 0.18099664897669618 342
1584311720134 0.1800916657318127 343
1584311722284 0.17919120740315364 344
1584311724517 0.17829525136613786 345
1584311727529 0.17740377510930716 346
1584311731606 0.17651675623376062 347
1584311734165 0.1756341724525918 348
1584311736304 0.17475600159032884 349
1584311738475 0.17388222158237718 350
1584311740673 0.1730128104744653 351
1584311742827 0.17214774642209296 352
1584311745136 0.1712870076899825 353
1584311747378 0.17043057265153258 354
1584311749847 0.16957841978827493 355
1584311752004 0.16873052768933355 356
1584311754151 0.1678868750508869 357
1584311756310 0.16704744067563246 358
1584311758434 0.1662122034722543 359
1584311760578 0.16538114245489302 360
1584311762726 0.16455423674261854 361
1584311764865 0.16373146555890544 362
1584311767009 0.16291280823111093 363
1584311769146 0.16209824418995536 364
1584311771292 0.16128775296900558 365
1584311773441 0.16048131420416054 366
1584311775575 0.15967890763313974 367
1584311777785 0.15888051309497406 368
1584311779943 0.1580861105294992 369
1584311782107 0.1572956799768517 370
1584311784378 0.15650920157696743 371
1584311786506 0.1557266555690826 372
1584311788635 0.1549480222912372 373
1584311790768 0.15417328217978102 374
1584311792910 0.1534024157688821 375
1584311795082 0.1526354036900377 376
1584311797217 0.1518722266715875 377
1584311799391 0.15111286553822956 378
1584311801535 0.15035730121053842 379
1584311803655 0.14960551470448571 380
1584311805798 0.14885748713096328 381
1584311807935 0.14811319969530845 382
1584311810085 0.1473726336968319 383
1584311812248 0.14663577052834775 384
1584311814546 0.14590259167570602 385
1584311816894 0.1451730787173275 386
1584311819093 0.14444721332374086 387
1584311821412 0.14372497725712216 388
1584311823600 0.14300635237083656 389
1584311825928 0.14229132060898236 390
1584311828089 0.14157986400593744 391
1584311830269 0.14087196468590776 392
1584311832441 0.14016760486247823 393
1584311834714 0.13946676683816583 394
1584311836897 0.138769433003975 395
1584311839059 0.13807558583895513 396
1584311841206 0.13738520790976036 397
1584311843425 0.13669828187021155 398
1584311845590 0.13601479046086049 399
1584311847726 0.1353347165085562 400
1584311849940 0.1346580429260134 401
1584311852100 0.13398475271138335 402
1584311854272 0.13331482894782642 403
1584311856444 0.13264825480308728 404
1584311858685 0.13198501352907185 405
1584311860862 0.1313250884614265 406
1584311863032 0.13066846301911936 407
1584311865218 0.13001512070402377 408
1584311867410 0.12936504510050365 409
1584311869595 0.12871821987500112 410
1584311871759 0.12807462877562611 411
1584311873930 0.12743425563174798 412
1584311876059 0.12679708435358925 413
1584311878208 0.1261630989318213 414
1584311880542 0.1255322834371622 415
1584311882727 0.12490462201997637 416
1584311884898 0.1242800989098765 417
1584311887038 0.12365869841532712 418
1584311889206 0.12304040492325048 419
1584311891390 0.12242520289863423 420
1584311893575 0.12181307688414106 421
1584311895800 0.12120401149972035 422
1584311897939 0.12059799144222175 423
1584311900111 0.11999500148501063 424
1584311902303 0.11939502647758558 425
1584311904482 0.11879805134519765 426
1584311906636 0.11820406108847166 427
1584311908864 0.1176130407830293 428
1584311911141 0.11702497557911415 429
1584311913338 0.11643985070121858 430
1584311915518 0.11585765144771248 431
1584311917667 0.11527836319047392 432
1584311919838 0.11470197137452155 433
1584311922072 0.11412846151764894 434
1584311924238 0.1135578192100607 435
1584311926500 0.11299003011401039 436
1584311928847 0.11242507996344034 437
1584311931013 0.11186295456362313 438
1584311933147 0.11130363979080501 439
1584311935303 0.11074712159185099 440
1584311937457 0.11019338598389174 441
1584311939619 0.10964241905397228 442
1584311941821 0.10909420695870241 443
1584311943965 0.1085487359239089 444
1584311946109 0.10800599224428936 445
1584311948321 0.10746596228306791 446
1584311950483 0.10692863247165257 447
1584311952640 0.1063939893092943 448
1584311954874 0.10586201936274783 449
1584311957042 0.10533270926593409 450
1584311959183 0.10480604571960442 451
1584311961367 0.1042820154910064 452
1584311963521 0.10376060541355137 453
1584311965670 0.1032418023864836 454
1584311967843 0.10272559337455119 455
1584311970010 0.10221196540767843 456
1584311972208 0.10170090558064004 457
1584311974349 0.10119240105273684 458
1584311976600 0.10068643904747315 459
1584311978733 0.10018300685223579 460
1584311980903 0.0996820918179746 461
1584311983049 0.09918368135888474 462
1584311985203 0.09868776295209031 463
1584311987376 0.09819432413732986 464
1584311989530 0.09770335251664321 465
1584311991721 0.09721483575406 466
1584311993884 0.09672876157528969 467
1584311996019 0.09624511776741324 468
1584311998176 0.09576389217857617 469
1584312000346 0.09528507271768329 470
1584312002488 0.09480864735409487 471
1584312004673 0.0943346041173244 472
1584312006830 0.09386293109673778 473
1584312008993 0.09339361644125409 474
1584312011257 0.09292664835904782 475
1584312013583 0.09246201511725258 476
1584312015965 0.09199970504166631 477
1584312018125 0.09153970651645797 478
1584312020281 0.09108200798387568 479
1584312022445 0.0906265979439563 480
1584312024596 0.09017346495423652 481
1584312026787 0.08972259762946533 482
1584312028935 0.089273984641318 483
1584312031184 0.0888276147181114 484
1584312033473 0.08838347664452084 485
1584312035653 0.08794155926129824 486
1584312037898 0.08750185146499175 487
1584312040034 0.08706434220766679 488
1584312042188 0.08662902049662846 489
1584312044366 0.08619587539414532 490
1584312046518 0.08576489601717459 491
1584312048684 0.08533607153708872 492
1584312050859 0.08490939117940327 493
1584312053022 0.08448484422350626 494
1584312055179 0.08406242000238873 495
1584312057830 0.08364210790237678 496
1584312060010 0.0832238973628649 497
1584312062207 0.08280777787605056 498
1584312064390 0.08239373898667031 499
1584312066608 0.08198177029173696 500
1584312068813 0.08157186144027828 501
1584312071053 0.0811640021330769 502
1584312073964 0.08075818212241151 503
1584312076167 0.08035439121179945 504
1584312078331 0.07995261925574046 505
1584312080483 0.07955285615946175 506
1584312082646 0.07915509187866444 507
1584312084904 0.07875931641927113 508
1584312087060 0.07836551983717477 509
1584312089264 0.07797369223798889 510
1584312091442 0.07758382377679894 511
1584312093630 0.07719590465791494 512
1584312095773 0.07680992513462537 513
1584312097930 0.07642587550895225 514
1584312100230 0.07604374613140748 515
1584312102509 0.07566352740075044 516
1584312104780 0.07528520976374668 517
1584312106933 0.07490878371492794 518
1584312109098 0.0745342397963533 519
1584312111248 0.07416156859737154 520
1584312113430 0.07379076075438468 521
1584312115566 0.07342180695061275 522
1584312117757 0.07305469791585968 523
1584312119895 0.07268942442628039 524
1584312122022 0.07232597730414898 525
1584312124172 0.07196434741762824 526
1584312126658 0.0716045256805401 527
1584312129043 0.0712465030521374 528
1584312131186 0.0708902705368767 529
1584312133873 0.07053581918419231 530
1584312136296 0.07018314008827135 531
1584312138595 0.06983222438783 532
1584312140830 0.06948306326589085 533
1584312143019 0.0691356479495614 534
1584312145244 0.06878996970981359 535
1584312147418 0.06844601986126451 536
1584312149619 0.06810378976195819 537
1584312151823 0.0677632708131484 538
1584312154023 0.06742445445908266 539
1584312156163 0.06708733218678724 540
1584312158402 0.0667518955258533 541
1584312160613 0.06641813604822402 542
1584312162821 0.0660860453679829 543
1584312165068 0.06575561514114299 544
1584312167216 0.06542683706543727 545
1584312169561 0.06509970288011008 546
1584312171738 0.06477420436570952 547
1584312173947 0.06445033334388098 548
1584312176134 0.06412808167716157 549
1584312178365 0.06380744126877576 550
1584312180541 0.06348840406243188 551
1584312182798 0.06317096204211972 552
1584312185231 0.06285510723190912 553
1584312187500 0.06254083169574957 554
1584312189829 0.062228127537270826 555
1584312192033 0.06191698689958447 556
1584312194298 0.061607401965086545 557
1584312196530 0.06129936495526111 558
1584312198925 0.0609928681304848 559
1584312201320 0.060687903789832374 560
1584312204105 0.06038446427088321 561
1584312206456 0.06008254194952879 562
1584312208619 0.05978212923978115 563
1584312210844 0.05948321859358224 564
1584312213034 0.05918580250061433 565
1584312215272 0.058889873488111255 566
1584312217745 0.058595424120670696 567
1584312219931 0.05830244700006734 568
1584312222201 0.058010934765067 569
1584312224517 0.05772088009124167 570
1584312226739 0.05743227569078546 571
1584312229061 0.05714511431233153 572
1584312231347 0.05685938874076987 573
1584312233597 0.056575091797066025 574
1584312235777 0.056292216338080694 575
1584312238208 0.05601075525639029 576
1584312240888 0.05573070148010834 577
1584312243258 0.0554520479727078 578
1584312245621 0.05517478773284426 579
1584312247907 0.05489891379418004 580
1584312250201 0.05462441922520914 581
1584312252449 0.0543512971290831 582
1584312254679 0.05407954064343768 583
1584312256847 0.05380914294022049 584
1584312259013 0.05354009722551939 585
1584312261409 0.05327239673939179 586
1584312263979 0.053006034755694834 587
1584312266369 0.052741004581916356 588
1584312268551 0.052477299559006776 589
1584312270729 0.052214913061211746 590
1584312272925 0.05195383849590569 591
1584312275075 0.05169406930342616 592
1584312277222 0.05143559895690903 593
1584312279377 0.051178420962124486 594
1584312281518 0.05092252885731386 595
1584312283683 0.05066791621302729 596
1584312285859 0.05041457663196215 597
1584312287994 0.050162503748802344 598
1584312290130 0.049911691230058335 599
1584312292269 0.04966213277390804 600
1584312294437 0.0494138221100385 601
1584312296635 0.04916675299948831 602
1584312298789 0.04892091923449087 603
1584312300949 0.04867631463831842 604
1584312303111 0.048432933065126825 605
1584312305264 0.048190768399801194 606
1584312307459 0.04794981455780219 607
1584312309598 0.04771006548501318 608
1584312311731 0.047471515157588115 609
1584312313964 0.047234157581800176 610
1584312316112 0.046997986793891174 611
1584312318298 0.04676299685992172 612
1584312320440 0.04652918187562211 613
1584312322609 0.046296535966244 614
1584312324763 0.046065053286412784 615
1584312326927 0.04583472801998072 616
1584312329092 0.045605554379880814 617
1584312331241 0.04537752660798141 618
1584312333411 0.0451506389749415 619
1584312335564 0.044924885780066794 620
1584312337718 0.04470026135116646 621
1584312339877 0.04447676004441063 622
1584312342084 0.04425437624418858 623
1584312344368 0.04403310436296763 624
1584312346524 0.043812938841152796 625
1584312348857 0.04359387414694703 626
1584312351234 0.043375904776212296 627
1584312353443 0.043159025252331236 628
1584312355772 0.04294323012606958 629
1584312358134 0.04272851397543923 630
1584312360298 0.04251487140556204 631
1584312362503 0.04230229704853423 632
1584312364637 0.04209078556329156 633
1584312366811 0.0418803316354751 634
1584312368978 0.041670929977297724 635
1584312371098 0.04146257532741124 636
1584312373265 0.04125526245077418 637
1584312375400 0.04104898613852031 638
1584312377556 0.04084374120782771 639
1584312379720 0.04063952250178857 640
1584312381864 0.04043632488927963 641
1584312384064 0.04023414326483323 642
1584312386213 0.040032972548509065 643
1584312388358 0.03983280768576652 644
1584312390534 0.03963364364733769 645
1584312392726 0.039435475429100995 646
1584312394923 0.03923829805195549 647
1584312397047 0.03904210656169572 648
1584312399182 0.03884689602888724 649
1584312401326 0.0386526615487428 650
1584312403468 0.03845939824099909 651
1584312405607 0.03826710124979409 652
1584312407765 0.038075765743545126 653
1584312409892 0.0378853869148274 654
1584312412026 0.03769595998025326 655
1584312414332 0.03750748018035199 656
1584312416822 0.037319942779450235 657
1584312419214 0.037133343065552986 658
1584312421530 0.03694767635022522 659
1584312423915 0.036762937968474095 660
1584312426301 0.03657912327863173 661
1584312428531 0.036396227662238566 662
1584312430692 0.03621424652392737 663
1584312432887 0.036033175291307735 664
1584312435125 0.03585300941485119 665
1584312437322 0.035673744367776934 666
1584312439504 0.03549537564593805 667
1584312441665 0.035317898767708356 668
1584312443805 0.03514130927386981 669
1584312445997 0.03496560272750046 670
1584312448159 0.03479077471386296 671
1584312450342 0.03461682084029365 672
1584312452489 0.034443736736092176 673
1584312454729 0.034271518052411715 674
1584312457051 0.034100160462149656 675
1584312459743 0.03392965965983891 676
1584312461904 0.033760011361539714 677
1584312464049 0.03359121130473201 678
1584312466366 0.033423255248208356 679
1584312468636 0.03325613897196732 680
1584312470816 0.03308985827710748 681
1584312473096 0.032924408985721944 682
1584312475380 0.03275978694079333 683
1584312477526 0.032595988006089364 684
1584312479706 0.032433008066058915 685
1584312481848 0.03227084302572862 686
1584312483999 0.032109488810599975 687
1584312486144 0.031948941366546975 688
1584312488322 0.03178919665971424 689
1584312490533 0.03163025067641567 690
1584312492678 0.03147209942303359 691
1584312494868 0.03131473892591842 692
1584312497030 0.031158165231288826 693
1584312499183 0.03100237440513238 694
1584312501343 0.030847362533106718 695
1584312503523 0.030693125720441184 696
1584312505715 0.030539660091838977 697
1584312507844 0.03038696179137978 698
1584312509993 0.030235026982422884 699
1584312512122 0.030083851847510768 700
1584312514295 0.029933432588273214 701
1584312516449 0.029783765425331846 702
1584312518581 0.029634846598205186 703
1584312520770 0.02948667236521416 704
1584312522925 0.029339239003388088 705
1584312525096 0.029192542808371146 706
1584312527224 0.02904658009432929 707
1584312529388 0.028901347193857643 708
1584312531540 0.028756840457888354 709
1584312533697 0.02861305625559891 710
1584312535845 0.028469990974320916 711
1584312538153 0.02832764101944931 712
1584312540381 0.028186002814352063 713
1584312542566 0.0280450728002803 714
1584312544856 0.0279048474362789 715
1584312546993 0.027765323199097504 716
1584312549137 0.027626496583102015 717
1584312551338 0.027488364100186506 718
1584312553526 0.027350922279685573 719
1584312555829 0.027214167668287145 720
1584312558085 0.02707809682994571 721
1584312560259 0.02694270634579598 722
1584312562454 0.026807992814067 723
1584312564584 0.026673952849996664 724
1584312566722 0.02654058308574668 725
1584312568839 0.026407880170317945 726
1584312570981 0.026275840769466357 727
1584312573128 0.026144461565619025 728
1584312575272 0.02601373925779093 729
1584312577442 0.025883670561501974 730
1584312579613 0.025754252208694463 731
1584312581746 0.02562548094765099 732
1584312583914 0.025497353542912736 733
1584312586086 0.02536986677519817 734
1584312588225 0.02524301744132218 735
1584312590378 0.025116802354115567 736
1584312592532 0.024991218342344988 737
1584312594675 0.024866262250633264 738
1584312596815 0.024741930939380097 739
1584312598957 0.024618221284683196 740
1584312601105 0.02449513017825978 741
1584312603358 0.02437265452736848 742
1584312605581 0.024250791254731636 743
1584312607733 0.024129537298457977 744
1584312609914 0.024008889611965685 745
1584312612081 0.023888845163905856 746
1584312614441 0.023769400938086327 747
1584312616751 0.023650553933395897 748
1584312619082 0.023532301163728918 749
1584312621290 0.023414639657910272 750
1584312623689 0.023297566459620722 751
1584312626035 0.023181078627322618 752
1584312628352 0.023065173234186005 753
1584312630530 0.022949847368015076 754
1584312632761 0.022835098131175 755
1584312634925 0.022720922640519125 756
1584312637090 0.02260731802731653 757
1584312639228 0.022494281437179946 758
1584312641395 0.022381810029994047 759
1584312643565 0.022269900979844076 760
1584312645706 0.022158551474944856 761
1584312647943 0.022047758717570132 762
1584312650098 0.021937519923982282 763
1584312652341 0.021827832324362372 764
1584312654504 0.02171869316274056 765
1584312656664 0.021610099696926857 766
1584312658810 0.021502049198442223 767
1584312660951 0.021394538952450012 768
1584312663117 0.02128756625768776 769
1584312665256 0.021181128426399323 770
1584312667407 0.021075222784267326 771
1584312669535 0.020969846670345987 772
1584312671653 0.020864997436994256 773
1584312673893 0.020760672449809284 774
1584312676032 0.020656869087560238 775
1584312678230 0.020553584742122436 776
1584312680699 0.020450816818411825 777
1584312683147 0.020348562734319765 778
1584312685305 0.020246819920648168 779
1584312687468 0.020145585821044927 780
1584312689643 0.020044857891939702 781
1584312691786 0.019944633602480003 782
1584312693968 0.019844910434467605 783
1584312697099 0.019745685882295267 784
1584312699602 0.01964695745288379 785
