1584310940487 -1.0 1
1584310943091 0.0 2
1584310946054 2.0 3
1584310948452 0.0 4
1584310950788 -1.0 5
1584310952951 -1.0 6
1584310955344 -1.0 7
1584310957793 -3.0 8
1584310960124 -1.0 9
1584310962306 -2.0 10
1584310964483 -3.0 11
1584310966787 -1.0 12
1584310968940 0.0 13
1584310971059 3.0 14
1584310973228 0.0 15
1584310975440 0.0 16
1584310977664 0.0 17
1584310980024 0.0 18
1584310982297 -1.0 19
1584310984521 1.0 20
1584310986710 1.0 21
1584310988920 0.0 22
1584310991252 3.0 23
1584310993427 2.0 24
1584310995775 -1.0 25
1584310997956 0.0 26
1584311000136 -1.0 27
1584311002383 -1.0 28
1584311004631 1.0 29
1584311006902 0.0 30
1584311009022 2.0 31
1584311011230 1.0 32
1584311013428 0.0 33
1584311015776 -3.0 34
1584311018055 2.0 35
1584311020215 1.0 36
1584311022362 1.0 37
1584311024711 1.0 38
1584311026878 0.0 39
1584311029036 1.0 40
1584311031197 -1.0 41
1584311033395 -2.0 42
1584311035650 2.0 43
1584311038179 -1.0 44
1584311040648 1.0 45
1584311042831 0.0 46
1584311045251 0.0 47
1584311047829 2.0 48
1584311050090 0.0 49
1584311052276 0.0 50
1584311054526 2.0 51
1584311056751 0.0 52
1584311059180 1.0 53
1584311061351 1.0 54
1584311063626 -2.0 55
1584311065895 -1.0 56
1584311068367 2.0 57
1584311070676 -1.0 58
1584311073081 1.0 59
1584311075483 1.0 60
1584311077661 1.0 61
1584311079979 2.0 62
1584311082169 3.0 63
1584311084429 3.0 64
1584311086613 1.0 65
1584311088869 1.0 66
1584311091153 0.0 67
1584311093432 1.0 68
1584311095544 1.0 69
1584311098043 3.0 70
1584311100178 3.0 71
1584311103298 1.0 72
1584311106611 6.0 73
1584311109385 2.0 74
1584311112112 0.0 75
1584311114631 1.0 76
1584311117057 3.0 77
1584311119288 4.0 78
1584311121461 2.0 79
1584311123804 0.0 80
1584311126186 1.0 81
1584311128501 -2.0 82
1584311130746 1.0 83
1584311132898 2.0 84
1584311135047 4.0 85
1584311137216 0.0 86
1584311139333 0.0 87
1584311141456 2.0 88
1584311143591 0.0 89
1584311146343 2.0 90
1584311148615 1.0 91
1584311151321 1.0 92
1584311153536 2.0 93
1584311155976 0.0 94
1584311158140 2.0 95
1584311160433 2.0 96
1584311162719 1.0 97
1584311165097 0.0 98
1584311167297 2.0 99
1584311169463 0.0 100
1584311171742 2.0 101
1584311174011 0.0 102
1584311176301 2.0 103
1584311178637 -1.0 104
1584311180844 3.0 105
1584311183197 -1.0 106
1584311185639 2.0 107
1584311187825 0.0 108
1584311190520 1.0 109
1584311192659 0.0 110
1584311195143 1.0 111
1584311197561 0.0 112
1584311199722 4.0 113
1584311201945 7.0 114
1584311204194 6.0 115
1584311206316 3.0 116
1584311208791 6.0 117
1584311210930 7.0 118
1584311213064 6.0 119
1584311215204 4.0 120
1584311217322 2.0 121
1584311219462 5.0 122
1584311221589 3.0 123
1584311223749 6.0 124
1584311225859 3.0 125
1584311227982 0.0 126
1584311230108 2.0 127
1584311232454 -1.0 128
1584311234727 6.0 129
1584311236888 3.0 130
1584311239024 3.0 131
1584311241156 1.0 132
1584311243286 1.0 133
1584311245404 -1.0 134
1584311247516 2.0 135
1584311249658 6.0 136
1584311251997 3.0 137
1584311254570 6.0 138
1584311256722 2.0 139
1584311259190 3.0 140
1584311261488 4.0 141
1584311263941 3.0 142
1584311266216 4.0 143
1584311268409 5.0 144
1584311270567 3.0 145
1584311272861 3.0 146
1584311275185 1.0 147
1584311277517 4.0 148
1584311279661 4.0 149
1584311281836 3.0 150
1584311284551 6.0 151
1584311286898 5.0 152
1584311289047 8.0 153
1584311291357 8.0 154
1584311293828 8.0 155
1584311296053 3.0 156
1584311298380 7.0 157
1584311301042 3.0 158
1584311303189 4.0 159
1584311305320 7.0 160
1584311307577 6.0 161
1584311309994 5.0 162
1584311312124 5.0 163
1584311314286 6.0 164
1584311316436 9.0 165
1584311318579 3.0 166
1584311320722 6.0 167
1584311323070 4.0 168
1584311325214 5.0 169
1584311327321 5.0 170
1584311329488 7.0 171
1584311332086 6.0 172
1584311334281 2.0 173
1584311336523 1.0 174
1584311338677 2.0 175
1584311340830 1.0 176
1584311343000 6.0 177
1584311345182 2.0 178
1584311347590 11.0 179
1584311349732 9.0 180
1584311351878 6.0 181
1584311354547 5.0 182
1584311357287 8.0 183
1584311360094 3.0 184
1584311362633 5.0 185
1584311365278 1.0 186
1584311368147 5.0 187
1584311370684 2.0 188
1584311373033 5.0 189
1584311375440 9.0 190
1584311377602 5.0 191
1584311379787 5.0 192
1584311381926 9.0 193
1584311384074 2.0 194
1584311386192 6.0 195
1584311388323 10.0 196
1584311390488 3.0 197
1584311392622 5.0 198
1584311394748 7.0 199
1584311397020 4.0 200
1584311399156 4.0 201
1584311401302 3.0 202
1584311403422 3.0 203
1584311405544 6.0 204
1584311407689 6.0 205
1584311409815 7.0 206
1584311411944 6.0 207
1584311414089 9.0 208
1584311416224 5.0 209
1584311418423 3.0 210
1584311420575 5.0 211
1584311422755 1.0 212
1584311424866 4.0 213
1584311427022 6.0 214
1584311429176 8.0 215
1584311431332 9.0 216
1584311433473 9.0 217
1584311435594 6.0 218
1584311437763 10.0 219
1584311439889 8.0 220
1584311442040 8.0 221
1584311444180 10.0 222
1584311446346 12.0 223
1584311448511 4.0 224
1584311450653 3.0 225
1584311452788 10.0 226
1584311454950 9.0 227
1584311457119 11.0 228
1584311459247 8.0 229
1584311461698 7.0 230
1584311463951 6.0 231
1584311466309 5.0 232
1584311468522 12.0 233
1584311470800 11.0 234
1584311473060 4.0 235
1584311475531 7.0 236
1584311477904 6.0 237
1584311480171 9.0 238
1584311482546 9.0 239
1584311484724 7.0 240
1584311487372 8.0 241
1584311489559 10.0 242
1584311492131 5.0 243
1584311494680 13.0 244
1584311496831 6.0 245
1584311499006 1.0 246
1584311501160 1.0 247
1584311503298 10.0 248
1584311505765 3.0 249
1584311508181 7.0 250
1584311510476 9.0 251
1584311512784 9.0 252
1584311515193 2.0 253
1584311517332 9.0 254
1584311519456 11.0 255
1584311521601 8.0 256
1584311523810 4.0 257
1584311525937 11.0 258
1584311528076 6.0 259
1584311530208 10.0 260
1584311532357 10.0 261
1584311534501 0.0 262
1584311536632 6.0 263
1584311538783 6.0 264
1584311540913 6.0 265
1584311543032 5.0 266
1584311545186 8.0 267
1584311547324 11.0 268
1584311549472 8.0 269
1584311551588 12.0 270
1584311553758 3.0 271
1584311555892 11.0 272
1584311558048 8.0 273
1584311560234 5.0 274
1584311562388 11.0 275
1584311564518 13.0 276
1584311566647 3.0 277
1584311568868 3.0 278
1584311571023 9.0 279
1584311573159 9.0 280
1584311575334 7.0 281
1584311577506 7.0 282
1584311579660 5.0 283
1584311581818 9.0 284
1584311584086 16.0 285
1584311586260 8.0 286
1584311588516 11.0 287
1584311590867 4.0 288
1584311593005 9.0 289
1584311595236 13.0 290
1584311597431 5.0 291
1584311599566 7.0 292
1584311601740 10.0 293
1584311604550 7.0 294
1584311606887 5.0 295
1584311609060 10.0 296
1584311611198 3.0 297
1584311613333 8.0 298
1584311615481 9.0 299
1584311617621 6.0 300
1584311619794 4.0 301
1584311621916 9.0 302
1584311624064 10.0 303
1584311626190 13.0 304
1584311628956 12.0 305
1584311632343 0.0 306
1584311634634 5.0 307
1584311637331 9.0 308
1584311641006 1.0 309
1584311643977 9.0 310
1584311646283 9.0 311
1584311648463 9.0 312
1584311650631 9.0 313
1584311652771 9.0 314
1584311654929 9.0 315
1584311657067 6.0 316
1584311659245 15.0 317
1584311661415 5.0 318
1584311664071 16.0 319
1584311666795 10.0 320
1584311669249 14.0 321
1584311671772 12.0 322
1584311674900 7.0 323
1584311678351 13.0 324
1584311680565 8.0 325
1584311682736 5.0 326
1584311684916 7.0 327
1584311687280 5.0 328
1584311689496 14.0 329
1584311691671 5.0 330
1584311693846 13.0 331
1584311696033 11.0 332
1584311698255 7.0 333
1584311700406 7.0 334
1584311702595 10.0 335
1584311704759 6.0 336
1584311706956 8.0 337
1584311709157 12.0 338
1584311711320 13.0 339
1584311713528 14.0 340
1584311715712 6.0 341
1584311717963 19.0 342
1584311720134 11.0 343
1584311722284 10.0 344
1584311724517 8.0 345
1584311727529 4.0 346
1584311731606 11.0 347
1584311734165 13.0 348
1584311736304 12.0 349
1584311738475 14.0 350
1584311740673 8.0 351
1584311742827 10.0 352
1584311745136 6.0 353
1584311747378 7.0 354
1584311749847 15.0 355
1584311752004 7.0 356
1584311754151 8.0 357
1584311756310 11.0 358
1584311758434 5.0 359
1584311760578 4.0 360
1584311762726 10.0 361
1584311764865 5.0 362
1584311767009 13.0 363
1584311769146 7.0 364
1584311771292 7.0 365
1584311773441 11.0 366
1584311775575 8.0 367
1584311777785 14.0 368
1584311779943 13.0 369
1584311782107 6.0 370
1584311784378 6.0 371
1584311786506 12.0 372
1584311788635 13.0 373
1584311790768 14.0 374
1584311792910 13.0 375
1584311795082 12.0 376
1584311797217 17.0 377
1584311799391 4.0 378
1584311801535 13.0 379
1584311803655 5.0 380
1584311805798 14.0 381
1584311807935 11.0 382
1584311810085 11.0 383
1584311812248 11.0 384
1584311814546 15.0 385
1584311816894 12.0 386
1584311819093 17.0 387
1584311821412 5.0 388
1584311823600 3.0 389
1584311825928 13.0 390
1584311828089 14.0 391
1584311830269 10.0 392
1584311832441 9.0 393
1584311834714 12.0 394
1584311836897 12.0 395
1584311839059 11.0 396
1584311841206 14.0 397
1584311843425 14.0 398
1584311845590 12.0 399
1584311847726 15.0 400
1584311849940 14.0 401
1584311852100 14.0 402
1584311854272 11.0 403
1584311856444 12.0 404
1584311858685 8.0 405
1584311860862 11.0 406
1584311863032 15.0 407
1584311865218 14.0 408
1584311867410 12.0 409
1584311869595 11.0 410
1584311871759 11.0 411
1584311873930 11.0 412
1584311876059 14.0 413
1584311878208 9.0 414
1584311880542 16.0 415
1584311882727 12.0 416
1584311884898 8.0 417
1584311887038 11.0 418
1584311889206 10.0 419
1584311891390 10.0 420
1584311893575 7.0 421
1584311895800 15.0 422
1584311897939 16.0 423
1584311900111 14.0 424
1584311902303 12.0 425
1584311904482 10.0 426
1584311906636 16.0 427
1584311908864 8.0 428
1584311911141 15.0 429
1584311913338 14.0 430
1584311915518 13.0 431
1584311917667 17.0 432
1584311919838 15.0 433
1584311922072 10.0 434
1584311924238 19.0 435
1584311926500 15.0 436
1584311928847 12.0 437
1584311931013 15.0 438
1584311933147 13.0 439
1584311935303 11.0 440
1584311937457 14.0 441
1584311939619 13.0 442
1584311941821 13.0 443
1584311943965 13.0 444
1584311946109 7.0 445
1584311948321 19.0 446
1584311950483 13.0 447
1584311952640 14.0 448
1584311954874 19.0 449
1584311957042 13.0 450
1584311959183 7.0 451
1584311961367 13.0 452
1584311963521 18.0 453
1584311965670 6.0 454
1584311967843 15.0 455
1584311970010 13.0 456
1584311972208 14.0 457
1584311974349 13.0 458
1584311976600 14.0 459
1584311978733 11.0 460
1584311980903 12.0 461
1584311983049 13.0 462
1584311985203 11.0 463
1584311987376 13.0 464
1584311989530 12.0 465
1584311991721 10.0 466
1584311993884 14.0 467
1584311996019 16.0 468
1584311998176 7.0 469
1584312000346 9.0 470
1584312002488 12.0 471
1584312004673 11.0 472
1584312006830 6.0 473
1584312008993 17.0 474
1584312011257 11.0 475
1584312013583 16.0 476
1584312015965 15.0 477
1584312018125 18.0 478
1584312020281 15.0 479
1584312022445 9.0 480
1584312024596 13.0 481
1584312026787 18.0 482
1584312028935 15.0 483
1584312031184 13.0 484
1584312033473 19.0 485
1584312035653 16.0 486
1584312037898 16.0 487
1584312040034 10.0 488
1584312042188 13.0 489
1584312044366 19.0 490
1584312046518 15.0 491
1584312048684 12.0 492
1584312050859 17.0 493
1584312053022 10.0 494
1584312055179 11.0 495
1584312057830 15.0 496
1584312060010 11.0 497
1584312062207 12.0 498
1584312064390 13.0 499
1584312066608 12.0 500
1584312068813 11.0 501
1584312071053 13.0 502
1584312073964 12.0 503
1584312076167 14.0 504
1584312078331 13.0 505
1584312080483 15.0 506
1584312082646 11.0 507
1584312084904 21.0 508
1584312087060 14.0 509
1584312089264 15.0 510
1584312091442 9.0 511
1584312093630 12.0 512
1584312095773 16.0 513
1584312097930 18.0 514
1584312100230 10.0 515
1584312102509 18.0 516
1584312104780 8.0 517
1584312106933 16.0 518
1584312109098 11.0 519
1584312111248 9.0 520
1584312113430 12.0 521
1584312115566 16.0 522
1584312117757 14.0 523
1584312119895 14.0 524
1584312122022 12.0 525
1584312124172 10.0 526
1584312126658 18.0 527
1584312129043 12.0 528
1584312131186 13.0 529
1584312133873 20.0 530
1584312136296 19.0 531
1584312138595 15.0 532
1584312140830 14.0 533
1584312143019 9.0 534
1584312145244 12.0 535
1584312147418 16.0 536
1584312149619 10.0 537
1584312151823 15.0 538
1584312154023 10.0 539
1584312156163 9.0 540
1584312158402 13.0 541
1584312160613 15.0 542
1584312162821 14.0 543
1584312165068 18.0 544
1584312167216 14.0 545
1584312169561 17.0 546
1584312171738 14.0 547
1584312173947 16.0 548
1584312176134 20.0 549
1584312178365 19.0 550
1584312180541 15.0 551
1584312182798 21.0 552
1584312185231 13.0 553
1584312187500 12.0 554
1584312189829 14.0 555
1584312192033 18.0 556
1584312194298 11.0 557
1584312196530 16.0 558
1584312198925 19.0 559
1584312201320 18.0 560
1584312204105 17.0 561
1584312206456 17.0 562
1584312208619 15.0 563
1584312210844 17.0 564
1584312213034 15.0 565
1584312215272 17.0 566
1584312217745 8.0 567
1584312219931 17.0 568
1584312222201 14.0 569
1584312224517 17.0 570
1584312226739 13.0 571
1584312229061 15.0 572
1584312231347 13.0 573
1584312233597 10.0 574
1584312235777 14.0 575
1584312238208 21.0 576
1584312240888 6.0 577
1584312243258 15.0 578
1584312245621 15.0 579
1584312247907 13.0 580
1584312250201 14.0 581
1584312252449 22.0 582
1584312254679 17.0 583
1584312256847 13.0 584
1584312259013 17.0 585
1584312261409 14.0 586
1584312263979 20.0 587
1584312266369 18.0 588
1584312268551 13.0 589
1584312270729 15.0 590
1584312272925 11.0 591
1584312275075 17.0 592
1584312277222 12.0 593
1584312279377 18.0 594
1584312281518 16.0 595
1584312283683 10.0 596
1584312285859 15.0 597
1584312287994 12.0 598
1584312290130 8.0 599
1584312292269 16.0 600
1584312294437 15.0 601
1584312296635 10.0 602
1584312298789 13.0 603
1584312300949 17.0 604
1584312303111 11.0 605
1584312305264 21.0 606
1584312307459 9.0 607
1584312309598 13.0 608
1584312311731 16.0 609
1584312313964 14.0 610
1584312316112 18.0 611
1584312318298 8.0 612
1584312320440 8.0 613
1584312322609 18.0 614
1584312324763 11.0 615
1584312326927 17.0 616
1584312329092 16.0 617
1584312331241 9.0 618
1584312333411 10.0 619
1584312335564 19.0 620
1584312337718 14.0 621
1584312339877 12.0 622
1584312342084 11.0 623
1584312344368 15.0 624
1584312346524 13.0 625
1584312348857 19.0 626
1584312351234 8.0 627
1584312353443 17.0 628
1584312355772 18.0 629
1584312358134 17.0 630
1584312360298 17.0 631
1584312362503 15.0 632
1584312364637 11.0 633
1584312366811 15.0 634
1584312368978 19.0 635
1584312371098 14.0 636
1584312373265 14.0 637
1584312375400 15.0 638
1584312377556 17.0 639
1584312379720 19.0 640
1584312381864 18.0 641
1584312384064 15.0 642
1584312386213 21.0 643
1584312388358 10.0 644
1584312390534 13.0 645
1584312392726 18.0 646
1584312394923 22.0 647
1584312397047 16.0 648
1584312399182 16.0 649
1584312401326 8.0 650
1584312403468 19.0 651
1584312405607 13.0 652
1584312407765 15.0 653
1584312409892 9.0 654
1584312412026 15.0 655
1584312414332 16.0 656
1584312416822 14.0 657
1584312419214 19.0 658
1584312421530 16.0 659
1584312423915 13.0 660
1584312426301 21.0 661
1584312428531 17.0 662
1584312430692 9.0 663
1584312432887 16.0 664
1584312435125 14.0 665
1584312437322 15.0 666
1584312439504 16.0 667
1584312441665 16.0 668
1584312443805 12.0 669
1584312445997 17.0 670
1584312448159 11.0 671
1584312450342 20.0 672
1584312452489 14.0 673
1584312454729 15.0 674
1584312457051 17.0 675
1584312459743 15.0 676
1584312461904 16.0 677
1584312464049 21.0 678
1584312466366 18.0 679
1584312468636 13.0 680
1584312470816 14.0 681
1584312473096 18.0 682
1584312475380 13.0 683
1584312477526 11.0 684
1584312479706 20.0 685
1584312481848 16.0 686
1584312483999 14.0 687
1584312486144 20.0 688
1584312488322 16.0 689
1584312490533 15.0 690
1584312492678 11.0 691
1584312494868 16.0 692
1584312497030 13.0 693
1584312499183 20.0 694
1584312501343 13.0 695
1584312503523 14.0 696
1584312505715 17.0 697
1584312507844 17.0 698
1584312509993 23.0 699
1584312512122 15.0 700
1584312514295 19.0 701
1584312516449 11.0 702
1584312518581 17.0 703
1584312520770 20.0 704
1584312522925 9.0 705
1584312525096 19.0 706
1584312527224 12.0 707
1584312529388 12.0 708
1584312531540 9.0 709
1584312533697 14.0 710
1584312535845 17.0 711
1584312538153 16.0 712
1584312540381 15.0 713
1584312542566 12.0 714
1584312544856 10.0 715
1584312546993 18.0 716
1584312549137 16.0 717
1584312551338 10.0 718
1584312553526 13.0 719
1584312555829 14.0 720
1584312558085 18.0 721
1584312560259 16.0 722
1584312562454 24.0 723
1584312564584 19.0 724
1584312566722 15.0 725
1584312568839 20.0 726
1584312570981 16.0 727
1584312573128 15.0 728
1584312575272 21.0 729
1584312577442 16.0 730
1584312579613 15.0 731
1584312581746 17.0 732
1584312583914 14.0 733
1584312586086 17.0 734
1584312588225 17.0 735
1584312590378 14.0 736
1584312592532 17.0 737
1584312594675 11.0 738
1584312596815 17.0 739
1584312598957 14.0 740
1584312601105 17.0 741
1584312603358 4.0 742
1584312605581 14.0 743
1584312607733 10.0 744
1584312609914 17.0 745
1584312612081 11.0 746
1584312614441 10.0 747
1584312616751 14.0 748
1584312619082 15.0 749
1584312621290 22.0 750
1584312623689 18.0 751
1584312626035 6.0 752
1584312628352 20.0 753
1584312630530 10.0 754
1584312632761 13.0 755
1584312634925 15.0 756
1584312637090 21.0 757
1584312639228 17.0 758
1584312641395 7.0 759
1584312643565 14.0 760
1584312645706 12.0 761
1584312647943 16.0 762
1584312650098 18.0 763
1584312652341 14.0 764
1584312654504 22.0 765
1584312656664 12.0 766
1584312658810 13.0 767
1584312660951 12.0 768
1584312663117 13.0 769
1584312665256 12.0 770
1584312667407 11.0 771
1584312669535 10.0 772
1584312671653 17.0 773
1584312673893 13.0 774
1584312676032 16.0 775
1584312678230 16.0 776
1584312680699 16.0 777
1584312683147 15.0 778
1584312685305 15.0 779
1584312687468 12.0 780
1584312689643 15.0 781
1584312691786 13.0 782
1584312693968 12.0 783
1584312697099 13.0 784
1584312699602 11.0 785
