1584648776155 1 1
1584648779153 1 2
1584648781673 1 3
1584648784272 1 4
1584648786598 1 5
1584648788992 1 6
1584648791374 1 7
1584648793808 1 8
1584648796407 1 9
1584648799009 1 10
1584648801432 1 11
1584648803845 1 12
1584648806335 1 13
1584648809080 1 14
1584648811702 1 15
1584648814199 1 16
1584648816503 1 17
1584648818816 1 18
1584648821104 1 19
1584648823415 1 20
1584648825835 1 21
1584648828205 1 22
1584648830529 1 23
1584648832825 1 24
1584648835186 1 25
1584648837483 1 26
1584648839837 1 27
1584648842148 1 28
1584648844555 1 29
1584648846879 1 30
1584648849220 1 31
1584648851577 1 32
1584648853938 1 33
1584648856209 1 34
1584648858515 1 35
1584648860802 1 36
1584648863154 1 37
1584648865476 1 38
1584648867814 1 39
1584648870253 1 40
1584648872611 1 41
1584648875208 1 42
1584648877566 1 43
1584648879861 1 44
1584648882198 1 45
1584648884505 1 46
1584648886824 1 47
1584648889110 1 48
1584648891414 1 49
1584648893779 1 50
1584648896132 1 51
1584648898478 1 52
1584648900785 1 53
1584648903628 1 54
1584648906051 1 55
1584648908388 1 56
1584648910710 1 57
1584648913045 1 58
1584648915354 1 59
1584648917699 1 60
1584648920030 1 61
1584648922355 1 62
1584648924668 1 63
1584648927034 1 64
1584648929375 1 65
1584648931680 1 66
1584648934022 1 67
1584648936454 1 68
1584648938767 1 69
1584648941089 1 70
1584648943410 1 71
1584648945753 1 72
1584648948128 1 73
1584648950507 1 74
1584648952837 1 75
1584648955130 1 76
1584648957484 1 77
1584648959791 1 78
1584648962155 1 79
1584648964546 1 80
1584648966968 1 81
1584648969309 1 82
1584648971891 1 83
1584648974242 1 84
1584648976569 1 85
1584648978895 1 86
1584648981242 1 87
1584648983608 1 88
1584648985992 1 89
1584648988452 1 90
1584648990902 1 91
1584648993338 1 92
1584648995716 1 93
1584648998113 1 94
1584649000535 1 95
1584649003019 1 96
1584649005372 1 97
1584649007721 1 98
1584649010027 1 99
1584649012393 1 100
1584649014793 1 101
1584649017190 1 102
1584649019542 1 103
1584649021867 1 104
1584649024302 1 105
1584649026656 1 106
1584649028996 1 107
1584649031324 1 108
1584649033735 1 109
1584649036111 1 110
1584649038468 1 111
1584649040793 1 112
1584649043179 1 113
1584649045536 1 114
1584649048034 1 115
1584649050384 1 116
1584649052737 1 117
1584649055140 1 118
1584649057543 1 119
1584649059914 1 120
1584649062339 1 121
1584649064672 1 122
1584649066994 1 123
1584649069610 1 124
1584649071933 1 125
1584649074314 1 126
1584649076618 1 127
1584649078985 1 128
1584649081313 1 129
1584649083705 1 130
1584649086004 1 131
1584649088345 1 132
1584649090705 1 133
1584649093042 1 134
1584649095400 1 135
1584649097735 1 136
1584649100178 1 137
1584649102561 1 138
1584649104959 1 139
1584649107311 1 140
1584649109651 1 141
1584649112019 1 142
1584649114418 1 143
1584649116737 1 144
1584649119066 1 145
1584649121398 1 146
1584649123752 1 147
1584649126085 1 148
1584649128444 1 149
1584649130868 1 150
1584649133250 1 151
1584649135569 1 152
1584649137879 1 153
1584649140203 1 154
1584649142612 1 155
1584649144967 1 156
1584649147294 1 157
1584649149694 1 158
1584649152028 1 159
1584649154403 1 160
1584649156771 1 161
1584649159166 1 162
1584649161505 1 163
1584649163835 1 164
1584649166449 1 165
1584649168834 1 166
1584649171211 1 167
1584649173610 1 168
1584649176016 1 169
1584649178383 1 170
1584649180721 1 171
1584649183081 1 172
1584649185636 1 173
1584649187986 1 174
1584649190399 1 175
1584649192724 1 176
1584649195206 1 177
1584649197904 1 178
1584649200365 1 179
1584649202766 1 180
1584649205151 1 181
1584649207540 1 182
1584649209933 1 183
1584649212295 1 184
1584649214636 1 185
1584649216976 1 186
1584649219312 1 187
1584649221652 1 188
1584649223966 1 189
1584649226309 1 190
1584649228651 1 191
1584649231047 1 192
1584649233442 1 193
1584649235786 1 194
1584649238126 1 195
1584649240477 1 196
1584649242820 1 197
1584649245184 1 198
1584649247531 1 199
1584649249854 1 200
1584649252245 1 201
1584649254600 1 202
1584649256980 1 203
1584649259326 1 204
1584649261825 1 205
1584649264381 1 206
1584649266707 1 207
1584649269010 1 208
1584649271318 1 209
1584649273628 1 210
1584649275925 1 211
1584649278278 1 212
1584649280622 1 213
1584649283008 1 214
1584649285379 1 215
1584649287765 1 216
1584649290090 1 217
1584649292521 1 218
1584649294810 1 219
1584649297214 1 220
1584649299582 1 221
1584649301945 1 222
1584649304276 1 223
1584649306603 1 224
1584649308958 1 225
1584649311295 1 226
1584649313650 1 227
1584649316146 1 228
1584649318538 1 229
1584649320881 1 230
1584649323358 1 231
1584649325655 1 232
1584649327954 1 233
1584649330311 1 234
1584649332667 1 235
1584649335030 1 236
1584649337351 1 237
1584649339670 1 238
1584649341974 1 239
1584649344323 1 240
1584649346678 1 241
1584649349092 1 242
1584649351425 1 243
1584649353853 1 244
1584649356208 1 245
1584649358758 1 246
1584649361084 1 247
1584649363428 1 248
1584649365772 1 249
1584649368127 1 250
1584649370474 1 251
1584649372815 1 252
1584649375134 1 253
1584649377457 1 254
1584649379788 1 255
1584649382167 1 256
1584649384609 1 257
1584649387110 1 258
1584649389560 1 259
1584649391909 1 260
1584649394226 1 261
1584649396851 1 262
1584649399408 1 263
1584649401885 1 264
1584649404226 1 265
1584649406544 1 266
1584649408934 1 267
1584649411329 1 268
1584649413702 1 269
1584649416060 1 270
1584649418446 1 271
1584649420788 1 272
1584649423128 1 273
1584649425470 1 274
1584649427804 1 275
1584649430179 1 276
1584649432517 1 277
1584649434870 1 278
1584649437280 1 279
1584649439649 1 280
1584649442021 1 281
1584649444524 1 282
1584649446847 1 283
1584649449353 1 284
1584649451727 1 285
1584649454296 1 286
1584649456907 1 287
1584649459317 1 288
1584649461677 1 289
1584649464018 1 290
1584649466388 1 291
1584649468759 1 292
1584649471127 1 293
1584649473551 1 294
1584649475912 1 295
1584649478281 1 296
1584649480660 1 297
1584649482981 1 298
1584649485416 1 299
1584649487763 1 300
1584649490161 1 301
1584649492530 1 302
1584649494882 1 303
1584649497281 1 304
1584649499623 1 305
1584649501983 1 306
1584649504385 1 307
1584649506775 1 308
1584649509114 1 309
1584649511514 1 310
1584649513873 1 311
1584649516341 1 312
1584649518634 1 313
1584649520977 1 314
1584649523368 1 315
1584649525720 1 316
1584649528111 1 317
1584649530439 1 318
1584649532788 1 319
1584649535208 1 320
1584649537547 1 321
1584649539900 1 322
1584649542295 1 323
1584649544672 1 324
1584649547134 1 325
1584649549530 1 326
1584649552342 1 327
1584649554735 1 328
1584649557165 1 329
1584649559631 1 330
1584649562083 1 331
1584649564637 1 332
1584649567092 1 333
1584649569518 1 334
1584649571941 1 335
1584649574356 1 336
1584649576765 1 337
1584649579154 1 338
1584649581865 1 339
1584649584342 1 340
1584649586734 1 341
1584649589226 1 342
1584649591700 1 343
1584649594147 1 344
1584649596528 1 345
1584649598954 1 346
1584649601386 1 347
1584649603840 1 348
1584649606283 1 349
1584649608719 1 350
1584649611109 1 351
1584649613577 1 352
1584649615976 1 353
1584649618452 1 354
1584649620867 1 355
1584649623906 1 356
1584649626341 1 357
1584649628755 1 358
1584649631125 1 359
1584649633583 1 360
1584649636002 1 361
1584649638456 1 362
1584649640867 1 363
1584649643406 1 364
1584649645796 1 365
1584649648664 1 366
1584649651076 1 367
1584649653520 1 368
1584649655930 1 369
1584649658388 1 370
1584649660799 1 371
1584649663355 1 372
1584649665773 1 373
1584649668150 1 374
1584649670570 1 375
1584649672982 1 376
1584649675461 1 377
1584649677949 1 378
1584649680475 1 379
1584649682897 1 380
1584649685435 1 381
1584649687840 1 382
1584649690403 1 383
1584649692794 1 384
1584649695232 1 385
1584649697613 1 386
1584649700055 1 387
1584649702473 1 388
1584649704875 1 389
1584649707288 1 390
1584649709775 1 391
1584649712237 1 392
1584649714695 1 393
1584649717079 1 394
1584649719513 1 395
1584649721974 1 396
1584649724458 1 397
1584649726919 1 398
1584649729322 1 399
1584649731720 1 400
1584649734208 1 401
1584649736605 1 402
1584649739077 1 403
1584649741488 1 404
1584649744148 1 405
1584649746715 1 406
1584649749119 1 407
1584649751533 1 408
1584649754167 1 409
1584649756588 1 410
1584649759030 1 411
1584649761445 1 412
1584649763851 1 413
1584649766292 1 414
1584649768701 1 415
1584649771131 1 416
1584649773619 1 417
1584649776227 1 418
1584649778683 1 419
1584649781104 1 420
1584649783562 1 421
1584649786029 1 422
1584649788446 1 423
1584649790826 1 424
1584649793286 1 425
1584649795694 1 426
1584649798130 1 427
1584649800708 1 428
1584649803193 1 429
1584649805694 1 430
1584649808152 1 431
1584649810615 1 432
1584649813125 1 433
1584649815550 1 434
1584649817954 1 435
1584649820420 1 436
1584649822846 1 437
1584649825301 1 438
1584649827669 1 439
1584649830099 1 440
1584649832557 1 441
1584649834983 1 442
1584649837513 1 443
1584649839894 1 444
1584649842597 1 445
1584649845006 1 446
1584649847421 1 447
1584649849826 1 448
1584649852294 1 449
1584649854662 1 450
1584649857070 1 451
1584649859476 1 452
1584649861899 1 453
1584649864391 1 454
1584649866779 1 455
1584649869197 1 456
1584649871707 1 457
1584649874198 1 458
1584649876608 1 459
1584649879063 1 460
1584649881494 1 461
1584649883904 1 462
1584649886367 1 463
1584649888774 1 464
1584649891180 1 465
1584649893617 1 466
1584649896021 1 467
1584649898447 1 468
1584649900787 1 469
1584649903332 1 470
1584649905684 1 471
1584649908112 1 472
1584649910500 1 473
1584649912893 1 474
1584649915299 1 475
1584649917675 1 476
1584649920047 1 477
1584649922532 1 478
1584649924943 1 479
1584649927363 1 480
1584649929711 1 481
1584649932156 1 482
1584649934552 1 483
1584649937027 1 484
1584649939751 1 485
1584649942122 1 486
1584649944513 1 487
1584649946963 1 488
1584649949447 1 489
1584649951839 1 490
1584649954280 1 491
1584649956926 1 492
1584649959354 1 493
1584649961772 1 494
1584649964191 1 495
1584649966906 1 496
1584649969810 1 497
1584649972255 1 498
1584649974629 1 499
1584649977020 1 500
1584649979536 1 501
1584649982007 1 502
1584649984928 1 503
1584649987357 1 504
1584649989777 1 505
1584649992178 1 506
1584649994611 1 507
1584649997022 1 508
1584649999423 1 509
1584650001798 1 510
1584650004217 1 511
1584650006617 1 512
1584650009077 1 513
1584650011510 1 514
1584650013994 1 515
1584650016392 1 516
1584650018837 1 517
1584650021226 1 518
1584650023666 1 519
1584650026062 1 520
1584650028563 1 521
1584650031002 1 522
1584650033420 1 523
1584650036112 1 524
1584650038563 1 525
1584650040988 1 526
1584650043492 1 527
1584650045879 1 528
1584650048284 1 529
1584650050708 1 530
1584650053148 1 531
1584650055552 1 532
1584650057950 1 533
1584650060442 1 534
1584650062827 1 535
1584650065300 1 536
1584650067681 1 537
1584650070080 1 538
1584650072523 1 539
1584650075005 1 540
1584650077418 1 541
1584650079797 1 542
1584650082172 1 543
1584650084567 1 544
1584650086984 1 545
1584650089359 1 546
1584650091788 1 547
1584650094191 1 548
1584650096673 1 549
1584650099079 1 550
1584650101519 1 551
1584650104129 1 552
1584650106537 1 553
1584650108950 1 554
1584650111393 1 555
1584650113790 1 556
1584650116492 1 557
1584650118861 1 558
1584650121318 1 559
1584650123755 1 560
1584650126232 1 561
1584650128673 1 562
1584650131299 1 563
1584650133828 1 564
1584650136274 1 565
1584650138736 1 566
1584650141199 1 567
1584650143657 1 568
1584650146051 1 569
1584650148461 1 570
1584650150829 1 571
1584650153293 1 572
1584650155691 1 573
1584650158140 1 574
1584650160551 1 575
1584650163176 1 576
1584650165631 1 577
1584650168044 1 578
1584650170460 1 579
1584650172860 1 580
1584650175307 1 581
1584650177741 1 582
1584650180141 1 583
1584650182585 1 584
1584650185058 1 585
1584650187525 1 586
1584650189983 1 587
1584650192561 1 588
1584650195011 1 589
1584650197425 1 590
1584650199814 1 591
1584650202284 1 592
1584650204704 1 593
1584650207092 1 594
1584650209510 1 595
1584650211997 1 596
1584650214425 1 597
1584650216825 1 598
1584650219204 1 599
1584650221645 1 600
1584650224383 1 601
1584650226763 1 602
1584650229700 1 603
1584650232166 1 604
1584650234643 1 605
1584650237114 1 606
1584650239580 1 607
1584650242075 1 608
1584650244579 1 609
1584650247054 1 610
1584650249638 1 611
1584650252129 1 612
1584650254622 1 613
1584650257116 1 614
1584650259708 1 615
1584650262199 1 616
1584650264671 1 617
1584650267220 1 618
1584650269704 1 619
1584650272210 1 620
1584650274906 1 621
1584650277385 1 622
1584650279836 1 623
1584650282400 1 624
1584650284863 1 625
1584650287333 1 626
1584650289878 1 627
1584650292339 1 628
1584650294824 1 629
1584650297270 1 630
1584650299975 1 631
1584650302451 1 632
1584650304935 1 633
1584650307380 1 634
1584650309921 1 635
1584650312403 1 636
1584650314878 1 637
1584650317370 1 638
1584650319882 1 639
1584650322361 1 640
1584650325009 1 641
1584650327475 1 642
1584650329957 1 643
1584650332418 1 644
1584650334879 1 645
1584650337349 1 646
1584650339794 1 647
1584650342329 1 648
1584650345251 1 649
1584650347698 1 650
1584650350144 1 651
1584650352597 1 652
1584650355198 1 653
1584650358430 1 654
1584650360888 1 655
1584650363400 1 656
1584650365841 1 657
1584650368333 1 658
1584650370777 1 659
1584650373312 1 660
1584650375750 1 661
1584650378209 1 662
1584650380707 1 663
1584650383147 1 664
1584650385663 1 665
1584650388103 1 666
1584650390589 1 667
1584650393016 1 668
1584650395493 1 669
1584650397931 1 670
1584650400474 1 671
1584650403028 1 672
1584650405510 1 673
1584650407985 1 674
1584650410460 1 675
1584650412906 1 676
1584650415483 1 677
1584650417925 1 678
1584650420471 1 679
1584650423118 1 680
1584650425569 1 681
1584650428040 1 682
1584650430515 1 683
1584650433041 1 684
1584650435524 1 685
1584650437983 1 686
1584650440433 1 687
1584650442907 1 688
1584650445377 1 689
1584650447876 1 690
1584650450344 1 691
1584650452914 1 692
1584650455375 1 693
1584650457876 1 694
1584650460369 1 695
1584650462881 1 696
1584650465494 1 697
1584650467971 1 698
1584650470438 1 699
1584650472881 1 700
1584650475472 1 701
1584650477994 1 702
1584650480485 1 703
1584650483124 1 704
1584650485674 1 705
1584650488387 1 706
1584650490837 1 707
1584650493356 1 708
1584650495898 1 709
1584650498770 1 710
1584650501482 1 711
1584650504001 1 712
1584650506482 1 713
1584650508929 1 714
1584650511406 1 715
1584650513920 1 716
1584650516401 1 717
