1584648776155 1 1
1584648779153 0.995 2
1584648781673 0.990025 3
1584648784272 0.985074875 4
1584648786598 0.9801495006250001 5
1584648788992 0.9752487531218751 6
1584648791374 0.9703725093562657 7
1584648793808 0.9655206468094844 8
1584648796407 0.960693043575437 9
1584648799009 0.9558895783575597 10
1584648801432 0.9511101304657719 11
1584648803845 0.946354579813443 12
1584648806335 0.9416228069143757 13
1584648809080 0.9369146928798039 14
1584648811702 0.9322301194154049 15
1584648814199 0.9275689688183278 16
1584648816503 0.9229311239742362 17
1584648818816 0.918316468354365 18
1584648821104 0.9137248860125932 19
1584648823415 0.9091562615825302 20
1584648825835 0.9046104802746175 21
1584648828205 0.9000874278732445 22
1584648830529 0.8955869907338783 23
1584648832825 0.8911090557802088 24
1584648835186 0.8866535105013078 25
1584648837483 0.8822202429488013 26
1584648839837 0.8778091417340573 27
1584648842148 0.8734200960253871 28
1584648844555 0.8690529955452602 29
1584648846879 0.8647077305675338 30
1584648849220 0.8603841919146962 31
1584648851577 0.8560822709551227 32
1584648853938 0.851801859600347 33
1584648856209 0.8475428503023453 34
1584648858515 0.8433051360508336 35
1584648860802 0.8390886103705794 36
1584648863154 0.8348931673187264 37
1584648865476 0.8307187014821328 38
1584648867814 0.8265651079747222 39
1584648870253 0.8224322824348486 40
1584648872611 0.8183201210226743 41
1584648875208 0.8142285204175609 42
1584648877566 0.810157377815473 43
1584648879861 0.8061065909263957 44
1584648882198 0.8020760579717637 45
1584648884505 0.798065677681905 46
1584648886824 0.7940753492934954 47
1584648889110 0.7901049725470279 48
1584648891414 0.7861544476842928 49
1584648893779 0.7822236754458713 50
1584648896132 0.778312557068642 51
1584648898478 0.7744209942832988 52
1584648900785 0.7705488893118823 53
1584648903628 0.7666961448653229 54
1584648906051 0.7628626641409962 55
1584648908388 0.7590483508202912 56
1584648910710 0.7552531090661897 57
1584648913045 0.7514768435208588 58
1584648915354 0.7477194593032545 59
1584648917699 0.7439808620067382 60
1584648920030 0.7402609576967045 61
1584648922355 0.736559652908221 62
1584648924668 0.7328768546436799 63
1584648927034 0.7292124703704616 64
1584648929375 0.7255664080186093 65
1584648931680 0.7219385759785162 66
1584648934022 0.7183288830986236 67
1584648936454 0.7147372386831305 68
1584648938767 0.7111635524897149 69
1584648941089 0.7076077347272662 70
1584648943410 0.7040696960536299 71
1584648945753 0.7005493475733617 72
1584648948128 0.697046600835495 73
1584648950507 0.6935613678313175 74
1584648952837 0.6900935609921609 75
1584648955130 0.6866430931872001 76
1584648957484 0.6832098777212641 77
1584648959791 0.6797938283326578 78
1584648962155 0.6763948591909945 79
1584648964546 0.6730128848950395 80
1584648966968 0.6696478204705644 81
1584648969309 0.6662995813682115 82
1584648971891 0.6629680834613705 83
1584648974242 0.6596532430440636 84
1584648976569 0.6563549768288433 85
1584648978895 0.653073201944699 86
1584648981242 0.6498078359349755 87
1584648983608 0.6465587967553006 88
1584648985992 0.6433260027715241 89
1584648988452 0.6401093727576664 90
1584648990902 0.6369088258938781 91
1584648993338 0.6337242817644086 92
1584648995716 0.6305556603555866 93
1584648998113 0.6274028820538087 94
1584649000535 0.6242658676435396 95
1584649003019 0.6211445383053219 96
1584649005372 0.6180388156137953 97
1584649007721 0.6149486215357263 98
1584649010027 0.6118738784280476 99
1584649012393 0.6088145090359074 100
1584649014793 0.6057704364907278 101
1584649017190 0.6027415843082742 102
1584649019542 0.5997278763867329 103
1584649021867 0.5967292370047992 104
1584649024302 0.5937455908197752 105
1584649026656 0.5907768628656763 106
1584649028996 0.5878229785513479 107
1584649031324 0.5848838636585911 108
1584649033735 0.5819594443402982 109
1584649036111 0.5790496471185967 110
1584649038468 0.5761543988830038 111
1584649040793 0.5732736268885887 112
1584649043179 0.5704072587541458 113
1584649045536 0.567555222460375 114
1584649048034 0.5647174463480732 115
1584649050384 0.5618938591163328 116
1584649052737 0.5590843898207511 117
1584649055140 0.5562889678716474 118
1584649057543 0.5535075230322891 119
1584649059914 0.5507399854171277 120
1584649062339 0.547986285490042 121
1584649064672 0.5452463540625918 122
1584649066994 0.5425201222922789 123
1584649069610 0.5398075216808175 124
1584649071933 0.5371084840724134 125
1584649074314 0.5344229416520513 126
1584649076618 0.531750826943791 127
1584649078985 0.5290920728090721 128
1584649081313 0.5264466124450268 129
1584649083705 0.5238143793828016 130
1584649086004 0.5211953074858876 131
1584649088345 0.5185893309484582 132
1584649090705 0.5159963842937159 133
1584649093042 0.5134164023722473 134
1584649095400 0.510849320360386 135
1584649097735 0.5082950737585841 136
1584649100178 0.5057535983897912 137
1584649102561 0.5032248303978422 138
1584649104959 0.500708706245853 139
1584649107311 0.4982051627146237 140
1584649109651 0.49571413690105054 141
1584649112019 0.4932355662165453 142
1584649114418 0.4907693883854626 143
1584649116737 0.4883155414435353 144
1584649119066 0.4858739637363176 145
1584649121398 0.483444593917636 146
1584649123752 0.4810273709480478 147
1584649126085 0.47862223409330756 148
1584649128444 0.47622912292284103 149
1584649130868 0.4738479773082268 150
1584649133250 0.47147873742168567 151
1584649135569 0.46912134373457726 152
1584649137879 0.46677573701590436 153
1584649140203 0.46444185833082485 154
1584649142612 0.46211964903917074 155
1584649144967 0.4598090507939749 156
1584649147294 0.457510005540005 157
1584649149694 0.45522245551230495 158
1584649152028 0.4529463432347434 159
1584649154403 0.4506816115185697 160
1584649156771 0.4484282034609769 161
1584649159166 0.446186062443672 162
1584649161505 0.4439551321314536 163
1584649163835 0.4417353564707963 164
1584649166449 0.43952667968844233 165
1584649168834 0.43732904629000013 166
1584649171211 0.4351424010585501 167
1584649173610 0.43296668905325736 168
1584649176016 0.43080185560799106 169
1584649178383 0.4286478463299511 170
1584649180721 0.42650460709830135 171
1584649183081 0.42437208406280985 172
1584649185636 0.4222502236424958 173
1584649187986 0.42013897252428334 174
1584649190399 0.4180382776616619 175
1584649192724 0.4159480862733536 176
1584649195206 0.41386834584198684 177
1584649197904 0.4117990041127769 178
1584649200365 0.40974000909221303 179
1584649202766 0.40769130904675194 180
1584649205151 0.40565285250151817 181
1584649207540 0.4036245882390106 182
1584649209933 0.4016064652978155 183
1584649212295 0.3995984329713264 184
1584649214636 0.3976004408064698 185
1584649216976 0.39561243860243744 186
1584649219312 0.3936343764094253 187
1584649221652 0.39166620452737816 188
1584649223966 0.3897078735047413 189
1584649226309 0.3877593341372176 190
1584649228651 0.3858205374665315 191
1584649231047 0.38389143477919885 192
1584649233442 0.3819719776053028 193
1584649235786 0.3800621177172763 194
1584649238126 0.37816180712868996 195
1584649240477 0.37627099809304654 196
1584649242820 0.3743896431025813 197
1584649245184 0.37251769488706843 198
1584649247531 0.3706551064126331 199
1584649249854 0.36880183088056995 200
1584649252245 0.3669578217261671 201
1584649254600 0.36512303261753626 202
1584649256980 0.3632974174544486 203
1584649259326 0.3614809303671764 204
1584649261825 0.3596735257153405 205
1584649264381 0.3578751580867638 206
1584649266707 0.35608578229633 207
1584649269010 0.3543053533848483 208
1584649271318 0.35253382661792404 209
1584649273628 0.3507711574848344 210
1584649275925 0.34901730169741024 211
1584649278278 0.3472722151889232 212
1584649280622 0.3455358541129786 213
1584649283008 0.3438081748424137 214
1584649285379 0.3420891339682016 215
1584649287765 0.3403786882983606 216
1584649290090 0.3386767948568688 217
1584649292521 0.33698341088258443 218
1584649294810 0.3352984938281715 219
1584649297214 0.33362200135903064 220
1584649299582 0.33195389135223546 221
1584649301945 0.3302941218954743 222
1584649304276 0.32864265128599696 223
1584649306603 0.326999438029567 224
1584649308958 0.3253644408394192 225
1584649311295 0.3237376186352221 226
1584649313650 0.322118930542046 227
1584649316146 0.32050833588933575 228
1584649318538 0.31890579420988907 229
1584649320881 0.3173112652388396 230
1584649323358 0.3157247089126454 231
1584649325655 0.3141460853680822 232
1584649327954 0.3125753549412418 233
1584649330311 0.31101247816653554 234
1584649332667 0.30945741577570285 235
1584649335030 0.3079101286968243 236
1584649337351 0.3063705780533402 237
1584649339670 0.30483872516307353 238
1584649341974 0.3033145315372582 239
1584649344323 0.3017979588795719 240
1584649346678 0.30028896908517405 241
1584649349092 0.2987875242397482 242
1584649351425 0.29729358661854943 243
1584649353853 0.29580711868545667 244
1584649356208 0.2943280830920294 245
1584649358758 0.29285644267656924 246
1584649361084 0.2913921604631864 247
1584649363428 0.28993519966087045 248
1584649365772 0.2884855236625661 249
1584649368127 0.28704309604425327 250
1584649370474 0.285607880564032 251
1584649372815 0.28417984116121187 252
1584649375134 0.2827589419554058 253
1584649377457 0.28134514724562876 254
1584649379788 0.2799384215094006 255
1584649382167 0.27853872940185365 256
1584649384609 0.27714603575484437 257
1584649387110 0.2757603055760701 258
1584649389560 0.2743815040481898 259
1584649391909 0.2730095965279488 260
1584649394226 0.27164454854530906 261
1584649396851 0.2702863258025825 262
1584649399408 0.2689348941735696 263
1584649401885 0.26759021970270175 264
1584649404226 0.2662522686041882 265
1584649406544 0.2649210072611673 266
1584649408934 0.26359640222486147 267
1584649411329 0.26227842021373715 268
1584649413702 0.2609670281126685 269
1584649416060 0.25966219297210513 270
1584649418446 0.2583638820072446 271
1584649420788 0.2570720625972084 272
1584649423128 0.25578670228422234 273
1584649425470 0.25450776877280124 274
1584649427804 0.2532352299289372 275
1584649430179 0.2519690537792925 276
1584649432517 0.2507092085103961 277
1584649434870 0.2494556624678441 278
1584649437280 0.24820838415550486 279
1584649439649 0.24696734223472733 280
1584649442021 0.2457325055235537 281
1584649444524 0.24450384299593592 282
1584649446847 0.24328132378095624 283
1584649449353 0.24206491716205145 284
1584649451727 0.2408545925762412 285
1584649454296 0.23965031961336 286
1584649456907 0.2384520680152932 287
1584649459317 0.23725980767521673 288
1584649461677 0.23607350863684065 289
1584649464018 0.23489314109365644 290
1584649466388 0.23371867538818816 291
1584649468759 0.23255008201124722 292
1584649471127 0.231387331601191 293
1584649473551 0.23023039494318503 294
1584649475912 0.2290792429684691 295
1584649478281 0.22793384675362674 296
1584649480660 0.22679417751985861 297
1584649482981 0.22566020663225933 298
1584649485416 0.22453190559909803 299
1584649487763 0.22340924607110255 300
1584649490161 0.22229219984074702 301
1584649492530 0.2211807388415433 302
1584649494882 0.22007483514733558 303
1584649497281 0.2189744609715989 304
1584649499623 0.2178795886667409 305
1584649501983 0.2167901907234072 306
1584649504385 0.21570623976979014 307
1584649506775 0.21462770857094118 308
1584649509114 0.21355457002808648 309
1584649511514 0.21248679717794605 310
1584649513873 0.21142436319205632 311
1584649516341 0.21036724137609603 312
1584649518634 0.20931540516921554 313
1584649520977 0.20826882814336947 314
1584649523368 0.20722748400265262 315
1584649525720 0.20619134658263935 316
1584649528111 0.20516038984972615 317
1584649530439 0.2041345879004775 318
1584649532788 0.2031139149609751 319
1584649535208 0.20209834538617025 320
1584649537547 0.2010878536592394 321
1584649539900 0.2000824143909432 322
1584649542295 0.19908200231898848 323
1584649544672 0.19808659230739353 324
1584649547134 0.19709615934585656 325
1584649549530 0.19611067854912728 326
1584649552342 0.19513012515638165 327
1584649554735 0.19415447453059972 328
1584649557165 0.19318370215794672 329
1584649559631 0.192217783647157 330
1584649562083 0.1912566947289212 331
1584649564637 0.1903004112552766 332
1584649567092 0.18934890919900021 333
1584649569518 0.18840216465300522 334
1584649571941 0.18746015382974018 335
1584649574356 0.1865228530605915 336
1584649576765 0.18559023879528855 337
1584649579154 0.1846622876013121 338
1584649581865 0.18373897616330553 339
1584649584342 0.182820281282489 340
1584649586734 0.18190617987607657 341
1584649589226 0.18099664897669618 342
1584649591700 0.1800916657318127 343
1584649594147 0.17919120740315364 344
1584649596528 0.17829525136613786 345
1584649598954 0.17740377510930716 346
1584649601386 0.17651675623376062 347
1584649603840 0.1756341724525918 348
1584649606283 0.17475600159032884 349
1584649608719 0.17388222158237718 350
1584649611109 0.1730128104744653 351
1584649613577 0.17214774642209296 352
1584649615976 0.1712870076899825 353
1584649618452 0.17043057265153258 354
1584649620867 0.16957841978827493 355
1584649623906 0.16873052768933355 356
1584649626341 0.1678868750508869 357
1584649628755 0.16704744067563246 358
1584649631125 0.1662122034722543 359
1584649633583 0.16538114245489302 360
1584649636002 0.16455423674261854 361
1584649638456 0.16373146555890544 362
1584649640867 0.16291280823111093 363
1584649643406 0.16209824418995536 364
1584649645796 0.16128775296900558 365
1584649648664 0.16048131420416054 366
1584649651076 0.15967890763313974 367
1584649653520 0.15888051309497406 368
1584649655930 0.1580861105294992 369
1584649658388 0.1572956799768517 370
1584649660799 0.15650920157696743 371
1584649663355 0.1557266555690826 372
1584649665773 0.1549480222912372 373
1584649668150 0.15417328217978102 374
1584649670570 0.1534024157688821 375
1584649672982 0.1526354036900377 376
1584649675461 0.1518722266715875 377
1584649677949 0.15111286553822956 378
1584649680475 0.15035730121053842 379
1584649682897 0.14960551470448571 380
1584649685435 0.14885748713096328 381
1584649687840 0.14811319969530845 382
1584649690403 0.1473726336968319 383
1584649692794 0.14663577052834775 384
1584649695232 0.14590259167570602 385
1584649697613 0.1451730787173275 386
1584649700055 0.14444721332374086 387
1584649702473 0.14372497725712216 388
1584649704875 0.14300635237083656 389
1584649707288 0.14229132060898236 390
1584649709775 0.14157986400593744 391
1584649712237 0.14087196468590776 392
1584649714695 0.14016760486247823 393
1584649717079 0.13946676683816583 394
1584649719513 0.138769433003975 395
1584649721974 0.13807558583895513 396
1584649724458 0.13738520790976036 397
1584649726919 0.13669828187021155 398
1584649729322 0.13601479046086049 399
1584649731720 0.1353347165085562 400
1584649734208 0.1346580429260134 401
1584649736605 0.13398475271138335 402
1584649739077 0.13331482894782642 403
1584649741488 0.13264825480308728 404
1584649744148 0.13198501352907185 405
1584649746715 0.1313250884614265 406
1584649749119 0.13066846301911936 407
1584649751533 0.13001512070402377 408
1584649754167 0.12936504510050365 409
1584649756588 0.12871821987500112 410
1584649759030 0.12807462877562611 411
1584649761445 0.12743425563174798 412
1584649763851 0.12679708435358925 413
1584649766292 0.1261630989318213 414
1584649768701 0.1255322834371622 415
1584649771131 0.12490462201997637 416
1584649773619 0.1242800989098765 417
1584649776227 0.12365869841532712 418
1584649778683 0.12304040492325048 419
1584649781104 0.12242520289863423 420
1584649783562 0.12181307688414106 421
1584649786029 0.12120401149972035 422
1584649788446 0.12059799144222175 423
1584649790826 0.11999500148501063 424
1584649793286 0.11939502647758558 425
1584649795694 0.11879805134519765 426
1584649798130 0.11820406108847166 427
1584649800708 0.1176130407830293 428
1584649803193 0.11702497557911415 429
1584649805694 0.11643985070121858 430
1584649808152 0.11585765144771248 431
1584649810615 0.11527836319047392 432
1584649813125 0.11470197137452155 433
1584649815550 0.11412846151764894 434
1584649817954 0.1135578192100607 435
1584649820420 0.11299003011401039 436
1584649822846 0.11242507996344034 437
1584649825301 0.11186295456362313 438
1584649827669 0.11130363979080501 439
1584649830099 0.11074712159185099 440
1584649832557 0.11019338598389174 441
1584649834983 0.10964241905397228 442
1584649837513 0.10909420695870241 443
1584649839894 0.1085487359239089 444
1584649842597 0.10800599224428936 445
1584649845006 0.10746596228306791 446
1584649847421 0.10692863247165257 447
1584649849826 0.1063939893092943 448
1584649852294 0.10586201936274783 449
1584649854662 0.10533270926593409 450
1584649857070 0.10480604571960442 451
1584649859476 0.1042820154910064 452
1584649861899 0.10376060541355137 453
1584649864391 0.1032418023864836 454
1584649866779 0.10272559337455119 455
1584649869197 0.10221196540767843 456
1584649871707 0.10170090558064004 457
1584649874198 0.10119240105273684 458
1584649876608 0.10068643904747315 459
1584649879063 0.10018300685223579 460
1584649881494 0.0996820918179746 461
1584649883904 0.09918368135888474 462
1584649886367 0.09868776295209031 463
1584649888774 0.09819432413732986 464
1584649891180 0.09770335251664321 465
1584649893617 0.09721483575406 466
1584649896021 0.09672876157528969 467
1584649898447 0.09624511776741324 468
1584649900787 0.09576389217857617 469
1584649903332 0.09528507271768329 470
1584649905684 0.09480864735409487 471
1584649908112 0.0943346041173244 472
1584649910500 0.09386293109673778 473
1584649912893 0.09339361644125409 474
1584649915299 0.09292664835904782 475
1584649917675 0.09246201511725258 476
1584649920047 0.09199970504166631 477
1584649922532 0.09153970651645797 478
1584649924943 0.09108200798387568 479
1584649927363 0.0906265979439563 480
1584649929711 0.09017346495423652 481
1584649932156 0.08972259762946533 482
1584649934552 0.089273984641318 483
1584649937027 0.0888276147181114 484
1584649939751 0.08838347664452084 485
1584649942122 0.08794155926129824 486
1584649944513 0.08750185146499175 487
1584649946963 0.08706434220766679 488
1584649949447 0.08662902049662846 489
1584649951839 0.08619587539414532 490
1584649954280 0.08576489601717459 491
1584649956926 0.08533607153708872 492
1584649959354 0.08490939117940327 493
1584649961772 0.08448484422350626 494
1584649964191 0.08406242000238873 495
1584649966906 0.08364210790237678 496
1584649969810 0.0832238973628649 497
1584649972255 0.08280777787605056 498
1584649974629 0.08239373898667031 499
1584649977020 0.08198177029173696 500
1584649979536 0.08157186144027828 501
1584649982007 0.0811640021330769 502
1584649984928 0.08075818212241151 503
1584649987357 0.08035439121179945 504
1584649989777 0.07995261925574046 505
1584649992178 0.07955285615946175 506
1584649994611 0.07915509187866444 507
1584649997022 0.07875931641927113 508
1584649999423 0.07836551983717477 509
1584650001798 0.07797369223798889 510
1584650004217 0.07758382377679894 511
1584650006617 0.07719590465791494 512
1584650009077 0.07680992513462537 513
1584650011510 0.07642587550895225 514
1584650013994 0.07604374613140748 515
1584650016392 0.07566352740075044 516
1584650018837 0.07528520976374668 517
1584650021226 0.07490878371492794 518
1584650023666 0.0745342397963533 519
1584650026062 0.07416156859737154 520
1584650028563 0.07379076075438468 521
1584650031002 0.07342180695061275 522
1584650033420 0.07305469791585968 523
1584650036112 0.07268942442628039 524
1584650038563 0.07232597730414898 525
1584650040988 0.07196434741762824 526
1584650043492 0.0716045256805401 527
1584650045879 0.0712465030521374 528
1584650048284 0.0708902705368767 529
1584650050708 0.07053581918419231 530
1584650053148 0.07018314008827135 531
1584650055552 0.06983222438783 532
1584650057950 0.06948306326589085 533
1584650060442 0.0691356479495614 534
1584650062827 0.06878996970981359 535
1584650065300 0.06844601986126451 536
1584650067681 0.06810378976195819 537
1584650070080 0.0677632708131484 538
1584650072523 0.06742445445908266 539
1584650075005 0.06708733218678724 540
1584650077418 0.0667518955258533 541
1584650079797 0.06641813604822402 542
1584650082172 0.0660860453679829 543
1584650084567 0.06575561514114299 544
1584650086984 0.06542683706543727 545
1584650089359 0.06509970288011008 546
1584650091788 0.06477420436570952 547
1584650094191 0.06445033334388098 548
1584650096673 0.06412808167716157 549
1584650099079 0.06380744126877576 550
1584650101519 0.06348840406243188 551
1584650104129 0.06317096204211972 552
1584650106537 0.06285510723190912 553
1584650108950 0.06254083169574957 554
1584650111393 0.062228127537270826 555
1584650113790 0.06191698689958447 556
1584650116492 0.061607401965086545 557
1584650118861 0.06129936495526111 558
1584650121318 0.0609928681304848 559
1584650123755 0.060687903789832374 560
1584650126232 0.06038446427088321 561
1584650128673 0.06008254194952879 562
1584650131299 0.05978212923978115 563
1584650133828 0.05948321859358224 564
1584650136274 0.05918580250061433 565
1584650138736 0.058889873488111255 566
1584650141199 0.058595424120670696 567
1584650143657 0.05830244700006734 568
1584650146051 0.058010934765067 569
1584650148461 0.05772088009124167 570
1584650150829 0.05743227569078546 571
1584650153293 0.05714511431233153 572
1584650155691 0.05685938874076987 573
1584650158140 0.056575091797066025 574
1584650160551 0.056292216338080694 575
1584650163176 0.05601075525639029 576
1584650165631 0.05573070148010834 577
1584650168044 0.0554520479727078 578
1584650170460 0.05517478773284426 579
1584650172860 0.05489891379418004 580
1584650175307 0.05462441922520914 581
1584650177741 0.0543512971290831 582
1584650180141 0.05407954064343768 583
1584650182585 0.05380914294022049 584
1584650185058 0.05354009722551939 585
1584650187525 0.05327239673939179 586
1584650189983 0.053006034755694834 587
1584650192561 0.052741004581916356 588
1584650195011 0.052477299559006776 589
1584650197425 0.052214913061211746 590
1584650199814 0.05195383849590569 591
1584650202284 0.05169406930342616 592
1584650204704 0.05143559895690903 593
1584650207092 0.051178420962124486 594
1584650209510 0.05092252885731386 595
1584650211997 0.05066791621302729 596
1584650214425 0.05041457663196215 597
1584650216825 0.050162503748802344 598
1584650219204 0.049911691230058335 599
1584650221645 0.04966213277390804 600
1584650224383 0.0494138221100385 601
1584650226763 0.04916675299948831 602
1584650229700 0.04892091923449087 603
1584650232166 0.04867631463831842 604
1584650234643 0.048432933065126825 605
1584650237114 0.048190768399801194 606
1584650239580 0.04794981455780219 607
1584650242075 0.04771006548501318 608
1584650244579 0.047471515157588115 609
1584650247054 0.047234157581800176 610
1584650249638 0.046997986793891174 611
1584650252129 0.04676299685992172 612
1584650254622 0.04652918187562211 613
1584650257116 0.046296535966244 614
1584650259708 0.046065053286412784 615
1584650262199 0.04583472801998072 616
1584650264671 0.045605554379880814 617
1584650267220 0.04537752660798141 618
1584650269704 0.0451506389749415 619
1584650272210 0.044924885780066794 620
1584650274906 0.04470026135116646 621
1584650277385 0.04447676004441063 622
1584650279836 0.04425437624418858 623
1584650282400 0.04403310436296763 624
1584650284863 0.043812938841152796 625
1584650287333 0.04359387414694703 626
1584650289878 0.043375904776212296 627
1584650292339 0.043159025252331236 628
1584650294824 0.04294323012606958 629
1584650297270 0.04272851397543923 630
1584650299975 0.04251487140556204 631
1584650302451 0.04230229704853423 632
1584650304935 0.04209078556329156 633
1584650307380 0.0418803316354751 634
1584650309921 0.041670929977297724 635
1584650312403 0.04146257532741124 636
1584650314878 0.04125526245077418 637
1584650317370 0.04104898613852031 638
1584650319882 0.04084374120782771 639
1584650322361 0.04063952250178857 640
1584650325009 0.04043632488927963 641
1584650327475 0.04023414326483323 642
1584650329957 0.040032972548509065 643
1584650332418 0.03983280768576652 644
1584650334879 0.03963364364733769 645
1584650337349 0.039435475429100995 646
1584650339794 0.03923829805195549 647
1584650342329 0.03904210656169572 648
1584650345251 0.03884689602888724 649
1584650347698 0.0386526615487428 650
1584650350144 0.03845939824099909 651
1584650352597 0.03826710124979409 652
1584650355198 0.038075765743545126 653
1584650358430 0.0378853869148274 654
1584650360888 0.03769595998025326 655
1584650363400 0.03750748018035199 656
1584650365841 0.037319942779450235 657
1584650368333 0.037133343065552986 658
1584650370777 0.03694767635022522 659
1584650373312 0.036762937968474095 660
1584650375750 0.03657912327863173 661
1584650378209 0.036396227662238566 662
1584650380707 0.03621424652392737 663
1584650383147 0.036033175291307735 664
1584650385663 0.03585300941485119 665
1584650388103 0.035673744367776934 666
1584650390589 0.03549537564593805 667
1584650393016 0.035317898767708356 668
1584650395493 0.03514130927386981 669
1584650397931 0.03496560272750046 670
1584650400474 0.03479077471386296 671
1584650403028 0.03461682084029365 672
1584650405510 0.034443736736092176 673
1584650407985 0.034271518052411715 674
1584650410460 0.034100160462149656 675
1584650412906 0.03392965965983891 676
1584650415483 0.033760011361539714 677
1584650417925 0.03359121130473201 678
1584650420471 0.033423255248208356 679
1584650423118 0.03325613897196732 680
1584650425569 0.03308985827710748 681
1584650428040 0.032924408985721944 682
1584650430515 0.03275978694079333 683
1584650433041 0.032595988006089364 684
1584650435524 0.032433008066058915 685
1584650437983 0.03227084302572862 686
1584650440433 0.032109488810599975 687
1584650442907 0.031948941366546975 688
1584650445377 0.03178919665971424 689
1584650447876 0.03163025067641567 690
1584650450344 0.03147209942303359 691
1584650452914 0.03131473892591842 692
1584650455375 0.031158165231288826 693
1584650457876 0.03100237440513238 694
1584650460369 0.030847362533106718 695
1584650462881 0.030693125720441184 696
1584650465494 0.030539660091838977 697
1584650467971 0.03038696179137978 698
1584650470438 0.030235026982422884 699
1584650472881 0.030083851847510768 700
1584650475472 0.029933432588273214 701
1584650477994 0.029783765425331846 702
1584650480485 0.029634846598205186 703
1584650483124 0.02948667236521416 704
1584650485674 0.029339239003388088 705
1584650488387 0.029192542808371146 706
1584650490837 0.02904658009432929 707
1584650493356 0.028901347193857643 708
1584650495898 0.028756840457888354 709
1584650498770 0.02861305625559891 710
1584650501482 0.028469990974320916 711
1584650504001 0.02832764101944931 712
1584650506482 0.028186002814352063 713
1584650508929 0.0280450728002803 714
1584650511406 0.0279048474362789 715
1584650513920 0.027765323199097504 716
1584650516401 0.027626496583102015 717
