1584648776155 -1.0 1
1584648779153 0.0 2
1584648781673 -1.0 3
1584648784272 -1.0 4
1584648786598 0.0 5
1584648788992 0.0 6
1584648791374 -1.0 7
1584648793808 -1.0 8
1584648796407 0.0 9
1584648799009 -1.0 10
1584648801432 1.0 11
1584648803845 1.0 12
1584648806335 0.0 13
1584648809080 0.0 14
1584648811702 -1.0 15
1584648814199 2.0 16
1584648816503 -1.0 17
1584648818816 1.0 18
1584648821104 -1.0 19
1584648823415 1.0 20
1584648825835 0.0 21
1584648828205 1.0 22
1584648830529 -1.0 23
1584648832825 2.0 24
1584648835186 1.0 25
1584648837483 -1.0 26
1584648839837 0.0 27
1584648842148 1.0 28
1584648844555 0.0 29
1584648846879 1.0 30
1584648849220 2.0 31
1584648851577 -1.0 32
1584648853938 0.0 33
1584648856209 1.0 34
1584648858515 -3.0 35
1584648860802 0.0 36
1584648863154 1.0 37
1584648865476 0.0 38
1584648867814 1.0 39
1584648870253 1.0 40
1584648872611 2.0 41
1584648875208 0.0 42
1584648877566 0.0 43
1584648879861 1.0 44
1584648882198 0.0 45
1584648884505 -1.0 46
1584648886824 -1.0 47
1584648889110 1.0 48
1584648891414 0.0 49
1584648893779 0.0 50
1584648896132 -1.0 51
1584648898478 0.0 52
1584648900785 0.0 53
1584648903628 2.0 54
1584648906051 -2.0 55
1584648908388 -3.0 56
1584648910710 1.0 57
1584648913045 1.0 58
1584648915354 3.0 59
1584648917699 -1.0 60
1584648920030 2.0 61
1584648922355 1.0 62
1584648924668 4.0 63
1584648927034 0.0 64
1584648929375 1.0 65
1584648931680 1.0 66
1584648934022 2.0 67
1584648936454 0.0 68
1584648938767 0.0 69
1584648941089 -1.0 70
1584648943410 0.0 71
1584648945753 2.0 72
1584648948128 0.0 73
1584648950507 1.0 74
1584648952837 1.0 75
1584648955130 2.0 76
1584648957484 2.0 77
1584648959791 -1.0 78
1584648962155 1.0 79
1584648964546 -2.0 80
1584648966968 0.0 81
1584648969309 2.0 82
1584648971891 2.0 83
1584648974242 0.0 84
1584648976569 0.0 85
1584648978895 0.0 86
1584648981242 4.0 87
1584648983608 2.0 88
1584648985992 2.0 89
1584648988452 -1.0 90
1584648990902 2.0 91
1584648993338 -1.0 92
1584648995716 2.0 93
1584648998113 -1.0 94
1584649000535 2.0 95
1584649003019 5.0 96
1584649005372 -1.0 97
1584649007721 1.0 98
1584649010027 0.0 99
1584649012393 1.0 100
1584649014793 1.0 101
1584649017190 1.0 102
1584649019542 4.0 103
1584649021867 4.0 104
1584649024302 0.0 105
1584649026656 -1.0 106
1584649028996 2.0 107
1584649031324 2.0 108
1584649033735 4.0 109
1584649036111 0.0 110
1584649038468 1.0 111
1584649040793 2.0 112
1584649043179 4.0 113
1584649045536 6.0 114
1584649048034 4.0 115
1584649050384 -1.0 116
1584649052737 3.0 117
1584649055140 5.0 118
1584649057543 3.0 119
1584649059914 5.0 120
1584649062339 4.0 121
1584649064672 2.0 122
1584649066994 2.0 123
1584649069610 5.0 124
1584649071933 0.0 125
1584649074314 4.0 126
1584649076618 -1.0 127
1584649078985 4.0 128
1584649081313 3.0 129
1584649083705 3.0 130
1584649086004 3.0 131
1584649088345 4.0 132
1584649090705 8.0 133
1584649093042 3.0 134
1584649095400 2.0 135
1584649097735 3.0 136
1584649100178 -1.0 137
1584649102561 2.0 138
1584649104959 2.0 139
1584649107311 5.0 140
1584649109651 4.0 141
1584649112019 6.0 142
1584649114418 5.0 143
1584649116737 2.0 144
1584649119066 4.0 145
1584649121398 3.0 146
1584649123752 3.0 147
1584649126085 0.0 148
1584649128444 0.0 149
1584649130868 0.0 150
1584649133250 2.0 151
1584649135569 4.0 152
1584649137879 8.0 153
1584649140203 5.0 154
1584649142612 1.0 155
1584649144967 2.0 156
1584649147294 3.0 157
1584649149694 5.0 158
1584649152028 6.0 159
1584649154403 3.0 160
1584649156771 7.0 161
1584649159166 1.0 162
1584649161505 8.0 163
1584649163835 4.0 164
1584649166449 1.0 165
1584649168834 9.0 166
1584649171211 0.0 167
1584649173610 5.0 168
1584649176016 4.0 169
1584649178383 0.0 170
1584649180721 2.0 171
1584649183081 3.0 172
1584649185636 3.0 173
1584649187986 5.0 174
1584649190399 4.0 175
1584649192724 4.0 176
1584649195206 0.0 177
1584649197904 2.0 178
1584649200365 2.0 179
1584649202766 2.0 180
1584649205151 4.0 181
1584649207540 0.0 182
1584649209933 1.0 183
1584649212295 0.0 184
1584649214636 2.0 185
1584649216976 3.0 186
1584649219312 -1.0 187
1584649221652 -1.0 188
1584649223966 8.0 189
1584649226309 -1.0 190
1584649228651 6.0 191
1584649231047 6.0 192
1584649233442 3.0 193
1584649235786 5.0 194
1584649238126 8.0 195
1584649240477 0.0 196
1584649242820 3.0 197
1584649245184 5.0 198
1584649247531 1.0 199
1584649249854 4.0 200
1584649252245 1.0 201
1584649254600 7.0 202
1584649256980 0.0 203
1584649259326 6.0 204
1584649261825 1.0 205
1584649264381 5.0 206
1584649266707 11.0 207
1584649269010 3.0 208
1584649271318 1.0 209
1584649273628 8.0 210
1584649275925 3.0 211
1584649278278 0.0 212
1584649280622 2.0 213
1584649283008 3.0 214
1584649285379 5.0 215
1584649287765 8.0 216
1584649290090 4.0 217
1584649292521 6.0 218
1584649294810 3.0 219
1584649297214 6.0 220
1584649299582 4.0 221
1584649301945 6.0 222
1584649304276 10.0 223
1584649306603 10.0 224
1584649308958 9.0 225
1584649311295 8.0 226
1584649313650 1.0 227
1584649316146 7.0 228
1584649318538 9.0 229
1584649320881 9.0 230
1584649323358 4.0 231
1584649325655 9.0 232
1584649327954 9.0 233
1584649330311 6.0 234
1584649332667 7.0 235
1584649335030 4.0 236
1584649337351 6.0 237
1584649339670 8.0 238
1584649341974 0.0 239
1584649344323 7.0 240
1584649346678 6.0 241
1584649349092 7.0 242
1584649351425 4.0 243
1584649353853 10.0 244
1584649356208 6.0 245
1584649358758 8.0 246
1584649361084 8.0 247
1584649363428 14.0 248
1584649365772 4.0 249
1584649368127 17.0 250
1584649370474 13.0 251
1584649372815 5.0 252
1584649375134 4.0 253
1584649377457 11.0 254
1584649379788 6.0 255
1584649382167 4.0 256
1584649384609 7.0 257
1584649387110 5.0 258
1584649389560 9.0 259
1584649391909 3.0 260
1584649394226 11.0 261
1584649396851 5.0 262
1584649399408 5.0 263
1584649401885 8.0 264
1584649404226 6.0 265
1584649406544 7.0 266
1584649408934 8.0 267
1584649411329 8.0 268
1584649413702 10.0 269
1584649416060 5.0 270
1584649418446 9.0 271
1584649420788 9.0 272
1584649423128 5.0 273
1584649425470 8.0 274
1584649427804 10.0 275
1584649430179 8.0 276
1584649432517 12.0 277
1584649434870 4.0 278
1584649437280 10.0 279
1584649439649 13.0 280
1584649442021 6.0 281
1584649444524 2.0 282
1584649446847 10.0 283
1584649449353 8.0 284
1584649451727 11.0 285
1584649454296 13.0 286
1584649456907 8.0 287
1584649459317 8.0 288
1584649461677 10.0 289
1584649464018 6.0 290
1584649466388 4.0 291
1584649468759 10.0 292
1584649471127 12.0 293
1584649473551 13.0 294
1584649475912 9.0 295
1584649478281 10.0 296
1584649480660 7.0 297
1584649482981 8.0 298
1584649485416 11.0 299
1584649487763 6.0 300
1584649490161 7.0 301
1584649492530 10.0 302
1584649494882 14.0 303
1584649497281 10.0 304
1584649499623 6.0 305
1584649501983 13.0 306
1584649504385 16.0 307
1584649506775 17.0 308
1584649509114 6.0 309
1584649511514 12.0 310
1584649513873 6.0 311
1584649516341 11.0 312
1584649518634 5.0 313
1584649520977 7.0 314
1584649523368 13.0 315
1584649525720 4.0 316
1584649528111 7.0 317
1584649530439 6.0 318
1584649532788 15.0 319
1584649535208 10.0 320
1584649537547 8.0 321
1584649539900 10.0 322
1584649542295 8.0 323
1584649544672 7.0 324
1584649547134 12.0 325
1584649549530 5.0 326
1584649552342 8.0 327
1584649554735 13.0 328
1584649557165 13.0 329
1584649559631 9.0 330
1584649562083 8.0 331
1584649564637 8.0 332
1584649567092 8.0 333
1584649569518 15.0 334
1584649571941 10.0 335
1584649574356 12.0 336
1584649576765 7.0 337
1584649579154 9.0 338
1584649581865 14.0 339
1584649584342 6.0 340
1584649586734 12.0 341
1584649589226 12.0 342
1584649591700 10.0 343
1584649594147 5.0 344
1584649596528 10.0 345
1584649598954 8.0 346
1584649601386 14.0 347
1584649603840 7.0 348
1584649606283 6.0 349
1584649608719 14.0 350
1584649611109 5.0 351
1584649613577 12.0 352
1584649615976 13.0 353
1584649618452 6.0 354
1584649620867 12.0 355
1584649623906 10.0 356
1584649626341 8.0 357
1584649628755 13.0 358
1584649631125 9.0 359
1584649633583 7.0 360
1584649636002 12.0 361
1584649638456 12.0 362
1584649640867 10.0 363
1584649643406 17.0 364
1584649645796 10.0 365
1584649648664 19.0 366
1584649651076 9.0 367
1584649653520 7.0 368
1584649655930 13.0 369
1584649658388 9.0 370
1584649660799 12.0 371
1584649663355 8.0 372
1584649665773 14.0 373
1584649668150 12.0 374
1584649670570 17.0 375
1584649672982 16.0 376
1584649675461 9.0 377
1584649677949 10.0 378
1584649680475 8.0 379
1584649682897 9.0 380
1584649685435 11.0 381
1584649687840 15.0 382
1584649690403 16.0 383
1584649692794 3.0 384
1584649695232 12.0 385
1584649697613 14.0 386
1584649700055 12.0 387
1584649702473 11.0 388
1584649704875 12.0 389
1584649707288 10.0 390
1584649709775 15.0 391
1584649712237 6.0 392
1584649714695 12.0 393
1584649717079 10.0 394
1584649719513 4.0 395
1584649721974 10.0 396
1584649724458 5.0 397
1584649726919 7.0 398
1584649729322 9.0 399
1584649731720 10.0 400
1584649734208 0.0 401
1584649736605 12.0 402
1584649739077 16.0 403
1584649741488 12.0 404
1584649744148 11.0 405
1584649746715 12.0 406
1584649749119 8.0 407
1584649751533 13.0 408
1584649754167 6.0 409
1584649756588 12.0 410
1584649759030 10.0 411
1584649761445 12.0 412
1584649763851 12.0 413
1584649766292 13.0 414
1584649768701 9.0 415
1584649771131 13.0 416
1584649773619 9.0 417
1584649776227 15.0 418
1584649778683 19.0 419
1584649781104 6.0 420
1584649783562 6.0 421
1584649786029 14.0 422
1584649788446 13.0 423
1584649790826 10.0 424
1584649793286 9.0 425
1584649795694 11.0 426
1584649798130 8.0 427
1584649800708 20.0 428
1584649803193 11.0 429
1584649805694 16.0 430
1584649808152 10.0 431
1584649810615 10.0 432
1584649813125 6.0 433
1584649815550 14.0 434
1584649817954 6.0 435
1584649820420 10.0 436
1584649822846 13.0 437
1584649825301 6.0 438
1584649827669 16.0 439
1584649830099 4.0 440
1584649832557 15.0 441
1584649834983 14.0 442
1584649837513 14.0 443
1584649839894 10.0 444
1584649842597 17.0 445
1584649845006 12.0 446
1584649847421 13.0 447
1584649849826 17.0 448
1584649852294 14.0 449
1584649854662 3.0 450
1584649857070 7.0 451
1584649859476 12.0 452
1584649861899 9.0 453
1584649864391 9.0 454
1584649866779 12.0 455
1584649869197 16.0 456
1584649871707 10.0 457
1584649874198 21.0 458
1584649876608 12.0 459
1584649879063 5.0 460
1584649881494 8.0 461
1584649883904 12.0 462
1584649886367 7.0 463
1584649888774 14.0 464
1584649891180 5.0 465
1584649893617 13.0 466
1584649896021 9.0 467
1584649898447 3.0 468
1584649900787 14.0 469
1584649903332 11.0 470
1584649905684 10.0 471
1584649908112 11.0 472
1584649910500 11.0 473
1584649912893 11.0 474
1584649915299 6.0 475
1584649917675 10.0 476
1584649920047 6.0 477
1584649922532 19.0 478
1584649924943 17.0 479
1584649927363 9.0 480
1584649929711 10.0 481
1584649932156 10.0 482
1584649934552 10.0 483
1584649937027 17.0 484
1584649939751 20.0 485
1584649942122 10.0 486
1584649944513 13.0 487
1584649946963 15.0 488
1584649949447 13.0 489
1584649951839 12.0 490
1584649954280 20.0 491
1584649956926 12.0 492
1584649959354 12.0 493
1584649961772 15.0 494
1584649964191 16.0 495
1584649966906 13.0 496
1584649969810 17.0 497
1584649972255 17.0 498
1584649974629 11.0 499
1584649977020 18.0 500
1584649979536 10.0 501
1584649982007 11.0 502
1584649984928 9.0 503
1584649987357 17.0 504
1584649989777 17.0 505
1584649992178 12.0 506
1584649994611 13.0 507
1584649997022 19.0 508
1584649999423 16.0 509
1584650001798 12.0 510
1584650004217 14.0 511
1584650006617 17.0 512
1584650009077 13.0 513
1584650011510 15.0 514
1584650013994 19.0 515
1584650016392 13.0 516
1584650018837 17.0 517
1584650021226 7.0 518
1584650023666 16.0 519
1584650026062 9.0 520
1584650028563 16.0 521
1584650031002 14.0 522
1584650033420 19.0 523
1584650036112 13.0 524
1584650038563 15.0 525
1584650040988 16.0 526
1584650043492 13.0 527
1584650045879 15.0 528
1584650048284 8.0 529
1584650050708 16.0 530
1584650053148 10.0 531
1584650055552 12.0 532
1584650057950 20.0 533
1584650060442 17.0 534
1584650062827 12.0 535
1584650065300 18.0 536
1584650067681 12.0 537
1584650070080 9.0 538
1584650072523 14.0 539
1584650075005 12.0 540
1584650077418 15.0 541
1584650079797 16.0 542
1584650082172 13.0 543
1584650084567 10.0 544
1584650086984 13.0 545
1584650089359 19.0 546
1584650091788 17.0 547
1584650094191 18.0 548
1584650096673 7.0 549
1584650099079 19.0 550
1584650101519 19.0 551
1584650104129 13.0 552
1584650106537 20.0 553
1584650108950 17.0 554
1584650111393 20.0 555
1584650113790 15.0 556
1584650116492 15.0 557
1584650118861 17.0 558
1584650121318 16.0 559
1584650123755 11.0 560
1584650126232 19.0 561
1584650128673 9.0 562
1584650131299 15.0 563
1584650133828 7.0 564
1584650136274 16.0 565
1584650138736 17.0 566
1584650141199 17.0 567
1584650143657 12.0 568
1584650146051 12.0 569
1584650148461 15.0 570
1584650150829 16.0 571
1584650153293 17.0 572
1584650155691 22.0 573
1584650158140 16.0 574
1584650160551 21.0 575
1584650163176 12.0 576
1584650165631 20.0 577
1584650168044 22.0 578
1584650170460 25.0 579
1584650172860 17.0 580
1584650175307 14.0 581
1584650177741 12.0 582
1584650180141 18.0 583
1584650182585 7.0 584
1584650185058 10.0 585
1584650187525 12.0 586
1584650189983 16.0 587
1584650192561 17.0 588
1584650195011 20.0 589
1584650197425 14.0 590
1584650199814 14.0 591
1584650202284 14.0 592
1584650204704 15.0 593
1584650207092 19.0 594
1584650209510 10.0 595
1584650211997 13.0 596
1584650214425 18.0 597
1584650216825 7.0 598
1584650219204 13.0 599
1584650221645 19.0 600
1584650224383 18.0 601
1584650226763 17.0 602
1584650229700 16.0 603
1584650232166 15.0 604
1584650234643 18.0 605
1584650237114 15.0 606
1584650239580 17.0 607
1584650242075 9.0 608
1584650244579 14.0 609
1584650247054 18.0 610
1584650249638 21.0 611
1584650252129 16.0 612
1584650254622 19.0 613
1584650257116 16.0 614
1584650259708 19.0 615
1584650262199 18.0 616
1584650264671 23.0 617
1584650267220 13.0 618
1584650269704 14.0 619
1584650272210 13.0 620
1584650274906 14.0 621
1584650277385 14.0 622
1584650279836 9.0 623
1584650282400 17.0 624
1584650284863 12.0 625
1584650287333 14.0 626
1584650289878 15.0 627
1584650292339 17.0 628
1584650294824 9.0 629
1584650297270 17.0 630
1584650299975 10.0 631
1584650302451 16.0 632
1584650304935 17.0 633
1584650307380 14.0 634
1584650309921 15.0 635
1584650312403 13.0 636
1584650314878 16.0 637
1584650317370 15.0 638
1584650319882 16.0 639
1584650322361 18.0 640
1584650325009 16.0 641
1584650327475 18.0 642
1584650329957 19.0 643
1584650332418 14.0 644
1584650334879 17.0 645
1584650337349 15.0 646
1584650339794 15.0 647
1584650342329 18.0 648
1584650345251 12.0 649
1584650347698 9.0 650
1584650350144 13.0 651
1584650352597 18.0 652
1584650355198 14.0 653
1584650358430 13.0 654
1584650360888 20.0 655
1584650363400 16.0 656
1584650365841 7.0 657
1584650368333 9.0 658
1584650370777 15.0 659
1584650373312 13.0 660
1584650375750 15.0 661
1584650378209 19.0 662
1584650380707 19.0 663
1584650383147 18.0 664
1584650385663 15.0 665
1584650388103 17.0 666
1584650390589 9.0 667
1584650393016 15.0 668
1584650395493 16.0 669
1584650397931 12.0 670
1584650400474 14.0 671
1584650403028 14.0 672
1584650405510 10.0 673
1584650407985 15.0 674
1584650410460 13.0 675
1584650412906 17.0 676
1584650415483 19.0 677
1584650417925 19.0 678
1584650420471 13.0 679
1584650423118 18.0 680
1584650425569 14.0 681
1584650428040 18.0 682
1584650430515 16.0 683
1584650433041 15.0 684
1584650435524 15.0 685
1584650437983 21.0 686
1584650440433 24.0 687
1584650442907 20.0 688
1584650445377 16.0 689
1584650447876 14.0 690
1584650450344 8.0 691
1584650452914 13.0 692
1584650455375 13.0 693
1584650457876 18.0 694
1584650460369 19.0 695
1584650462881 18.0 696
1584650465494 16.0 697
1584650467971 15.0 698
1584650470438 18.0 699
1584650472881 14.0 700
1584650475472 19.0 701
1584650477994 12.0 702
1584650480485 21.0 703
1584650483124 19.0 704
1584650485674 15.0 705
1584650488387 12.0 706
1584650490837 13.0 707
1584650493356 15.0 708
1584650495898 10.0 709
1584650498770 11.0 710
1584650501482 15.0 711
1584650504001 13.0 712
1584650506482 17.0 713
1584650508929 19.0 714
1584650511406 12.0 715
1584650513920 19.0 716
1584650516401 21.0 717
