1584313164872 1 1
1584313167568 1 2
1584313170423 1 3
1584313172870 1 4
1584313175217 1 5
1584313177499 1 6
1584313179989 1 7
1584313182226 1 8
1584313184608 1 9
1584313186768 1 10
1584313189073 1 11
1584313191266 1 12
1584313193628 1 13
1584313195834 1 14
1584313197972 1 15
1584313200100 1 16
1584313202309 1 17
1584313205052 1 18
1584313207540 1 19
1584313209671 1 20
1584313211785 1 21
1584313214061 1 22
1584313216738 1 23
1584313219117 1 24
1584313221307 1 25
1584313223489 1 26
1584313225846 1 27
1584313227962 1 28
1584313230231 1 29
1584313232466 1 30
1584313234641 1 31
1584313236831 1 32
1584313238936 1 33
1584313241576 1 34
1584313244367 1 35
1584313246903 1 36
1584313249329 1 37
1584313251650 1 38
1584313253763 1 39
1584313256035 1 40
1584313258239 1 41
1584313260383 1 42
1584313262506 1 43
1584313264631 1 44
1584313266757 1 45
1584313268913 1 46
1584313271040 1 47
1584313273154 1 48
1584313275330 1 49
1584313277510 1 50
1584313279631 1 51
1584313281770 1 52
1584313283883 1 53
1584313286253 1 54
1584313288485 1 55
1584313290698 1 56
1584313292940 1 57
1584313295065 1 58
1584313297178 1 59
1584313299287 1 60
1584313301401 1 61
1584313303523 1 62
1584313305832 1 63
1584313307967 1 64
1584313310064 1 65
1584313312233 1 66
1584313314462 1 67
1584313316641 1 68
1584313318834 1 69
1584313321075 1 70
1584313323204 1 71
1584313325325 1 72
1584313327703 1 73
1584313329796 1 74
1584313332003 1 75
1584313334291 1 76
1584313336409 1 77
1584313338511 1 78
1584313340677 1 79
1584313342888 1 80
1584313345140 1 81
1584313347265 1 82
1584313349446 1 83
1584313351692 1 84
1584313353862 1 85
1584313356078 1 86
1584313358429 1 87
1584313360682 1 88
1584313363012 1 89
1584313365229 1 90
1584313367454 1 91
1584313369660 1 92
1584313371824 1 93
1584313373940 1 94
1584313376072 1 95
1584313378211 1 96
1584313380327 1 97
1584313382441 1 98
1584313384550 1 99
1584313386694 1 100
1584313388832 1 101
1584313390945 1 102
1584313393062 1 103
1584313395218 1 104
1584313397381 1 105
1584313399694 1 106
1584313401829 1 107
1584313404123 1 108
1584313406360 1 109
1584313408489 1 110
1584313410775 1 111
1584313413011 1 112
1584313415137 1 113
1584313417308 1 114
1584313419541 1 115
1584313421783 1 116
1584313424468 1 117
1584313426583 1 118
1584313428720 1 119
1584313430886 1 120
1584313433081 1 121
1584313435346 1 122
1584313437484 1 123
1584313439626 1 124
1584313441759 1 125
1584313443883 1 126
1584313446003 1 127
1584313448154 1 128
1584313450325 1 129
1584313452437 1 130
1584313454649 1 131
1584313456785 1 132
1584313458912 1 133
1584313461029 1 134
1584313463154 1 135
1584313465274 1 136
1584313467399 1 137
1584313469531 1 138
1584313471660 1 139
1584313473778 1 140
1584313475962 1 141
1584313478099 1 142
1584313480237 1 143
1584313482378 1 144
1584313484533 1 145
1584313486734 1 146
1584313488937 1 147
1584313491178 1 148
1584313493453 1 149
1584313495604 1 150
1584313497737 1 151
1584313499897 1 152
1584313502145 1 153
1584313504506 1 154
1584313506647 1 155
1584313508808 1 156
1584313511023 1 157
1584313513241 1 158
1584313515576 1 159
1584313517797 1 160
1584313519961 1 161
1584313522119 1 162
1584313524222 1 163
1584313526346 1 164
1584313528465 1 165
1584313530603 1 166
1584313532728 1 167
1584313535010 1 168
1584313537225 1 169
1584313539358 1 170
1584313541487 1 171
1584313543653 1 172
1584313545790 1 173
1584313547915 1 174
1584313550204 1 175
1584313552466 1 176
1584313554765 1 177
1584313556904 1 178
1584313559031 1 179
1584313561236 1 180
1584313563535 1 181
1584313565811 1 182
1584313568006 1 183
1584313570113 1 184
1584313572267 1 185
1584313574420 1 186
1584313576553 1 187
1584313578698 1 188
1584313580832 1 189
1584313582942 1 190
1584313585077 1 191
1584313587182 1 192
1584313589298 1 193
1584313591420 1 194
1584313593550 1 195
1584313595685 1 196
1584313597799 1 197
1584313599930 1 198
1584313602077 1 199
1584313604204 1 200
1584313606860 1 201
1584313609033 1 202
1584313611228 1 203
1584313613388 1 204
1584313615529 1 205
1584313618001 1 206
1584313620154 1 207
1584313622262 1 208
1584313624416 1 209
1584313626536 1 210
1584313628678 1 211
1584313630811 1 212
1584313632955 1 213
1584313635244 1 214
1584313637655 1 215
1584313639907 1 216
1584313642047 1 217
1584313644180 1 218
1584313646331 1 219
1584313648498 1 220
1584313650632 1 221
1584313652811 1 222
1584313655064 1 223
1584313657214 1 224
1584313659361 1 225
1584313661733 1 226
1584313664374 1 227
1584313666515 1 228
1584313668930 1 229
1584313671245 1 230
1584313673499 1 231
1584313675647 1 232
1584313677938 1 233
1584313680095 1 234
1584313682210 1 235
1584313684347 1 236
1584313686494 1 237
1584313688659 1 238
1584313690787 1 239
1584313692918 1 240
1584313695044 1 241
1584313697187 1 242
1584313699315 1 243
1584313701447 1 244
1584313703603 1 245
1584313705755 1 246
1584313707925 1 247
1584313710052 1 248
1584313712172 1 249
1584313714662 1 250
1584313716806 1 251
1584313718939 1 252
1584313721081 1 253
1584313723350 1 254
1584313725468 1 255
1584313727610 1 256
1584313729742 1 257
1584313731947 1 258
1584313734284 1 259
1584313736512 1 260
1584313738853 1 261
1584313741104 1 262
1584313743355 1 263
1584313745644 1 264
1584313747812 1 265
1584313749961 1 266
1584313752216 1 267
1584313754827 1 268
1584313757104 1 269
1584313759436 1 270
1584313761589 1 271
1584313763708 1 272
1584313765859 1 273
1584313767987 1 274
1584313770141 1 275
1584313772268 1 276
1584313774456 1 277
1584313776607 1 278
1584313778750 1 279
1584313780900 1 280
1584313783033 1 281
1584313785175 1 282
1584313787301 1 283
1584313789418 1 284
1584313791589 1 285
1584313793732 1 286
1584313795901 1 287
1584313798054 1 288
1584313800247 1 289
1584313802384 1 290
1584313804552 1 291
1584313806703 1 292
1584313808842 1 293
1584313811160 1 294
1584313813314 1 295
1584313815443 1 296
1584313817568 1 297
1584313819690 1 298
1584313821828 1 299
1584313823948 1 300
1584313826070 1 301
1584313828208 1 302
1584313830371 1 303
1584313832519 1 304
1584313834678 1 305
1584313837246 1 306
1584313839484 1 307
1584313841709 1 308
1584313843993 1 309
1584313846166 1 310
1584313848582 1 311
1584313850724 1 312
1584313853048 1 313
1584313855204 1 314
1584313857363 1 315
1584313859562 1 316
1584313861703 1 317
1584313863842 1 318
1584313865962 1 319
1584313868098 1 320
1584313870226 1 321
1584313872416 1 322
1584313874628 1 323
1584313876780 1 324
1584313878968 1 325
1584313881137 1 326
1584313883299 1 327
1584313885443 1 328
1584313887584 1 329
1584313889713 1 330
1584313891875 1 331
1584313894017 1 332
1584313896579 1 333
1584313898803 1 334
1584313901120 1 335
1584313903285 1 336
1584313905719 1 337
1584313908170 1 338
1584313910351 1 339
1584313912693 1 340
1584313914971 1 341
1584313917106 1 342
1584313919260 1 343
1584313921413 1 344
1584313923622 1 345
1584313925760 1 346
1584313927930 1 347
1584313930087 1 348
1584313932239 1 349
1584313934415 1 350
1584313936570 1 351
1584313938751 1 352
1584313940911 1 353
1584313943078 1 354
1584313945240 1 355
1584313947375 1 356
1584313949519 1 357
1584313951658 1 358
1584313953829 1 359
1584313956310 1 360
1584313958870 1 361
1584313961075 1 362
1584313963471 1 363
1584313966295 1 364
1584313968768 1 365
1584313970912 1 366
1584313973109 1 367
1584313975277 1 368
1584313977435 1 369
1584313979601 1 370
1584313981753 1 371
1584313983929 1 372
1584313986077 1 373
1584313988241 1 374
1584313990400 1 375
1584313992564 1 376
1584313994798 1 377
1584313996975 1 378
1584313999303 1 379
1584314001584 1 380
1584314004255 1 381
1584314006399 1 382
1584314008568 1 383
1584314010713 1 384
1584314012865 1 385
1584314015051 1 386
1584314017207 1 387
1584314019344 1 388
1584314021483 1 389
1584314023642 1 390
1584314025849 1 391
1584314028002 1 392
1584314030150 1 393
1584314032322 1 394
1584314034511 1 395
1584314036664 1 396
1584314038831 1 397
1584314040969 1 398
1584314043121 1 399
1584314045269 1 400
1584314047434 1 401
1584314049600 1 402
1584314051741 1 403
1584314053919 1 404
1584314056070 1 405
1584314058220 1 406
1584314060363 1 407
1584314062517 1 408
1584314064685 1 409
1584314066842 1 410
1584314068988 1 411
1584314071129 1 412
1584314073505 1 413
1584314075793 1 414
1584314077994 1 415
1584314080445 1 416
1584314082658 1 417
1584314084852 1 418
1584314086993 1 419
1584314089152 1 420
1584314091295 1 421
1584314093430 1 422
1584314095649 1 423
1584314097809 1 424
1584314100149 1 425
1584314102308 1 426
1584314104471 1 427
1584314106777 1 428
1584314108931 1 429
1584314111125 1 430
1584314113499 1 431
1584314115846 1 432
1584314118238 1 433
1584314120504 1 434
1584314122984 1 435
1584314125331 1 436
1584314127576 1 437
1584314129735 1 438
1584314131989 1 439
1584314134126 1 440
1584314136278 1 441
1584314138466 1 442
1584314140633 1 443
1584314142793 1 444
1584314144959 1 445
1584314147126 1 446
1584314149263 1 447
1584314151418 1 448
1584314153595 1 449
1584314155735 1 450
1584314157899 1 451
1584314160060 1 452
1584314162301 1 453
1584314164461 1 454
1584314166603 1 455
1584314168766 1 456
1584314170944 1 457
1584314173492 1 458
1584314175677 1 459
1584314178001 1 460
1584314180279 1 461
1584314182417 1 462
1584314184565 1 463
1584314186729 1 464
1584314188889 1 465
1584314191058 1 466
1584314193221 1 467
1584314195361 1 468
1584314197709 1 469
1584314199905 1 470
1584314202051 1 471
1584314204190 1 472
1584314206365 1 473
1584314208524 1 474
1584314210666 1 475
1584314212862 1 476
1584314214999 1 477
1584314217168 1 478
1584314219328 1 479
1584314221492 1 480
1584314223653 1 481
1584314226013 1 482
1584314228280 1 483
1584314230612 1 484
1584314232865 1 485
1584314235114 1 486
1584314237309 1 487
1584314239482 1 488
1584314241657 1 489
1584314243794 1 490
1584314245964 1 491
1584314248106 1 492
1584314250518 1 493
1584314252703 1 494
1584314254897 1 495
1584314257069 1 496
1584314259331 1 497
1584314261717 1 498
1584314263942 1 499
1584314266076 1 500
1584314268228 1 501
1584314270390 1 502
1584314272560 1 503
1584314274718 1 504
1584314276954 1 505
1584314279313 1 506
1584314281577 1 507
1584314283759 1 508
1584314285964 1 509
1584314288367 1 510
1584314290550 1 511
1584314292751 1 512
1584314295085 1 513
1584314297220 1 514
1584314299380 1 515
1584314301527 1 516
1584314303943 1 517
1584314306111 1 518
1584314308318 1 519
1584314310807 1 520
1584314313060 1 521
1584314315255 1 522
1584314317659 1 523
1584314320031 1 524
1584314322323 1 525
1584314324783 1 526
1584314326969 1 527
1584314329382 1 528
1584314331625 1 529
1584314334022 1 530
1584314336264 1 531
1584314338500 1 532
1584314340801 1 533
1584314342970 1 534
1584314345116 1 535
1584314347240 1 536
1584314349401 1 537
1584314351556 1 538
1584314353823 1 539
1584314356171 1 540
1584314358408 1 541
1584314360557 1 542
1584314362694 1 543
1584314364911 1 544
1584314367052 1 545
1584314369203 1 546
1584314371357 1 547
1584314373509 1 548
1584314375693 1 549
1584314377884 1 550
1584314380060 1 551
1584314382214 1 552
1584314384387 1 553
1584314386540 1 554
1584314388699 1 555
1584314391305 1 556
1584314393664 1 557
1584314395923 1 558
1584314398107 1 559
1584314400265 1 560
1584314402431 1 561
1584314404575 1 562
1584314406722 1 563
1584314408870 1 564
1584314411040 1 565
1584314413171 1 566
1584314415312 1 567
1584314417493 1 568
1584314419648 1 569
1584314421996 1 570
1584314424152 1 571
1584314426298 1 572
1584314428442 1 573
1584314430582 1 574
1584314432741 1 575
1584314434877 1 576
1584314437034 1 577
1584314439490 1 578
1584314441784 1 579
1584314443917 1 580
1584314446053 1 581
1584314448193 1 582
1584314450328 1 583
1584314452553 1 584
1584314455089 1 585
1584314457368 1 586
1584314459604 1 587
1584314461795 1 588
1584314464371 1 589
1584314466965 1 590
1584314469546 1 591
1584314472551 1 592
1584314474899 1 593
1584314477118 1 594
1584314479297 1 595
1584314481732 1 596
1584314484487 1 597
1584314487692 1 598
1584314489831 1 599
1584314492008 1 600
1584314494169 1 601
1584314496557 1 602
1584314499470 1 603
1584314502456 1 604
1584314505471 1 605
1584314508622 1 606
1584314511644 1 607
1584314514110 1 608
1584314516245 1 609
1584314518436 1 610
1584314520745 1 611
1584314522907 1 612
1584314525044 1 613
1584314527180 1 614
1584314529410 1 615
1584314531642 1 616
1584314533806 1 617
1584314536681 1 618
1584314539630 1 619
1584314542050 1 620
1584314544495 1 621
1584314547401 1 622
1584314549815 1 623
1584314551969 1 624
1584314554394 1 625
1584314556735 1 626
1584314558897 1 627
1584314561558 1 628
1584314564398 1 629
1584314566971 1 630
1584314569820 1 631
1584314573103 1 632
1584314575697 1 633
1584314578137 1 634
1584314580475 1 635
1584314582743 1 636
1584314585115 1 637
1584314587243 1 638
1584314589380 1 639
1584314591530 1 640
1584314593714 1 641
1584314595930 1 642
1584314598079 1 643
1584314600194 1 644
1584314602345 1 645
1584314604505 1 646
1584314606637 1 647
1584314608796 1 648
1584314610947 1 649
1584314613114 1 650
1584314615312 1 651
1584314617481 1 652
1584314619643 1 653
1584314621745 1 654
1584314623903 1 655
1584314626046 1 656
1584314628219 1 657
1584314630401 1 658
1584314632587 1 659
1584314634700 1 660
1584314636826 1 661
1584314638960 1 662
1584314641087 1 663
1584314643486 1 664
1584314645815 1 665
1584314647996 1 666
1584314650448 1 667
1584314653109 1 668
1584314655538 1 669
1584314657692 1 670
1584314659836 1 671
1584314661980 1 672
1584314664133 1 673
1584314666283 1 674
1584314668440 1 675
1584314670595 1 676
1584314672784 1 677
1584314675247 1 678
1584314677455 1 679
1584314679849 1 680
1584314682651 1 681
1584314684891 1 682
1584314687121 1 683
1584314689487 1 684
1584314691983 1 685
1584314694147 1 686
1584314696369 1 687
1584314698687 1 688
1584314700841 1 689
1584314703016 1 690
1584314705179 1 691
1584314707348 1 692
1584314709513 1 693
1584314711654 1 694
1584314713870 1 695
1584314716030 1 696
1584314718209 1 697
1584314720352 1 698
1584314722519 1 699
1584314724667 1 700
1584314726841 1 701
1584314728996 1 702
1584314731149 1 703
1584314733295 1 704
1584314735668 1 705
1584314737821 1 706
1584314740071 1 707
1584314742340 1 708
1584314744509 1 709
1584314746718 1 710
1584314748967 1 711
1584314751385 1 712
1584314753564 1 713
1584314755717 1 714
1584314757859 1 715
1584314760025 1 716
1584314762212 1 717
1584314764370 1 718
1584314766732 1 719
1584314769023 1 720
1584314771304 1 721
1584314773493 1 722
1584314775918 1 723
1584314778788 1 724
1584314781030 1 725
1584314783358 1 726
1584314785520 1 727
1584314787791 1 728
1584314789976 1 729
1584314792267 1 730
1584314794599 1 731
1584314796771 1 732
1584314798935 1 733
1584314801088 1 734
1584314803249 1 735
1584314805397 1 736
1584314807538 1 737
1584314809753 1 738
1584314811910 1 739
1584314814071 1 740
1584314816215 1 741
1584314818382 1 742
1584314820518 1 743
1584314822695 1 744
1584314824838 1 745
1584314826986 1 746
1584314829164 1 747
1584314831520 1 748
1584314833718 1 749
1584314835955 1 750
1584314838119 1 751
1584314840360 1 752
1584314842663 1 753
1584314844918 1 754
1584314847039 1 755
1584314849193 1 756
1584314851491 1 757
1584314853646 1 758
1584314855786 1 759
1584314857937 1 760
1584314860110 1 761
1584314862480 1 762
1584314864989 1 763
1584314867140 1 764
1584314869340 1 765
1584314871464 1 766
1584314873669 1 767
1584314876016 1 768
1584314878194 1 769
1584314880338 1 770
1584314882685 1 771
1584314884867 1 772
1584314887018 1 773
1584314889164 1 774
1584314891299 1 775
1584314893449 1 776
1584314895611 1 777
1584314897750 1 778
1584314899923 1 779
1584314902118 1 780
1584314904381 1 781
1584314906655 1 782
1584314908820 1 783
1584314910990 1 784
1584314913549 1 785
1584314915727 1 786
1584314918276 1 787
1584314920678 1 788
1584314922876 1 789
1584314925018 1 790
1584314927186 1 791
1584314929325 1 792
1584314931472 1 793
1584314933656 1 794
1584314936387 1 795
