1584313164872 300 1
1584313167568 300 2
1584313170423 300 3
1584313172870 300 4
1584313175217 300 5
1584313177499 300 6
1584313179989 300 7
1584313182226 300 8
1584313184608 300 9
1584313186768 300 10
1584313189073 300 11
1584313191266 300 12
1584313193628 300 13
1584313195834 300 14
1584313197972 300 15
1584313200100 300 16
1584313202309 300 17
1584313205052 300 18
1584313207540 300 19
1584313209671 300 20
1584313211785 300 21
1584313214061 300 22
1584313216738 300 23
1584313219117 300 24
1584313221307 300 25
1584313223489 300 26
1584313225846 300 27
1584313227962 300 28
1584313230231 300 29
1584313232466 300 30
1584313234641 300 31
1584313236831 300 32
1584313238936 300 33
1584313241576 300 34
1584313244367 300 35
1584313246903 300 36
1584313249329 300 37
1584313251650 300 38
1584313253763 300 39
1584313256035 300 40
1584313258239 300 41
1584313260383 300 42
1584313262506 300 43
1584313264631 300 44
1584313266757 300 45
1584313268913 300 46
1584313271040 300 47
1584313273154 300 48
1584313275330 300 49
1584313277510 300 50
1584313279631 300 51
1584313281770 300 52
1584313283883 300 53
1584313286253 300 54
1584313288485 300 55
1584313290698 300 56
1584313292940 300 57
1584313295065 300 58
1584313297178 300 59
1584313299287 300 60
1584313301401 300 61
1584313303523 300 62
1584313305832 300 63
1584313307967 300 64
1584313310064 300 65
1584313312233 300 66
1584313314462 300 67
1584313316641 300 68
1584313318834 300 69
1584313321075 300 70
1584313323204 300 71
1584313325325 300 72
1584313327703 300 73
1584313329796 300 74
1584313332003 300 75
1584313334291 300 76
1584313336409 300 77
1584313338511 300 78
1584313340677 300 79
1584313342888 300 80
1584313345140 300 81
1584313347265 300 82
1584313349446 300 83
1584313351692 300 84
1584313353862 300 85
1584313356078 300 86
1584313358429 300 87
1584313360682 300 88
1584313363012 300 89
1584313365229 300 90
1584313367454 300 91
1584313369660 300 92
1584313371824 300 93
1584313373940 300 94
1584313376072 300 95
1584313378211 300 96
1584313380327 300 97
1584313382441 300 98
1584313384550 300 99
1584313386694 300 100
1584313388832 300 101
1584313390945 300 102
1584313393062 300 103
1584313395218 300 104
1584313397381 300 105
1584313399694 300 106
1584313401829 300 107
1584313404123 300 108
1584313406360 300 109
1584313408489 300 110
1584313410775 300 111
1584313413011 300 112
1584313415137 300 113
1584313417308 300 114
1584313419541 300 115
1584313421783 300 116
1584313424468 300 117
1584313426583 300 118
1584313428720 300 119
1584313430886 300 120
1584313433081 300 121
1584313435346 300 122
1584313437484 300 123
1584313439626 300 124
1584313441759 300 125
1584313443883 300 126
1584313446003 300 127
1584313448154 300 128
1584313450325 300 129
1584313452437 300 130
1584313454649 300 131
1584313456785 300 132
1584313458912 300 133
1584313461029 300 134
1584313463154 300 135
1584313465274 300 136
1584313467399 300 137
1584313469531 300 138
1584313471660 300 139
1584313473778 300 140
1584313475962 300 141
1584313478099 300 142
1584313480237 300 143
1584313482378 300 144
1584313484533 300 145
1584313486734 300 146
1584313488937 300 147
1584313491178 300 148
1584313493453 300 149
1584313495604 300 150
1584313497737 300 151
1584313499897 300 152
1584313502145 300 153
1584313504506 300 154
1584313506647 300 155
1584313508808 300 156
1584313511023 300 157
1584313513241 300 158
1584313515576 300 159
1584313517797 300 160
1584313519961 300 161
1584313522119 300 162
1584313524222 300 163
1584313526346 300 164
1584313528465 300 165
1584313530603 300 166
1584313532728 300 167
1584313535010 300 168
1584313537225 300 169
1584313539358 300 170
1584313541487 300 171
1584313543653 300 172
1584313545790 300 173
1584313547915 300 174
1584313550204 300 175
1584313552466 300 176
1584313554765 300 177
1584313556904 300 178
1584313559031 300 179
1584313561236 300 180
1584313563535 300 181
1584313565811 300 182
1584313568006 300 183
1584313570113 300 184
1584313572267 300 185
1584313574420 300 186
1584313576553 300 187
1584313578698 300 188
1584313580832 300 189
1584313582942 300 190
1584313585077 300 191
1584313587182 300 192
1584313589298 300 193
1584313591420 300 194
1584313593550 300 195
1584313595685 300 196
1584313597799 300 197
1584313599930 300 198
1584313602077 300 199
1584313604204 300 200
1584313606860 300 201
1584313609033 300 202
1584313611228 300 203
1584313613388 300 204
1584313615529 300 205
1584313618001 300 206
1584313620154 300 207
1584313622262 300 208
1584313624416 300 209
1584313626536 300 210
1584313628678 300 211
1584313630811 300 212
1584313632955 300 213
1584313635244 300 214
1584313637655 300 215
1584313639907 300 216
1584313642047 300 217
1584313644180 300 218
1584313646331 300 219
1584313648498 300 220
1584313650632 300 221
1584313652811 300 222
1584313655064 300 223
1584313657214 300 224
1584313659361 300 225
1584313661733 300 226
1584313664374 300 227
1584313666515 300 228
1584313668930 300 229
1584313671245 300 230
1584313673499 300 231
1584313675647 300 232
1584313677938 300 233
1584313680095 300 234
1584313682210 300 235
1584313684347 300 236
1584313686494 300 237
1584313688659 300 238
1584313690787 300 239
1584313692918 300 240
1584313695044 300 241
1584313697187 300 242
1584313699315 300 243
1584313701447 300 244
1584313703603 300 245
1584313705755 300 246
1584313707925 300 247
1584313710052 300 248
1584313712172 300 249
1584313714662 300 250
1584313716806 300 251
1584313718939 300 252
1584313721081 300 253
1584313723350 300 254
1584313725468 300 255
1584313727610 300 256
1584313729742 300 257
1584313731947 300 258
1584313734284 300 259
1584313736512 300 260
1584313738853 300 261
1584313741104 300 262
1584313743355 300 263
1584313745644 300 264
1584313747812 300 265
1584313749961 300 266
1584313752216 300 267
1584313754827 300 268
1584313757104 300 269
1584313759436 300 270
1584313761589 300 271
1584313763708 300 272
1584313765859 300 273
1584313767987 300 274
1584313770141 300 275
1584313772268 300 276
1584313774456 300 277
1584313776607 300 278
1584313778750 300 279
1584313780900 300 280
1584313783033 300 281
1584313785175 300 282
1584313787301 300 283
1584313789418 300 284
1584313791589 300 285
1584313793732 300 286
1584313795901 300 287
1584313798054 300 288
1584313800247 300 289
1584313802384 300 290
1584313804552 300 291
1584313806703 300 292
1584313808842 300 293
1584313811160 300 294
1584313813314 300 295
1584313815443 300 296
1584313817568 300 297
1584313819690 300 298
1584313821828 300 299
1584313823948 300 300
1584313826070 300 301
1584313828208 300 302
1584313830371 300 303
1584313832519 300 304
1584313834678 300 305
1584313837246 300 306
1584313839484 300 307
1584313841709 300 308
1584313843993 300 309
1584313846166 300 310
1584313848582 300 311
1584313850724 300 312
1584313853048 300 313
1584313855204 300 314
1584313857363 300 315
1584313859562 300 316
1584313861703 300 317
1584313863842 300 318
1584313865962 300 319
1584313868098 300 320
1584313870226 300 321
1584313872416 300 322
1584313874628 300 323
1584313876780 300 324
1584313878968 300 325
1584313881137 300 326
1584313883299 300 327
1584313885443 300 328
1584313887584 300 329
1584313889713 300 330
1584313891875 300 331
1584313894017 300 332
1584313896579 300 333
1584313898803 300 334
1584313901120 300 335
1584313903285 300 336
1584313905719 300 337
1584313908170 300 338
1584313910351 300 339
1584313912693 300 340
1584313914971 300 341
1584313917106 300 342
1584313919260 300 343
1584313921413 300 344
1584313923622 300 345
1584313925760 300 346
1584313927930 300 347
1584313930087 300 348
1584313932239 300 349
1584313934415 300 350
1584313936570 300 351
1584313938751 300 352
1584313940911 300 353
1584313943078 300 354
1584313945240 300 355
1584313947375 300 356
1584313949519 300 357
1584313951658 300 358
1584313953829 300 359
1584313956310 300 360
1584313958870 300 361
1584313961075 300 362
1584313963471 300 363
1584313966295 300 364
1584313968768 300 365
1584313970912 300 366
1584313973109 300 367
1584313975277 300 368
1584313977435 300 369
1584313979601 300 370
1584313981753 300 371
1584313983929 300 372
1584313986077 300 373
1584313988241 300 374
1584313990400 300 375
1584313992564 300 376
1584313994798 300 377
1584313996975 300 378
1584313999303 300 379
1584314001584 300 380
1584314004255 300 381
1584314006399 300 382
1584314008568 300 383
1584314010713 300 384
1584314012865 300 385
1584314015051 300 386
1584314017207 300 387
1584314019344 300 388
1584314021483 300 389
1584314023642 300 390
1584314025849 300 391
1584314028002 300 392
1584314030150 300 393
1584314032322 300 394
1584314034511 300 395
1584314036664 300 396
1584314038831 300 397
1584314040969 300 398
1584314043121 300 399
1584314045269 300 400
1584314047434 300 401
1584314049600 300 402
1584314051741 300 403
1584314053919 300 404
1584314056070 300 405
1584314058220 300 406
1584314060363 300 407
1584314062517 300 408
1584314064685 300 409
1584314066842 300 410
1584314068988 300 411
1584314071129 300 412
1584314073505 300 413
1584314075793 300 414
1584314077994 300 415
1584314080445 300 416
1584314082658 300 417
1584314084852 300 418
1584314086993 300 419
1584314089152 300 420
1584314091295 300 421
1584314093430 300 422
1584314095649 300 423
1584314097809 300 424
1584314100149 300 425
1584314102308 300 426
1584314104471 300 427
1584314106777 300 428
1584314108931 300 429
1584314111125 300 430
1584314113499 300 431
1584314115846 300 432
1584314118238 300 433
1584314120504 300 434
1584314122984 300 435
1584314125331 300 436
1584314127576 300 437
1584314129735 300 438
1584314131989 300 439
1584314134126 300 440
1584314136278 300 441
1584314138466 300 442
1584314140633 300 443
1584314142793 300 444
1584314144959 300 445
1584314147126 300 446
1584314149263 300 447
1584314151418 300 448
1584314153595 300 449
1584314155735 300 450
1584314157899 300 451
1584314160060 300 452
1584314162301 300 453
1584314164461 300 454
1584314166603 300 455
1584314168766 300 456
1584314170944 300 457
1584314173492 300 458
1584314175677 300 459
1584314178001 300 460
1584314180279 300 461
1584314182417 300 462
1584314184565 300 463
1584314186729 300 464
1584314188889 300 465
1584314191058 300 466
1584314193221 300 467
1584314195361 300 468
1584314197709 300 469
1584314199905 300 470
1584314202051 300 471
1584314204190 300 472
1584314206365 300 473
1584314208524 300 474
1584314210666 300 475
1584314212862 300 476
1584314214999 300 477
1584314217168 300 478
1584314219328 300 479
1584314221492 300 480
1584314223653 300 481
1584314226013 300 482
1584314228280 300 483
1584314230612 300 484
1584314232865 300 485
1584314235114 300 486
1584314237309 300 487
1584314239482 300 488
1584314241657 300 489
1584314243794 300 490
1584314245964 300 491
1584314248106 300 492
1584314250518 300 493
1584314252703 300 494
1584314254897 300 495
1584314257069 300 496
1584314259331 300 497
1584314261717 300 498
1584314263942 300 499
1584314266076 300 500
1584314268228 300 501
1584314270390 300 502
1584314272560 300 503
1584314274718 300 504
1584314276954 300 505
1584314279313 300 506
1584314281577 300 507
1584314283759 300 508
1584314285964 300 509
1584314288367 300 510
1584314290550 300 511
1584314292751 300 512
1584314295085 300 513
1584314297220 300 514
1584314299380 300 515
1584314301527 300 516
1584314303943 300 517
1584314306111 300 518
1584314308318 300 519
1584314310807 300 520
1584314313060 300 521
1584314315255 300 522
1584314317659 300 523
1584314320031 300 524
1584314322323 300 525
1584314324783 300 526
1584314326969 300 527
1584314329382 300 528
1584314331625 300 529
1584314334022 300 530
1584314336264 300 531
1584314338500 300 532
1584314340801 300 533
1584314342970 300 534
1584314345116 300 535
1584314347240 300 536
1584314349401 300 537
1584314351556 300 538
1584314353823 300 539
1584314356171 300 540
1584314358408 300 541
1584314360557 300 542
1584314362694 300 543
1584314364911 300 544
1584314367052 300 545
1584314369203 300 546
1584314371357 300 547
1584314373509 300 548
1584314375693 300 549
1584314377884 300 550
1584314380060 300 551
1584314382214 300 552
1584314384387 300 553
1584314386540 300 554
1584314388699 300 555
1584314391305 300 556
1584314393664 300 557
1584314395923 300 558
1584314398107 300 559
1584314400265 300 560
1584314402431 300 561
1584314404575 300 562
1584314406722 300 563
1584314408870 300 564
1584314411040 300 565
1584314413171 300 566
1584314415312 300 567
1584314417493 300 568
1584314419648 300 569
1584314421996 300 570
1584314424152 300 571
1584314426298 300 572
1584314428442 300 573
1584314430582 300 574
1584314432741 300 575
1584314434877 300 576
1584314437034 300 577
1584314439490 300 578
1584314441784 300 579
1584314443917 300 580
1584314446053 300 581
1584314448193 300 582
1584314450328 300 583
1584314452553 300 584
1584314455089 300 585
1584314457368 300 586
1584314459604 300 587
1584314461795 300 588
1584314464371 300 589
1584314466965 300 590
1584314469546 300 591
1584314472551 300 592
1584314474899 300 593
1584314477118 300 594
1584314479297 300 595
1584314481732 300 596
1584314484487 300 597
1584314487692 300 598
1584314489831 300 599
1584314492008 300 600
1584314494169 300 601
1584314496557 300 602
1584314499470 300 603
1584314502456 300 604
1584314505471 300 605
1584314508622 300 606
1584314511644 300 607
1584314514110 300 608
1584314516245 300 609
1584314518436 300 610
1584314520745 300 611
1584314522907 300 612
1584314525044 300 613
1584314527180 300 614
1584314529410 300 615
1584314531642 300 616
1584314533806 300 617
1584314536681 300 618
1584314539630 300 619
1584314542050 300 620
1584314544495 300 621
1584314547401 300 622
1584314549815 300 623
1584314551969 300 624
1584314554394 300 625
1584314556735 300 626
1584314558897 300 627
1584314561558 300 628
1584314564398 300 629
1584314566971 300 630
1584314569820 300 631
1584314573103 300 632
1584314575697 300 633
1584314578137 300 634
1584314580475 300 635
1584314582743 300 636
1584314585115 300 637
1584314587243 300 638
1584314589380 300 639
1584314591530 300 640
1584314593714 300 641
1584314595930 300 642
1584314598079 300 643
1584314600194 300 644
1584314602345 300 645
1584314604505 300 646
1584314606637 300 647
1584314608796 300 648
1584314610947 300 649
1584314613114 300 650
1584314615312 300 651
1584314617481 300 652
1584314619643 300 653
1584314621745 300 654
1584314623903 300 655
1584314626046 300 656
1584314628219 300 657
1584314630401 300 658
1584314632587 300 659
1584314634700 300 660
1584314636826 300 661
1584314638960 300 662
1584314641087 300 663
1584314643486 300 664
1584314645815 300 665
1584314647996 300 666
1584314650448 300 667
1584314653109 300 668
1584314655538 300 669
1584314657692 300 670
1584314659836 300 671
1584314661980 300 672
1584314664133 300 673
1584314666283 300 674
1584314668440 300 675
1584314670595 300 676
1584314672784 300 677
1584314675247 300 678
1584314677455 300 679
1584314679849 300 680
1584314682651 300 681
1584314684891 300 682
1584314687121 300 683
1584314689487 300 684
1584314691983 300 685
1584314694147 300 686
1584314696369 300 687
1584314698687 300 688
1584314700841 300 689
1584314703016 300 690
1584314705179 300 691
1584314707348 300 692
1584314709513 300 693
1584314711654 300 694
1584314713870 300 695
1584314716030 300 696
1584314718209 300 697
1584314720352 300 698
1584314722519 300 699
1584314724667 300 700
1584314726841 300 701
1584314728996 300 702
1584314731149 300 703
1584314733295 300 704
1584314735668 300 705
1584314737821 300 706
1584314740071 300 707
1584314742340 300 708
1584314744509 300 709
1584314746718 300 710
1584314748967 300 711
1584314751385 300 712
1584314753564 300 713
1584314755717 300 714
1584314757859 300 715
1584314760025 300 716
1584314762212 300 717
1584314764370 300 718
1584314766732 300 719
1584314769023 300 720
1584314771304 300 721
1584314773493 300 722
1584314775918 300 723
1584314778788 300 724
1584314781030 300 725
1584314783358 300 726
1584314785520 300 727
1584314787791 300 728
1584314789976 300 729
1584314792267 300 730
1584314794599 300 731
1584314796771 300 732
1584314798935 300 733
1584314801088 300 734
1584314803249 300 735
1584314805397 300 736
1584314807538 300 737
1584314809753 300 738
1584314811910 300 739
1584314814071 300 740
1584314816215 300 741
1584314818382 300 742
1584314820518 300 743
1584314822695 300 744
1584314824838 300 745
1584314826986 300 746
1584314829164 300 747
1584314831520 300 748
1584314833718 300 749
1584314835955 300 750
1584314838119 300 751
1584314840360 300 752
1584314842663 300 753
1584314844918 300 754
1584314847039 300 755
1584314849193 300 756
1584314851491 300 757
1584314853646 300 758
1584314855786 300 759
1584314857937 300 760
1584314860110 300 761
1584314862480 300 762
1584314864989 300 763
1584314867140 300 764
1584314869340 300 765
1584314871464 300 766
1584314873669 300 767
1584314876016 300 768
1584314878194 300 769
1584314880338 300 770
1584314882685 300 771
1584314884867 300 772
1584314887018 300 773
1584314889164 300 774
1584314891299 300 775
1584314893449 300 776
1584314895611 300 777
1584314897750 300 778
1584314899923 300 779
1584314902118 300 780
1584314904381 300 781
1584314906655 300 782
1584314908820 300 783
1584314910990 300 784
1584314913549 300 785
1584314915727 300 786
1584314918276 300 787
1584314920678 300 788
1584314922876 300 789
1584314925018 300 790
1584314927186 300 791
1584314929325 300 792
1584314931472 300 793
1584314933656 300 794
1584314936387 300 795
