1584313164872 0.0 1
1584313167568 2.0 2
1584313170423 0.0 3
1584313172870 1.0 4
1584313175217 -1.0 5
1584313177499 3.0 6
1584313179989 0.0 7
1584313182226 0.0 8
1584313184608 0.0 9
1584313186768 1.0 10
1584313189073 -1.0 11
1584313191266 1.0 12
1584313193628 1.0 13
1584313195834 -1.0 14
1584313197972 1.0 15
1584313200100 -1.0 16
1584313202309 1.0 17
1584313205052 1.0 18
1584313207540 -1.0 19
1584313209671 -1.0 20
1584313211785 -1.0 21
1584313214061 0.0 22
1584313216738 3.0 23
1584313219117 -1.0 24
1584313221307 0.0 25
1584313223489 -1.0 26
1584313225846 -1.0 27
1584313227962 -1.0 28
1584313230231 1.0 29
1584313232466 0.0 30
1584313234641 0.0 31
1584313236831 0.0 32
1584313238936 0.0 33
1584313241576 0.0 34
1584313244367 0.0 35
1584313246903 -1.0 36
1584313249329 1.0 37
1584313251650 0.0 38
1584313253763 0.0 39
1584313256035 0.0 40
1584313258239 1.0 41
1584313260383 0.0 42
1584313262506 1.0 43
1584313264631 3.0 44
1584313266757 -1.0 45
1584313268913 -1.0 46
1584313271040 0.0 47
1584313273154 -1.0 48
1584313275330 1.0 49
1584313277510 0.0 50
1584313279631 -1.0 51
1584313281770 1.0 52
1584313283883 5.0 53
1584313286253 -1.0 54
1584313288485 2.0 55
1584313290698 3.0 56
1584313292940 3.0 57
1584313295065 -1.0 58
1584313297178 1.0 59
1584313299287 1.0 60
1584313301401 1.0 61
1584313303523 1.0 62
1584313305832 4.0 63
1584313307967 0.0 64
1584313310064 0.0 65
1584313312233 0.0 66
1584313314462 2.0 67
1584313316641 3.0 68
1584313318834 2.0 69
1584313321075 2.0 70
1584313323204 3.0 71
1584313325325 0.0 72
1584313327703 -1.0 73
1584313329796 3.0 74
1584313332003 0.0 75
1584313334291 2.0 76
1584313336409 1.0 77
1584313338511 3.0 78
1584313340677 0.0 79
1584313342888 1.0 80
1584313345140 1.0 81
1584313347265 0.0 82
1584313349446 2.0 83
1584313351692 4.0 84
1584313353862 -1.0 85
1584313356078 3.0 86
1584313358429 0.0 87
1584313360682 3.0 88
1584313363012 1.0 89
1584313365229 0.0 90
1584313367454 0.0 91
1584313369660 6.0 92
1584313371824 1.0 93
1584313373940 -2.0 94
1584313376072 0.0 95
1584313378211 3.0 96
1584313380327 1.0 97
1584313382441 0.0 98
1584313384550 1.0 99
1584313386694 5.0 100
1584313388832 3.0 101
1584313390945 4.0 102
1584313393062 0.0 103
1584313395218 2.0 104
1584313397381 1.0 105
1584313399694 -1.0 106
1584313401829 4.0 107
1584313404123 2.0 108
1584313406360 3.0 109
1584313408489 2.0 110
1584313410775 0.0 111
1584313413011 6.0 112
1584313415137 1.0 113
1584313417308 2.0 114
1584313419541 4.0 115
1584313421783 0.0 116
1584313424468 2.0 117
1584313426583 2.0 118
1584313428720 4.0 119
1584313430886 5.0 120
1584313433081 3.0 121
1584313435346 1.0 122
1584313437484 0.0 123
1584313439626 1.0 124
1584313441759 4.0 125
1584313443883 2.0 126
1584313446003 1.0 127
1584313448154 5.0 128
1584313450325 2.0 129
1584313452437 1.0 130
1584313454649 5.0 131
1584313456785 4.0 132
1584313458912 4.0 133
1584313461029 5.0 134
1584313463154 0.0 135
1584313465274 3.0 136
1584313467399 -1.0 137
1584313469531 3.0 138
1584313471660 4.0 139
1584313473778 -1.0 140
1584313475962 4.0 141
1584313478099 5.0 142
1584313480237 2.0 143
1584313482378 9.0 144
1584313484533 4.0 145
1584313486734 5.0 146
1584313488937 0.0 147
1584313491178 3.0 148
1584313493453 2.0 149
1584313495604 1.0 150
1584313497737 2.0 151
1584313499897 0.0 152
1584313502145 2.0 153
1584313504506 7.0 154
1584313506647 6.0 155
1584313508808 2.0 156
1584313511023 5.0 157
1584313513241 5.0 158
1584313515576 1.0 159
1584313517797 1.0 160
1584313519961 6.0 161
1584313522119 5.0 162
1584313524222 -2.0 163
1584313526346 3.0 164
1584313528465 1.0 165
1584313530603 6.0 166
1584313532728 3.0 167
1584313535010 2.0 168
1584313537225 8.0 169
1584313539358 6.0 170
1584313541487 5.0 171
1584313543653 9.0 172
1584313545790 5.0 173
1584313547915 2.0 174
1584313550204 6.0 175
1584313552466 9.0 176
1584313554765 4.0 177
1584313556904 6.0 178
1584313559031 10.0 179
1584313561236 4.0 180
1584313563535 8.0 181
1584313565811 5.0 182
1584313568006 10.0 183
1584313570113 6.0 184
1584313572267 6.0 185
1584313574420 12.0 186
1584313576553 1.0 187
1584313578698 3.0 188
1584313580832 4.0 189
1584313582942 7.0 190
1584313585077 8.0 191
1584313587182 5.0 192
1584313589298 1.0 193
1584313591420 4.0 194
1584313593550 10.0 195
1584313595685 8.0 196
1584313597799 8.0 197
1584313599930 6.0 198
1584313602077 3.0 199
1584313604204 10.0 200
1584313606860 6.0 201
1584313609033 8.0 202
1584313611228 5.0 203
1584313613388 7.0 204
1584313615529 8.0 205
1584313618001 4.0 206
1584313620154 8.0 207
1584313622262 4.0 208
1584313624416 9.0 209
1584313626536 1.0 210
1584313628678 7.0 211
1584313630811 2.0 212
1584313632955 5.0 213
1584313635244 11.0 214
1584313637655 11.0 215
1584313639907 10.0 216
1584313642047 8.0 217
1584313644180 8.0 218
1584313646331 9.0 219
1584313648498 3.0 220
1584313650632 7.0 221
1584313652811 4.0 222
1584313655064 7.0 223
1584313657214 12.0 224
1584313659361 8.0 225
1584313661733 13.0 226
1584313664374 3.0 227
1584313666515 2.0 228
1584313668930 8.0 229
1584313671245 9.0 230
1584313673499 6.0 231
1584313675647 8.0 232
1584313677938 7.0 233
1584313680095 13.0 234
1584313682210 5.0 235
1584313684347 5.0 236
1584313686494 12.0 237
1584313688659 8.0 238
1584313690787 6.0 239
1584313692918 7.0 240
1584313695044 9.0 241
1584313697187 13.0 242
1584313699315 5.0 243
1584313701447 8.0 244
1584313703603 9.0 245
1584313705755 10.0 246
1584313707925 6.0 247
1584313710052 12.0 248
1584313712172 10.0 249
1584313714662 10.0 250
1584313716806 10.0 251
1584313718939 9.0 252
1584313721081 7.0 253
1584313723350 7.0 254
1584313725468 3.0 255
1584313727610 7.0 256
1584313729742 8.0 257
1584313731947 11.0 258
1584313734284 3.0 259
1584313736512 8.0 260
1584313738853 11.0 261
1584313741104 11.0 262
1584313743355 16.0 263
1584313745644 7.0 264
1584313747812 10.0 265
1584313749961 8.0 266
1584313752216 6.0 267
1584313754827 10.0 268
1584313757104 12.0 269
1584313759436 8.0 270
1584313761589 11.0 271
1584313763708 12.0 272
1584313765859 10.0 273
1584313767987 15.0 274
1584313770141 10.0 275
1584313772268 18.0 276
1584313774456 6.0 277
1584313776607 6.0 278
1584313778750 10.0 279
1584313780900 9.0 280
1584313783033 5.0 281
1584313785175 14.0 282
1584313787301 6.0 283
1584313789418 4.0 284
1584313791589 9.0 285
1584313793732 9.0 286
1584313795901 9.0 287
1584313798054 15.0 288
1584313800247 9.0 289
1584313802384 9.0 290
1584313804552 8.0 291
1584313806703 17.0 292
1584313808842 13.0 293
1584313811160 12.0 294
1584313813314 12.0 295
1584313815443 10.0 296
1584313817568 10.0 297
1584313819690 6.0 298
1584313821828 5.0 299
1584313823948 14.0 300
1584313826070 6.0 301
1584313828208 6.0 302
1584313830371 8.0 303
1584313832519 8.0 304
1584313834678 12.0 305
1584313837246 12.0 306
1584313839484 15.0 307
1584313841709 11.0 308
1584313843993 7.0 309
1584313846166 10.0 310
1584313848582 8.0 311
1584313850724 15.0 312
1584313853048 12.0 313
1584313855204 5.0 314
1584313857363 8.0 315
1584313859562 9.0 316
1584313861703 11.0 317
1584313863842 10.0 318
1584313865962 7.0 319
1584313868098 18.0 320
1584313870226 11.0 321
1584313872416 8.0 322
1584313874628 11.0 323
1584313876780 13.0 324
1584313878968 11.0 325
1584313881137 15.0 326
1584313883299 8.0 327
1584313885443 12.0 328
1584313887584 13.0 329
1584313889713 10.0 330
1584313891875 6.0 331
1584313894017 19.0 332
1584313896579 7.0 333
1584313898803 12.0 334
1584313901120 13.0 335
1584313903285 12.0 336
1584313905719 9.0 337
1584313908170 12.0 338
1584313910351 15.0 339
1584313912693 5.0 340
1584313914971 11.0 341
1584313917106 7.0 342
1584313919260 11.0 343
1584313921413 10.0 344
1584313923622 7.0 345
1584313925760 8.0 346
1584313927930 17.0 347
1584313930087 9.0 348
1584313932239 15.0 349
1584313934415 11.0 350
1584313936570 9.0 351
1584313938751 6.0 352
1584313940911 11.0 353
1584313943078 7.0 354
1584313945240 11.0 355
1584313947375 10.0 356
1584313949519 21.0 357
1584313951658 13.0 358
1584313953829 14.0 359
1584313956310 11.0 360
1584313958870 11.0 361
1584313961075 14.0 362
1584313963471 10.0 363
1584313966295 11.0 364
1584313968768 12.0 365
1584313970912 12.0 366
1584313973109 15.0 367
1584313975277 9.0 368
1584313977435 10.0 369
1584313979601 12.0 370
1584313981753 6.0 371
1584313983929 9.0 372
1584313986077 11.0 373
1584313988241 16.0 374
1584313990400 10.0 375
1584313992564 17.0 376
1584313994798 6.0 377
1584313996975 3.0 378
1584313999303 13.0 379
1584314001584 10.0 380
1584314004255 10.0 381
1584314006399 12.0 382
1584314008568 9.0 383
1584314010713 11.0 384
1584314012865 17.0 385
1584314015051 18.0 386
1584314017207 12.0 387
1584314019344 7.0 388
1584314021483 3.0 389
1584314023642 13.0 390
1584314025849 12.0 391
1584314028002 11.0 392
1584314030150 5.0 393
1584314032322 12.0 394
1584314034511 16.0 395
1584314036664 8.0 396
1584314038831 15.0 397
1584314040969 11.0 398
1584314043121 12.0 399
1584314045269 9.0 400
1584314047434 15.0 401
1584314049600 9.0 402
1584314051741 15.0 403
1584314053919 10.0 404
1584314056070 13.0 405
1584314058220 14.0 406
1584314060363 12.0 407
1584314062517 14.0 408
1584314064685 8.0 409
1584314066842 11.0 410
1584314068988 12.0 411
1584314071129 12.0 412
1584314073505 9.0 413
1584314075793 13.0 414
1584314077994 4.0 415
1584314080445 8.0 416
1584314082658 14.0 417
1584314084852 15.0 418
1584314086993 12.0 419
1584314089152 14.0 420
1584314091295 6.0 421
1584314093430 14.0 422
1584314095649 14.0 423
1584314097809 14.0 424
1584314100149 14.0 425
1584314102308 8.0 426
1584314104471 10.0 427
1584314106777 15.0 428
1584314108931 17.0 429
1584314111125 13.0 430
1584314113499 19.0 431
1584314115846 12.0 432
1584314118238 16.0 433
1584314120504 12.0 434
1584314122984 13.0 435
1584314125331 24.0 436
1584314127576 10.0 437
1584314129735 15.0 438
1584314131989 17.0 439
1584314134126 10.0 440
1584314136278 10.0 441
1584314138466 15.0 442
1584314140633 9.0 443
1584314142793 16.0 444
1584314144959 16.0 445
1584314147126 22.0 446
1584314149263 14.0 447
1584314151418 15.0 448
1584314153595 12.0 449
1584314155735 14.0 450
1584314157899 9.0 451
1584314160060 17.0 452
1584314162301 15.0 453
1584314164461 11.0 454
1584314166603 17.0 455
1584314168766 7.0 456
1584314170944 8.0 457
1584314173492 11.0 458
1584314175677 17.0 459
1584314178001 23.0 460
1584314180279 12.0 461
1584314182417 12.0 462
1584314184565 15.0 463
1584314186729 17.0 464
1584314188889 10.0 465
1584314191058 12.0 466
1584314193221 11.0 467
1584314195361 10.0 468
1584314197709 10.0 469
1584314199905 15.0 470
1584314202051 17.0 471
1584314204190 16.0 472
1584314206365 11.0 473
1584314208524 14.0 474
1584314210666 16.0 475
1584314212862 12.0 476
1584314214999 13.0 477
1584314217168 12.0 478
1584314219328 10.0 479
1584314221492 17.0 480
1584314223653 11.0 481
1584314226013 12.0 482
1584314228280 14.0 483
1584314230612 7.0 484
1584314232865 19.0 485
1584314235114 15.0 486
1584314237309 13.0 487
1584314239482 11.0 488
1584314241657 16.0 489
1584314243794 7.0 490
1584314245964 12.0 491
1584314248106 14.0 492
1584314250518 16.0 493
1584314252703 19.0 494
1584314254897 15.0 495
1584314257069 14.0 496
1584314259331 11.0 497
1584314261717 13.0 498
1584314263942 19.0 499
1584314266076 16.0 500
1584314268228 4.0 501
1584314270390 9.0 502
1584314272560 15.0 503
1584314274718 15.0 504
1584314276954 11.0 505
1584314279313 11.0 506
1584314281577 10.0 507
1584314283759 15.0 508
1584314285964 14.0 509
1584314288367 13.0 510
1584314290550 17.0 511
1584314292751 8.0 512
1584314295085 15.0 513
1584314297220 21.0 514
1584314299380 14.0 515
1584314301527 16.0 516
1584314303943 20.0 517
1584314306111 9.0 518
1584314308318 7.0 519
1584314310807 13.0 520
1584314313060 16.0 521
1584314315255 11.0 522
1584314317659 18.0 523
1584314320031 15.0 524
1584314322323 20.0 525
1584314324783 12.0 526
1584314326969 17.0 527
1584314329382 13.0 528
1584314331625 21.0 529
1584314334022 12.0 530
1584314336264 17.0 531
1584314338500 10.0 532
1584314340801 14.0 533
1584314342970 18.0 534
1584314345116 9.0 535
1584314347240 11.0 536
1584314349401 11.0 537
1584314351556 20.0 538
1584314353823 17.0 539
1584314356171 15.0 540
1584314358408 13.0 541
1584314360557 13.0 542
1584314362694 14.0 543
1584314364911 16.0 544
1584314367052 19.0 545
1584314369203 19.0 546
1584314371357 13.0 547
1584314373509 18.0 548
1584314375693 4.0 549
1584314377884 14.0 550
1584314380060 10.0 551
1584314382214 15.0 552
1584314384387 19.0 553
1584314386540 10.0 554
1584314388699 15.0 555
1584314391305 12.0 556
1584314393664 5.0 557
1584314395923 10.0 558
1584314398107 21.0 559
1584314400265 13.0 560
1584314402431 10.0 561
1584314404575 18.0 562
1584314406722 12.0 563
1584314408870 19.0 564
1584314411040 14.0 565
1584314413171 18.0 566
1584314415312 18.0 567
1584314417493 15.0 568
1584314419648 13.0 569
1584314421996 8.0 570
1584314424152 15.0 571
1584314426298 16.0 572
1584314428442 15.0 573
1584314430582 16.0 574
1584314432741 17.0 575
1584314434877 18.0 576
1584314437034 15.0 577
1584314439490 14.0 578
1584314441784 10.0 579
1584314443917 13.0 580
1584314446053 18.0 581
1584314448193 17.0 582
1584314450328 15.0 583
1584314452553 9.0 584
1584314455089 22.0 585
1584314457368 15.0 586
1584314459604 12.0 587
1584314461795 21.0 588
1584314464371 15.0 589
1584314466965 16.0 590
1584314469546 12.0 591
1584314472551 18.0 592
1584314474899 15.0 593
1584314477118 19.0 594
1584314479297 8.0 595
1584314481732 14.0 596
1584314484487 16.0 597
1584314487692 15.0 598
1584314489831 10.0 599
1584314492008 20.0 600
1584314494169 13.0 601
1584314496557 18.0 602
1584314499470 10.0 603
1584314502456 20.0 604
1584314505471 16.0 605
1584314508622 14.0 606
1584314511644 16.0 607
1584314514110 13.0 608
1584314516245 14.0 609
1584314518436 20.0 610
1584314520745 14.0 611
1584314522907 14.0 612
1584314525044 13.0 613
1584314527180 15.0 614
1584314529410 21.0 615
1584314531642 10.0 616
1584314533806 12.0 617
1584314536681 11.0 618
1584314539630 14.0 619
1584314542050 17.0 620
1584314544495 19.0 621
1584314547401 12.0 622
1584314549815 11.0 623
1584314551969 11.0 624
1584314554394 16.0 625
1584314556735 17.0 626
1584314558897 13.0 627
1584314561558 12.0 628
1584314564398 15.0 629
1584314566971 9.0 630
1584314569820 18.0 631
1584314573103 22.0 632
1584314575697 17.0 633
1584314578137 17.0 634
1584314580475 15.0 635
1584314582743 12.0 636
1584314585115 17.0 637
1584314587243 12.0 638
1584314589380 11.0 639
1584314591530 22.0 640
1584314593714 24.0 641
1584314595930 12.0 642
1584314598079 14.0 643
1584314600194 19.0 644
1584314602345 13.0 645
1584314604505 19.0 646
1584314606637 16.0 647
1584314608796 15.0 648
1584314610947 16.0 649
1584314613114 17.0 650
1584314615312 7.0 651
1584314617481 16.0 652
1584314619643 16.0 653
1584314621745 12.0 654
1584314623903 10.0 655
1584314626046 8.0 656
1584314628219 15.0 657
1584314630401 19.0 658
1584314632587 15.0 659
1584314634700 19.0 660
1584314636826 13.0 661
1584314638960 16.0 662
1584314641087 18.0 663
1584314643486 20.0 664
1584314645815 16.0 665
1584314647996 14.0 666
1584314650448 14.0 667
1584314653109 10.0 668
1584314655538 16.0 669
1584314657692 15.0 670
1584314659836 16.0 671
1584314661980 16.0 672
1584314664133 9.0 673
1584314666283 16.0 674
1584314668440 19.0 675
1584314670595 14.0 676
1584314672784 20.0 677
1584314675247 25.0 678
1584314677455 12.0 679
1584314679849 15.0 680
1584314682651 15.0 681
1584314684891 11.0 682
1584314687121 16.0 683
1584314689487 7.0 684
1584314691983 17.0 685
1584314694147 18.0 686
1584314696369 16.0 687
1584314698687 16.0 688
1584314700841 16.0 689
1584314703016 19.0 690
1584314705179 12.0 691
1584314707348 21.0 692
1584314709513 21.0 693
1584314711654 16.0 694
1584314713870 20.0 695
1584314716030 15.0 696
1584314718209 12.0 697
1584314720352 19.0 698
1584314722519 21.0 699
1584314724667 23.0 700
1584314726841 10.0 701
1584314728996 18.0 702
1584314731149 17.0 703
1584314733295 9.0 704
1584314735668 17.0 705
1584314737821 14.0 706
1584314740071 12.0 707
1584314742340 21.0 708
1584314744509 8.0 709
1584314746718 17.0 710
1584314748967 21.0 711
1584314751385 19.0 712
1584314753564 15.0 713
1584314755717 17.0 714
1584314757859 17.0 715
1584314760025 13.0 716
1584314762212 13.0 717
1584314764370 19.0 718
1584314766732 18.0 719
1584314769023 16.0 720
1584314771304 20.0 721
1584314773493 12.0 722
1584314775918 14.0 723
1584314778788 20.0 724
1584314781030 23.0 725
1584314783358 16.0 726
1584314785520 17.0 727
1584314787791 16.0 728
1584314789976 17.0 729
1584314792267 10.0 730
1584314794599 15.0 731
1584314796771 17.0 732
1584314798935 12.0 733
1584314801088 11.0 734
1584314803249 11.0 735
1584314805397 18.0 736
1584314807538 14.0 737
1584314809753 17.0 738
1584314811910 15.0 739
1584314814071 16.0 740
1584314816215 14.0 741
1584314818382 17.0 742
1584314820518 18.0 743
1584314822695 18.0 744
1584314824838 5.0 745
1584314826986 11.0 746
1584314829164 11.0 747
1584314831520 17.0 748
1584314833718 8.0 749
1584314835955 13.0 750
1584314838119 19.0 751
1584314840360 15.0 752
1584314842663 14.0 753
1584314844918 18.0 754
1584314847039 13.0 755
1584314849193 14.0 756
1584314851491 21.0 757
1584314853646 16.0 758
1584314855786 21.0 759
1584314857937 16.0 760
1584314860110 19.0 761
1584314862480 24.0 762
1584314864989 12.0 763
1584314867140 9.0 764
1584314869340 18.0 765
1584314871464 17.0 766
1584314873669 18.0 767
1584314876016 15.0 768
1584314878194 19.0 769
1584314880338 17.0 770
1584314882685 20.0 771
1584314884867 12.0 772
1584314887018 15.0 773
1584314889164 13.0 774
1584314891299 12.0 775
1584314893449 9.0 776
1584314895611 13.0 777
1584314897750 11.0 778
1584314899923 12.0 779
1584314902118 16.0 780
1584314904381 17.0 781
1584314906655 17.0 782
1584314908820 13.0 783
1584314910990 14.0 784
1584314913549 13.0 785
1584314915727 16.0 786
1584314918276 17.0 787
1584314920678 14.0 788
1584314922876 19.0 789
1584314925018 9.0 790
1584314927186 13.0 791
1584314929325 13.0 792
1584314931472 7.0 793
1584314933656 17.0 794
1584314936387 13.0 795
