1584272112301 1 1
1584272114576 1 2
1584272117588 1 3
1584272120395 1 4
1584272123139 1 5
1584272126049 1 6
1584272128929 1 7
1584272131569 1 8
1584272133903 1 9
1584272136120 1 10
1584272138286 1 11
1584272140440 1 12
1584272142584 1 13
1584272144794 1 14
1584272146936 1 15
1584272149149 1 16
1584272151299 1 17
1584272153433 1 18
1584272155669 1 19
1584272157791 1 20
1584272159912 1 21
1584272162034 1 22
1584272164330 1 23
1584272166917 1 24
1584272169632 1 25
1584272171744 1 26
1584272174437 1 27
1584272176632 1 28
1584272178746 1 29
1584272180902 1 30
1584272183043 1 31
1584272185242 1 32
1584272187346 1 33
1584272189494 1 34
1584272191677 1 35
1584272193807 1 36
1584272195942 1 37
1584272198108 1 38
1584272200251 1 39
1584272202367 1 40
1584272204514 1 41
1584272206672 1 42
1584272208788 1 43
1584272210934 1 44
1584272213063 1 45
1584272216221 1 46
1584272219630 1 47
1584272222155 1 48
1584272224975 1 49
1584272227472 1 50
1584272230327 1 51
1584272232723 1 52
1584272234861 1 53
1584272237010 1 54
1584272239173 1 55
1584272241334 1 56
1584272243473 1 57
1584272245644 1 58
1584272247789 1 59
1584272249949 1 60
1584272252193 1 61
1584272254327 1 62
1584272256454 1 63
1584272258673 1 64
1584272260808 1 65
