1584272112301 1 1
1584272114576 0.995 2
1584272117588 0.990025 3
1584272120395 0.985074875 4
1584272123139 0.9801495006250001 5
1584272126049 0.9752487531218751 6
1584272128929 0.9703725093562657 7
1584272131569 0.9655206468094844 8
1584272133903 0.960693043575437 9
1584272136120 0.9558895783575597 10
1584272138286 0.9511101304657719 11
1584272140440 0.946354579813443 12
1584272142584 0.9416228069143757 13
1584272144794 0.9369146928798039 14
1584272146936 0.9322301194154049 15
1584272149149 0.9275689688183278 16
1584272151299 0.9229311239742362 17
1584272153433 0.918316468354365 18
1584272155669 0.9137248860125932 19
1584272157791 0.9091562615825302 20
1584272159912 0.9046104802746175 21
1584272162034 0.9000874278732445 22
1584272164330 0.8955869907338783 23
1584272166917 0.8911090557802088 24
1584272169632 0.8866535105013078 25
1584272171744 0.8822202429488013 26
1584272174437 0.8778091417340573 27
1584272176632 0.8734200960253871 28
1584272178746 0.8690529955452602 29
1584272180902 0.8647077305675338 30
1584272183043 0.8603841919146962 31
1584272185242 0.8560822709551227 32
1584272187346 0.851801859600347 33
1584272189494 0.8475428503023453 34
1584272191677 0.8433051360508336 35
1584272193807 0.8390886103705794 36
1584272195942 0.8348931673187264 37
1584272198108 0.8307187014821328 38
1584272200251 0.8265651079747222 39
1584272202367 0.8224322824348486 40
1584272204514 0.8183201210226743 41
1584272206672 0.8142285204175609 42
1584272208788 0.810157377815473 43
1584272210934 0.8061065909263957 44
1584272213063 0.8020760579717637 45
1584272216221 0.798065677681905 46
1584272219630 0.7940753492934954 47
1584272222155 0.7901049725470279 48
1584272224975 0.7861544476842928 49
1584272227472 0.7822236754458713 50
1584272230327 0.778312557068642 51
1584272232723 0.7744209942832988 52
1584272234861 0.7705488893118823 53
1584272237010 0.7666961448653229 54
1584272239173 0.7628626641409962 55
1584272241334 0.7590483508202912 56
1584272243473 0.7552531090661897 57
1584272245644 0.7514768435208588 58
1584272247789 0.7477194593032545 59
1584272249949 0.7439808620067382 60
1584272252193 0.7402609576967045 61
1584272254327 0.736559652908221 62
1584272256454 0.7328768546436799 63
1584272258673 0.7292124703704616 64
1584272260808 0.7255664080186093 65
