1584272112301 300 1
1584272114576 300 2
1584272117588 300 3
1584272120395 300 4
1584272123139 300 5
1584272126049 300 6
1584272128929 300 7
1584272131569 300 8
1584272133903 300 9
1584272136120 300 10
1584272138286 300 11
1584272140440 300 12
1584272142584 300 13
1584272144794 300 14
1584272146936 300 15
1584272149149 300 16
1584272151299 300 17
1584272153433 300 18
1584272155669 300 19
1584272157791 300 20
1584272159912 300 21
1584272162034 300 22
1584272164330 300 23
1584272166917 300 24
1584272169632 300 25
1584272171744 300 26
1584272174437 300 27
1584272176632 300 28
1584272178746 300 29
1584272180902 300 30
1584272183043 300 31
1584272185242 300 32
1584272187346 300 33
1584272189494 300 34
1584272191677 300 35
1584272193807 300 36
1584272195942 300 37
1584272198108 300 38
1584272200251 300 39
1584272202367 300 40
1584272204514 300 41
1584272206672 300 42
1584272208788 300 43
1584272210934 300 44
1584272213063 300 45
1584272216221 300 46
1584272219630 300 47
1584272222155 300 48
1584272224975 300 49
1584272227472 300 50
1584272230327 300 51
1584272232723 300 52
1584272234861 300 53
1584272237010 300 54
1584272239173 300 55
1584272241334 300 56
1584272243473 300 57
1584272245644 300 58
1584272247789 300 59
1584272249949 300 60
1584272252193 300 61
1584272254327 300 62
1584272256454 300 63
1584272258673 300 64
1584272260808 300 65
