1584272112301 0.0 1
1584272114576 1.0 2
1584272117588 0.0 3
1584272120395 0.0 4
1584272123139 0.0 5
1584272126049 1.0 6
1584272128929 -1.0 7
1584272131569 -2.0 8
1584272133903 0.0 9
1584272136120 2.0 10
1584272138286 1.0 11
1584272140440 0.0 12
1584272142584 0.0 13
1584272144794 0.0 14
1584272146936 0.0 15
1584272149149 -2.0 16
1584272151299 -1.0 17
1584272153433 0.0 18
1584272155669 0.0 19
1584272157791 0.0 20
1584272159912 1.0 21
1584272162034 0.0 22
1584272164330 1.0 23
1584272166917 1.0 24
1584272169632 0.0 25
1584272171744 0.0 26
1584272174437 0.0 27
1584272176632 0.0 28
1584272178746 1.0 29
1584272180902 1.0 30
1584272183043 -2.0 31
1584272185242 0.0 32
1584272187346 2.0 33
1584272189494 0.0 34
1584272191677 0.0 35
1584272193807 0.0 36
1584272195942 0.0 37
1584272198108 0.0 38
1584272200251 1.0 39
1584272202367 -1.0 40
1584272204514 -1.0 41
1584272206672 0.0 42
1584272208788 0.0 43
1584272210934 1.0 44
1584272213063 1.0 45
1584272216221 -2.0 46
1584272219630 2.0 47
1584272222155 0.0 48
1584272224975 2.0 49
1584272227472 0.0 50
1584272230327 0.0 51
1584272232723 -1.0 52
1584272234861 -2.0 53
1584272237010 0.0 54
1584272239173 0.0 55
1584272241334 0.0 56
1584272243473 1.0 57
1584272245644 -3.0 58
1584272247789 1.0 59
1584272249949 0.0 60
1584272252193 2.0 61
1584272254327 0.0 62
1584272256454 1.0 63
1584272258673 2.0 64
1584272260808 2.0 65
