1584562501977 1 1
1584562504151 1 2
1584562506348 1 3
1584562508547 1 4
1584562510707 1 5
1584562512918 1 6
1584562515108 1 7
1584562517292 1 8
1584562519464 1 9
1584562521636 1 10
1584562523768 1 11
1584562525995 1 12
1584562528149 1 13
1584562530319 1 14
1584562532475 1 15
1584562534647 1 16
1584562536831 1 17
1584562539016 1 18
1584562541184 1 19
1584562543342 1 20
1584562545495 1 21
1584562547698 1 22
1584562549903 1 23
1584562552041 1 24
1584562554477 1 25
1584562557743 1 26
1584562562234 1 27
1584562564583 1 28
1584562566834 1 29
1584562570231 1 30
1584562572899 1 31
1584562575220 1 32
1584562577444 1 33
1584562579574 1 34
1584562581815 1 35
1584562584087 1 36
1584562586862 1 37
1584562589020 1 38
1584562591423 1 39
1584562593823 1 40
1584562596126 1 41
1584562598289 1 42
1584562600420 1 43
1584562602549 1 44
1584562604690 1 45
1584562606922 1 46
1584562609279 1 47
1584562612233 1 48
1584562614486 1 49
1584562617547 1 50
1584562621279 1 51
1584562624450 1 52
1584562628844 1 53
1584562632402 1 54
1584562635021 1 55
1584562637134 1 56
1584562639487 1 57
1584562641950 1 58
1584562644281 1 59
1584562646397 1 60
1584562648496 1 61
1584562650874 1 62
1584562653730 1 63
1584562657021 1 64
1584562660267 1 65
1584562662751 1 66
1584562665406 1 67
1584562668885 1 68
1584562671134 1 69
1584562674193 1 70
1584562676965 1 71
1584562680030 1 72
1584562682239 1 73
1584562684437 1 74
1584562686651 1 75
1584562689309 1 76
1584562692106 1 77
1584562695703 1 78
1584562699452 1 79
1584562701652 1 80
1584562703755 1 81
1584562705903 1 82
1584562708255 1 83
1584562710400 1 84
1584562712901 1 85
1584562715045 1 86
1584562717173 1 87
1584562719338 1 88
1584562721812 1 89
1584562724154 1 90
1584562726466 1 91
1584562729447 1 92
1584562732423 1 93
1584562734659 1 94
1584562736874 1 95
1584562739095 1 96
1584562741302 1 97
1584562743467 1 98
1584562745689 1 99
1584562748031 1 100
1584562750611 1 101
1584562752883 1 102
1584562755147 1 103
1584562757471 1 104
1584562759852 1 105
1584562761949 1 106
1584562764292 1 107
1584562766463 1 108
1584562768771 1 109
1584562771747 1 110
1584562774242 1 111
1584562776649 1 112
1584562779005 1 113
1584562781280 1 114
1584562783770 1 115
1584562786138 1 116
1584562788850 1 117
1584562791307 1 118
1584562793908 1 119
1584562796485 1 120
1584562798660 1 121
1584562800833 1 122
1584562802973 1 123
1584562805185 1 124
1584562807749 1 125
1584562810053 1 126
1584562812720 1 127
1584562815081 1 128
1584562817273 1 129
1584562819500 1 130
1584562821781 1 131
1584562825142 1 132
1584562827901 1 133
1584562830801 1 134
1584562832898 1 135
1584562835011 1 136
1584562837147 1 137
1584562839307 1 138
1584562841485 1 139
1584562843685 1 140
1584562845840 1 141
1584562848001 1 142
1584562850117 1 143
1584562852238 1 144
1584562854398 1 145
1584562856544 1 146
1584562858674 1 147
1584562860880 1 148
1584562863036 1 149
1584562865176 1 150
1584562867340 1 151
1584562869481 1 152
1584562871607 1 153
1584562873758 1 154
1584562875886 1 155
1584562878002 1 156
1584562880160 1 157
1584562882299 1 158
1584562884478 1 159
1584562886602 1 160
1584562888763 1 161
1584562890916 1 162
1584562893116 1 163
1584562895249 1 164
1584562897400 1 165
1584562899555 1 166
1584562901660 1 167
1584562903814 1 168
1584562905915 1 169
1584562908043 1 170
1584562910195 1 171
1584562912410 1 172
1584562914690 1 173
1584562916844 1 174
1584562918975 1 175
1584562921124 1 176
1584562923434 1 177
1584562925618 1 178
1584562927753 1 179
1584562929872 1 180
1584562932095 1 181
1584562934527 1 182
1584562936825 1 183
1584562939208 1 184
1584562941328 1 185
1584562943433 1 186
1584562945608 1 187
1584562947748 1 188
1584562949901 1 189
1584562952101 1 190
1584562954278 1 191
1584562956412 1 192
1584562958614 1 193
1584562960734 1 194
1584562962923 1 195
1584562965247 1 196
1584562967394 1 197
1584562969521 1 198
1584562971643 1 199
1584562973803 1 200
1584562976045 1 201
1584562978216 1 202
1584562980393 1 203
1584562982558 1 204
1584562984714 1 205
1584562986843 1 206
1584562989011 1 207
1584562991179 1 208
1584562993332 1 209
1584562995460 1 210
1584562997611 1 211
1584562999843 1 212
1584563001987 1 213
1584563004151 1 214
1584563006306 1 215
1584563008486 1 216
1584563010587 1 217
1584563012709 1 218
1584563014808 1 219
1584563016940 1 220
1584563019100 1 221
1584563021238 1 222
1584563023353 1 223
1584563025479 1 224
1584563027678 1 225
1584563029838 1 226
1584563031967 1 227
1584563034111 1 228
1584563036284 1 229
1584563038406 1 230
1584563040527 1 231
1584563042693 1 232
1584563044841 1 233
1584563046984 1 234
1584563049111 1 235
1584563051246 1 236
1584563053401 1 237
1584563055667 1 238
1584563057825 1 239
1584563059955 1 240
1584563062096 1 241
1584563064206 1 242
1584563066360 1 243
1584563068494 1 244
1584563070709 1 245
1584563072845 1 246
1584563074968 1 247
1584563077087 1 248
1584563079259 1 249
1584563081459 1 250
1584563083622 1 251
1584563085890 1 252
1584563088104 1 253
1584563090328 1 254
1584563092452 1 255
1584563094565 1 256
1584563096753 1 257
1584563098899 1 258
1584563101066 1 259
1584563103205 1 260
1584563105322 1 261
1584563107465 1 262
1584563109611 1 263
1584563111770 1 264
1584563113905 1 265
1584563116073 1 266
1584563118204 1 267
1584563120321 1 268
1584563122453 1 269
1584563124607 1 270
1584563126802 1 271
1584563128973 1 272
1584563131210 1 273
1584563133371 1 274
1584563135576 1 275
1584563137750 1 276
1584563139963 1 277
1584563142137 1 278
1584563144346 1 279
1584563146527 1 280
1584563148718 1 281
1584563150934 1 282
1584563153140 1 283
1584563155356 1 284
1584563157502 1 285
1584563159667 1 286
1584563161883 1 287
1584563164066 1 288
1584563166265 1 289
1584563168454 1 290
1584563170641 1 291
1584563172833 1 292
1584563174995 1 293
1584563177162 1 294
1584563179358 1 295
1584563181524 1 296
1584563183704 1 297
1584563185860 1 298
1584563188038 1 299
1584563190245 1 300
1584563192510 1 301
1584563194676 1 302
1584563196862 1 303
1584563199013 1 304
1584563201150 1 305
1584563203316 1 306
1584563205523 1 307
1584563207730 1 308
1584563209981 1 309
1584563212149 1 310
1584563214302 1 311
1584563216524 1 312
1584563218752 1 313
1584563220930 1 314
1584563223144 1 315
1584563225335 1 316
1584563227500 1 317
1584563229676 1 318
1584563231880 1 319
1584563234078 1 320
1584563236285 1 321
1584563238494 1 322
1584563240690 1 323
1584563242890 1 324
1584563245081 1 325
1584563247319 1 326
1584563249539 1 327
1584563251745 1 328
1584563253947 1 329
1584563256142 1 330
1584563258283 1 331
1584563260470 1 332
1584563262721 1 333
1584563265003 1 334
1584563267262 1 335
1584563269452 1 336
1584563271624 1 337
1584563273825 1 338
1584563276048 1 339
1584563278268 1 340
1584563280482 1 341
1584563282658 1 342
1584563284820 1 343
1584563286999 1 344
1584563289219 1 345
1584563291399 1 346
1584563293570 1 347
1584563295726 1 348
1584563297905 1 349
1584563300099 1 350
1584563302297 1 351
1584563304508 1 352
1584563306692 1 353
1584563308951 1 354
1584563311122 1 355
1584563313283 1 356
1584563315487 1 357
1584563317663 1 358
1584563319894 1 359
1584563322093 1 360
1584563324267 1 361
1584563326447 1 362
1584563328664 1 363
1584563330969 1 364
1584563333225 1 365
1584563335422 1 366
1584563337610 1 367
1584563339828 1 368
1584563342000 1 369
1584563344193 1 370
1584563346388 1 371
1584563348533 1 372
1584563350780 1 373
1584563352931 1 374
1584563355146 1 375
1584563357329 1 376
1584563359535 1 377
1584563361724 1 378
1584563363941 1 379
1584563366171 1 380
1584563368357 1 381
1584563370571 1 382
1584563372752 1 383
1584563374941 1 384
1584563377125 1 385
1584563379305 1 386
1584563381521 1 387
1584563383712 1 388
1584563385897 1 389
1584563388073 1 390
1584563390240 1 391
1584563392406 1 392
1584563394559 1 393
1584563396784 1 394
1584563398969 1 395
1584563401216 1 396
1584563403462 1 397
1584563405642 1 398
1584563407820 1 399
1584563410000 1 400
1584563412376 1 401
1584563414577 1 402
1584563416778 1 403
1584563418970 1 404
1584563421138 1 405
1584563423360 1 406
1584563425549 1 407
1584563427733 1 408
1584563429915 1 409
1584563432110 1 410
1584563434300 1 411
1584563436534 1 412
1584563438714 1 413
1584563440951 1 414
1584563443109 1 415
1584563445490 1 416
1584563447690 1 417
1584563449863 1 418
1584563452047 1 419
1584563454243 1 420
1584563456438 1 421
1584563458602 1 422
1584563460802 1 423
1584563463007 1 424
1584563465174 1 425
1584563467396 1 426
1584563469594 1 427
1584563471763 1 428
1584563473962 1 429
1584563476131 1 430
1584563478316 1 431
1584563480514 1 432
1584563482706 1 433
1584563484919 1 434
1584563487120 1 435
1584563489282 1 436
1584563491466 1 437
1584563493684 1 438
1584563495930 1 439
1584563498113 1 440
1584563500291 1 441
1584563502450 1 442
1584563504622 1 443
1584563506775 1 444
1584563508980 1 445
1584563511174 1 446
1584563513349 1 447
1584563515514 1 448
1584563517674 1 449
1584563519883 1 450
1584563522097 1 451
1584563524297 1 452
1584563526471 1 453
1584563528648 1 454
1584563530830 1 455
1584563533017 1 456
1584563535197 1 457
1584563537418 1 458
1584563539613 1 459
1584563541793 1 460
1584563543994 1 461
1584563546205 1 462
1584563548416 1 463
1584563550623 1 464
1584563552808 1 465
1584563554990 1 466
1584563557165 1 467
1584563559334 1 468
1584563561503 1 469
1584563563672 1 470
1584563565824 1 471
1584563568013 1 472
1584563570281 1 473
1584563572470 1 474
1584563574651 1 475
1584563576841 1 476
1584563579016 1 477
1584563581229 1 478
1584563583439 1 479
1584563585602 1 480
1584563587784 1 481
1584563590036 1 482
1584563592229 1 483
1584563594395 1 484
1584563596587 1 485
1584563598743 1 486
1584563600907 1 487
1584563603075 1 488
1584563605239 1 489
1584563607410 1 490
1584563609567 1 491
1584563611703 1 492
1584563613870 1 493
1584563616032 1 494
1584563618215 1 495
1584563620378 1 496
1584563622578 1 497
1584563624728 1 498
1584563626910 1 499
1584563629088 1 500
1584563631310 1 501
1584563633502 1 502
1584563635718 1 503
1584563637951 1 504
1584563640178 1 505
1584563642368 1 506
1584563644578 1 507
1584563646757 1 508
1584563648929 1 509
1584563651073 1 510
1584563653236 1 511
1584563655410 1 512
1584563657613 1 513
1584563659816 1 514
1584563662477 1 515
1584563664922 1 516
1584563667095 1 517
1584563669286 1 518
1584563671471 1 519
1584563673662 1 520
1584563675842 1 521
1584563677985 1 522
1584563680160 1 523
1584563682307 1 524
1584563684512 1 525
1584563686684 1 526
1584563688885 1 527
1584563691081 1 528
1584563693244 1 529
1584563695417 1 530
1584563697584 1 531
1584563699810 1 532
1584563702010 1 533
1584563704230 1 534
1584563706385 1 535
1584563708538 1 536
1584563710745 1 537
1584563712942 1 538
1584563715112 1 539
1584563717294 1 540
1584563719480 1 541
1584563721658 1 542
1584563723817 1 543
1584563726026 1 544
1584563728261 1 545
1584563730534 1 546
1584563732704 1 547
1584563734898 1 548
1584563737116 1 549
1584563739319 1 550
1584563741553 1 551
1584563743733 1 552
1584563745913 1 553
1584563748144 1 554
1584563750312 1 555
1584563752481 1 556
1584563754641 1 557
1584563756862 1 558
1584563759052 1 559
1584563761224 1 560
1584563763406 1 561
1584563765608 1 562
1584563767833 1 563
1584563770027 1 564
1584563772199 1 565
1584563774400 1 566
1584563776544 1 567
1584563778745 1 568
1584563780895 1 569
1584563783072 1 570
1584563785275 1 571
1584563787446 1 572
1584563789636 1 573
1584563791803 1 574
1584563794022 1 575
1584563796186 1 576
1584563798372 1 577
1584563800548 1 578
1584563802744 1 579
1584563804909 1 580
1584563807083 1 581
1584563809288 1 582
1584563811453 1 583
1584563813648 1 584
1584563815800 1 585
1584563817977 1 586
1584563820166 1 587
1584563822369 1 588
1584563824557 1 589
1584563826760 1 590
1584563828936 1 591
1584563831073 1 592
1584563833335 1 593
1584563835516 1 594
1584563837737 1 595
1584563839927 1 596
1584563842074 1 597
1584563844261 1 598
1584563846465 1 599
1584563848660 1 600
1584563850942 1 601
1584563853121 1 602
1584563855310 1 603
1584563857495 1 604
1584563859681 1 605
1584563861858 1 606
1584563864091 1 607
1584563866304 1 608
1584563868504 1 609
1584563870673 1 610
1584563872821 1 611
1584563875023 1 612
1584563877237 1 613
1584563879465 1 614
1584563881656 1 615
1584563883870 1 616
1584563886015 1 617
1584563888156 1 618
1584563890325 1 619
1584563892509 1 620
1584563894681 1 621
1584563896812 1 622
1584563898958 1 623
1584563901107 1 624
1584563903255 1 625
1584563905419 1 626
1584563907589 1 627
1584563909753 1 628
1584563911942 1 629
1584563914067 1 630
1584563916229 1 631
1584563918385 1 632
1584563920563 1 633
1584563922736 1 634
1584563924944 1 635
1584563927103 1 636
1584563929327 1 637
1584563931537 1 638
1584563933706 1 639
1584563935909 1 640
1584563938077 1 641
1584563940248 1 642
1584563942550 1 643
1584563944747 1 644
1584563946902 1 645
1584563949092 1 646
1584563951243 1 647
1584563953384 1 648
1584563955572 1 649
1584563957754 1 650
1584563959968 1 651
1584563962181 1 652
1584563964384 1 653
1584563966630 1 654
1584563968808 1 655
1584563970973 1 656
1584563973150 1 657
1584563975369 1 658
1584563977531 1 659
1584563979733 1 660
1584563981883 1 661
1584563984036 1 662
1584563986216 1 663
1584563988410 1 664
1584563990602 1 665
1584563992780 1 666
1584563994941 1 667
1584563997088 1 668
1584563999228 1 669
1584564001401 1 670
1584564003596 1 671
1584564005762 1 672
1584564007929 1 673
1584564010095 1 674
1584564012313 1 675
1584564014504 1 676
1584564016716 1 677
1584564018899 1 678
1584564021109 1 679
1584564023270 1 680
1584564025491 1 681
1584564027676 1 682
1584564029846 1 683
1584564032061 1 684
1584564034245 1 685
1584564036428 1 686
1584564038604 1 687
1584564040787 1 688
1584564042961 1 689
1584564045153 1 690
1584564047363 1 691
1584564049546 1 692
1584564051713 1 693
1584564053881 1 694
1584564056051 1 695
1584564058240 1 696
1584564060413 1 697
1584564062608 1 698
1584564064763 1 699
1584564066950 1 700
1584564069169 1 701
1584564071377 1 702
1584564073552 1 703
1584564075712 1 704
1584564077891 1 705
1584564080039 1 706
1584564082216 1 707
1584564084397 1 708
1584564086600 1 709
1584564088828 1 710
1584564090975 1 711
1584564093141 1 712
1584564095326 1 713
1584564097537 1 714
1584564099746 1 715
1584564101911 1 716
1584564104057 1 717
1584564106203 1 718
1584564108392 1 719
1584564110604 1 720
1584564112809 1 721
1584564114968 1 722
1584564117136 1 723
1584564119309 1 724
1584564121518 1 725
1584564123760 1 726
1584564125961 1 727
1584564128139 1 728
1584564130317 1 729
1584564132466 1 730
1584564134660 1 731
1584564136837 1 732
1584564139029 1 733
1584564141188 1 734
1584564143341 1 735
1584564145524 1 736
1584564147715 1 737
1584564149920 1 738
1584564152093 1 739
1584564154263 1 740
1584564156414 1 741
1584564158612 1 742
1584564160806 1 743
1584564162954 1 744
1584564165114 1 745
1584564167319 1 746
1584564169501 1 747
1584564171653 1 748
1584564173854 1 749
1584564176009 1 750
1584564178155 1 751
1584564180335 1 752
1584564182536 1 753
1584564184803 1 754
1584564186943 1 755
1584564189105 1 756
1584564191326 1 757
1584564193511 1 758
1584564195699 1 759
1584564197859 1 760
1584564200018 1 761
1584564202194 1 762
1584564204384 1 763
1584564206544 1 764
1584564208699 1 765
1584564210843 1 766
1584564212977 1 767
1584564215123 1 768
1584564217299 1 769
1584564219586 1 770
1584564221769 1 771
1584564223940 1 772
1584564226099 1 773
1584564228253 1 774
1584564230414 1 775
1584564232605 1 776
1584564234795 1 777
1584564236987 1 778
1584564239174 1 779
1584564241323 1 780
1584564243510 1 781
1584564245690 1 782
1584564247862 1 783
1584564250053 1 784
1584564252229 1 785
1584564254392 1 786
1584564256563 1 787
1584564258755 1 788
1584564260936 1 789
1584564263108 1 790
1584564265293 1 791
1584564267484 1 792
1584564269681 1 793
1584564271832 1 794
1584564274033 1 795
1584564276217 1 796
1584564278357 1 797
1584564280553 1 798
1584564282709 1 799
1584564284899 1 800
1584564287160 1 801
1584564289355 1 802
1584564291537 1 803
1584564293727 1 804
1584564295934 1 805
1584564298101 1 806
1584564300303 1 807
1584564302496 1 808
1584564304718 1 809
1584564306885 1 810
1584564309035 1 811
1584564311337 1 812
1584564313508 1 813
1584564315772 1 814
1584564317959 1 815
1584564320132 1 816
1584564322295 1 817
1584564324491 1 818
1584564326660 1 819
1584564328831 1 820
1584564331024 1 821
1584564333195 1 822
1584564335363 1 823
1584564337546 1 824
1584564339737 1 825
1584564341942 1 826
1584564344119 1 827
1584564346322 1 828
1584564348494 1 829
1584564350692 1 830
1584564352856 1 831
1584564355046 1 832
1584564357243 1 833
1584564359439 1 834
1584564361630 1 835
1584564363827 1 836
1584564366009 1 837
1584564368177 1 838
1584564370372 1 839
1584564372567 1 840
1584564374756 1 841
1584564376953 1 842
1584564379113 1 843
1584564381276 1 844
1584564383459 1 845
1584564385623 1 846
1584564387802 1 847
1584564389954 1 848
1584564392114 1 849
1584564394291 1 850
1584564396468 1 851
1584564398669 1 852
1584564400848 1 853
1584564403055 1 854
1584564405226 1 855
1584564407451 1 856
1584564409829 1 857
1584564412623 1 858
1584564414784 1 859
1584564416971 1 860
1584564419139 1 861
1584564421329 1 862
1584564423546 1 863
1584564425761 1 864
1584564427942 1 865
1584564430127 1 866
1584564432326 1 867
1584564434488 1 868
1584564436662 1 869
1584564438815 1 870
1584564441002 1 871
1584564443204 1 872
1584564445385 1 873
1584564447533 1 874
1584564449888 1 875
1584564452144 1 876
1584564454321 1 877
1584564456496 1 878
1584564458688 1 879
1584564460856 1 880
1584564462997 1 881
1584564465209 1 882
1584564467413 1 883
1584564469621 1 884
1584564471774 1 885
1584564473978 1 886
1584564476144 1 887
1584564478327 1 888
1584564480510 1 889
1584564482675 1 890
1584564484862 1 891
1584564487036 1 892
1584564489190 1 893
1584564491322 1 894
1584564493490 1 895
1584564495685 1 896
1584564497842 1 897
1584564500017 1 898
1584564502196 1 899
1584564504400 1 900
1584564506673 1 901
1584564508966 1 902
1584564511150 1 903
1584564513359 1 904
1584564515535 1 905
1584564517692 1 906
1584564519891 1 907
1584564522080 1 908
1584564524257 1 909
1584564526402 1 910
1584564528638 1 911
1584564530826 1 912
1584564532983 1 913
1584564535145 1 914
1584564537321 1 915
1584564539569 1 916
1584564541770 1 917
1584564543914 1 918
1584564546065 1 919
1584564548266 1 920
1584564550446 1 921
1584564552630 1 922
1584564554795 1 923
1584564556952 1 924
1584564559151 1 925
1584564561316 1 926
1584564563489 1 927
1584564565683 1 928
1584564567901 1 929
1584564570067 1 930
1584564572269 1 931
1584564574475 1 932
1584564576685 1 933
1584564578902 1 934
1584564581039 1 935
1584564583180 1 936
1584564585380 1 937
1584564587569 1 938
1584564589780 1 939
1584564591952 1 940
1584564594148 1 941
