1584562501977 1 1
1584562504151 0.4 2
1584562506348 0.16000000000000003 3
1584562508547 0.06400000000000002 4
1584562510707 0.025600000000000008 5
1584562512918 0.010240000000000004 6
1584562515108 0.01 7
1584562517292 0.01 8
1584562519464 0.01 9
1584562521636 0.01 10
1584562523768 0.01 11
1584562525995 0.01 12
1584562528149 0.01 13
1584562530319 0.01 14
1584562532475 0.01 15
1584562534647 0.01 16
1584562536831 0.01 17
1584562539016 0.01 18
1584562541184 0.01 19
1584562543342 0.01 20
1584562545495 0.01 21
1584562547698 0.01 22
1584562549903 0.01 23
1584562552041 0.01 24
1584562554477 0.01 25
1584562557743 0.01 26
1584562562234 0.01 27
1584562564583 0.01 28
1584562566834 0.01 29
1584562570231 0.01 30
1584562572899 0.01 31
1584562575220 0.01 32
1584562577444 0.01 33
1584562579574 0.01 34
1584562581815 0.01 35
1584562584087 0.01 36
1584562586862 0.01 37
1584562589020 0.01 38
1584562591423 0.01 39
1584562593823 0.01 40
1584562596126 0.01 41
1584562598289 0.01 42
1584562600420 0.01 43
1584562602549 0.01 44
1584562604690 0.01 45
1584562606922 0.01 46
1584562609279 0.01 47
1584562612233 0.01 48
1584562614486 0.01 49
1584562617547 0.01 50
1584562621279 0.01 51
1584562624450 0.01 52
1584562628844 0.01 53
1584562632402 0.01 54
1584562635021 0.01 55
1584562637134 0.01 56
1584562639487 0.01 57
1584562641950 0.01 58
1584562644281 0.01 59
1584562646397 0.01 60
1584562648496 0.01 61
1584562650874 0.01 62
1584562653730 0.01 63
1584562657021 0.01 64
1584562660267 0.01 65
1584562662751 0.01 66
1584562665406 0.01 67
1584562668885 0.01 68
1584562671134 0.01 69
1584562674193 0.01 70
1584562676965 0.01 71
1584562680030 0.01 72
1584562682239 0.01 73
1584562684437 0.01 74
1584562686651 0.01 75
1584562689309 0.01 76
1584562692106 0.01 77
1584562695703 0.01 78
1584562699452 0.01 79
1584562701652 0.01 80
1584562703755 0.01 81
1584562705903 0.01 82
1584562708255 0.01 83
1584562710400 0.01 84
1584562712901 0.01 85
1584562715045 0.01 86
1584562717173 0.01 87
1584562719338 0.01 88
1584562721812 0.01 89
1584562724154 0.01 90
1584562726466 0.01 91
1584562729447 0.01 92
1584562732423 0.01 93
1584562734659 0.01 94
1584562736874 0.01 95
1584562739095 0.01 96
1584562741302 0.01 97
1584562743467 0.01 98
1584562745689 0.01 99
1584562748031 0.01 100
1584562750611 0.01 101
1584562752883 0.01 102
1584562755147 0.01 103
1584562757471 0.01 104
1584562759852 0.01 105
1584562761949 0.01 106
1584562764292 0.01 107
1584562766463 0.01 108
1584562768771 0.01 109
1584562771747 0.01 110
1584562774242 0.01 111
1584562776649 0.01 112
1584562779005 0.01 113
1584562781280 0.01 114
1584562783770 0.01 115
1584562786138 0.01 116
1584562788850 0.01 117
1584562791307 0.01 118
1584562793908 0.01 119
1584562796485 0.01 120
1584562798660 0.01 121
1584562800833 0.01 122
1584562802973 0.01 123
1584562805185 0.01 124
1584562807749 0.01 125
1584562810053 0.01 126
1584562812720 0.01 127
1584562815081 0.01 128
1584562817273 0.01 129
1584562819500 0.01 130
1584562821781 0.01 131
1584562825142 0.01 132
1584562827901 0.01 133
1584562830801 0.01 134
1584562832898 0.01 135
1584562835011 0.01 136
1584562837147 0.01 137
1584562839307 0.01 138
1584562841485 0.01 139
1584562843685 0.01 140
1584562845840 0.01 141
1584562848001 0.01 142
1584562850117 0.01 143
1584562852238 0.01 144
1584562854398 0.01 145
1584562856544 0.01 146
1584562858674 0.01 147
1584562860880 0.01 148
1584562863036 0.01 149
1584562865176 0.01 150
1584562867340 0.01 151
1584562869481 0.01 152
1584562871607 0.01 153
1584562873758 0.01 154
1584562875886 0.01 155
1584562878002 0.01 156
1584562880160 0.01 157
1584562882299 0.01 158
1584562884478 0.01 159
1584562886602 0.01 160
1584562888763 0.01 161
1584562890916 0.01 162
1584562893116 0.01 163
1584562895249 0.01 164
1584562897400 0.01 165
1584562899555 0.01 166
1584562901660 0.01 167
1584562903814 0.01 168
1584562905915 0.01 169
1584562908043 0.01 170
1584562910195 0.01 171
1584562912410 0.01 172
1584562914690 0.01 173
1584562916844 0.01 174
1584562918975 0.01 175
1584562921124 0.01 176
1584562923434 0.01 177
1584562925618 0.01 178
1584562927753 0.01 179
1584562929872 0.01 180
1584562932095 0.01 181
1584562934527 0.01 182
1584562936825 0.01 183
1584562939208 0.01 184
1584562941328 0.01 185
1584562943433 0.01 186
1584562945608 0.01 187
1584562947748 0.01 188
1584562949901 0.01 189
1584562952101 0.01 190
1584562954278 0.01 191
1584562956412 0.01 192
1584562958614 0.01 193
1584562960734 0.01 194
1584562962923 0.01 195
1584562965247 0.01 196
1584562967394 0.01 197
1584562969521 0.01 198
1584562971643 0.01 199
1584562973803 0.01 200
1584562976045 0.01 201
1584562978216 0.01 202
1584562980393 0.01 203
1584562982558 0.01 204
1584562984714 0.01 205
1584562986843 0.01 206
1584562989011 0.01 207
1584562991179 0.01 208
1584562993332 0.01 209
1584562995460 0.01 210
1584562997611 0.01 211
1584562999843 0.01 212
1584563001987 0.01 213
1584563004151 0.01 214
1584563006306 0.01 215
1584563008486 0.01 216
1584563010587 0.01 217
1584563012709 0.01 218
1584563014808 0.01 219
1584563016940 0.01 220
1584563019100 0.01 221
1584563021238 0.01 222
1584563023353 0.01 223
1584563025479 0.01 224
1584563027678 0.01 225
1584563029838 0.01 226
1584563031967 0.01 227
1584563034111 0.01 228
1584563036284 0.01 229
1584563038406 0.01 230
1584563040527 0.01 231
1584563042693 0.01 232
1584563044841 0.01 233
1584563046984 0.01 234
1584563049111 0.01 235
1584563051246 0.01 236
1584563053401 0.01 237
1584563055667 0.01 238
1584563057825 0.01 239
1584563059955 0.01 240
1584563062096 0.01 241
1584563064206 0.01 242
1584563066360 0.01 243
1584563068494 0.01 244
1584563070709 0.01 245
1584563072845 0.01 246
1584563074968 0.01 247
1584563077087 0.01 248
1584563079259 0.01 249
1584563081459 0.01 250
1584563083622 0.01 251
1584563085890 0.01 252
1584563088104 0.01 253
1584563090328 0.01 254
1584563092452 0.01 255
1584563094565 0.01 256
1584563096753 0.01 257
1584563098899 0.01 258
1584563101066 0.01 259
1584563103205 0.01 260
1584563105322 0.01 261
1584563107465 0.01 262
1584563109611 0.01 263
1584563111770 0.01 264
1584563113905 0.01 265
1584563116073 0.01 266
1584563118204 0.01 267
1584563120321 0.01 268
1584563122453 0.01 269
1584563124607 0.01 270
1584563126802 0.01 271
1584563128973 0.01 272
1584563131210 0.01 273
1584563133371 0.01 274
1584563135576 0.01 275
1584563137750 0.01 276
1584563139963 0.01 277
1584563142137 0.01 278
1584563144346 0.01 279
1584563146527 0.01 280
1584563148718 0.01 281
1584563150934 0.01 282
1584563153140 0.01 283
1584563155356 0.01 284
1584563157502 0.01 285
1584563159667 0.01 286
1584563161883 0.01 287
1584563164066 0.01 288
1584563166265 0.01 289
1584563168454 0.01 290
1584563170641 0.01 291
1584563172833 0.01 292
1584563174995 0.01 293
1584563177162 0.01 294
1584563179358 0.01 295
1584563181524 0.01 296
1584563183704 0.01 297
1584563185860 0.01 298
1584563188038 0.01 299
1584563190245 0.01 300
1584563192510 0.01 301
1584563194676 0.01 302
1584563196862 0.01 303
1584563199013 0.01 304
1584563201150 0.01 305
1584563203316 0.01 306
1584563205523 0.01 307
1584563207730 0.01 308
1584563209981 0.01 309
1584563212149 0.01 310
1584563214302 0.01 311
1584563216524 0.01 312
1584563218752 0.01 313
1584563220930 0.01 314
1584563223144 0.01 315
1584563225335 0.01 316
1584563227500 0.01 317
1584563229676 0.01 318
1584563231880 0.01 319
1584563234078 0.01 320
1584563236285 0.01 321
1584563238494 0.01 322
1584563240690 0.01 323
1584563242890 0.01 324
1584563245081 0.01 325
1584563247319 0.01 326
1584563249539 0.01 327
1584563251745 0.01 328
1584563253947 0.01 329
1584563256142 0.01 330
1584563258283 0.01 331
1584563260470 0.01 332
1584563262721 0.01 333
1584563265003 0.01 334
1584563267262 0.01 335
1584563269452 0.01 336
1584563271624 0.01 337
1584563273825 0.01 338
1584563276048 0.01 339
1584563278268 0.01 340
1584563280482 0.01 341
1584563282658 0.01 342
1584563284820 0.01 343
1584563286999 0.01 344
1584563289219 0.01 345
1584563291399 0.01 346
1584563293570 0.01 347
1584563295726 0.01 348
1584563297905 0.01 349
1584563300099 0.01 350
1584563302297 0.01 351
1584563304508 0.01 352
1584563306692 0.01 353
1584563308951 0.01 354
1584563311122 0.01 355
1584563313283 0.01 356
1584563315487 0.01 357
1584563317663 0.01 358
1584563319894 0.01 359
1584563322093 0.01 360
1584563324267 0.01 361
1584563326447 0.01 362
1584563328664 0.01 363
1584563330969 0.01 364
1584563333225 0.01 365
1584563335422 0.01 366
1584563337610 0.01 367
1584563339828 0.01 368
1584563342000 0.01 369
1584563344193 0.01 370
1584563346388 0.01 371
1584563348533 0.01 372
1584563350780 0.01 373
1584563352931 0.01 374
1584563355146 0.01 375
1584563357329 0.01 376
1584563359535 0.01 377
1584563361724 0.01 378
1584563363941 0.01 379
1584563366171 0.01 380
1584563368357 0.01 381
1584563370571 0.01 382
1584563372752 0.01 383
1584563374941 0.01 384
1584563377125 0.01 385
1584563379305 0.01 386
1584563381521 0.01 387
1584563383712 0.01 388
1584563385897 0.01 389
1584563388073 0.01 390
1584563390240 0.01 391
1584563392406 0.01 392
1584563394559 0.01 393
1584563396784 0.01 394
1584563398969 0.01 395
1584563401216 0.01 396
1584563403462 0.01 397
1584563405642 0.01 398
1584563407820 0.01 399
1584563410000 0.01 400
1584563412376 0.01 401
1584563414577 0.01 402
1584563416778 0.01 403
1584563418970 0.01 404
1584563421138 0.01 405
1584563423360 0.01 406
1584563425549 0.01 407
1584563427733 0.01 408
1584563429915 0.01 409
1584563432110 0.01 410
1584563434300 0.01 411
1584563436534 0.01 412
1584563438714 0.01 413
1584563440951 0.01 414
1584563443109 0.01 415
1584563445490 0.01 416
1584563447690 0.01 417
1584563449863 0.01 418
1584563452047 0.01 419
1584563454243 0.01 420
1584563456438 0.01 421
1584563458602 0.01 422
1584563460802 0.01 423
1584563463007 0.01 424
1584563465174 0.01 425
1584563467396 0.01 426
1584563469594 0.01 427
1584563471763 0.01 428
1584563473962 0.01 429
1584563476131 0.01 430
1584563478316 0.01 431
1584563480514 0.01 432
1584563482706 0.01 433
1584563484919 0.01 434
1584563487120 0.01 435
1584563489282 0.01 436
1584563491466 0.01 437
1584563493684 0.01 438
1584563495930 0.01 439
1584563498113 0.01 440
1584563500291 0.01 441
1584563502450 0.01 442
1584563504622 0.01 443
1584563506775 0.01 444
1584563508980 0.01 445
1584563511174 0.01 446
1584563513349 0.01 447
1584563515514 0.01 448
1584563517674 0.01 449
1584563519883 0.01 450
1584563522097 0.01 451
1584563524297 0.01 452
1584563526471 0.01 453
1584563528648 0.01 454
1584563530830 0.01 455
1584563533017 0.01 456
1584563535197 0.01 457
1584563537418 0.01 458
1584563539613 0.01 459
1584563541793 0.01 460
1584563543994 0.01 461
1584563546205 0.01 462
1584563548416 0.01 463
1584563550623 0.01 464
1584563552808 0.01 465
1584563554990 0.01 466
1584563557165 0.01 467
1584563559334 0.01 468
1584563561503 0.01 469
1584563563672 0.01 470
1584563565824 0.01 471
1584563568013 0.01 472
1584563570281 0.01 473
1584563572470 0.01 474
1584563574651 0.01 475
1584563576841 0.01 476
1584563579016 0.01 477
1584563581229 0.01 478
1584563583439 0.01 479
1584563585602 0.01 480
1584563587784 0.01 481
1584563590036 0.01 482
1584563592229 0.01 483
1584563594395 0.01 484
1584563596587 0.01 485
1584563598743 0.01 486
1584563600907 0.01 487
1584563603075 0.01 488
1584563605239 0.01 489
1584563607410 0.01 490
1584563609567 0.01 491
1584563611703 0.01 492
1584563613870 0.01 493
1584563616032 0.01 494
1584563618215 0.01 495
1584563620378 0.01 496
1584563622578 0.01 497
1584563624728 0.01 498
1584563626910 0.01 499
1584563629088 0.01 500
1584563631310 0.01 501
1584563633502 0.01 502
1584563635718 0.01 503
1584563637951 0.01 504
1584563640178 0.01 505
1584563642368 0.01 506
1584563644578 0.01 507
1584563646757 0.01 508
1584563648929 0.01 509
1584563651073 0.01 510
1584563653236 0.01 511
1584563655410 0.01 512
1584563657613 0.01 513
1584563659816 0.01 514
1584563662477 0.01 515
1584563664922 0.01 516
1584563667095 0.01 517
1584563669286 0.01 518
1584563671471 0.01 519
1584563673662 0.01 520
1584563675842 0.01 521
1584563677985 0.01 522
1584563680160 0.01 523
1584563682307 0.01 524
1584563684512 0.01 525
1584563686684 0.01 526
1584563688885 0.01 527
1584563691081 0.01 528
1584563693244 0.01 529
1584563695417 0.01 530
1584563697584 0.01 531
1584563699810 0.01 532
1584563702010 0.01 533
1584563704230 0.01 534
1584563706385 0.01 535
1584563708538 0.01 536
1584563710745 0.01 537
1584563712942 0.01 538
1584563715112 0.01 539
1584563717294 0.01 540
1584563719480 0.01 541
1584563721658 0.01 542
1584563723817 0.01 543
1584563726026 0.01 544
1584563728261 0.01 545
1584563730534 0.01 546
1584563732704 0.01 547
1584563734898 0.01 548
1584563737116 0.01 549
1584563739319 0.01 550
1584563741553 0.01 551
1584563743733 0.01 552
1584563745913 0.01 553
1584563748144 0.01 554
1584563750312 0.01 555
1584563752481 0.01 556
1584563754641 0.01 557
1584563756862 0.01 558
1584563759052 0.01 559
1584563761224 0.01 560
1584563763406 0.01 561
1584563765608 0.01 562
1584563767833 0.01 563
1584563770027 0.01 564
1584563772199 0.01 565
1584563774400 0.01 566
1584563776544 0.01 567
1584563778745 0.01 568
1584563780895 0.01 569
1584563783072 0.01 570
1584563785275 0.01 571
1584563787446 0.01 572
1584563789636 0.01 573
1584563791803 0.01 574
1584563794022 0.01 575
1584563796186 0.01 576
1584563798372 0.01 577
1584563800548 0.01 578
1584563802744 0.01 579
1584563804909 0.01 580
1584563807083 0.01 581
1584563809288 0.01 582
1584563811453 0.01 583
1584563813648 0.01 584
1584563815800 0.01 585
1584563817977 0.01 586
1584563820166 0.01 587
1584563822369 0.01 588
1584563824557 0.01 589
1584563826760 0.01 590
1584563828936 0.01 591
1584563831073 0.01 592
1584563833335 0.01 593
1584563835516 0.01 594
1584563837737 0.01 595
1584563839927 0.01 596
1584563842074 0.01 597
1584563844261 0.01 598
1584563846465 0.01 599
1584563848660 0.01 600
1584563850942 0.01 601
1584563853121 0.01 602
1584563855310 0.01 603
1584563857495 0.01 604
1584563859681 0.01 605
1584563861858 0.01 606
1584563864091 0.01 607
1584563866304 0.01 608
1584563868504 0.01 609
1584563870673 0.01 610
1584563872821 0.01 611
1584563875023 0.01 612
1584563877237 0.01 613
1584563879465 0.01 614
1584563881656 0.01 615
1584563883870 0.01 616
1584563886015 0.01 617
1584563888156 0.01 618
1584563890325 0.01 619
1584563892509 0.01 620
1584563894681 0.01 621
1584563896812 0.01 622
1584563898958 0.01 623
1584563901107 0.01 624
1584563903255 0.01 625
1584563905419 0.01 626
1584563907589 0.01 627
1584563909753 0.01 628
1584563911942 0.01 629
1584563914067 0.01 630
1584563916229 0.01 631
1584563918385 0.01 632
1584563920563 0.01 633
1584563922736 0.01 634
1584563924944 0.01 635
1584563927103 0.01 636
1584563929327 0.01 637
1584563931537 0.01 638
1584563933706 0.01 639
1584563935909 0.01 640
1584563938077 0.01 641
1584563940248 0.01 642
1584563942550 0.01 643
1584563944747 0.01 644
1584563946902 0.01 645
1584563949092 0.01 646
1584563951243 0.01 647
1584563953384 0.01 648
1584563955572 0.01 649
1584563957754 0.01 650
1584563959968 0.01 651
1584563962181 0.01 652
1584563964384 0.01 653
1584563966630 0.01 654
1584563968808 0.01 655
1584563970973 0.01 656
1584563973150 0.01 657
1584563975369 0.01 658
1584563977531 0.01 659
1584563979733 0.01 660
1584563981883 0.01 661
1584563984036 0.01 662
1584563986216 0.01 663
1584563988410 0.01 664
1584563990602 0.01 665
1584563992780 0.01 666
1584563994941 0.01 667
1584563997088 0.01 668
1584563999228 0.01 669
1584564001401 0.01 670
1584564003596 0.01 671
1584564005762 0.01 672
1584564007929 0.01 673
1584564010095 0.01 674
1584564012313 0.01 675
1584564014504 0.01 676
1584564016716 0.01 677
1584564018899 0.01 678
1584564021109 0.01 679
1584564023270 0.01 680
1584564025491 0.01 681
1584564027676 0.01 682
1584564029846 0.01 683
1584564032061 0.01 684
1584564034245 0.01 685
1584564036428 0.01 686
1584564038604 0.01 687
1584564040787 0.01 688
1584564042961 0.01 689
1584564045153 0.01 690
1584564047363 0.01 691
1584564049546 0.01 692
1584564051713 0.01 693
1584564053881 0.01 694
1584564056051 0.01 695
1584564058240 0.01 696
1584564060413 0.01 697
1584564062608 0.01 698
1584564064763 0.01 699
1584564066950 0.01 700
1584564069169 0.01 701
1584564071377 0.01 702
1584564073552 0.01 703
1584564075712 0.01 704
1584564077891 0.01 705
1584564080039 0.01 706
1584564082216 0.01 707
1584564084397 0.01 708
1584564086600 0.01 709
1584564088828 0.01 710
1584564090975 0.01 711
1584564093141 0.01 712
1584564095326 0.01 713
1584564097537 0.01 714
1584564099746 0.01 715
1584564101911 0.01 716
1584564104057 0.01 717
1584564106203 0.01 718
1584564108392 0.01 719
1584564110604 0.01 720
1584564112809 0.01 721
1584564114968 0.01 722
1584564117136 0.01 723
1584564119309 0.01 724
1584564121518 0.01 725
1584564123760 0.01 726
1584564125961 0.01 727
1584564128139 0.01 728
1584564130317 0.01 729
1584564132466 0.01 730
1584564134660 0.01 731
1584564136837 0.01 732
1584564139029 0.01 733
1584564141188 0.01 734
1584564143341 0.01 735
1584564145524 0.01 736
1584564147715 0.01 737
1584564149920 0.01 738
1584564152093 0.01 739
1584564154263 0.01 740
1584564156414 0.01 741
1584564158612 0.01 742
1584564160806 0.01 743
1584564162954 0.01 744
1584564165114 0.01 745
1584564167319 0.01 746
1584564169501 0.01 747
1584564171653 0.01 748
1584564173854 0.01 749
1584564176009 0.01 750
1584564178155 0.01 751
1584564180335 0.01 752
1584564182536 0.01 753
1584564184803 0.01 754
1584564186943 0.01 755
1584564189105 0.01 756
1584564191326 0.01 757
1584564193511 0.01 758
1584564195699 0.01 759
1584564197859 0.01 760
1584564200018 0.01 761
1584564202194 0.01 762
1584564204384 0.01 763
1584564206544 0.01 764
1584564208699 0.01 765
1584564210843 0.01 766
1584564212977 0.01 767
1584564215123 0.01 768
1584564217299 0.01 769
1584564219586 0.01 770
1584564221769 0.01 771
1584564223940 0.01 772
1584564226099 0.01 773
1584564228253 0.01 774
1584564230414 0.01 775
1584564232605 0.01 776
1584564234795 0.01 777
1584564236987 0.01 778
1584564239174 0.01 779
1584564241323 0.01 780
1584564243510 0.01 781
1584564245690 0.01 782
1584564247862 0.01 783
1584564250053 0.01 784
1584564252229 0.01 785
1584564254392 0.01 786
1584564256563 0.01 787
1584564258755 0.01 788
1584564260936 0.01 789
1584564263108 0.01 790
1584564265293 0.01 791
1584564267484 0.01 792
1584564269681 0.01 793
1584564271832 0.01 794
1584564274033 0.01 795
1584564276217 0.01 796
1584564278357 0.01 797
1584564280553 0.01 798
1584564282709 0.01 799
1584564284899 0.01 800
1584564287160 0.01 801
1584564289355 0.01 802
1584564291537 0.01 803
1584564293727 0.01 804
1584564295934 0.01 805
1584564298101 0.01 806
1584564300303 0.01 807
1584564302496 0.01 808
1584564304718 0.01 809
1584564306885 0.01 810
1584564309035 0.01 811
1584564311337 0.01 812
1584564313508 0.01 813
1584564315772 0.01 814
1584564317959 0.01 815
1584564320132 0.01 816
1584564322295 0.01 817
1584564324491 0.01 818
1584564326660 0.01 819
1584564328831 0.01 820
1584564331024 0.01 821
1584564333195 0.01 822
1584564335363 0.01 823
1584564337546 0.01 824
1584564339737 0.01 825
1584564341942 0.01 826
1584564344119 0.01 827
1584564346322 0.01 828
1584564348494 0.01 829
1584564350692 0.01 830
1584564352856 0.01 831
1584564355046 0.01 832
1584564357243 0.01 833
1584564359439 0.01 834
1584564361630 0.01 835
1584564363827 0.01 836
1584564366009 0.01 837
1584564368177 0.01 838
1584564370372 0.01 839
1584564372567 0.01 840
1584564374756 0.01 841
1584564376953 0.01 842
1584564379113 0.01 843
1584564381276 0.01 844
1584564383459 0.01 845
1584564385623 0.01 846
1584564387802 0.01 847
1584564389954 0.01 848
1584564392114 0.01 849
1584564394291 0.01 850
1584564396468 0.01 851
1584564398669 0.01 852
1584564400848 0.01 853
1584564403055 0.01 854
1584564405226 0.01 855
1584564407451 0.01 856
1584564409829 0.01 857
1584564412623 0.01 858
1584564414784 0.01 859
1584564416971 0.01 860
1584564419139 0.01 861
1584564421329 0.01 862
1584564423546 0.01 863
1584564425761 0.01 864
1584564427942 0.01 865
1584564430127 0.01 866
1584564432326 0.01 867
1584564434488 0.01 868
1584564436662 0.01 869
1584564438815 0.01 870
1584564441002 0.01 871
1584564443204 0.01 872
1584564445385 0.01 873
1584564447533 0.01 874
1584564449888 0.01 875
1584564452144 0.01 876
1584564454321 0.01 877
1584564456496 0.01 878
1584564458688 0.01 879
1584564460856 0.01 880
1584564462997 0.01 881
1584564465209 0.01 882
1584564467413 0.01 883
1584564469621 0.01 884
1584564471774 0.01 885
1584564473978 0.01 886
1584564476144 0.01 887
1584564478327 0.01 888
1584564480510 0.01 889
1584564482675 0.01 890
1584564484862 0.01 891
1584564487036 0.01 892
1584564489190 0.01 893
1584564491322 0.01 894
1584564493490 0.01 895
1584564495685 0.01 896
1584564497842 0.01 897
1584564500017 0.01 898
1584564502196 0.01 899
1584564504400 0.01 900
1584564506673 0.01 901
1584564508966 0.01 902
1584564511150 0.01 903
1584564513359 0.01 904
1584564515535 0.01 905
1584564517692 0.01 906
1584564519891 0.01 907
1584564522080 0.01 908
1584564524257 0.01 909
1584564526402 0.01 910
1584564528638 0.01 911
1584564530826 0.01 912
1584564532983 0.01 913
1584564535145 0.01 914
1584564537321 0.01 915
1584564539569 0.01 916
1584564541770 0.01 917
1584564543914 0.01 918
1584564546065 0.01 919
1584564548266 0.01 920
1584564550446 0.01 921
1584564552630 0.01 922
1584564554795 0.01 923
1584564556952 0.01 924
1584564559151 0.01 925
1584564561316 0.01 926
1584564563489 0.01 927
1584564565683 0.01 928
1584564567901 0.01 929
1584564570067 0.01 930
1584564572269 0.01 931
1584564574475 0.01 932
1584564576685 0.01 933
1584564578902 0.01 934
1584564581039 0.01 935
1584564583180 0.01 936
1584564585380 0.01 937
1584564587569 0.01 938
1584564589780 0.01 939
1584564591952 0.01 940
1584564594148 0.01 941
