1584562501977 3.0 1
1584562504151 2.0 2
1584562506348 0.0 3
1584562508547 1.0 4
1584562510707 0.0 5
1584562512918 0.0 6
1584562515108 0.0 7
1584562517292 0.0 8
1584562519464 1.0 9
1584562521636 0.0 10
1584562523768 0.0 11
1584562525995 0.0 12
1584562528149 0.0 13
1584562530319 1.0 14
1584562532475 -1.0 15
1584562534647 1.0 16
1584562536831 -1.0 17
1584562539016 0.0 18
1584562541184 0.0 19
1584562543342 1.0 20
1584562545495 -1.0 21
1584562547698 -1.0 22
1584562549903 0.0 23
1584562552041 0.0 24
1584562554477 0.0 25
1584562557743 2.0 26
1584562562234 -4.0 27
1584562564583 0.0 28
1584562566834 0.0 29
1584562570231 0.0 30
1584562572899 1.0 31
1584562575220 0.0 32
1584562577444 0.0 33
1584562579574 -5.0 34
1584562581815 -2.0 35
1584562584087 -4.0 36
1584562586862 0.0 37
1584562589020 0.0 38
1584562591423 0.0 39
1584562593823 0.0 40
1584562596126 0.0 41
1584562598289 1.0 42
1584562600420 0.0 43
1584562602549 1.0 44
1584562604690 -1.0 45
1584562606922 1.0 46
1584562609279 0.0 47
1584562612233 0.0 48
1584562614486 0.0 49
1584562617547 0.0 50
1584562621279 1.0 51
1584562624450 0.0 52
1584562628844 -1.0 53
1584562632402 -1.0 54
1584562635021 1.0 55
1584562637134 0.0 56
1584562639487 -1.0 57
1584562641950 0.0 58
1584562644281 -1.0 59
1584562646397 0.0 60
1584562648496 1.0 61
1584562650874 -2.0 62
1584562653730 2.0 63
1584562657021 -2.0 64
1584562660267 0.0 65
1584562662751 1.0 66
1584562665406 -1.0 67
1584562668885 0.0 68
1584562671134 0.0 69
1584562674193 0.0 70
1584562676965 -2.0 71
1584562680030 3.0 72
1584562682239 2.0 73
1584562684437 -4.0 74
1584562686651 -1.0 75
1584562689309 -2.0 76
1584562692106 1.0 77
1584562695703 1.0 78
1584562699452 0.0 79
1584562701652 0.0 80
1584562703755 2.0 81
1584562705903 -1.0 82
1584562708255 -3.0 83
1584562710400 -2.0 84
1584562712901 -2.0 85
1584562715045 0.0 86
1584562717173 0.0 87
1584562719338 0.0 88
1584562721812 1.0 89
1584562724154 0.0 90
1584562726466 0.0 91
1584562729447 0.0 92
1584562732423 0.0 93
1584562734659 0.0 94
1584562736874 1.0 95
1584562739095 2.0 96
1584562741302 2.0 97
1584562743467 -1.0 98
1584562745689 0.0 99
1584562748031 1.0 100
1584562750611 0.0 101
1584562752883 0.0 102
1584562755147 0.0 103
1584562757471 2.0 104
1584562759852 0.0 105
1584562761949 0.0 106
1584562764292 1.0 107
1584562766463 -1.0 108
1584562768771 0.0 109
1584562771747 -1.0 110
1584562774242 2.0 111
1584562776649 0.0 112
1584562779005 0.0 113
1584562781280 0.0 114
1584562783770 0.0 115
1584562786138 -1.0 116
1584562788850 0.0 117
1584562791307 0.0 118
1584562793908 0.0 119
1584562796485 0.0 120
1584562798660 -2.0 121
1584562800833 -1.0 122
1584562802973 2.0 123
1584562805185 3.0 124
1584562807749 2.0 125
1584562810053 1.0 126
1584562812720 0.0 127
1584562815081 1.0 128
1584562817273 -1.0 129
1584562819500 3.0 130
1584562821781 0.0 131
1584562825142 -1.0 132
1584562827901 1.0 133
1584562830801 2.0 134
1584562832898 0.0 135
1584562835011 0.0 136
1584562837147 -2.0 137
1584562839307 0.0 138
1584562841485 0.0 139
1584562843685 -3.0 140
1584562845840 0.0 141
1584562848001 0.0 142
1584562850117 0.0 143
1584562852238 0.0 144
1584562854398 0.0 145
1584562856544 1.0 146
1584562858674 -1.0 147
1584562860880 0.0 148
1584562863036 0.0 149
1584562865176 1.0 150
1584562867340 -2.0 151
1584562869481 1.0 152
1584562871607 1.0 153
1584562873758 1.0 154
1584562875886 0.0 155
1584562878002 6.0 156
1584562880160 1.0 157
1584562882299 1.0 158
1584562884478 0.0 159
1584562886602 0.0 160
1584562888763 0.0 161
1584562890916 0.0 162
1584562893116 0.0 163
1584562895249 0.0 164
1584562897400 2.0 165
1584562899555 -1.0 166
1584562901660 -1.0 167
1584562903814 4.0 168
1584562905915 6.0 169
1584562908043 1.0 170
1584562910195 1.0 171
1584562912410 1.0 172
1584562914690 0.0 173
1584562916844 3.0 174
1584562918975 -1.0 175
1584562921124 4.0 176
1584562923434 0.0 177
1584562925618 -1.0 178
1584562927753 1.0 179
1584562929872 2.0 180
1584562932095 -1.0 181
1584562934527 -1.0 182
1584562936825 -1.0 183
1584562939208 1.0 184
1584562941328 -1.0 185
1584562943433 5.0 186
1584562945608 1.0 187
1584562947748 1.0 188
1584562949901 0.0 189
1584562952101 1.0 190
1584562954278 0.0 191
1584562956412 0.0 192
1584562958614 1.0 193
1584562960734 1.0 194
1584562962923 -1.0 195
1584562965247 3.0 196
1584562967394 0.0 197
1584562969521 2.0 198
1584562971643 -1.0 199
1584562973803 3.0 200
1584562976045 0.0 201
1584562978216 1.0 202
1584562980393 3.0 203
1584562982558 1.0 204
1584562984714 5.0 205
1584562986843 1.0 206
1584562989011 3.0 207
1584562991179 1.0 208
1584562993332 0.0 209
1584562995460 2.0 210
1584562997611 2.0 211
1584562999843 1.0 212
1584563001987 1.0 213
1584563004151 7.0 214
1584563006306 3.0 215
1584563008486 1.0 216
1584563010587 5.0 217
1584563012709 -1.0 218
1584563014808 0.0 219
1584563016940 2.0 220
1584563019100 0.0 221
1584563021238 4.0 222
1584563023353 1.0 223
1584563025479 2.0 224
1584563027678 0.0 225
1584563029838 3.0 226
1584563031967 -1.0 227
1584563034111 2.0 228
1584563036284 1.0 229
1584563038406 1.0 230
1584563040527 4.0 231
1584563042693 3.0 232
1584563044841 2.0 233
1584563046984 1.0 234
1584563049111 0.0 235
1584563051246 3.0 236
1584563053401 3.0 237
1584563055667 0.0 238
1584563057825 7.0 239
1584563059955 1.0 240
1584563062096 5.0 241
1584563064206 5.0 242
1584563066360 1.0 243
1584563068494 5.0 244
1584563070709 4.0 245
1584563072845 2.0 246
1584563074968 1.0 247
1584563077087 4.0 248
1584563079259 3.0 249
1584563081459 5.0 250
1584563083622 4.0 251
1584563085890 3.0 252
1584563088104 -1.0 253
1584563090328 7.0 254
1584563092452 1.0 255
1584563094565 0.0 256
1584563096753 1.0 257
1584563098899 2.0 258
1584563101066 3.0 259
1584563103205 1.0 260
1584563105322 2.0 261
1584563107465 2.0 262
1584563109611 4.0 263
1584563111770 2.0 264
1584563113905 8.0 265
1584563116073 4.0 266
1584563118204 1.0 267
1584563120321 2.0 268
1584563122453 4.0 269
1584563124607 3.0 270
1584563126802 2.0 271
1584563128973 9.0 272
1584563131210 6.0 273
1584563133371 5.0 274
1584563135576 4.0 275
1584563137750 5.0 276
1584563139963 5.0 277
1584563142137 8.0 278
1584563144346 6.0 279
1584563146527 7.0 280
1584563148718 -1.0 281
1584563150934 6.0 282
1584563153140 7.0 283
1584563155356 2.0 284
1584563157502 6.0 285
1584563159667 2.0 286
1584563161883 4.0 287
1584563164066 1.0 288
1584563166265 0.0 289
1584563168454 2.0 290
1584563170641 5.0 291
1584563172833 6.0 292
1584563174995 3.0 293
1584563177162 5.0 294
1584563179358 3.0 295
1584563181524 7.0 296
1584563183704 4.0 297
1584563185860 3.0 298
1584563188038 1.0 299
1584563190245 1.0 300
1584563192510 1.0 301
1584563194676 3.0 302
1584563196862 0.0 303
1584563199013 8.0 304
1584563201150 3.0 305
1584563203316 3.0 306
1584563205523 8.0 307
1584563207730 3.0 308
1584563209981 -1.0 309
1584563212149 6.0 310
1584563214302 -1.0 311
1584563216524 6.0 312
1584563218752 6.0 313
1584563220930 2.0 314
1584563223144 0.0 315
1584563225335 1.0 316
1584563227500 5.0 317
1584563229676 9.0 318
1584563231880 3.0 319
1584563234078 11.0 320
1584563236285 -1.0 321
1584563238494 6.0 322
1584563240690 8.0 323
1584563242890 9.0 324
1584563245081 3.0 325
1584563247319 1.0 326
1584563249539 6.0 327
1584563251745 4.0 328
1584563253947 2.0 329
1584563256142 9.0 330
1584563258283 3.0 331
1584563260470 8.0 332
1584563262721 8.0 333
1584563265003 8.0 334
1584563267262 5.0 335
1584563269452 4.0 336
1584563271624 7.0 337
1584563273825 1.0 338
1584563276048 20.0 339
1584563278268 3.0 340
1584563280482 4.0 341
1584563282658 0.0 342
1584563284820 2.0 343
1584563286999 3.0 344
1584563289219 11.0 345
1584563291399 0.0 346
1584563293570 10.0 347
1584563295726 2.0 348
1584563297905 2.0 349
1584563300099 5.0 350
1584563302297 2.0 351
1584563304508 1.0 352
1584563306692 4.0 353
1584563308951 13.0 354
1584563311122 7.0 355
1584563313283 5.0 356
1584563315487 0.0 357
1584563317663 7.0 358
1584563319894 5.0 359
1584563322093 0.0 360
1584563324267 3.0 361
1584563326447 -1.0 362
1584563328664 1.0 363
1584563330969 9.0 364
1584563333225 6.0 365
1584563335422 3.0 366
1584563337610 6.0 367
1584563339828 10.0 368
1584563342000 8.0 369
1584563344193 1.0 370
1584563346388 7.0 371
1584563348533 3.0 372
1584563350780 0.0 373
1584563352931 3.0 374
1584563355146 10.0 375
1584563357329 4.0 376
1584563359535 2.0 377
1584563361724 4.0 378
1584563363941 12.0 379
1584563366171 7.0 380
1584563368357 1.0 381
1584563370571 1.0 382
1584563372752 6.0 383
1584563374941 5.0 384
1584563377125 2.0 385
1584563379305 1.0 386
1584563381521 1.0 387
1584563383712 10.0 388
1584563385897 4.0 389
1584563388073 8.0 390
1584563390240 5.0 391
1584563392406 1.0 392
1584563394559 2.0 393
1584563396784 2.0 394
1584563398969 2.0 395
1584563401216 5.0 396
1584563403462 0.0 397
1584563405642 -1.0 398
1584563407820 1.0 399
1584563410000 3.0 400
1584563412376 9.0 401
1584563414577 3.0 402
1584563416778 2.0 403
1584563418970 13.0 404
1584563421138 1.0 405
1584563423360 10.0 406
1584563425549 6.0 407
1584563427733 9.0 408
1584563429915 3.0 409
1584563432110 8.0 410
1584563434300 3.0 411
1584563436534 3.0 412
1584563438714 11.0 413
1584563440951 4.0 414
1584563443109 5.0 415
1584563445490 3.0 416
1584563447690 2.0 417
1584563449863 7.0 418
1584563452047 4.0 419
1584563454243 16.0 420
1584563456438 5.0 421
1584563458602 0.0 422
1584563460802 0.0 423
1584563463007 6.0 424
1584563465174 14.0 425
1584563467396 8.0 426
1584563469594 2.0 427
1584563471763 0.0 428
1584563473962 0.0 429
1584563476131 2.0 430
1584563478316 1.0 431
1584563480514 1.0 432
1584563482706 10.0 433
1584563484919 0.0 434
1584563487120 -1.0 435
1584563489282 1.0 436
1584563491466 0.0 437
1584563493684 1.0 438
1584563495930 6.0 439
1584563498113 1.0 440
1584563500291 2.0 441
1584563502450 13.0 442
1584563504622 17.0 443
1584563506775 5.0 444
1584563508980 6.0 445
1584563511174 9.0 446
1584563513349 11.0 447
1584563515514 11.0 448
1584563517674 7.0 449
1584563519883 8.0 450
1584563522097 1.0 451
1584563524297 4.0 452
1584563526471 0.0 453
1584563528648 10.0 454
1584563530830 14.0 455
1584563533017 12.0 456
1584563535197 9.0 457
1584563537418 3.0 458
1584563539613 6.0 459
1584563541793 0.0 460
1584563543994 9.0 461
1584563546205 6.0 462
1584563548416 10.0 463
1584563550623 2.0 464
1584563552808 2.0 465
1584563554990 3.0 466
1584563557165 8.0 467
1584563559334 3.0 468
1584563561503 5.0 469
1584563563672 8.0 470
1584563565824 3.0 471
1584563568013 2.0 472
1584563570281 2.0 473
1584563572470 10.0 474
1584563574651 9.0 475
1584563576841 1.0 476
1584563579016 12.0 477
1584563581229 7.0 478
1584563583439 11.0 479
1584563585602 6.0 480
1584563587784 5.0 481
1584563590036 10.0 482
1584563592229 3.0 483
1584563594395 6.0 484
1584563596587 7.0 485
1584563598743 9.0 486
1584563600907 2.0 487
1584563603075 13.0 488
1584563605239 12.0 489
1584563607410 2.0 490
1584563609567 2.0 491
1584563611703 8.0 492
1584563613870 5.0 493
1584563616032 8.0 494
1584563618215 0.0 495
1584563620378 0.0 496
1584563622578 6.0 497
1584563624728 4.0 498
1584563626910 4.0 499
1584563629088 3.0 500
1584563631310 10.0 501
1584563633502 12.0 502
1584563635718 14.0 503
1584563637951 9.0 504
1584563640178 18.0 505
1584563642368 8.0 506
1584563644578 7.0 507
1584563646757 10.0 508
1584563648929 1.0 509
1584563651073 3.0 510
1584563653236 8.0 511
1584563655410 18.0 512
1584563657613 3.0 513
1584563659816 3.0 514
1584563662477 13.0 515
1584563664922 12.0 516
1584563667095 13.0 517
1584563669286 10.0 518
1584563671471 11.0 519
1584563673662 13.0 520
1584563675842 1.0 521
1584563677985 4.0 522
1584563680160 8.0 523
1584563682307 14.0 524
1584563684512 18.0 525
1584563686684 13.0 526
1584563688885 10.0 527
1584563691081 5.0 528
1584563693244 17.0 529
1584563695417 14.0 530
1584563697584 17.0 531
1584563699810 9.0 532
1584563702010 1.0 533
1584563704230 4.0 534
1584563706385 19.0 535
1584563708538 8.0 536
1584563710745 4.0 537
1584563712942 16.0 538
1584563715112 15.0 539
1584563717294 5.0 540
1584563719480 5.0 541
1584563721658 2.0 542
1584563723817 13.0 543
1584563726026 3.0 544
1584563728261 14.0 545
1584563730534 8.0 546
1584563732704 12.0 547
1584563734898 3.0 548
1584563737116 18.0 549
1584563739319 10.0 550
1584563741553 13.0 551
1584563743733 1.0 552
1584563745913 3.0 553
1584563748144 12.0 554
1584563750312 10.0 555
1584563752481 14.0 556
1584563754641 10.0 557
1584563756862 9.0 558
1584563759052 10.0 559
1584563761224 11.0 560
1584563763406 5.0 561
1584563765608 9.0 562
1584563767833 14.0 563
1584563770027 8.0 564
1584563772199 13.0 565
1584563774400 13.0 566
1584563776544 5.0 567
1584563778745 13.0 568
1584563780895 14.0 569
1584563783072 18.0 570
1584563785275 12.0 571
1584563787446 12.0 572
1584563789636 13.0 573
1584563791803 8.0 574
1584563794022 11.0 575
1584563796186 17.0 576
1584563798372 14.0 577
1584563800548 3.0 578
1584563802744 12.0 579
1584563804909 15.0 580
1584563807083 1.0 581
1584563809288 5.0 582
1584563811453 16.0 583
1584563813648 5.0 584
1584563815800 8.0 585
1584563817977 12.0 586
1584563820166 12.0 587
1584563822369 2.0 588
1584563824557 13.0 589
1584563826760 11.0 590
1584563828936 14.0 591
1584563831073 14.0 592
1584563833335 22.0 593
1584563835516 13.0 594
1584563837737 18.0 595
1584563839927 7.0 596
1584563842074 15.0 597
1584563844261 14.0 598
1584563846465 17.0 599
1584563848660 10.0 600
1584563850942 20.0 601
1584563853121 8.0 602
1584563855310 16.0 603
1584563857495 10.0 604
1584563859681 19.0 605
1584563861858 17.0 606
1584563864091 13.0 607
1584563866304 19.0 608
1584563868504 4.0 609
1584563870673 11.0 610
1584563872821 12.0 611
1584563875023 13.0 612
1584563877237 11.0 613
1584563879465 14.0 614
1584563881656 3.0 615
1584563883870 9.0 616
1584563886015 13.0 617
1584563888156 7.0 618
1584563890325 7.0 619
1584563892509 7.0 620
1584563894681 3.0 621
1584563896812 19.0 622
1584563898958 14.0 623
1584563901107 5.0 624
1584563903255 14.0 625
1584563905419 11.0 626
1584563907589 16.0 627
1584563909753 13.0 628
1584563911942 15.0 629
1584563914067 12.0 630
1584563916229 14.0 631
1584563918385 15.0 632
1584563920563 9.0 633
1584563922736 18.0 634
1584563924944 13.0 635
1584563927103 8.0 636
1584563929327 13.0 637
1584563931537 14.0 638
1584563933706 12.0 639
1584563935909 7.0 640
1584563938077 22.0 641
1584563940248 17.0 642
1584563942550 12.0 643
1584563944747 14.0 644
1584563946902 11.0 645
1584563949092 14.0 646
1584563951243 14.0 647
1584563953384 13.0 648
1584563955572 19.0 649
1584563957754 11.0 650
1584563959968 17.0 651
1584563962181 18.0 652
1584563964384 8.0 653
1584563966630 12.0 654
1584563968808 14.0 655
1584563970973 10.0 656
1584563973150 18.0 657
1584563975369 23.0 658
1584563977531 13.0 659
1584563979733 12.0 660
1584563981883 13.0 661
1584563984036 16.0 662
1584563986216 13.0 663
1584563988410 17.0 664
1584563990602 10.0 665
1584563992780 17.0 666
1584563994941 13.0 667
1584563997088 19.0 668
1584563999228 15.0 669
1584564001401 15.0 670
1584564003596 5.0 671
1584564005762 14.0 672
1584564007929 16.0 673
1584564010095 15.0 674
1584564012313 12.0 675
1584564014504 8.0 676
1584564016716 15.0 677
1584564018899 15.0 678
1584564021109 15.0 679
1584564023270 14.0 680
1584564025491 16.0 681
1584564027676 12.0 682
1584564029846 15.0 683
1584564032061 17.0 684
1584564034245 6.0 685
1584564036428 18.0 686
1584564038604 12.0 687
1584564040787 17.0 688
1584564042961 10.0 689
1584564045153 8.0 690
1584564047363 13.0 691
1584564049546 11.0 692
1584564051713 15.0 693
1584564053881 6.0 694
1584564056051 19.0 695
1584564058240 13.0 696
1584564060413 18.0 697
1584564062608 17.0 698
1584564064763 21.0 699
1584564066950 16.0 700
1584564069169 7.0 701
1584564071377 14.0 702
1584564073552 16.0 703
1584564075712 14.0 704
1584564077891 16.0 705
1584564080039 19.0 706
1584564082216 17.0 707
1584564084397 16.0 708
1584564086600 21.0 709
1584564088828 15.0 710
1584564090975 15.0 711
1584564093141 18.0 712
1584564095326 17.0 713
1584564097537 15.0 714
1584564099746 15.0 715
1584564101911 12.0 716
1584564104057 21.0 717
1584564106203 15.0 718
1584564108392 13.0 719
1584564110604 2.0 720
1584564112809 16.0 721
1584564114968 12.0 722
1584564117136 11.0 723
1584564119309 6.0 724
1584564121518 22.0 725
1584564123760 3.0 726
1584564125961 16.0 727
1584564128139 17.0 728
1584564130317 16.0 729
1584564132466 7.0 730
1584564134660 19.0 731
1584564136837 15.0 732
1584564139029 16.0 733
1584564141188 16.0 734
1584564143341 6.0 735
1584564145524 10.0 736
1584564147715 12.0 737
1584564149920 17.0 738
1584564152093 18.0 739
1584564154263 17.0 740
1584564156414 20.0 741
1584564158612 13.0 742
1584564160806 20.0 743
1584564162954 19.0 744
1584564165114 13.0 745
1584564167319 15.0 746
1584564169501 21.0 747
1584564171653 17.0 748
1584564173854 14.0 749
1584564176009 13.0 750
1584564178155 16.0 751
1584564180335 16.0 752
1584564182536 14.0 753
1584564184803 16.0 754
1584564186943 20.0 755
1584564189105 6.0 756
1584564191326 17.0 757
1584564193511 14.0 758
1584564195699 16.0 759
1584564197859 15.0 760
1584564200018 16.0 761
1584564202194 14.0 762
1584564204384 14.0 763
1584564206544 19.0 764
1584564208699 17.0 765
1584564210843 16.0 766
1584564212977 12.0 767
1584564215123 22.0 768
1584564217299 14.0 769
1584564219586 15.0 770
1584564221769 13.0 771
1584564223940 16.0 772
1584564226099 16.0 773
1584564228253 14.0 774
1584564230414 14.0 775
1584564232605 18.0 776
1584564234795 16.0 777
1584564236987 15.0 778
1584564239174 11.0 779
1584564241323 19.0 780
1584564243510 16.0 781
1584564245690 14.0 782
1584564247862 12.0 783
1584564250053 17.0 784
1584564252229 16.0 785
1584564254392 12.0 786
1584564256563 20.0 787
1584564258755 15.0 788
1584564260936 18.0 789
1584564263108 16.0 790
1584564265293 13.0 791
1584564267484 11.0 792
1584564269681 11.0 793
1584564271832 16.0 794
1584564274033 16.0 795
1584564276217 18.0 796
1584564278357 19.0 797
1584564280553 11.0 798
1584564282709 14.0 799
1584564284899 15.0 800
1584564287160 19.0 801
1584564289355 13.0 802
1584564291537 14.0 803
1584564293727 18.0 804
1584564295934 21.0 805
1584564298101 17.0 806
1584564300303 21.0 807
1584564302496 17.0 808
1584564304718 15.0 809
1584564306885 17.0 810
1584564309035 11.0 811
1584564311337 15.0 812
1584564313508 13.0 813
1584564315772 12.0 814
1584564317959 17.0 815
1584564320132 8.0 816
1584564322295 21.0 817
1584564324491 18.0 818
1584564326660 4.0 819
1584564328831 15.0 820
1584564331024 17.0 821
1584564333195 17.0 822
1584564335363 18.0 823
1584564337546 16.0 824
1584564339737 13.0 825
1584564341942 21.0 826
1584564344119 14.0 827
1584564346322 20.0 828
1584564348494 20.0 829
1584564350692 16.0 830
1584564352856 19.0 831
1584564355046 15.0 832
1584564357243 9.0 833
1584564359439 16.0 834
1584564361630 17.0 835
1584564363827 24.0 836
1584564366009 14.0 837
1584564368177 16.0 838
1584564370372 19.0 839
1584564372567 19.0 840
1584564374756 19.0 841
1584564376953 20.0 842
1584564379113 16.0 843
1584564381276 9.0 844
1584564383459 11.0 845
1584564385623 16.0 846
1584564387802 13.0 847
1584564389954 14.0 848
1584564392114 15.0 849
1584564394291 13.0 850
1584564396468 18.0 851
1584564398669 20.0 852
1584564400848 19.0 853
1584564403055 21.0 854
1584564405226 12.0 855
1584564407451 9.0 856
1584564409829 4.0 857
1584564412623 14.0 858
1584564414784 19.0 859
1584564416971 20.0 860
1584564419139 9.0 861
1584564421329 12.0 862
1584564423546 17.0 863
1584564425761 16.0 864
1584564427942 15.0 865
1584564430127 19.0 866
1584564432326 12.0 867
1584564434488 16.0 868
1584564436662 21.0 869
1584564438815 16.0 870
1584564441002 11.0 871
1584564443204 21.0 872
1584564445385 20.0 873
1584564447533 20.0 874
1584564449888 18.0 875
1584564452144 20.0 876
1584564454321 18.0 877
1584564456496 16.0 878
1584564458688 19.0 879
1584564460856 15.0 880
1584564462997 19.0 881
1584564465209 19.0 882
1584564467413 19.0 883
1584564469621 18.0 884
1584564471774 21.0 885
1584564473978 11.0 886
1584564476144 11.0 887
1584564478327 16.0 888
1584564480510 14.0 889
1584564482675 3.0 890
1584564484862 16.0 891
1584564487036 13.0 892
1584564489190 14.0 893
1584564491322 18.0 894
1584564493490 10.0 895
1584564495685 18.0 896
1584564497842 17.0 897
1584564500017 11.0 898
1584564502196 18.0 899
1584564504400 17.0 900
1584564506673 14.0 901
1584564508966 21.0 902
1584564511150 5.0 903
1584564513359 13.0 904
1584564515535 21.0 905
1584564517692 18.0 906
1584564519891 13.0 907
1584564522080 13.0 908
1584564524257 14.0 909
1584564526402 12.0 910
1584564528638 14.0 911
1584564530826 18.0 912
1584564532983 22.0 913
1584564535145 18.0 914
1584564537321 20.0 915
1584564539569 14.0 916
1584564541770 16.0 917
1584564543914 19.0 918
1584564546065 14.0 919
1584564548266 18.0 920
1584564550446 14.0 921
1584564552630 18.0 922
1584564554795 16.0 923
1584564556952 18.0 924
1584564559151 13.0 925
1584564561316 21.0 926
1584564563489 12.0 927
1584564565683 16.0 928
1584564567901 13.0 929
1584564570067 17.0 930
1584564572269 16.0 931
1584564574475 13.0 932
1584564576685 17.0 933
1584564578902 15.0 934
1584564581039 16.0 935
1584564583180 18.0 936
1584564585380 22.0 937
1584564587569 16.0 938
1584564589780 14.0 939
1584564591952 14.0 940
1584564594148 16.0 941
