1584237922877 1 1
1584237925194 1 2
1584237927439 1 3
1584237929678 1 4
1584237931927 1 5
1584237934166 1 6
1584237936385 1 7
1584237938600 1 8
1584237941771 1 9
1584237944531 1 10
1584237946872 1 11
1584237949298 1 12
1584237951807 1 13
1584237954082 1 14
1584237956722 1 15
1584237958905 1 16
1584237961334 1 17
1584237964070 1 18
1584237966487 1 19
1584237968896 1 20
1584237971203 1 21
1584237973435 1 22
1584237975535 1 23
1584237977820 1 24
1584237980031 1 25
1584237982182 1 26
1584237985472 1 27
1584237987594 1 28
1584237989720 1 29
1584237991827 1 30
1584237993969 1 31
1584237996084 1 32
1584237998203 1 33
1584238000351 1 34
1584238002523 1 35
1584238004640 1 36
1584238006762 1 37
1584238009195 1 38
1584238011433 1 39
1584238013964 1 40
1584238016900 1 41
1584238019024 1 42
1584238021159 1 43
1584238023260 1 44
1584238025400 1 45
1584238027497 1 46
1584238029622 1 47
1584238031742 1 48
1584238033863 1 49
1584238035981 1 50
1584238038189 1 51
1584238040386 1 52
1584238042514 1 53
1584238044678 1 54
1584238046786 1 55
1584238048937 1 56
1584238051081 1 57
1584238053208 1 58
1584238055333 1 59
1584238057471 1 60
1584238059600 1 61
1584238061708 1 62
1584238063834 1 63
1584238066670 1 64
1584238068995 1 65
1584238071384 1 66
1584238073869 1 67
1584238076056 1 68
1584238078257 1 69
1584238080388 1 70
1584238082566 1 71
1584238084731 1 72
1584238086849 1 73
1584238088975 1 74
1584238091107 1 75
1584238093259 1 76
1584238095403 1 77
1584238097588 1 78
1584238099955 1 79
1584238102329 1 80
1584238104684 1 81
1584238106988 1 82
1584238109491 1 83
1584238111876 1 84
1584238114149 1 85
1584238116409 1 86
1584238118791 1 87
1584238120970 1 88
1584238123808 1 89
1584238126518 1 90
1584238128689 1 91
1584238131294 1 92
1584238133736 1 93
1584238136945 1 94
1584238139053 1 95
1584238141261 1 96
1584238143645 1 97
1584238146427 1 98
1584238148851 1 99
1584238151160 1 100
1584238153280 1 101
1584238155622 1 102
1584238157830 1 103
1584238160274 1 104
1584238162451 1 105
1584238164571 1 106
1584238166731 1 107
1584238168882 1 108
1584238171066 1 109
1584238173211 1 110
1584238175312 1 111
1584238177450 1 112
1584238179588 1 113
1584238181745 1 114
1584238183858 1 115
1584238185981 1 116
1584238188145 1 117
1584238190296 1 118
1584238192882 1 119
1584238195274 1 120
1584238197671 1 121
1584238199884 1 122
1584238202492 1 123
1584238205036 1 124
1584238207309 1 125
1584238209524 1 126
1584238211993 1 127
1584238214163 1 128
1584238216621 1 129
1584238218787 1 130
1584238221018 1 131
1584238223151 1 132
1584238225521 1 133
1584238228213 1 134
1584238231113 1 135
1584238233528 1 136
1584238236116 1 137
1584238238315 1 138
1584238240659 1 139
1584238243485 1 140
1584238246195 1 141
1584238248553 1 142
1584238250974 1 143
1584238253280 1 144
1584238255704 1 145
1584238258373 1 146
1584238260767 1 147
1584238262947 1 148
1584238265099 1 149
1584238267356 1 150
1584238269530 1 151
1584238271698 1 152
1584238273831 1 153
1584238275965 1 154
1584238279274 1 155
1584238281714 1 156
1584238284276 1 157
1584238286451 1 158
1584238289064 1 159
1584238291395 1 160
1584238293631 1 161
1584238295884 1 162
1584238298032 1 163
1584238300159 1 164
1584238302298 1 165
1584238304445 1 166
1584238306600 1 167
1584238309089 1 168
1584238311221 1 169
1584238313376 1 170
1584238317617 1 171
1584238321680 1 172
1584238324308 1 173
1584238326653 1 174
1584238328893 1 175
1584238331083 1 176
1584238333307 1 177
1584238335440 1 178
1584238337559 1 179
1584238339938 1 180
1584238342166 1 181
1584238344359 1 182
1584238346787 1 183
1584238348964 1 184
1584238351109 1 185
1584238353379 1 186
1584238355762 1 187
1584238358099 1 188
1584238360468 1 189
1584238362851 1 190
1584238365406 1 191
1584238367572 1 192
1584238369723 1 193
1584238372109 1 194
1584238374463 1 195
1584238376828 1 196
1584238378954 1 197
1584238381350 1 198
1584238383635 1 199
1584238385793 1 200
1584238387934 1 201
1584238390090 1 202
1584238392287 1 203
1584238394786 1 204
1584238396930 1 205
1584238399103 1 206
1584238401908 1 207
1584238404542 1 208
1584238406738 1 209
1584238409159 1 210
1584238411452 1 211
1584238413577 1 212
1584238415736 1 213
1584238418123 1 214
1584238420442 1 215
1584238422873 1 216
1584238425063 1 217
1584238427393 1 218
1584238430082 1 219
1584238435061 1 220
1584238437858 1 221
1584238445324 1 222
1584238453110 1 223
1584238456307 1 224
1584238462960 1 225
1584238467363 1 226
1584238471039 1 227
1584238474016 1 228
1584238478278 1 229
1584238482353 1 230
1584238485625 1 231
1584238489692 1 232
1584238491999 1 233
1584238494958 1 234
1584238498248 1 235
1584238500543 1 236
1584238503216 1 237
1584238506110 1 238
1584238509314 1 239
1584238511570 1 240
1584238514310 1 241
1584238516814 1 242
1584238519433 1 243
1584238521875 1 244
1584238524206 1 245
1584238526846 1 246
1584238529481 1 247
1584238532075 1 248
1584238534424 1 249
1584238537229 1 250
1584238540116 1 251
1584238542805 1 252
1584238545005 1 253
1584238547608 1 254
1584238549816 1 255
1584238552007 1 256
1584238554259 1 257
1584238556480 1 258
1584238560111 1 259
1584238562498 1 260
1584238565057 1 261
1584238569582 1 262
1584238572462 1 263
1584238577112 1 264
1584238579431 1 265
1584238581925 1 266
1584238584114 1 267
1584238586598 1 268
1584238589264 1 269
1584238592695 1 270
1584238594840 1 271
1584238597024 1 272
1584238599249 1 273
1584238601702 1 274
1584238604503 1 275
1584238607051 1 276
1584238609307 1 277
1584238612186 1 278
1584238614837 1 279
1584238617564 1 280
1584238620247 1 281
1584238623573 1 282
1584238625817 1 283
1584238628062 1 284
1584238630336 1 285
1584238632646 1 286
1584238634859 1 287
1584238637094 1 288
1584238639545 1 289
1584238642216 1 290
1584238644513 1 291
1584238647426 1 292
1584238649694 1 293
1584238651972 1 294
1584238656735 1 295
1584238660022 1 296
1584238663493 1 297
1584238666042 1 298
1584238669316 1 299
1584238671780 1 300
1584238674324 1 301
1584238676534 1 302
1584238678770 1 303
1584238683240 1 304
1584238685889 1 305
1584238688127 1 306
1584238690541 1 307
1584238693037 1 308
1584238695542 1 309
1584238698044 1 310
1584238700757 1 311
1584238702970 1 312
1584238705387 1 313
1584238708385 1 314
1584238710676 1 315
1584238712920 1 316
1584238715747 1 317
1584238718089 1 318
1584238720418 1 319
1584238722655 1 320
1584238727818 1 321
1584238730390 1 322
1584238732800 1 323
1584238735126 1 324
1584238737453 1 325
1584238740168 1 326
1584238742752 1 327
1584238745233 1 328
1584238747440 1 329
1584238749820 1 330
1584238752109 1 331
1584238754724 1 332
1584238757315 1 333
1584238759650 1 334
1584238762023 1 335
1584238764209 1 336
1584238766593 1 337
1584238768760 1 338
1584238770936 1 339
1584238773150 1 340
1584238775535 1 341
1584238777739 1 342
1584238779984 1 343
1584238782202 1 344
1584238784367 1 345
1584238786643 1 346
1584238788781 1 347
1584238790941 1 348
1584238793141 1 349
1584238795361 1 350
1584238797714 1 351
1584238800102 1 352
1584238802274 1 353
1584238804635 1 354
1584238806812 1 355
1584238809351 1 356
1584238812023 1 357
1584238814486 1 358
1584238816870 1 359
1584238819103 1 360
1584238821327 1 361
1584238823724 1 362
1584238825901 1 363
1584238828066 1 364
1584238830423 1 365
1584238833127 1 366
1584238835486 1 367
1584238837703 1 368
1584238839867 1 369
1584238842231 1 370
1584238844758 1 371
1584238846995 1 372
1584238849358 1 373
1584238851929 1 374
1584238854160 1 375
1584238856320 1 376
1584238858851 1 377
1584238861064 1 378
1584238863448 1 379
1584238865906 1 380
1584238868419 1 381
1584238871133 1 382
1584238873393 1 383
1584238875750 1 384
1584238877933 1 385
1584238880643 1 386
1584238884706 1 387
1584238886963 1 388
1584238889467 1 389
1584238892553 1 390
1584238896236 1 391
1584238899951 1 392
1584238902593 1 393
1584238905275 1 394
1584238908204 1 395
1584238911049 1 396
1584238913263 1 397
1584238915433 1 398
1584238917639 1 399
1584238919791 1 400
1584238921937 1 401
1584238924114 1 402
1584238926565 1 403
1584238929529 1 404
1584238932108 1 405
1584238934668 1 406
1584238937206 1 407
1584238940101 1 408
1584238942557 1 409
1584238944845 1 410
1584238946983 1 411
1584238949292 1 412
1584238951563 1 413
1584238954818 1 414
1584238956963 1 415
1584238959127 1 416
1584238961268 1 417
1584238963498 1 418
1584238965673 1 419
1584238967842 1 420
1584238969982 1 421
1584238972124 1 422
1584238974298 1 423
1584238976439 1 424
1584238978572 1 425
1584238980900 1 426
1584238983040 1 427
1584238985189 1 428
1584238987329 1 429
1584238989492 1 430
1584238991642 1 431
1584238993809 1 432
1584238995965 1 433
1584238998115 1 434
1584239000273 1 435
1584239002432 1 436
1584239004591 1 437
1584239006773 1 438
1584239008909 1 439
1584239011092 1 440
1584239013253 1 441
1584239015392 1 442
1584239017533 1 443
1584239019685 1 444
1584239021836 1 445
1584239023975 1 446
1584239026113 1 447
1584239028463 1 448
1584239031815 1 449
1584239034196 1 450
1584239036634 1 451
1584239038855 1 452
1584239041754 1 453
1584239044443 1 454
1584239047306 1 455
1584239049689 1 456
1584239052211 1 457
1584239055845 1 458
