1584237922877 300 1
1584237925194 300 2
1584237927439 300 3
1584237929678 300 4
1584237931927 300 5
1584237934166 300 6
1584237936385 300 7
1584237938600 300 8
1584237941771 300 9
1584237944531 300 10
1584237946872 300 11
1584237949298 300 12
1584237951807 300 13
1584237954082 300 14
1584237956722 300 15
1584237958905 300 16
1584237961334 300 17
1584237964070 300 18
1584237966487 300 19
1584237968896 300 20
1584237971203 300 21
1584237973435 300 22
1584237975535 300 23
1584237977820 300 24
1584237980031 300 25
1584237982182 300 26
1584237985472 300 27
1584237987594 300 28
1584237989720 300 29
1584237991827 300 30
1584237993969 300 31
1584237996084 300 32
1584237998203 300 33
1584238000351 300 34
1584238002523 300 35
1584238004640 300 36
1584238006762 300 37
1584238009195 300 38
1584238011433 300 39
1584238013964 300 40
1584238016900 300 41
1584238019024 300 42
1584238021159 300 43
1584238023260 300 44
1584238025400 300 45
1584238027497 300 46
1584238029622 300 47
1584238031742 300 48
1584238033863 300 49
1584238035981 300 50
1584238038189 300 51
1584238040386 300 52
1584238042514 300 53
1584238044678 300 54
1584238046786 300 55
1584238048937 300 56
1584238051081 300 57
1584238053208 300 58
1584238055333 300 59
1584238057471 300 60
1584238059600 300 61
1584238061708 300 62
1584238063834 300 63
1584238066670 300 64
1584238068995 300 65
1584238071384 300 66
1584238073869 300 67
1584238076056 300 68
1584238078257 300 69
1584238080388 300 70
1584238082566 300 71
1584238084731 300 72
1584238086849 300 73
1584238088975 300 74
1584238091107 300 75
1584238093259 300 76
1584238095403 300 77
1584238097588 300 78
1584238099955 300 79
1584238102329 300 80
1584238104684 300 81
1584238106988 300 82
1584238109491 300 83
1584238111876 300 84
1584238114149 300 85
1584238116409 300 86
1584238118791 300 87
1584238120970 300 88
1584238123808 300 89
1584238126518 300 90
1584238128689 300 91
1584238131294 300 92
1584238133736 300 93
1584238136945 300 94
1584238139053 300 95
1584238141261 300 96
1584238143645 300 97
1584238146427 300 98
1584238148851 300 99
1584238151160 300 100
1584238153280 300 101
1584238155622 300 102
1584238157830 300 103
1584238160274 300 104
1584238162451 300 105
1584238164571 300 106
1584238166731 300 107
1584238168882 300 108
1584238171066 300 109
1584238173211 300 110
1584238175312 300 111
1584238177450 300 112
1584238179588 300 113
1584238181745 300 114
1584238183858 300 115
1584238185981 300 116
1584238188145 300 117
1584238190296 300 118
1584238192882 300 119
1584238195274 300 120
1584238197671 300 121
1584238199884 300 122
1584238202492 300 123
1584238205036 300 124
1584238207309 300 125
1584238209524 300 126
1584238211993 300 127
1584238214163 300 128
1584238216621 300 129
1584238218787 300 130
1584238221018 300 131
1584238223151 300 132
1584238225521 300 133
1584238228213 300 134
1584238231113 300 135
1584238233528 300 136
1584238236116 300 137
1584238238315 300 138
1584238240659 300 139
1584238243485 300 140
1584238246195 300 141
1584238248553 300 142
1584238250974 300 143
1584238253280 300 144
1584238255704 300 145
1584238258373 300 146
1584238260767 300 147
1584238262947 300 148
1584238265099 300 149
1584238267356 300 150
1584238269530 300 151
1584238271698 300 152
1584238273831 300 153
1584238275965 300 154
1584238279274 300 155
1584238281714 300 156
1584238284276 300 157
1584238286451 300 158
1584238289064 300 159
1584238291395 300 160
1584238293631 300 161
1584238295884 300 162
1584238298032 300 163
1584238300159 300 164
1584238302298 300 165
1584238304445 300 166
1584238306600 300 167
1584238309089 300 168
1584238311221 300 169
1584238313376 300 170
1584238317617 300 171
1584238321680 300 172
1584238324308 300 173
1584238326653 300 174
1584238328893 300 175
1584238331083 300 176
1584238333307 300 177
1584238335440 300 178
1584238337559 300 179
1584238339938 300 180
1584238342166 300 181
1584238344359 300 182
1584238346787 300 183
1584238348964 300 184
1584238351109 300 185
1584238353379 300 186
1584238355762 300 187
1584238358099 300 188
1584238360468 300 189
1584238362851 300 190
1584238365406 300 191
1584238367572 300 192
1584238369723 300 193
1584238372109 300 194
1584238374463 300 195
1584238376828 300 196
1584238378954 300 197
1584238381350 300 198
1584238383635 300 199
1584238385793 300 200
1584238387934 300 201
1584238390090 300 202
1584238392287 300 203
1584238394786 300 204
1584238396930 300 205
1584238399103 300 206
1584238401908 300 207
1584238404542 300 208
1584238406738 300 209
1584238409159 300 210
1584238411452 300 211
1584238413577 300 212
1584238415736 300 213
1584238418123 300 214
1584238420442 300 215
1584238422873 300 216
1584238425063 300 217
1584238427393 300 218
1584238430082 300 219
1584238435061 300 220
1584238437858 300 221
1584238445324 300 222
1584238453110 300 223
1584238456307 300 224
1584238462960 300 225
1584238467363 300 226
1584238471039 300 227
1584238474016 300 228
1584238478278 300 229
1584238482353 300 230
1584238485625 300 231
1584238489692 300 232
1584238491999 300 233
1584238494958 300 234
1584238498248 300 235
1584238500543 300 236
1584238503216 300 237
1584238506110 300 238
1584238509314 300 239
1584238511570 300 240
1584238514310 300 241
1584238516814 300 242
1584238519433 300 243
1584238521875 300 244
1584238524206 300 245
1584238526846 300 246
1584238529481 300 247
1584238532075 300 248
1584238534424 300 249
1584238537229 300 250
1584238540116 300 251
1584238542805 300 252
1584238545005 300 253
1584238547608 300 254
1584238549816 300 255
1584238552007 300 256
1584238554259 300 257
1584238556480 300 258
1584238560111 300 259
1584238562498 300 260
1584238565057 300 261
1584238569582 300 262
1584238572462 300 263
1584238577112 300 264
1584238579431 300 265
1584238581925 300 266
1584238584114 300 267
1584238586598 300 268
1584238589264 300 269
1584238592695 300 270
1584238594840 300 271
1584238597024 300 272
1584238599249 300 273
1584238601702 300 274
1584238604503 300 275
1584238607051 300 276
1584238609307 300 277
1584238612186 300 278
1584238614837 300 279
1584238617564 300 280
1584238620247 300 281
1584238623573 300 282
1584238625817 300 283
1584238628062 300 284
1584238630336 300 285
1584238632646 300 286
1584238634859 300 287
1584238637094 300 288
1584238639545 300 289
1584238642216 300 290
1584238644513 300 291
1584238647426 300 292
1584238649694 300 293
1584238651972 300 294
1584238656735 300 295
1584238660022 300 296
1584238663493 300 297
1584238666042 300 298
1584238669316 300 299
1584238671780 300 300
1584238674324 300 301
1584238676534 300 302
1584238678770 300 303
1584238683240 300 304
1584238685889 300 305
1584238688127 300 306
1584238690541 300 307
1584238693037 300 308
1584238695542 300 309
1584238698044 300 310
1584238700757 300 311
1584238702970 300 312
1584238705387 300 313
1584238708385 300 314
1584238710676 300 315
1584238712920 300 316
1584238715747 300 317
1584238718089 300 318
1584238720418 300 319
1584238722655 300 320
1584238727818 300 321
1584238730390 300 322
1584238732800 300 323
1584238735126 300 324
1584238737453 300 325
1584238740168 300 326
1584238742752 300 327
1584238745233 300 328
1584238747440 300 329
1584238749820 300 330
1584238752109 300 331
1584238754724 300 332
1584238757315 300 333
1584238759650 300 334
1584238762023 300 335
1584238764209 300 336
1584238766593 300 337
1584238768760 300 338
1584238770936 300 339
1584238773150 300 340
1584238775535 300 341
1584238777739 300 342
1584238779984 300 343
1584238782202 300 344
1584238784367 300 345
1584238786643 300 346
1584238788781 300 347
1584238790941 300 348
1584238793141 300 349
1584238795361 300 350
1584238797714 300 351
1584238800102 300 352
1584238802274 300 353
1584238804635 300 354
1584238806812 300 355
1584238809351 300 356
1584238812023 300 357
1584238814486 300 358
1584238816870 300 359
1584238819103 300 360
1584238821327 300 361
1584238823724 300 362
1584238825901 300 363
1584238828066 300 364
1584238830423 300 365
1584238833127 300 366
1584238835486 300 367
1584238837703 300 368
1584238839867 300 369
1584238842231 300 370
1584238844758 300 371
1584238846995 300 372
1584238849358 300 373
1584238851929 300 374
1584238854160 300 375
1584238856320 300 376
1584238858851 300 377
1584238861064 300 378
1584238863448 300 379
1584238865906 300 380
1584238868419 300 381
1584238871133 300 382
1584238873393 300 383
1584238875750 300 384
1584238877933 300 385
1584238880643 300 386
1584238884706 300 387
1584238886963 300 388
1584238889467 300 389
1584238892553 300 390
1584238896236 300 391
1584238899951 300 392
1584238902593 300 393
1584238905275 300 394
1584238908204 300 395
1584238911049 300 396
1584238913263 300 397
1584238915433 300 398
1584238917639 300 399
1584238919791 300 400
1584238921937 300 401
1584238924114 300 402
1584238926565 300 403
1584238929529 300 404
1584238932108 300 405
1584238934668 300 406
1584238937206 300 407
1584238940101 300 408
1584238942557 300 409
1584238944845 300 410
1584238946983 300 411
1584238949292 300 412
1584238951563 300 413
1584238954818 300 414
1584238956963 300 415
1584238959127 300 416
1584238961268 300 417
1584238963498 300 418
1584238965673 300 419
1584238967842 300 420
1584238969982 300 421
1584238972124 300 422
1584238974298 300 423
1584238976439 300 424
1584238978572 300 425
1584238980900 300 426
1584238983040 300 427
1584238985189 300 428
1584238987329 300 429
1584238989492 300 430
1584238991642 300 431
1584238993809 300 432
1584238995965 300 433
1584238998115 300 434
1584239000273 300 435
1584239002432 300 436
1584239004591 300 437
1584239006773 300 438
1584239008909 300 439
1584239011092 300 440
1584239013253 300 441
1584239015392 300 442
1584239017533 300 443
1584239019685 300 444
1584239021836 300 445
1584239023975 300 446
1584239026113 300 447
1584239028463 300 448
1584239031815 300 449
1584239034196 300 450
1584239036634 300 451
1584239038855 300 452
1584239041754 300 453
1584239044443 300 454
1584239047306 300 455
1584239049689 300 456
1584239052211 300 457
1584239055845 300 458
