1584237920421 nan 0
1584237922887 0.0 1
1584237925203 0.5 2
1584237927455 -0.3333333333333333 3
1584237929693 -0.5 4
1584237931938 -0.6 5
1584237934175 -0.5 6
1584237936393 -0.42857142857142855 7
1584237938609 -0.375 8
1584237941782 -0.2222222222222222 9
1584237944547 -0.2 10
1584237946881 -0.09090909090909091 11
1584237949308 -0.08333333333333333 12
1584237951817 -0.15384615384615385 13
1584237954089 -0.14285714285714285 14
1584237956732 -0.2 15
1584237958916 -0.375 16
1584237961346 -0.4117647058823529 17
1584237964077 -0.3888888888888889 18
1584237966504 -0.3684210526315789 19
1584237968908 -0.25 20
1584237971215 -0.3 21
1584237973444 -0.4 22
1584237975543 -0.35 23
1584237977831 -0.3 24
1584237980041 -0.2 25
1584237982192 -0.2 26
1584237985480 -0.1 27
1584237987606 -0.05 28
1584237989728 -0.05 29
1584237991836 0.0 30
1584237993978 -0.05 31
1584237996091 -0.05 32
1584237998209 -0.1 33
1584238000359 -0.1 34
1584238002530 0.05 35
1584238004648 0.2 36
1584238006770 0.25 37
1584238009203 0.25 38
1584238011454 0.2 39
1584238013976 0.2 40
1584238016911 0.2 41
1584238019032 0.25 42
1584238021167 0.35 43
1584238023268 0.4 44
1584238025409 0.25 45
1584238027504 0.35 46
1584238029628 0.25 47
1584238031754 0.25 48
1584238033871 0.3 49
1584238035988 0.2 50
1584238038195 0.2 51
1584238040397 0.15 52
1584238042527 0.35 53
1584238044687 0.35 54
1584238046795 0.3 55
1584238048951 0.35 56
1584238051094 0.3 57
1584238053216 0.35 58
1584238055341 0.4 59
1584238057478 0.45 60
1584238059607 0.55 61
1584238061716 0.6 62
1584238063842 0.75 63
1584238066682 0.75 64
1584238069010 1.05 65
1584238071393 1.05 66
1584238073879 1.05 67
1584238076068 1.0 68
1584238078266 1.0 69
1584238080394 1.1 70
1584238082573 1.05 71
1584238084738 1.15 72
1584238086857 1.1 73
1584238088982 1.25 74
1584238091120 1.2 75
1584238093267 1.25 76
1584238095411 1.5 77
1584238097607 1.45 78
1584238099963 1.55 79
1584238102342 1.6 80
1584238104694 1.65 81
1584238107003 1.6 82
1584238109500 1.45 83
1584238111886 1.4 84
1584238114157 1.4 85
1584238116424 1.6 86
1584238118799 1.55 87
1584238120983 1.55 88
1584238123826 1.45 89
1584238126527 1.65 90
1584238128700 1.95 91
1584238131308 1.9 92
1584238133746 1.8 93
1584238136955 1.75 94
1584238139061 1.7 95
1584238141271 1.65 96
1584238143657 1.65 97
1584238146438 1.65 98
1584238148862 1.85 99
1584238151169 1.9 100
1584238153288 1.95 101
1584238155640 1.95 102
1584238157843 2.15 103
1584238160280 2.25 104
1584238162460 2.1 105
1584238164580 1.85 106
1584238166743 2.0 107
1584238168893 2.0 108
1584238171081 2.05 109
1584238173219 1.85 110
1584238175321 1.65 111
1584238177466 1.85 112
1584238179601 1.95 113
1584238181757 1.95 114
1584238183867 2.1 115
1584238185999 2.1 116
1584238188154 2.05 117
1584238190305 2.1 118
1584238192895 2.0 119
1584238195289 1.8 120
1584238197684 1.85 121
1584238199894 2.1 122
1584238202556 2.1 123
1584238205046 2.2 124
1584238207318 2.2 125
1584238209537 2.25 126
1584238212005 2.4 127
1584238214172 2.5 128
1584238216630 2.6 129
1584238218800 2.7 130
1584238221026 2.65 131
1584238223165 2.6 132
1584238225530 2.75 133
1584238228235 2.85 134
1584238231125 2.85 135
1584238233543 3.0 136
1584238236131 3.25 137
1584238238324 3.25 138
1584238240671 3.2 139
1584238243499 3.25 140
1584238246204 3.1 141
1584238248562 3.2 142
1584238250991 3.0 143
1584238253286 3.15 144
1584238255716 3.1 145
1584238258389 3.25 146
1584238260780 3.05 147
1584238262954 3.2 148
1584238265110 3.15 149
1584238267367 3.25 150
1584238269539 3.55 151
1584238271710 3.65 152
1584238273840 3.75 153
1584238275974 3.75 154
1584238279291 3.95 155
1584238281734 3.75 156
1584238284282 3.45 157
1584238286468 3.65 158
1584238289074 3.65 159
1584238291417 3.75 160
1584238293643 3.9 161
1584238295897 3.7 162
1584238298038 3.95 163
1584238300167 3.85 164
1584238302307 4.2 165
1584238304454 4.2 166
1584238306611 4.15 167
1584238309097 4.15 168
1584238311230 4.05 169
1584238313389 3.95 170
1584238317630 3.65 171
1584238321697 3.6 172
1584238324319 3.75 173
1584238326662 3.65 174
1584238328902 3.4 175
1584238331096 3.65 176
1584238333320 3.7 177
1584238335448 3.8 178
1584238337568 4.05 179
1584238339954 4.0 180
1584238342179 4.0 181
1584238344369 4.1 182
1584238346797 4.05 183
1584238348979 4.0 184
1584238351121 3.9 185
1584238353477 4.15 186
1584238355772 4.5 187
1584238358106 4.45 188
1584238360483 4.65 189
1584238362859 4.8 190
1584238365414 4.95 191
1584238367585 5.0 192
1584238369730 4.9 193
1584238372126 5.0 194
1584238374471 5.3 195
1584238376836 5.2 196
1584238378964 5.15 197
1584238381360 5.2 198
1584238383642 5.15 199
1584238385799 5.15 200
1584238387941 5.0 201
1584238390100 4.85 202
1584238392302 4.85 203
1584238394797 4.9 204
1584238396938 4.95 205
1584238399121 4.9 206
1584238401924 4.7 207
1584238404556 4.65 208
1584238406748 4.7 209
1584238409172 5.0 210
1584238411460 5.3 211
1584238413583 5.1 212
1584238415745 5.1 213
1584238418131 5.2 214
1584238420458 5.3 215
1584238422886 5.4 216
1584238425072 5.9 217
1584238427400 5.8 218
1584238430093 5.55 219
1584238435074 5.85 220
1584238437869 6.1 221
1584238445337 6.35 222
1584238453122 6.5 223
1584238456318 6.7 224
1584238462973 6.6 225
1584238467379 6.65 226
1584238471051 6.7 227
1584238474034 6.75 228
1584238478290 6.75 229
1584238482363 6.2 230
1584238485635 6.05 231
1584238489707 6.25 232
1584238492016 6.05 233
1584238494975 6.5 234
1584238498257 6.65 235
1584238500553 6.7 236
1584238503231 6.4 237
1584238506122 6.4 238
1584238509325 6.75 239
1584238511580 6.65 240
1584238514322 6.7 241
1584238516825 6.55 242
1584238519443 6.55 243
1584238521885 6.45 244
1584238524216 6.45 245
1584238526858 6.05 246
1584238529499 6.35 247
1584238532089 6.7 248
1584238534433 6.8 249
1584238537244 7.35 250
1584238540129 7.55 251
1584238542818 7.35 252
1584238545014 7.35 253
1584238547623 6.85 254
1584238549833 6.5 255
1584238552016 6.65 256
1584238554272 6.7 257
1584238556489 6.85 258
1584238560124 6.8 259
1584238562506 7.0 260
1584238565067 6.8 261
1584238569591 7.15 262
1584238572473 7.3 263
1584238577122 7.45 264
1584238579438 7.7 265
1584238581934 7.9 266
1584238584131 7.6 267
1584238586613 7.5 268
1584238589273 7.15 269
1584238592709 6.8 270
1584238594853 6.6 271
1584238597033 7.3 272
1584238599256 7.75 273
1584238601710 7.8 274
1584238604516 8.15 275
1584238607071 8.15 276
1584238609316 8.15 277
1584238612201 7.8 278
1584238614846 7.5 279
1584238617612 7.15 280
1584238620259 7.5 281
1584238623582 7.25 282
1584238625828 7.35 283
1584238628073 7.1 284
1584238630347 7.05 285
1584238632655 7.15 286
1584238634867 7.25 287
1584238637107 7.1 288
1584238639554 7.65 289
1584238642235 7.85 290
1584238644520 8.0 291
1584238647441 7.75 292
1584238649704 7.45 293
1584238651989 7.55 294
1584238656747 7.55 295
1584238660032 7.45 296
1584238663508 7.3 297
1584238666055 7.7 298
1584238669331 8.05 299
1584238671791 8.1 300
1584238674334 8.1 301
1584238676544 8.2 302
1584238678779 7.9 303
1584238683249 8.1 304
1584238685902 8.2 305
1584238688139 8.05 306
1584238690553 8.4 307
1584238693052 8.8 308
1584238695550 8.5 309
1584238698053 8.45 310
1584238700766 8.4 311
1584238702979 8.05 312
1584238705431 8.2 313
1584238708397 8.4 314
1584238710689 8.35 315
1584238712928 8.5 316
1584238715755 8.55 317
1584238718099 8.6 318
1584238720425 8.75 319
1584238722661 8.85 320
1584238727830 8.95 321
1584238730399 8.95 322
1584238732809 9.05 323
1584238735137 8.7 324
1584238737464 8.4 325
1584238740214 8.9 326
1584238742765 8.75 327
1584238745241 8.4 328
1584238747449 8.7 329
1584238749833 9.05 330
1584238752118 9.45 331
1584238754736 9.85 332
1584238757324 9.85 333
1584238759663 9.4 334
1584238762031 9.25 335
1584238764218 9.6 336
1584238766607 9.5 337
1584238768768 9.05 338
1584238770944 8.95 339
1584238773159 9.05 340
1584238775544 8.95 341
1584238777752 9.4 342
1584238779999 9.7 343
1584238782214 10.05 344
1584238784376 10.3 345
1584238786656 10.15 346
1584238788795 10.1 347
1584238790953 10.1 348
1584238793156 10.05 349
1584238795371 9.95 350
1584238797722 9.9 351
1584238800113 9.9 352
1584238802283 9.9 353
1584238804643 10.5 354
1584238806819 10.8 355
1584238809359 10.8 356
1584238812036 11.1 357
1584238814495 11.25 358
1584238816877 11.45 359
1584238819114 11.55 360
1584238821340 11.55 361
1584238823733 11.45 362
1584238825910 11.05 363
1584238828078 11.35 364
1584238830429 11.35 365
1584238833140 11.55 366
1584238835497 11.8 367
1584238837711 11.7 368
1584238839881 11.8 369
1584238842246 11.75 370
1584238844766 11.5 371
1584238847005 11.85 372
1584238849376 11.7 373
1584238851942 11.75 374
1584238854173 11.45 375
1584238856329 11.0 376
1584238858858 11.0 377
1584238861074 11.15 378
1584238863456 11.05 379
1584238865915 11.1 380
1584238868428 11.15 381
1584238871142 10.8 382
1584238873406 11.05 383
1584238875758 10.6 384
1584238877944 10.75 385
1584238880655 10.5 386
1584238884715 10.65 387
1584238886970 11.05 388
1584238889479 11.0 389
1584238892565 10.95 390
1584238896251 11.05 391
1584238899961 10.15 392
1584238902605 10.65 393
1584238905297 10.3 394
1584238908220 10.45 395
1584238911071 10.6 396
1584238913271 10.85 397
1584238915445 11.2 398
1584238917645 11.15 399
1584238919804 11.1 400
1584238921947 10.95 401
1584238924124 11.15 402
1584238926575 11.25 403
1584238929549 11.55 404
1584238932116 11.55 405
1584238934676 11.75 406
1584238937216 11.4 407
1584238940122 11.5 408
1584238942567 11.35 409
1584238944857 11.4 410
1584238946991 11.3 411
1584238949301 11.75 412
1584238951575 11.25 413
1584238954828 11.6 414
1584238956971 11.9 415
1584238959140 11.7 416
1584238961276 11.8 417
1584238963507 11.35 418
1584238965686 11.4 419
1584238967856 11.7 420
1584238969994 11.85 421
1584238972133 12.0 422
1584238974307 11.7 423
1584238976448 11.85 424
1584238978580 11.65 425
1584238980907 11.6 426
1584238983047 11.45 427
1584238985198 11.35 428
1584238987336 11.45 429
1584238989498 11.45 430
1584238991656 11.55 431
1584238993816 11.7 432
1584238995971 11.9 433
1584238998123 11.55 434
1584239000285 11.5 435
1584239002442 12.05 436
1584239004597 11.95 437
1584239006780 12.35 438
1584239008916 12.5 439
1584239011100 12.2 440
1584239013265 12.45 441
1584239015400 12.15 442
1584239017540 12.4 443
1584239019692 12.2 444
1584239021844 12.05 445
1584239023983 11.85 446
1584239026120 11.9 447
1584239028471 11.55 448
1584239031824 11.7 449
1584239034213 11.45 450
1584239036643 11.5 451
1584239038863 11.65 452
1584239041769 12.0 453
1584239044455 12.25 454
1584239047320 11.9 455
1584239049698 11.65 456
1584239052225 11.45 457
1584239055858 11.5 458
1584239055871 11.5 458
