1584237920421 nan 0
1584237922887 0.0 1
1584237925203 0.5 2
1584237927455 -0.3333333333333333 3
1584237929693 -0.5 4
1584237931938 -0.6 5
1584237934175 -0.5 6
1584237936393 -0.42857142857142855 7
1584237938609 -0.375 8
1584237941782 -0.2222222222222222 9
1584237944547 -0.2 10
1584237946881 -0.09090909090909091 11
1584237949308 -0.08333333333333333 12
1584237951817 -0.15384615384615385 13
1584237954089 -0.14285714285714285 14
1584237956732 -0.2 15
1584237958916 -0.375 16
1584237961346 -0.4117647058823529 17
1584237964077 -0.3888888888888889 18
1584237966504 -0.3684210526315789 19
1584237968908 -0.25 20
1584237971215 -0.2857142857142857 21
1584237973444 -0.3181818181818182 22
1584237975543 -0.34782608695652173 23
1584237977831 -0.3333333333333333 24
1584237980041 -0.28 25
1584237982192 -0.2692307692307692 26
1584237985480 -0.18518518518518517 27
1584237987606 -0.14285714285714285 28
1584237989728 -0.10344827586206896 29
1584237991836 -0.06666666666666667 30
1584237993978 -0.06451612903225806 31
1584237996091 -0.0625 32
1584237998209 -0.12121212121212122 33
1584238000359 -0.11764705882352941 34
1584238002530 -0.05714285714285714 35
1584238004648 -0.05555555555555555 36
1584238006770 -0.05405405405405406 37
1584238009203 -0.05263157894736842 38
1584238011454 -0.07692307692307693 39
1584238013976 -0.025 40
1584238016911 -0.04878048780487805 41
1584238019032 -0.047619047619047616 42
1584238021167 -0.023255813953488372 43
1584238023268 0.0 44
1584238025409 -0.044444444444444446 45
1584238027504 0.0 46
1584238029628 0.0 47
1584238031754 0.020833333333333332 48
1584238033871 0.061224489795918366 49
1584238035988 0.04 50
1584238038195 0.0392156862745098 51
1584238040397 0.019230769230769232 52
1584238042527 0.05660377358490566 53
1584238044687 0.05555555555555555 54
1584238046795 0.07272727272727272 55
1584238048951 0.08928571428571429 56
1584238051094 0.07017543859649122 57
1584238053216 0.08620689655172414 58
1584238055341 0.0847457627118644 59
1584238057478 0.13333333333333333 60
1584238059607 0.14754098360655737 61
1584238061716 0.16129032258064516 62
1584238063842 0.2222222222222222 63
1584238066682 0.234375 64
1584238069010 0.2923076923076923 65
1584238071393 0.3181818181818182 66
1584238073879 0.31343283582089554 67
1584238076068 0.3088235294117647 68
1584238078266 0.3333333333333333 69
1584238080394 0.34285714285714286 70
1584238082573 0.323943661971831 71
1584238084738 0.3333333333333333 72
1584238086857 0.3424657534246575 73
1584238088982 0.3783783783783784 74
1584238091120 0.37333333333333335 75
1584238093267 0.39473684210526316 76
1584238095411 0.44155844155844154 77
1584238097607 0.4358974358974359 78
1584238099963 0.45569620253164556 79
1584238102342 0.5 80
1584238104694 0.5185185185185185 81
1584238107003 0.5121951219512195 82
1584238109500 0.5180722891566265 83
1584238111886 0.5119047619047619 84
1584238114157 0.5529411764705883 85
1584238116424 0.6162790697674418 86
1584238118799 0.5977011494252874 87
1584238120983 0.5909090909090909 88
1584238123826 0.5842696629213483 89
1584238126527 0.6333333333333333 90
1584238128700 0.6813186813186813 91
1584238131308 0.6739130434782609 92
1584238133746 0.6559139784946236 93
1584238136955 0.6702127659574468 94
1584238139061 0.6526315789473685 95
1584238141271 0.65625 96
1584238143657 0.6907216494845361 97
1584238146438 0.6836734693877551 98
1584238148862 0.7373737373737373 99
1584238151169 0.78 100
1584238153288 0.81 101
1584238155640 0.8 102
1584238157843 0.87 103
1584238160280 0.9 104
1584238162460 0.92 105
1584238164580 0.93 106
1584238166743 0.95 107
1584238168893 0.95 108
1584238171081 0.95 109
1584238173219 0.96 110
1584238175321 0.96 111
1584238177466 1.0 112
1584238179601 1.02 113
1584238181757 1.04 114
1584238183867 1.07 115
1584238185999 1.11 116
1584238188154 1.15 117
1584238190305 1.16 118
1584238192895 1.2 119
1584238195289 1.19 120
1584238197684 1.24 121
1584238199894 1.3 122
1584238202556 1.36 123
1584238205046 1.4 124
1584238207318 1.4 125
1584238209537 1.42 126
1584238212005 1.45 127
1584238214172 1.46 128
1584238216630 1.48 129
1584238218800 1.5 130
1584238221026 1.5 131
1584238223165 1.53 132
1584238225530 1.59 133
1584238228235 1.63 134
1584238231125 1.63 135
1584238233543 1.67 136
1584238236131 1.75 137
1584238238324 1.76 138
1584238240671 1.8 139
1584238243499 1.8 140
1584238246204 1.82 141
1584238248562 1.89 142
1584238250991 1.89 143
1584238253286 1.95 144
1584238255716 1.97 145
1584238258389 2.0 146
1584238260780 2.01 147
1584238262954 2.05 148
1584238265110 2.05 149
1584238267367 2.11 150
1584238269539 2.17 151
1584238271710 2.23 152
1584238273840 2.27 153
1584238275974 2.31 154
1584238279291 2.36 155
1584238281734 2.35 156
1584238284282 2.38 157
1584238286468 2.42 158
1584238289074 2.45 159
1584238291417 2.46 160
1584238293643 2.49 161
1584238295897 2.51 162
1584238298038 2.53 163
1584238300167 2.57 164
1584238302307 2.6 165
1584238304454 2.63 166
1584238306611 2.63 167
1584238309097 2.68 168
1584238311230 2.66 169
1584238313389 2.68 170
1584238317630 2.69 171
1584238321697 2.72 172
1584238324319 2.8 173
1584238326662 2.79 174
1584238328902 2.8 175
1584238331096 2.83 176
1584238333320 2.82 177
1584238335448 2.89 178
1584238337568 2.95 179
1584238339954 2.94 180
1584238342179 2.96 181
1584238344369 3.01 182
1584238346797 3.05 183
1584238348979 3.09 184
1584238351121 3.1 185
1584238353477 3.14 186
1584238355772 3.22 187
1584238358106 3.26 188
1584238360483 3.3 189
1584238362859 3.31 190
1584238365414 3.29 191
1584238367585 3.34 192
1584238369730 3.42 193
1584238372126 3.44 194
1584238374471 3.52 195
1584238376836 3.54 196
1584238378964 3.52 197
1584238381360 3.6 198
1584238383642 3.61 199
1584238385799 3.59 200
1584238387941 3.57 201
1584238390100 3.59 202
1584238392302 3.59 203
1584238394797 3.62 204
1584238396938 3.67 205
1584238399121 3.75 206
1584238401924 3.76 207
1584238404556 3.79 208
1584238406748 3.83 209
1584238409172 3.94 210
1584238411460 4.02 211
1584238413583 3.99 212
1584238415745 4.05 213
1584238418131 4.09 214
1584238420458 4.16 215
1584238422886 4.2 216
1584238425072 4.29 217
1584238427400 4.34 218
1584238430093 4.32 219
1584238435074 4.4 220
1584238437869 4.42 221
1584238445337 4.44 222
1584238453122 4.47 223
1584238456318 4.52 224
1584238462973 4.55 225
1584238467379 4.63 226
1584238471051 4.62 227
1584238474034 4.64 228
1584238478290 4.66 229
1584238482363 4.64 230
1584238485635 4.7 231
1584238489707 4.72 232
1584238492016 4.71 233
1584238494975 4.82 234
1584238498257 4.92 235
1584238500553 4.94 236
1584238503231 4.92 237
1584238506122 4.97 238
1584238509325 5.03 239
1584238511580 5.08 240
1584238514322 5.14 241
1584238516825 5.11 242
1584238519443 5.18 243
1584238521885 5.18 244
1584238524216 5.22 245
1584238526858 5.19 246
1584238529499 5.28 247
1584238532089 5.34 248
1584238534433 5.39 249
1584238537244 5.46 250
1584238540129 5.5 251
1584238542818 5.46 252
1584238545014 5.43 253
1584238547623 5.44 254
1584238549833 5.43 255
1584238552016 5.52 256
1584238554272 5.57 257
1584238556489 5.61 258
1584238560124 5.66 259
1584238562506 5.73 260
1584238565067 5.72 261
1584238569591 5.8 262
1584238572473 5.85 263
1584238577122 5.9 264
1584238579438 5.92 265
1584238581934 5.93 266
1584238584131 5.97 267
1584238586613 6.01 268
1584238589273 6.01 269
1584238592709 6.03 270
1584238594853 6.09 271
1584238597033 6.2 272
1584238599256 6.23 273
1584238601710 6.27 274
1584238604516 6.38 275
1584238607071 6.42 276
1584238609316 6.46 277
1584238612201 6.41 278
1584238614846 6.35 279
1584238617612 6.36 280
1584238620259 6.42 281
1584238623582 6.43 282
1584238625828 6.51 283
1584238628073 6.52 284
1584238630347 6.55 285
1584238632655 6.53 286
1584238634867 6.52 287
1584238637107 6.54 288
1584238639554 6.61 289
1584238642235 6.64 290
1584238644520 6.7 291
1584238647441 6.75 292
1584238649704 6.74 293
1584238651989 6.78 294
1584238656747 6.83 295
1584238660032 6.87 296
1584238663508 6.89 297
1584238666055 6.91 298
1584238669331 6.93 299
1584238671791 6.95 300
1584238674334 7.04 301
1584238676544 7.1 302
1584238678779 7.12 303
1584238683249 7.16 304
1584238685902 7.2 305
1584238688139 7.16 306
1584238690553 7.26 307
1584238693052 7.37 308
1584238695550 7.37 309
1584238698053 7.33 310
1584238700766 7.32 311
1584238702979 7.34 312
1584238705431 7.36 313
1584238708397 7.42 314
1584238710689 7.44 315
1584238712928 7.49 316
1584238715755 7.42 317
1584238718099 7.47 318
1584238720425 7.57 319
1584238722661 7.55 320
1584238727830 7.61 321
1584238730399 7.62 322
1584238732809 7.63 323
1584238735137 7.56 324
1584238737464 7.56 325
1584238740214 7.61 326
1584238742765 7.67 327
1584238745241 7.7 328
1584238747449 7.76 329
1584238749833 7.9 330
1584238752118 8.0 331
1584238754736 8.06 332
1584238757324 8.12 333
1584238759663 8.0 334
1584238762031 7.96 335
1584238764218 8.07 336
1584238766607 8.04 337
1584238768768 8.0 338
1584238770944 8.01 339
1584238773159 8.03 340
1584238775544 8.06 341
1584238777752 8.19 342
1584238779999 8.26 343
1584238782214 8.28 344
1584238784376 8.33 345
1584238786656 8.43 346
1584238788795 8.42 347
1584238790953 8.38 348
1584238793156 8.41 349
1584238795371 8.42 350
1584238797722 8.47 351
1584238800113 8.57 352
1584238802283 8.63 353
1584238804643 8.73 354
1584238806819 8.82 355
1584238809359 8.9 356
1584238812036 8.92 357
1584238814495 8.88 358
1584238816877 8.94 359
1584238819114 8.94 360
1584238821340 9.01 361
1584238823733 9.05 362
1584238825910 9.01 363
1584238828078 9.06 364
1584238830429 9.06 365
1584238833140 9.16 366
1584238835497 9.26 367
1584238837711 9.22 368
1584238839881 9.34 369
1584238842246 9.41 370
1584238844766 9.45 371
1584238847005 9.48 372
1584238849376 9.42 373
1584238851942 9.52 374
1584238854173 9.48 375
1584238856329 9.47 376
1584238858858 9.49 377
1584238861074 9.55 378
1584238863456 9.65 379
1584238865915 9.73 380
1584238868428 9.74 381
1584238871142 9.76 382
1584238873406 9.75 383
1584238875758 9.76 384
1584238877944 9.8 385
1584238880655 9.83 386
1584238884715 9.94 387
1584238886970 10.01 388
1584238889479 10.01 389
1584238892565 10.03 390
1584238896251 10.06 391
1584238899961 9.96 392
1584238902605 10.06 393
1584238905297 10.07 394
1584238908220 10.06 395
1584238911071 10.1 396
1584238913271 10.2 397
1584238915445 10.25 398
1584238917645 10.27 399
1584238919804 10.33 400
1584238921947 10.31 401
1584238924124 10.35 402
1584238926575 10.42 403
1584238929549 10.45 404
1584238932116 10.47 405
1584238934676 10.57 406
1584238937216 10.54 407
1584238940122 10.55 408
1584238942567 10.58 409
1584238944857 10.62 410
1584238946991 10.64 411
1584238949301 10.7 412
1584238951575 10.67 413
1584238954828 10.71 414
1584238956971 10.77 415
1584238959140 10.74 416
1584238961276 10.85 417
1584238963507 10.8 418
1584238965686 10.8 419
1584238967856 10.9 420
1584238969994 10.89 421
1584238972133 10.96 422
1584238974307 10.95 423
1584238976448 11.08 424
1584238978580 11.12 425
1584238980907 11.11 426
1584238983047 11.08 427
1584238985198 11.14 428
1584238987336 11.13 429
1584238989498 11.1 430
1584238991656 11.06 431
1584238993816 11.07 432
1584238995971 11.08 433
1584238998123 11.14 434
1584239000285 11.22 435
1584239002442 11.23 436
1584239004597 11.34 437
1584239006780 11.46 438
1584239008916 11.51 439
1584239011100 11.53 440
1584239013265 11.59 441
1584239015400 11.51 442
1584239017540 11.49 443
1584239019692 11.51 444
1584239021844 11.47 445
1584239023983 11.45 446
1584239026120 11.44 447
1584239028471 11.43 448
1584239031824 11.46 449
1584239034213 11.4 450
1584239036643 11.38 451
1584239038863 11.42 452
1584239041769 11.5 453
1584239044455 11.49 454
1584239047320 11.44 455
1584239049698 11.4 456
1584239052225 11.41 457
1584239055858 11.51 458
1584239055871 11.51 458
