1584381455777 300 1
1584381459088 300 2
1584381464252 300 3
1584381470491 300 4
1584381473725 300 5
1584381476828 300 6
1584381479789 300 7
1584381482860 300 8
1584381485739 300 9
1584381489205 300 10
1584381492381 300 11
1584381495407 300 12
1584381498480 300 13
1584381501530 300 14
1584381504697 300 15
1584381507856 300 16
1584381511637 300 17
1584381514982 300 18
1584381518763 300 19
1584381521996 300 20
1584381525015 300 21
1584381528753 300 22
1584381532268 300 23
1584381535117 300 24
1584381537682 300 25
1584381541256 300 26
1584381544418 300 27
1584381548069 300 28
1584381551998 300 29
1584381554763 300 30
1584381557481 300 31
1584381560421 300 32
1584381563474 300 33
1584381566390 300 34
1584381569736 300 35
1584381572700 300 36
1584381576065 300 37
1584381579245 300 38
1584381583032 300 39
1584381587925 300 40
1584381592008 300 41
1584381596542 300 42
1584381602392 300 43
1584381611328 300 44
1584381624959 300 45
1584381634195 300 46
1584381643523 300 47
1584381652486 300 48
1584381659687 300 49
1584381665734 300 50
1584381670928 300 51
1584381674495 300 52
1584381676974 300 53
1584381680641 300 54
1584381683290 300 55
1584381685997 300 56
1584381689032 300 57
1584381691882 300 58
1584381694792 300 59
1584381697521 300 60
1584381700444 300 61
1584381703026 300 62
1584381705554 300 63
1584381709642 300 64
1584381712707 300 65
1584381716310 300 66
1584381719091 300 67
1584381722349 300 68
1584381725502 300 69
1584381728594 300 70
1584381731201 300 71
1584381735305 300 72
1584381738687 300 73
1584381741999 300 74
1584381746033 300 75
1584381752201 300 76
1584381757084 300 77
1584381760207 300 78
1584381763861 300 79
1584381767536 300 80
1584381770468 300 81
1584381773111 300 82
1584381776054 300 83
1584381780309 300 84
1584381784209 300 85
1584381787148 300 86
1584381789845 300 87
1584381793719 300 88
1584381798541 300 89
1584381802167 300 90
1584381807208 300 91
1584381810708 300 92
1584381816291 300 93
1584381819837 300 94
1584381823216 300 95
1584381828998 300 96
1584381832273 300 97
1584381835303 300 98
1584381838323 300 99
1584381841445 300 100
