1584381455777 0.0 1
1584381459088 -1.0 2
1584381464252 2.0 3
1584381470491 -1.0 4
1584381473725 0.0 5
1584381476828 0.0 6
1584381479789 0.0 7
1584381482860 -3.0 8
1584381485739 1.0 9
1584381489205 0.0 10
1584381492381 1.0 11
1584381495407 0.0 12
1584381498480 -1.0 13
1584381501530 -1.0 14
1584381504697 1.0 15
1584381507856 0.0 16
1584381511637 0.0 17
1584381514982 -4.0 18
1584381518763 0.0 19
1584381521996 1.0 20
1584381525015 0.0 21
1584381528753 0.0 22
1584381532268 0.0 23
1584381535117 0.0 24
1584381537682 1.0 25
1584381541256 0.0 26
1584381544418 1.0 27
1584381548069 0.0 28
1584381551998 2.0 29
1584381554763 1.0 30
1584381557481 -1.0 31
1584381560421 0.0 32
1584381563474 1.0 33
1584381566390 2.0 34
1584381569736 1.0 35
1584381572700 0.0 36
1584381576065 1.0 37
1584381579245 0.0 38
1584381583032 -1.0 39
1584381587925 -1.0 40
1584381592008 1.0 41
1584381596542 1.0 42
1584381602392 0.0 43
1584381611328 -1.0 44
1584381624959 3.0 45
1584381634195 0.0 46
1584381643523 1.0 47
1584381652486 1.0 48
1584381659687 -1.0 49
1584381665734 0.0 50
1584381670928 0.0 51
1584381674495 1.0 52
1584381676974 0.0 53
1584381680641 2.0 54
1584381683290 2.0 55
1584381685997 -1.0 56
1584381689032 1.0 57
1584381691882 0.0 58
1584381694792 2.0 59
1584381697521 2.0 60
1584381700444 5.0 61
1584381703026 2.0 62
1584381705554 0.0 63
1584381709642 2.0 64
1584381712707 1.0 65
1584381716310 3.0 66
1584381719091 3.0 67
1584381722349 4.0 68
1584381725502 0.0 69
1584381728594 2.0 70
1584381731201 1.0 71
1584381735305 1.0 72
1584381738687 3.0 73
1584381741999 -1.0 74
1584381746033 1.0 75
1584381752201 3.0 76
1584381757084 0.0 77
1584381760207 4.0 78
1584381763861 2.0 79
1584381767536 -1.0 80
1584381770468 1.0 81
1584381773111 2.0 82
1584381776054 3.0 83
1584381780309 2.0 84
1584381784209 3.0 85
1584381787148 2.0 86
1584381789845 4.0 87
1584381793719 1.0 88
1584381798541 2.0 89
1584381802167 1.0 90
1584381807208 -1.0 91
1584381810708 1.0 92
1584381816291 6.0 93
1584381819837 4.0 94
1584381823216 2.0 95
1584381828998 3.0 96
1584381832273 9.0 97
1584381835303 -2.0 98
1584381838323 3.0 99
1584381841445 6.0 100
