1584580067670 1 1
1584580070017 1 2
1584580072240 1 3
1584580074687 1 4
1584580077112 1 5
1584580079446 1 6
1584580081785 1 7
1584580084046 1 8
1584580086342 1 9
1584580088691 1 10
1584580091041 1 11
1584580093369 1 12
1584580095655 1 13
1584580098028 1 14
1584580100218 1 15
1584580102429 1 16
1584580104721 1 17
1584580107057 1 18
1584580109264 1 19
1584580111447 1 20
1584580113619 1 21
1584580115910 1 22
1584580118182 1 23
1584580120474 1 24
1584580122753 1 25
1584580125019 1 26
1584580127205 1 27
1584580129372 1 28
1584580131640 1 29
1584580133907 1 30
1584580136246 1 31
1584580138437 1 32
1584580140603 1 33
1584580142933 1 34
1584580145209 1 35
1584580147481 1 36
1584580149765 1 37
1584580152032 1 38
1584580154205 1 39
1584580156362 1 40
1584580158556 1 41
1584580160849 1 42
1584580163168 1 43
1584580165395 1 44
1584580167603 1 45
1584580169806 1 46
1584580172231 1 47
1584580174511 1 48
1584580176857 1 49
1584580179169 1 50
1584580181437 1 51
1584580183603 1 52
1584580185777 1 53
1584580188061 1 54
1584580190335 1 55
1584580192608 1 56
1584580194802 1 57
1584580196989 1 58
1584580199269 1 59
1584580201545 1 60
1584580203842 1 61
1584580206119 1 62
1584580208386 1 63
1584580210587 1 64
1584580212800 1 65
1584580215014 1 66
1584580217261 1 67
1584580219533 1 68
1584580221751 1 69
1584580223938 1 70
1584580226144 1 71
1584580228421 1 72
1584580230641 1 73
1584580232905 1 74
1584580235171 1 75
1584580237417 1 76
1584580239598 1 77
1584580241803 1 78
1584580244044 1 79
1584580246304 1 80
1584580248593 1 81
1584580250823 1 82
1584580253050 1 83
1584580255293 1 84
1584580257525 1 85
1584580259789 1 86
1584580262048 1 87
1584580264372 1 88
1584580266527 1 89
1584580268762 1 90
1584580270954 1 91
1584580273237 1 92
1584580275463 1 93
1584580277633 1 94
1584580279839 1 95
1584580282040 1 96
1584580284249 1 97
1584580286514 1 98
1584580288758 1 99
1584580291011 1 100
1584580293328 1 101
1584580295511 1 102
1584580297759 1 103
1584580300068 1 104
1584580302312 1 105
1584580304551 1 106
1584580306832 1 107
1584580309104 1 108
1584580311360 1 109
1584580313621 1 110
1584580315888 1 111
1584580318174 1 112
1584580320423 1 113
1584580322622 1 114
1584580324821 1 115
1584580327010 1 116
1584580329288 1 117
1584580331547 1 118
1584580333715 1 119
1584580335909 1 120
1584580338100 1 121
1584580340331 1 122
1584580342541 1 123
1584580344809 1 124
1584580347036 1 125
1584580349296 1 126
1584580351487 1 127
1584580353713 1 128
1584580355954 1 129
1584580358241 1 130
1584580360557 1 131
1584580362775 1 132
1584580364999 1 133
1584580367273 1 134
1584580369531 1 135
1584580371792 1 136
1584580374058 1 137
1584580376320 1 138
1584580378507 1 139
1584580380694 1 140
1584580382886 1 141
1584580385123 1 142
1584580387415 1 143
1584580389617 1 144
1584580391863 1 145
1584580394033 1 146
1584580396316 1 147
1584580398537 1 148
1584580400877 1 149
1584580403199 1 150
1584580405459 1 151
1584580407664 1 152
1584580409878 1 153
1584580412171 1 154
1584580414461 1 155
1584580416701 1 156
1584580418893 1 157
1584580421105 1 158
1584580423356 1 159
1584580425614 1 160
1584580427862 1 161
1584580430114 1 162
1584580432343 1 163
1584580434520 1 164
1584580436718 1 165
1584580438923 1 166
1584580441193 1 167
1584580443425 1 168
1584580445606 1 169
1584580447778 1 170
1584580449946 1 171
1584580452184 1 172
1584580454403 1 173
1584580456701 1 174
1584580458980 1 175
1584580461287 1 176
1584580463524 1 177
1584580465739 1 178
1584580468004 1 179
1584580470267 1 180
1584580472574 1 181
1584580474753 1 182
1584580476978 1 183
1584580479237 1 184
1584580481522 1 185
1584580483745 1 186
1584580486008 1 187
1584580488275 1 188
1584580490466 1 189
1584580492678 1 190
1584580494852 1 191
1584580497090 1 192
1584580499320 1 193
1584580501507 1 194
1584580503681 1 195
1584580505866 1 196
1584580508158 1 197
1584580510395 1 198
1584580512667 1 199
1584580514923 1 200
1584580517238 1 201
1584580519434 1 202
1584580521639 1 203
1584580523895 1 204
1584580526175 1 205
1584580528686 1 206
1584580530902 1 207
1584580533108 1 208
1584580535364 1 209
1584580537637 1 210
1584580539891 1 211
1584580542171 1 212
1584580544432 1 213
1584580546647 1 214
1584580548827 1 215
1584580551033 1 216
1584580553347 1 217
1584580555602 1 218
1584580557821 1 219
1584580560060 1 220
1584580562263 1 221
1584580564538 1 222
1584580566816 1 223
1584580569106 1 224
1584580571368 1 225
1584580573601 1 226
1584580575781 1 227
1584580578002 1 228
1584580580298 1 229
1584580582574 1 230
1584580584827 1 231
1584580587003 1 232
1584580589253 1 233
1584580591539 1 234
1584580593826 1 235
1584580596084 1 236
1584580598361 1 237
1584580600600 1 238
1584580602822 1 239
1584580605041 1 240
1584580607233 1 241
1584580609490 1 242
1584580611746 1 243
1584580613956 1 244
1584580616176 1 245
1584580618426 1 246
1584580620700 1 247
1584580623000 1 248
1584580625266 1 249
1584580627553 1 250
1584580629798 1 251
1584580632017 1 252
1584580634191 1 253
1584580636442 1 254
1584580638718 1 255
1584580640992 1 256
1584580643188 1 257
1584580645404 1 258
1584580647671 1 259
1584580650021 1 260
1584580652286 1 261
1584580654621 1 262
1584580656918 1 263
1584580659112 1 264
1584580661348 1 265
1584580663536 1 266
1584580665976 1 267
1584580668301 1 268
1584580670536 1 269
1584580672743 1 270
1584580674978 1 271
1584580677260 1 272
1584580679560 1 273
1584580681832 1 274
1584580684118 1 275
1584580686510 1 276
1584580688744 1 277
1584580690985 1 278
1584580693262 1 279
1584580695536 1 280
1584580697793 1 281
1584580700011 1 282
1584580702246 1 283
1584580704515 1 284
1584580706826 1 285
1584580709068 1 286
1584580711370 1 287
1584580713619 1 288
1584580715904 1 289
1584580718110 1 290
1584580720349 1 291
1584580722615 1 292
1584580724885 1 293
1584580727104 1 294
1584580729301 1 295
1584580731526 1 296
1584580733825 1 297
1584580736116 1 298
1584580738397 1 299
1584580740707 1 300
1584580743116 1 301
1584580745390 1 302
1584580747628 1 303
1584580749911 1 304
1584580752325 1 305
1584580754613 1 306
1584580756837 1 307
1584580759037 1 308
1584580761368 1 309
1584580763671 1 310
1584580765942 1 311
1584580768222 1 312
1584580770492 1 313
1584580772715 1 314
1584580774904 1 315
1584580777185 1 316
1584580779478 1 317
1584580781759 1 318
1584580783972 1 319
1584580786221 1 320
1584580788427 1 321
1584580790700 1 322
1584580792986 1 323
1584580795254 1 324
1584580797538 1 325
1584580799816 1 326
1584580802062 1 327
1584580804278 1 328
1584580806554 1 329
1584580808828 1 330
1584580811115 1 331
1584580813391 1 332
1584580815596 1 333
1584580817910 1 334
1584580820209 1 335
1584580822534 1 336
1584580824807 1 337
1584580827083 1 338
1584580829284 1 339
1584580831542 1 340
1584580833745 1 341
1584580836067 1 342
1584580838349 1 343
1584580840556 1 344
1584580842818 1 345
1584580845055 1 346
1584580847398 1 347
1584580849706 1 348
1584580852065 1 349
1584580854375 1 350
1584580856640 1 351
1584580858943 1 352
1584580861213 1 353
1584580863513 1 354
1584580865817 1 355
1584580868109 1 356
1584580870329 1 357
1584580872547 1 358
1584580874829 1 359
1584580877090 1 360
1584580879486 1 361
1584580881780 1 362
1584580884054 1 363
1584580886261 1 364
1584580888592 1 365
1584580890980 1 366
1584580893525 1 367
1584580895869 1 368
1584580898458 1 369
1584580901078 1 370
1584580903301 1 371
1584580905559 1 372
1584580907851 1 373
1584580910129 1 374
1584580912454 1 375
1584580914782 1 376
1584580917040 1 377
1584580919271 1 378
1584580921522 1 379
1584580923839 1 380
1584580926144 1 381
1584580928351 1 382
1584580930546 1 383
1584580932859 1 384
1584580935127 1 385
1584580937448 1 386
1584580939751 1 387
1584580942044 1 388
1584580944419 1 389
1584580946628 1 390
1584580948956 1 391
1584580951315 1 392
1584580953615 1 393
1584580955850 1 394
1584580958082 1 395
1584580960293 1 396
1584580962566 1 397
1584580964855 1 398
1584580967121 1 399
1584580969494 1 400
1584580971838 1 401
1584580974095 1 402
1584580976427 1 403
1584580978689 1 404
1584580980987 1 405
1584580983288 1 406
1584580985509 1 407
1584580987764 1 408
1584580990092 1 409
1584580992335 1 410
1584580994608 1 411
1584580996883 1 412
1584580999152 1 413
1584581001404 1 414
1584581003627 1 415
1584581005898 1 416
1584581008158 1 417
1584581010535 1 418
1584581012782 1 419
1584581015041 1 420
1584581017255 1 421
1584581019556 1 422
1584581021821 1 423
1584581024082 1 424
1584581026404 1 425
1584581028718 1 426
1584581030950 1 427
1584581033163 1 428
1584581035481 1 429
1584581037734 1 430
1584581040071 1 431
1584581042446 1 432
1584581044665 1 433
1584581046922 1 434
1584581049210 1 435
1584581051520 1 436
1584581053802 1 437
1584581056080 1 438
1584581058308 1 439
1584581060547 1 440
1584581062767 1 441
1584581065047 1 442
1584581067401 1 443
1584581069651 1 444
1584581071907 1 445
1584581074130 1 446
1584581076409 1 447
1584581078659 1 448
1584581080936 1 449
1584581083215 1 450
1584581085491 1 451
1584581087738 1 452
1584581090004 1 453
1584581092280 1 454
1584581094610 1 455
1584581096912 1 456
1584581099221 1 457
1584581101514 1 458
1584581103849 1 459
1584581106162 1 460
1584581108474 1 461
1584581110753 1 462
1584581113123 1 463
1584581115357 1 464
1584581117562 1 465
1584581119854 1 466
1584581122161 1 467
1584581124419 1 468
1584581126605 1 469
1584581128810 1 470
1584581131030 1 471
1584581133370 1 472
1584581135619 1 473
1584581138023 1 474
1584581140365 1 475
1584581142668 1 476
1584581144886 1 477
1584581147087 1 478
1584581149402 1 479
1584581151756 1 480
1584581154062 1 481
1584581156300 1 482
1584581158518 1 483
1584581160835 1 484
1584581163137 1 485
1584581165463 1 486
1584581167774 1 487
1584581170065 1 488
1584581172251 1 489
1584581174436 1 490
1584581176666 1 491
1584581178976 1 492
1584581181220 1 493
1584581183414 1 494
1584581185607 1 495
1584581187802 1 496
1584581190138 1 497
1584581192436 1 498
1584581194745 1 499
1584581197079 1 500
1584581199558 1 501
1584581201749 1 502
1584581203958 1 503
1584581206280 1 504
1584581208572 1 505
1584581210866 1 506
1584581213120 1 507
1584581215291 1 508
1584581217550 1 509
1584581219854 1 510
1584581222125 1 511
1584581224455 1 512
1584581226727 1 513
1584581229012 1 514
1584581231275 1 515
1584581233555 1 516
1584581235890 1 517
1584581238174 1 518
1584581240432 1 519
1584581242635 1 520
1584581244813 1 521
1584581247114 1 522
1584581249433 1 523
1584581251736 1 524
1584581254052 1 525
1584581256367 1 526
1584581258564 1 527
1584581260827 1 528
1584581263172 1 529
1584581265583 1 530
1584581267870 1 531
1584581270127 1 532
1584581272330 1 533
1584581274636 1 534
1584581276931 1 535
1584581279246 1 536
1584581281582 1 537
1584581283897 1 538
1584581286143 1 539
1584581288391 1 540
1584581290600 1 541
1584581292875 1 542
1584581295198 1 543
1584581297395 1 544
1584581299606 1 545
1584581301845 1 546
1584581304141 1 547
1584581306410 1 548
1584581308689 1 549
1584581310990 1 550
1584581313315 1 551
1584581315525 1 552
1584581317768 1 553
1584581320065 1 554
1584581322335 1 555
1584581324678 1 556
1584581326909 1 557
1584581329141 1 558
1584581331643 1 559
1584581333924 1 560
1584581336295 1 561
1584581338588 1 562
1584581341254 1 563
1584581343667 1 564
1584581346260 1 565
1584581348495 1 566
1584581350740 1 567
1584581353005 1 568
1584581355216 1 569
1584581357418 1 570
1584581359616 1 571
1584581361938 1 572
1584581364218 1 573
1584581366523 1 574
1584581368777 1 575
1584581371082 1 576
1584581373300 1 577
1584581375519 1 578
1584581377852 1 579
1584581380100 1 580
1584581382390 1 581
1584581384633 1 582
1584581386835 1 583
1584581389127 1 584
1584581391427 1 585
1584581393691 1 586
1584581395998 1 587
1584581398330 1 588
1584581401107 1 589
1584581403436 1 590
1584581405709 1 591
1584581408048 1 592
1584581410320 1 593
1584581412552 1 594
1584581414775 1 595
1584581417014 1 596
1584581419357 1 597
1584581421681 1 598
1584581423963 1 599
1584581426294 1 600
1584581428893 1 601
1584581431185 1 602
1584581433416 1 603
1584581435682 1 604
1584581438029 1 605
1584581440371 1 606
1584581442583 1 607
1584581444807 1 608
1584581447123 1 609
1584581449486 1 610
1584581451846 1 611
1584581454147 1 612
1584581456417 1 613
1584581458628 1 614
1584581460873 1 615
1584581463139 1 616
1584581465431 1 617
1584581467709 1 618
1584581469973 1 619
1584581472225 1 620
1584581474444 1 621
1584581476724 1 622
1584581479023 1 623
1584581481278 1 624
1584581483557 1 625
1584581485842 1 626
1584581488093 1 627
1584581490337 1 628
1584581492606 1 629
1584581494893 1 630
1584581497177 1 631
1584581499410 1 632
1584581501630 1 633
1584581503929 1 634
1584581506221 1 635
1584581508475 1 636
1584581510881 1 637
1584581513455 1 638
1584581515653 1 639
1584581517881 1 640
1584581520142 1 641
1584581522430 1 642
1584581524888 1 643
1584581527112 1 644
1584581529370 1 645
1584581531588 1 646
1584581533856 1 647
1584581536146 1 648
1584581538432 1 649
1584581540713 1 650
1584581542952 1 651
1584581545181 1 652
1584581547436 1 653
1584581549831 1 654
1584581552103 1 655
1584581554402 1 656
1584581556621 1 657
1584581558851 1 658
1584581561152 1 659
1584581563450 1 660
1584581565719 1 661
1584581568008 1 662
1584581570309 1 663
1584581572544 1 664
1584581574909 1 665
1584581577118 1 666
1584581579425 1 667
1584581581690 1 668
1584581583874 1 669
1584581586148 1 670
1584581588380 1 671
1584581590663 1 672
1584581592962 1 673
1584581595251 1 674
1584581597576 1 675
1584581599870 1 676
1584581602130 1 677
1584581604356 1 678
1584581606606 1 679
1584581608883 1 680
1584581611205 1 681
1584581613417 1 682
1584581615677 1 683
1584581617970 1 684
1584581620384 1 685
1584581622688 1 686
1584581624977 1 687
1584581627261 1 688
1584581629453 1 689
1584581631639 1 690
1584581633839 1 691
1584581636126 1 692
1584581638431 1 693
1584581640679 1 694
1584581642886 1 695
1584581645119 1 696
1584581647408 1 697
1584581649709 1 698
1584581652105 1 699
1584581654389 1 700
1584581656787 1 701
1584581659043 1 702
1584581661289 1 703
1584581663603 1 704
1584581665919 1 705
1584581668212 1 706
1584581670582 1 707
1584581672812 1 708
1584581675063 1 709
1584581677427 1 710
1584581679708 1 711
1584581682016 1 712
1584581684282 1 713
1584581686511 1 714
1584581688747 1 715
1584581690988 1 716
1584581693250 1 717
1584581695550 1 718
1584581697795 1 719
1584581700041 1 720
1584581702238 1 721
1584581704658 1 722
1584581706964 1 723
1584581709208 1 724
1584581711515 1 725
1584581713796 1 726
1584581716217 1 727
1584581719184 1 728
1584581721627 1 729
1584581723961 1 730
1584581726350 1 731
1584581729059 1 732
1584581731286 1 733
1584581733541 1 734
1584581735800 1 735
1584581738100 1 736
1584581740388 1 737
1584581742644 1 738
1584581744852 1 739
1584581747074 1 740
1584581749379 1 741
1584581751791 1 742
1584581754103 1 743
1584581756383 1 744
1584581758682 1 745
1584581760945 1 746
1584581763208 1 747
1584581765458 1 748
1584581767747 1 749
1584581770097 1 750
1584581772388 1 751
1584581774636 1 752
1584581776868 1 753
1584581779220 1 754
1584581781507 1 755
1584581783846 1 756
1584581786090 1 757
1584581788359 1 758
1584581790622 1 759
1584581792896 1 760
1584581795206 1 761
1584581797499 1 762
1584581799782 1 763
1584581802023 1 764
1584581804220 1 765
1584581806440 1 766
1584581808778 1 767
1584581811081 1 768
1584581813365 1 769
1584581815706 1 770
1584581817920 1 771
1584581820228 1 772
1584581822557 1 773
1584581824854 1 774
1584581827141 1 775
1584581829481 1 776
1584581831701 1 777
1584581833934 1 778
1584581836217 1 779
1584581838485 1 780
1584581840759 1 781
1584581842966 1 782
1584581845208 1 783
1584581847495 1 784
1584581849781 1 785
1584581852033 1 786
1584581854288 1 787
1584581856567 1 788
1584581858776 1 789
1584581861006 1 790
1584581863209 1 791
1584581865517 1 792
1584581867793 1 793
1584581870030 1 794
1584581872251 1 795
1584581874520 1 796
1584581876824 1 797
1584581879093 1 798
1584581881430 1 799
1584581883686 1 800
1584581886079 1 801
1584581888364 1 802
1584581890611 1 803
1584581892878 1 804
1584581895267 1 805
1584581897573 1 806
1584581899784 1 807
1584581901975 1 808
1584581904353 1 809
1584581906874 1 810
1584581909151 1 811
1584581911573 1 812
1584581913828 1 813
1584581916061 1 814
1584581918284 1 815
1584581920498 1 816
1584581922793 1 817
1584581925054 1 818
1584581927299 1 819
1584581929537 1 820
1584581931728 1 821
1584581934014 1 822
1584581936297 1 823
1584581938554 1 824
1584581940837 1 825
1584581943158 1 826
1584581945423 1 827
1584581947637 1 828
1584581949925 1 829
1584581952227 1 830
1584581954486 1 831
1584581956713 1 832
1584581958936 1 833
1584581961235 1 834
1584581963536 1 835
1584581965806 1 836
1584581968079 1 837
1584581970386 1 838
1584581972605 1 839
1584581974836 1 840
1584581977090 1 841
1584581979385 1 842
1584581981636 1 843
1584581983874 1 844
1584581986101 1 845
1584581988326 1 846
1584581990591 1 847
1584581992864 1 848
1584581995134 1 849
1584581997430 1 850
1584581999677 1 851
1584582001924 1 852
1584582004165 1 853
1584582006499 1 854
1584582008861 1 855
1584582011108 1 856
1584582013338 1 857
1584582015677 1 858
1584582017983 1 859
1584582020246 1 860
1584582022583 1 861
1584582024840 1 862
1584582027119 1 863
1584582029359 1 864
1584582031598 1 865
1584582033815 1 866
1584582036052 1 867
1584582038337 1 868
1584582040546 1 869
1584582042766 1 870
1584582044966 1 871
1584582047217 1 872
1584582049521 1 873
1584582051799 1 874
1584582054091 1 875
1584582056385 1 876
1584582058625 1 877
1584582060858 1 878
1584582063153 1 879
1584582065459 1 880
1584582067751 1 881
1584582070019 1 882
1584582072265 1 883
1584582074506 1 884
1584582076737 1 885
1584582079039 1 886
1584582081363 1 887
1584582083650 1 888
1584582085893 1 889
1584582088133 1 890
1584582090372 1 891
1584582092623 1 892
1584582094914 1 893
1584582097143 1 894
1584582099395 1 895
1584582101603 1 896
1584582103928 1 897
1584582106242 1 898
1584582108502 1 899
1584582110762 1 900
1584582113183 1 901
1584582115395 1 902
1584582117622 1 903
1584582119883 1 904
1584582122141 1 905
1584582124457 1 906
1584582126664 1 907
1584582128873 1 908
1584582131148 1 909
1584582133400 1 910
1584582135717 1 911
1584582137989 1 912
1584582140260 1 913
1584582142467 1 914
1584582144710 1 915
1584582146932 1 916
1584582149189 1 917
1584582151545 1 918
1584582153766 1 919
1584582156000 1 920
1584582158225 1 921
1584582160494 1 922
1584582162764 1 923
1584582165049 1 924
1584582167296 1 925
1584582169580 1 926
1584582171793 1 927
1584582173988 1 928
1584582176263 1 929
1584582178520 1 930
1584582180819 1 931
1584582183052 1 932
1584582185255 1 933
1584582187521 1 934
1584582189798 1 935
1584582192081 1 936
1584582194371 1 937
1584582196664 1 938
1584582198869 1 939
1584582201272 1 940
1584582203473 1 941
1584582205740 1 942
1584582208002 1 943
1584582210220 1 944
1584582212435 1 945
1584582214661 1 946
1584582216968 1 947
1584582219349 1 948
1584582221662 1 949
1584582223947 1 950
1584582226214 1 951
1584582228422 1 952
1584582230615 1 953
1584582232902 1 954
1584582235183 1 955
1584582237474 1 956
1584582239683 1 957
1584582241895 1 958
1584582244178 1 959
1584582246448 1 960
1584582248694 1 961
1584582250956 1 962
1584582253217 1 963
1584582255426 1 964
1584582257647 1 965
1584582259844 1 966
1584582262188 1 967
1584582264492 1 968
1584582266678 1 969
1584582268884 1 970
1584582271092 1 971
1584582273379 1 972
1584582275653 1 973
1584582277972 1 974
1584582280288 1 975
1584582282593 1 976
1584582284797 1 977
1584582287018 1 978
1584582289334 1 979
1584582291684 1 980
1584582293970 1 981
1584582296182 1 982
1584582298488 1 983
1584582300781 1 984
1584582303075 1 985
1584582305382 1 986
1584582307656 1 987
1584582309945 1 988
1584582312149 1 989
1584582314379 1 990
1584582316591 1 991
1584582318868 1 992
1584582321153 1 993
1584582323338 1 994
1584582325556 1 995
1584582327749 1 996
1584582330095 1 997
1584582332424 1 998
1584582334739 1 999
1584582337039 1 1000
1584582339473 1 1001
1584582341649 1 1002
1584582343877 1 1003
1584582346132 1 1004
1584582348437 1 1005
1584582350680 1 1006
1584582352939 1 1007
1584582355307 1 1008
1584582357568 1 1009
1584582359923 1 1010
1584582362262 1 1011
1584582364702 1 1012
1584582367103 1 1013
1584582369294 1 1014
1584582371526 1 1015
1584582373753 1 1016
1584582376049 1 1017
1584582378332 1 1018
1584582380513 1 1019
1584582382729 1 1020
1584582384942 1 1021
1584582387248 1 1022
1584582389585 1 1023
1584582391857 1 1024
1584582394246 1 1025
1584582396620 1 1026
1584582398822 1 1027
1584582401053 1 1028
1584582403343 1 1029
1584582405656 1 1030
1584582407972 1 1031
1584582410213 1 1032
1584582412406 1 1033
1584582414711 1 1034
1584582416998 1 1035
1584582419272 1 1036
1584582421607 1 1037
1584582423915 1 1038
