1584580067670 300 1
1584580070017 300 2
1584580072240 300 3
1584580074687 300 4
1584580077112 300 5
1584580079446 300 6
1584580081785 300 7
1584580084046 300 8
1584580086342 300 9
1584580088691 300 10
1584580091041 300 11
1584580093369 300 12
1584580095655 300 13
1584580098028 300 14
1584580100218 300 15
1584580102429 300 16
1584580104721 300 17
1584580107057 300 18
1584580109264 300 19
1584580111447 300 20
1584580113619 300 21
1584580115910 300 22
1584580118182 300 23
1584580120474 300 24
1584580122753 300 25
1584580125019 300 26
1584580127205 300 27
1584580129372 300 28
1584580131640 300 29
1584580133907 300 30
1584580136246 300 31
1584580138437 300 32
1584580140603 300 33
1584580142933 300 34
1584580145209 300 35
1584580147481 300 36
1584580149765 300 37
1584580152032 300 38
1584580154205 300 39
1584580156362 300 40
1584580158556 300 41
1584580160849 300 42
1584580163168 300 43
1584580165395 300 44
1584580167603 300 45
1584580169806 300 46
1584580172231 300 47
1584580174511 300 48
1584580176857 300 49
1584580179169 300 50
1584580181437 300 51
1584580183603 300 52
1584580185777 300 53
1584580188061 300 54
1584580190335 300 55
1584580192608 300 56
1584580194802 300 57
1584580196989 300 58
1584580199269 300 59
1584580201545 300 60
1584580203842 300 61
1584580206119 300 62
1584580208386 300 63
1584580210587 300 64
1584580212800 300 65
1584580215014 300 66
1584580217261 300 67
1584580219533 300 68
1584580221751 300 69
1584580223938 300 70
1584580226144 300 71
1584580228421 300 72
1584580230641 300 73
1584580232905 300 74
1584580235171 300 75
1584580237417 300 76
1584580239598 300 77
1584580241803 300 78
1584580244044 300 79
1584580246304 300 80
1584580248593 300 81
1584580250823 300 82
1584580253050 300 83
1584580255293 300 84
1584580257525 300 85
1584580259789 300 86
1584580262048 300 87
1584580264372 300 88
1584580266527 300 89
1584580268762 300 90
1584580270954 300 91
1584580273237 300 92
1584580275463 300 93
1584580277633 300 94
1584580279839 300 95
1584580282040 300 96
1584580284249 300 97
1584580286514 300 98
1584580288758 300 99
1584580291011 300 100
1584580293328 300 101
1584580295511 300 102
1584580297759 300 103
1584580300068 300 104
1584580302312 300 105
1584580304551 300 106
1584580306832 300 107
1584580309104 300 108
1584580311360 300 109
1584580313621 300 110
1584580315888 300 111
1584580318174 300 112
1584580320423 300 113
1584580322622 300 114
1584580324821 300 115
1584580327010 300 116
1584580329288 300 117
1584580331547 300 118
1584580333715 300 119
1584580335909 300 120
1584580338100 300 121
1584580340331 300 122
1584580342541 300 123
1584580344809 300 124
1584580347036 300 125
1584580349296 300 126
1584580351487 300 127
1584580353713 300 128
1584580355954 300 129
1584580358241 300 130
1584580360557 300 131
1584580362775 300 132
1584580364999 300 133
1584580367273 300 134
1584580369531 300 135
1584580371792 300 136
1584580374058 300 137
1584580376320 300 138
1584580378507 300 139
1584580380694 300 140
1584580382886 300 141
1584580385123 300 142
1584580387415 300 143
1584580389617 300 144
1584580391863 300 145
1584580394033 300 146
1584580396316 300 147
1584580398537 300 148
1584580400877 300 149
1584580403199 300 150
1584580405459 300 151
1584580407664 300 152
1584580409878 300 153
1584580412171 300 154
1584580414461 300 155
1584580416701 300 156
1584580418893 300 157
1584580421105 300 158
1584580423356 300 159
1584580425614 300 160
1584580427862 300 161
1584580430114 300 162
1584580432343 300 163
1584580434520 300 164
1584580436718 300 165
1584580438923 300 166
1584580441193 300 167
1584580443425 300 168
1584580445606 300 169
1584580447778 300 170
1584580449946 300 171
1584580452184 300 172
1584580454403 300 173
1584580456701 300 174
1584580458980 300 175
1584580461287 300 176
1584580463524 300 177
1584580465739 300 178
1584580468004 300 179
1584580470267 300 180
1584580472574 300 181
1584580474753 300 182
1584580476978 300 183
1584580479237 300 184
1584580481522 300 185
1584580483745 300 186
1584580486008 300 187
1584580488275 300 188
1584580490466 300 189
1584580492678 300 190
1584580494852 300 191
1584580497090 300 192
1584580499320 300 193
1584580501507 300 194
1584580503681 300 195
1584580505866 300 196
1584580508158 300 197
1584580510395 300 198
1584580512667 300 199
1584580514923 300 200
1584580517238 300 201
1584580519434 300 202
1584580521639 300 203
1584580523895 300 204
1584580526175 300 205
1584580528686 300 206
1584580530902 300 207
1584580533108 300 208
1584580535364 300 209
1584580537637 300 210
1584580539891 300 211
1584580542171 300 212
1584580544432 300 213
1584580546647 300 214
1584580548827 300 215
1584580551033 300 216
1584580553347 300 217
1584580555602 300 218
1584580557821 300 219
1584580560060 300 220
1584580562263 300 221
1584580564538 300 222
1584580566816 300 223
1584580569106 300 224
1584580571368 300 225
1584580573601 300 226
1584580575781 300 227
1584580578002 300 228
1584580580298 300 229
1584580582574 300 230
1584580584827 300 231
1584580587003 300 232
1584580589253 300 233
1584580591539 300 234
1584580593826 300 235
1584580596084 300 236
1584580598361 300 237
1584580600600 300 238
1584580602822 300 239
1584580605041 300 240
1584580607233 300 241
1584580609490 300 242
1584580611746 300 243
1584580613956 300 244
1584580616176 300 245
1584580618426 300 246
1584580620700 300 247
1584580623000 300 248
1584580625266 300 249
1584580627553 300 250
1584580629798 300 251
1584580632017 300 252
1584580634191 300 253
1584580636442 300 254
1584580638718 300 255
1584580640992 300 256
1584580643188 300 257
1584580645404 300 258
1584580647671 300 259
1584580650021 300 260
1584580652286 300 261
1584580654621 300 262
1584580656918 300 263
1584580659112 300 264
1584580661348 300 265
1584580663536 300 266
1584580665976 300 267
1584580668301 300 268
1584580670536 300 269
1584580672743 300 270
1584580674978 300 271
1584580677260 300 272
1584580679560 300 273
1584580681832 300 274
1584580684118 300 275
1584580686510 300 276
1584580688744 300 277
1584580690985 300 278
1584580693262 300 279
1584580695536 300 280
1584580697793 300 281
1584580700011 300 282
1584580702246 300 283
1584580704515 300 284
1584580706826 300 285
1584580709068 300 286
1584580711370 300 287
1584580713619 300 288
1584580715904 300 289
1584580718110 300 290
1584580720349 300 291
1584580722615 300 292
1584580724885 300 293
1584580727104 300 294
1584580729301 300 295
1584580731526 300 296
1584580733825 300 297
1584580736116 300 298
1584580738397 300 299
1584580740707 300 300
1584580743116 300 301
1584580745390 300 302
1584580747628 300 303
1584580749911 300 304
1584580752325 300 305
1584580754613 300 306
1584580756837 300 307
1584580759037 300 308
1584580761368 300 309
1584580763671 300 310
1584580765942 300 311
1584580768222 300 312
1584580770492 300 313
1584580772715 300 314
1584580774904 300 315
1584580777185 300 316
1584580779478 300 317
1584580781759 300 318
1584580783972 300 319
1584580786221 300 320
1584580788427 300 321
1584580790700 300 322
1584580792986 300 323
1584580795254 300 324
1584580797538 300 325
1584580799816 300 326
1584580802062 300 327
1584580804278 300 328
1584580806554 300 329
1584580808828 300 330
1584580811115 300 331
1584580813391 300 332
1584580815596 300 333
1584580817910 300 334
1584580820209 300 335
1584580822534 300 336
1584580824807 300 337
1584580827083 300 338
1584580829284 300 339
1584580831542 300 340
1584580833745 300 341
1584580836067 300 342
1584580838349 300 343
1584580840556 300 344
1584580842818 300 345
1584580845055 300 346
1584580847398 300 347
1584580849706 300 348
1584580852065 300 349
1584580854375 300 350
1584580856640 300 351
1584580858943 300 352
1584580861213 300 353
1584580863513 300 354
1584580865817 300 355
1584580868109 300 356
1584580870329 300 357
1584580872547 300 358
1584580874829 300 359
1584580877090 300 360
1584580879486 300 361
1584580881780 300 362
1584580884054 300 363
1584580886261 300 364
1584580888592 300 365
1584580890980 300 366
1584580893525 300 367
1584580895869 300 368
1584580898458 300 369
1584580901078 300 370
1584580903301 300 371
1584580905559 300 372
1584580907851 300 373
1584580910129 300 374
1584580912454 300 375
1584580914782 300 376
1584580917040 300 377
1584580919271 300 378
1584580921522 300 379
1584580923839 300 380
1584580926144 300 381
1584580928351 300 382
1584580930546 300 383
1584580932859 300 384
1584580935127 300 385
1584580937448 300 386
1584580939751 300 387
1584580942044 300 388
1584580944419 300 389
1584580946628 300 390
1584580948956 300 391
1584580951315 300 392
1584580953615 300 393
1584580955850 300 394
1584580958082 300 395
1584580960293 300 396
1584580962566 300 397
1584580964855 300 398
1584580967121 300 399
1584580969494 300 400
1584580971838 300 401
1584580974095 300 402
1584580976427 300 403
1584580978689 300 404
1584580980987 300 405
1584580983288 300 406
1584580985509 300 407
1584580987764 300 408
1584580990092 300 409
1584580992335 300 410
1584580994608 300 411
1584580996883 300 412
1584580999152 300 413
1584581001404 300 414
1584581003627 300 415
1584581005898 300 416
1584581008158 300 417
1584581010535 300 418
1584581012782 300 419
1584581015041 300 420
1584581017255 300 421
1584581019556 300 422
1584581021821 300 423
1584581024082 300 424
1584581026404 300 425
1584581028718 300 426
1584581030950 300 427
1584581033163 300 428
1584581035481 300 429
1584581037734 300 430
1584581040071 300 431
1584581042446 300 432
1584581044665 300 433
1584581046922 300 434
1584581049210 300 435
1584581051520 300 436
1584581053802 300 437
1584581056080 300 438
1584581058308 300 439
1584581060547 300 440
1584581062767 300 441
1584581065047 300 442
1584581067401 300 443
1584581069651 300 444
1584581071907 300 445
1584581074130 300 446
1584581076409 300 447
1584581078659 300 448
1584581080936 300 449
1584581083215 300 450
1584581085491 300 451
1584581087738 300 452
1584581090004 300 453
1584581092280 300 454
1584581094610 300 455
1584581096912 300 456
1584581099221 300 457
1584581101514 300 458
1584581103849 300 459
1584581106162 300 460
1584581108474 300 461
1584581110753 300 462
1584581113123 300 463
1584581115357 300 464
1584581117562 300 465
1584581119854 300 466
1584581122161 300 467
1584581124419 300 468
1584581126605 300 469
1584581128810 300 470
1584581131030 300 471
1584581133370 300 472
1584581135619 300 473
1584581138023 300 474
1584581140365 300 475
1584581142668 300 476
1584581144886 300 477
1584581147087 300 478
1584581149402 300 479
1584581151756 300 480
1584581154062 300 481
1584581156300 300 482
1584581158518 300 483
1584581160835 300 484
1584581163137 300 485
1584581165463 300 486
1584581167774 300 487
1584581170065 300 488
1584581172251 300 489
1584581174436 300 490
1584581176666 300 491
1584581178976 300 492
1584581181220 300 493
1584581183414 300 494
1584581185607 300 495
1584581187802 300 496
1584581190138 300 497
1584581192436 300 498
1584581194745 300 499
1584581197079 300 500
1584581199558 300 501
1584581201749 300 502
1584581203958 300 503
1584581206280 300 504
1584581208572 300 505
1584581210866 300 506
1584581213120 300 507
1584581215291 300 508
1584581217550 300 509
1584581219854 300 510
1584581222125 300 511
1584581224455 300 512
1584581226727 300 513
1584581229012 300 514
1584581231275 300 515
1584581233555 300 516
1584581235890 300 517
1584581238174 300 518
1584581240432 300 519
1584581242635 300 520
1584581244813 300 521
1584581247114 300 522
1584581249433 300 523
1584581251736 300 524
1584581254052 300 525
1584581256367 300 526
1584581258564 300 527
1584581260827 300 528
1584581263172 300 529
1584581265583 300 530
1584581267870 300 531
1584581270127 300 532
1584581272330 300 533
1584581274636 300 534
1584581276931 300 535
1584581279246 300 536
1584581281582 300 537
1584581283897 300 538
1584581286143 300 539
1584581288391 300 540
1584581290600 300 541
1584581292875 300 542
1584581295198 300 543
1584581297395 300 544
1584581299606 300 545
1584581301845 300 546
1584581304141 300 547
1584581306410 300 548
1584581308689 300 549
1584581310990 300 550
1584581313315 300 551
1584581315525 300 552
1584581317768 300 553
1584581320065 300 554
1584581322335 300 555
1584581324678 300 556
1584581326909 300 557
1584581329141 300 558
1584581331643 300 559
1584581333924 300 560
1584581336295 300 561
1584581338588 300 562
1584581341254 300 563
1584581343667 300 564
1584581346260 300 565
1584581348495 300 566
1584581350740 300 567
1584581353005 300 568
1584581355216 300 569
1584581357418 300 570
1584581359616 300 571
1584581361938 300 572
1584581364218 300 573
1584581366523 300 574
1584581368777 300 575
1584581371082 300 576
1584581373300 300 577
1584581375519 300 578
1584581377852 300 579
1584581380100 300 580
1584581382390 300 581
1584581384633 300 582
1584581386835 300 583
1584581389127 300 584
1584581391427 300 585
1584581393691 300 586
1584581395998 300 587
1584581398330 300 588
1584581401107 300 589
1584581403436 300 590
1584581405709 300 591
1584581408048 300 592
1584581410320 300 593
1584581412552 300 594
1584581414775 300 595
1584581417014 300 596
1584581419357 300 597
1584581421681 300 598
1584581423963 300 599
1584581426294 300 600
1584581428893 300 601
1584581431185 300 602
1584581433416 300 603
1584581435682 300 604
1584581438029 300 605
1584581440371 300 606
1584581442583 300 607
1584581444807 300 608
1584581447123 300 609
1584581449486 300 610
1584581451846 300 611
1584581454147 300 612
1584581456417 300 613
1584581458628 300 614
1584581460873 300 615
1584581463139 300 616
1584581465431 300 617
1584581467709 300 618
1584581469973 300 619
1584581472225 300 620
1584581474444 300 621
1584581476724 300 622
1584581479023 300 623
1584581481278 300 624
1584581483557 300 625
1584581485842 300 626
1584581488093 300 627
1584581490337 300 628
1584581492606 300 629
1584581494893 300 630
1584581497177 300 631
1584581499410 300 632
1584581501630 300 633
1584581503929 300 634
1584581506221 300 635
1584581508475 300 636
1584581510881 300 637
1584581513455 300 638
1584581515653 300 639
1584581517881 300 640
1584581520142 300 641
1584581522430 300 642
1584581524888 300 643
1584581527112 300 644
1584581529370 300 645
1584581531588 300 646
1584581533856 300 647
1584581536146 300 648
1584581538432 300 649
1584581540713 300 650
1584581542952 300 651
1584581545181 300 652
1584581547436 300 653
1584581549831 300 654
1584581552103 300 655
1584581554402 300 656
1584581556621 300 657
1584581558851 300 658
1584581561152 300 659
1584581563450 300 660
1584581565719 300 661
1584581568008 300 662
1584581570309 300 663
1584581572544 300 664
1584581574909 300 665
1584581577118 300 666
1584581579425 300 667
1584581581690 300 668
1584581583874 300 669
1584581586148 300 670
1584581588380 300 671
1584581590663 300 672
1584581592962 300 673
1584581595251 300 674
1584581597576 300 675
1584581599870 300 676
1584581602130 300 677
1584581604356 300 678
1584581606606 300 679
1584581608883 300 680
1584581611205 300 681
1584581613417 300 682
1584581615677 300 683
1584581617970 300 684
1584581620384 300 685
1584581622688 300 686
1584581624977 300 687
1584581627261 300 688
1584581629453 300 689
1584581631639 300 690
1584581633839 300 691
1584581636126 300 692
1584581638431 300 693
1584581640679 300 694
1584581642886 300 695
1584581645119 300 696
1584581647408 300 697
1584581649709 300 698
1584581652105 300 699
1584581654389 300 700
1584581656787 300 701
1584581659043 300 702
1584581661289 300 703
1584581663603 300 704
1584581665919 300 705
1584581668212 300 706
1584581670582 300 707
1584581672812 300 708
1584581675063 300 709
1584581677427 300 710
1584581679708 300 711
1584581682016 300 712
1584581684282 300 713
1584581686511 300 714
1584581688747 300 715
1584581690988 300 716
1584581693250 300 717
1584581695550 300 718
1584581697795 300 719
1584581700041 300 720
1584581702238 300 721
1584581704658 300 722
1584581706964 300 723
1584581709208 300 724
1584581711515 300 725
1584581713796 300 726
1584581716217 300 727
1584581719184 300 728
1584581721627 300 729
1584581723961 300 730
1584581726350 300 731
1584581729059 300 732
1584581731286 300 733
1584581733541 300 734
1584581735800 300 735
1584581738100 300 736
1584581740388 300 737
1584581742644 300 738
1584581744852 300 739
1584581747074 300 740
1584581749379 300 741
1584581751791 300 742
1584581754103 300 743
1584581756383 300 744
1584581758682 300 745
1584581760945 300 746
1584581763208 300 747
1584581765458 300 748
1584581767747 300 749
1584581770097 300 750
1584581772388 300 751
1584581774636 300 752
1584581776868 300 753
1584581779220 300 754
1584581781507 300 755
1584581783846 300 756
1584581786090 300 757
1584581788359 300 758
1584581790622 300 759
1584581792896 300 760
1584581795206 300 761
1584581797499 300 762
1584581799782 300 763
1584581802023 300 764
1584581804220 300 765
1584581806440 300 766
1584581808778 300 767
1584581811081 300 768
1584581813365 300 769
1584581815706 300 770
1584581817920 300 771
1584581820228 300 772
1584581822557 300 773
1584581824854 300 774
1584581827141 300 775
1584581829481 300 776
1584581831701 300 777
1584581833934 300 778
1584581836217 300 779
1584581838485 300 780
1584581840759 300 781
1584581842966 300 782
1584581845208 300 783
1584581847495 300 784
1584581849781 300 785
1584581852033 300 786
1584581854288 300 787
1584581856567 300 788
1584581858776 300 789
1584581861006 300 790
1584581863209 300 791
1584581865517 300 792
1584581867793 300 793
1584581870030 300 794
1584581872251 300 795
1584581874520 300 796
1584581876824 300 797
1584581879093 300 798
1584581881430 300 799
1584581883686 300 800
1584581886079 300 801
1584581888364 300 802
1584581890611 300 803
1584581892878 300 804
1584581895267 300 805
1584581897573 300 806
1584581899784 300 807
1584581901975 300 808
1584581904353 300 809
1584581906874 300 810
1584581909151 300 811
1584581911573 300 812
1584581913828 300 813
1584581916061 300 814
1584581918284 300 815
1584581920498 300 816
1584581922793 300 817
1584581925054 300 818
1584581927299 300 819
1584581929537 300 820
1584581931728 300 821
1584581934014 300 822
1584581936297 300 823
1584581938554 300 824
1584581940837 300 825
1584581943158 300 826
1584581945423 300 827
1584581947637 300 828
1584581949925 300 829
1584581952227 300 830
1584581954486 300 831
1584581956713 300 832
1584581958936 300 833
1584581961235 300 834
1584581963536 300 835
1584581965806 300 836
1584581968079 300 837
1584581970386 300 838
1584581972605 300 839
1584581974836 300 840
1584581977090 300 841
1584581979385 300 842
1584581981636 300 843
1584581983874 300 844
1584581986101 300 845
1584581988326 300 846
1584581990591 300 847
1584581992864 300 848
1584581995134 300 849
1584581997430 300 850
1584581999677 300 851
1584582001924 300 852
1584582004165 300 853
1584582006499 300 854
1584582008861 300 855
1584582011108 300 856
1584582013338 300 857
1584582015677 300 858
1584582017983 300 859
1584582020246 300 860
1584582022583 300 861
1584582024840 300 862
1584582027119 300 863
1584582029359 300 864
1584582031598 300 865
1584582033815 300 866
1584582036052 300 867
1584582038337 300 868
1584582040546 300 869
1584582042766 300 870
1584582044966 300 871
1584582047217 300 872
1584582049521 300 873
1584582051799 300 874
1584582054091 300 875
1584582056385 300 876
1584582058625 300 877
1584582060858 300 878
1584582063153 300 879
1584582065459 300 880
1584582067751 300 881
1584582070019 300 882
1584582072265 300 883
1584582074506 300 884
1584582076737 300 885
1584582079039 300 886
1584582081363 300 887
1584582083650 300 888
1584582085893 300 889
1584582088133 300 890
1584582090372 300 891
1584582092623 300 892
1584582094914 300 893
1584582097143 300 894
1584582099395 300 895
1584582101603 300 896
1584582103928 300 897
1584582106242 300 898
1584582108502 300 899
1584582110762 300 900
1584582113183 300 901
1584582115395 300 902
1584582117622 300 903
1584582119883 300 904
1584582122141 300 905
1584582124457 300 906
1584582126664 300 907
1584582128873 300 908
1584582131148 300 909
1584582133400 300 910
1584582135717 300 911
1584582137989 300 912
1584582140260 300 913
1584582142467 300 914
1584582144710 300 915
1584582146932 300 916
1584582149189 300 917
1584582151545 300 918
1584582153766 300 919
1584582156000 300 920
1584582158225 300 921
1584582160494 300 922
1584582162764 300 923
1584582165049 300 924
1584582167296 300 925
1584582169580 300 926
1584582171793 300 927
1584582173988 300 928
1584582176263 300 929
1584582178520 300 930
1584582180819 300 931
1584582183052 300 932
1584582185255 300 933
1584582187521 300 934
1584582189798 300 935
1584582192081 300 936
1584582194371 300 937
1584582196664 300 938
1584582198869 300 939
1584582201272 300 940
1584582203473 300 941
1584582205740 300 942
1584582208002 300 943
1584582210220 300 944
1584582212435 300 945
1584582214661 300 946
1584582216968 300 947
1584582219349 300 948
1584582221662 300 949
1584582223947 300 950
1584582226214 300 951
1584582228422 300 952
1584582230615 300 953
1584582232902 300 954
1584582235183 300 955
1584582237474 300 956
1584582239683 300 957
1584582241895 300 958
1584582244178 300 959
1584582246448 300 960
1584582248694 300 961
1584582250956 300 962
1584582253217 300 963
1584582255426 300 964
1584582257647 300 965
1584582259844 300 966
1584582262188 300 967
1584582264492 300 968
1584582266678 300 969
1584582268884 300 970
1584582271092 300 971
1584582273379 300 972
1584582275653 300 973
1584582277972 300 974
1584582280288 300 975
1584582282593 300 976
1584582284797 300 977
1584582287018 300 978
1584582289334 300 979
1584582291684 300 980
1584582293970 300 981
1584582296182 300 982
1584582298488 300 983
1584582300781 300 984
1584582303075 300 985
1584582305382 300 986
1584582307656 300 987
1584582309945 300 988
1584582312149 300 989
1584582314379 300 990
1584582316591 300 991
1584582318868 300 992
1584582321153 300 993
1584582323338 300 994
1584582325556 300 995
1584582327749 300 996
1584582330095 300 997
1584582332424 300 998
1584582334739 300 999
1584582337039 300 1000
1584582339473 300 1001
1584582341649 300 1002
1584582343877 300 1003
1584582346132 300 1004
1584582348437 300 1005
1584582350680 300 1006
1584582352939 300 1007
1584582355307 300 1008
1584582357568 300 1009
1584582359923 300 1010
1584582362262 300 1011
1584582364702 300 1012
1584582367103 300 1013
1584582369294 300 1014
1584582371526 300 1015
1584582373753 300 1016
1584582376049 300 1017
1584582378332 300 1018
1584582380513 300 1019
1584582382729 300 1020
1584582384942 300 1021
1584582387248 300 1022
1584582389585 300 1023
1584582391857 300 1024
1584582394246 300 1025
1584582396620 300 1026
1584582398822 300 1027
1584582401053 300 1028
1584582403343 300 1029
1584582405656 300 1030
1584582407972 300 1031
1584582410213 300 1032
1584582412406 300 1033
1584582414711 300 1034
1584582416998 300 1035
1584582419272 300 1036
1584582421607 300 1037
1584582423915 300 1038
