1584580067670 0.0 1
1584580070017 -1.0 2
1584580072240 0.0 3
1584580074687 0.0 4
1584580077112 0.0 5
1584580079446 0.0 6
1584580081785 -1.0 7
1584580084046 0.0 8
1584580086342 0.0 9
1584580088691 0.0 10
1584580091041 1.0 11
1584580093369 0.0 12
1584580095655 1.0 13
1584580098028 -1.0 14
1584580100218 0.0 15
1584580102429 0.0 16
1584580104721 0.0 17
1584580107057 0.0 18
1584580109264 0.0 19
1584580111447 0.0 20
1584580113619 0.0 21
1584580115910 0.0 22
1584580118182 0.0 23
1584580120474 0.0 24
1584580122753 0.0 25
1584580125019 0.0 26
1584580127205 0.0 27
1584580129372 0.0 28
1584580131640 0.0 29
1584580133907 0.0 30
1584580136246 -1.0 31
1584580138437 0.0 32
1584580140603 0.0 33
1584580142933 0.0 34
1584580145209 0.0 35
1584580147481 0.0 36
1584580149765 0.0 37
1584580152032 0.0 38
1584580154205 0.0 39
1584580156362 1.0 40
1584580158556 0.0 41
1584580160849 0.0 42
1584580163168 0.0 43
1584580165395 0.0 44
1584580167603 0.0 45
1584580169806 0.0 46
1584580172231 0.0 47
1584580174511 0.0 48
1584580176857 0.0 49
1584580179169 -1.0 50
1584580181437 -1.0 51
1584580183603 0.0 52
1584580185777 0.0 53
1584580188061 0.0 54
1584580190335 1.0 55
1584580192608 0.0 56
1584580194802 0.0 57
1584580196989 0.0 58
1584580199269 0.0 59
1584580201545 0.0 60
1584580203842 1.0 61
1584580206119 0.0 62
1584580208386 0.0 63
1584580210587 1.0 64
1584580212800 0.0 65
1584580215014 0.0 66
1584580217261 1.0 67
1584580219533 0.0 68
1584580221751 0.0 69
1584580223938 0.0 70
1584580226144 1.0 71
1584580228421 -1.0 72
1584580230641 1.0 73
1584580232905 0.0 74
1584580235171 0.0 75
1584580237417 0.0 76
1584580239598 0.0 77
1584580241803 -4.0 78
1584580244044 1.0 79
1584580246304 -2.0 80
1584580248593 -1.0 81
1584580250823 1.0 82
1584580253050 0.0 83
1584580255293 0.0 84
1584580257525 -2.0 85
1584580259789 -1.0 86
1584580262048 0.0 87
1584580264372 0.0 88
1584580266527 0.0 89
1584580268762 0.0 90
1584580270954 -1.0 91
1584580273237 0.0 92
1584580275463 0.0 93
1584580277633 0.0 94
1584580279839 0.0 95
1584580282040 1.0 96
1584580284249 0.0 97
1584580286514 0.0 98
1584580288758 0.0 99
1584580291011 0.0 100
1584580293328 0.0 101
1584580295511 1.0 102
1584580297759 0.0 103
1584580300068 0.0 104
1584580302312 0.0 105
1584580304551 0.0 106
1584580306832 0.0 107
1584580309104 0.0 108
1584580311360 -1.0 109
1584580313621 0.0 110
1584580315888 1.0 111
1584580318174 0.0 112
1584580320423 1.0 113
1584580322622 2.0 114
1584580324821 0.0 115
1584580327010 0.0 116
1584580329288 3.0 117
1584580331547 -2.0 118
1584580333715 0.0 119
1584580335909 0.0 120
1584580338100 1.0 121
1584580340331 0.0 122
1584580342541 0.0 123
1584580344809 -1.0 124
1584580347036 0.0 125
1584580349296 1.0 126
1584580351487 1.0 127
1584580353713 0.0 128
1584580355954 0.0 129
1584580358241 0.0 130
1584580360557 1.0 131
1584580362775 3.0 132
1584580364999 -1.0 133
1584580367273 -3.0 134
1584580369531 2.0 135
1584580371792 -3.0 136
1584580374058 1.0 137
1584580376320 4.0 138
1584580378507 3.0 139
1584580380694 -1.0 140
1584580382886 1.0 141
1584580385123 0.0 142
1584580387415 -2.0 143
1584580389617 -1.0 144
1584580391863 -1.0 145
1584580394033 -1.0 146
1584580396316 3.0 147
1584580398537 1.0 148
1584580400877 0.0 149
1584580403199 1.0 150
1584580405459 1.0 151
1584580407664 0.0 152
1584580409878 0.0 153
1584580412171 3.0 154
1584580414461 -1.0 155
1584580416701 5.0 156
1584580418893 4.0 157
1584580421105 0.0 158
1584580423356 0.0 159
1584580425614 0.0 160
1584580427862 0.0 161
1584580430114 0.0 162
1584580432343 -1.0 163
1584580434520 -2.0 164
1584580436718 -2.0 165
1584580438923 -1.0 166
1584580441193 1.0 167
1584580443425 4.0 168
1584580445606 2.0 169
1584580447778 -1.0 170
1584580449946 0.0 171
1584580452184 0.0 172
1584580454403 -2.0 173
1584580456701 2.0 174
1584580458980 2.0 175
1584580461287 1.0 176
1584580463524 2.0 177
1584580465739 1.0 178
1584580468004 3.0 179
1584580470267 -1.0 180
1584580472574 -1.0 181
1584580474753 2.0 182
1584580476978 1.0 183
1584580479237 2.0 184
1584580481522 4.0 185
1584580483745 0.0 186
1584580486008 0.0 187
1584580488275 0.0 188
1584580490466 0.0 189
1584580492678 4.0 190
1584580494852 1.0 191
1584580497090 -1.0 192
1584580499320 0.0 193
1584580501507 0.0 194
1584580503681 1.0 195
1584580505866 3.0 196
1584580508158 0.0 197
1584580510395 2.0 198
1584580512667 1.0 199
1584580514923 0.0 200
1584580517238 3.0 201
1584580519434 2.0 202
1584580521639 3.0 203
1584580523895 2.0 204
1584580526175 0.0 205
1584580528686 -1.0 206
1584580530902 1.0 207
1584580533108 -1.0 208
1584580535364 2.0 209
1584580537637 2.0 210
1584580539891 0.0 211
1584580542171 1.0 212
1584580544432 0.0 213
1584580546647 1.0 214
1584580548827 1.0 215
1584580551033 5.0 216
1584580553347 1.0 217
1584580555602 0.0 218
1584580557821 2.0 219
1584580560060 1.0 220
1584580562263 -2.0 221
1584580564538 -3.0 222
1584580566816 3.0 223
1584580569106 1.0 224
1584580571368 1.0 225
1584580573601 0.0 226
1584580575781 -1.0 227
1584580578002 1.0 228
1584580580298 0.0 229
1584580582574 -1.0 230
1584580584827 1.0 231
1584580587003 1.0 232
1584580589253 3.0 233
1584580591539 1.0 234
1584580593826 0.0 235
1584580596084 0.0 236
1584580598361 0.0 237
1584580600600 0.0 238
1584580602822 0.0 239
1584580605041 2.0 240
1584580607233 3.0 241
1584580609490 1.0 242
1584580611746 0.0 243
1584580613956 2.0 244
1584580616176 0.0 245
1584580618426 1.0 246
1584580620700 1.0 247
1584580623000 0.0 248
1584580625266 0.0 249
1584580627553 0.0 250
1584580629798 -1.0 251
1584580632017 0.0 252
1584580634191 0.0 253
1584580636442 2.0 254
1584580638718 1.0 255
1584580640992 0.0 256
1584580643188 -1.0 257
1584580645404 6.0 258
1584580647671 5.0 259
1584580650021 2.0 260
1584580652286 2.0 261
1584580654621 -1.0 262
1584580656918 0.0 263
1584580659112 4.0 264
1584580661348 3.0 265
1584580663536 5.0 266
1584580665976 0.0 267
1584580668301 1.0 268
1584580670536 2.0 269
1584580672743 0.0 270
1584580674978 0.0 271
1584580677260 0.0 272
1584580679560 1.0 273
1584580681832 2.0 274
1584580684118 0.0 275
1584580686510 -1.0 276
1584580688744 0.0 277
1584580690985 0.0 278
1584580693262 2.0 279
1584580695536 2.0 280
1584580697793 2.0 281
1584580700011 3.0 282
1584580702246 -3.0 283
1584580704515 -1.0 284
1584580706826 0.0 285
1584580709068 0.0 286
1584580711370 0.0 287
1584580713619 5.0 288
1584580715904 2.0 289
1584580718110 7.0 290
1584580720349 0.0 291
1584580722615 0.0 292
1584580724885 0.0 293
1584580727104 1.0 294
1584580729301 0.0 295
1584580731526 2.0 296
1584580733825 1.0 297
1584580736116 0.0 298
1584580738397 4.0 299
1584580740707 0.0 300
1584580743116 2.0 301
1584580745390 -1.0 302
1584580747628 7.0 303
1584580749911 0.0 304
1584580752325 3.0 305
1584580754613 -1.0 306
1584580756837 2.0 307
1584580759037 1.0 308
1584580761368 0.0 309
1584580763671 -2.0 310
1584580765942 0.0 311
1584580768222 1.0 312
1584580770492 6.0 313
1584580772715 0.0 314
1584580774904 5.0 315
1584580777185 0.0 316
1584580779478 3.0 317
1584580781759 7.0 318
1584580783972 3.0 319
1584580786221 5.0 320
1584580788427 1.0 321
1584580790700 5.0 322
1584580792986 2.0 323
1584580795254 4.0 324
1584580797538 5.0 325
1584580799816 1.0 326
1584580802062 0.0 327
1584580804278 1.0 328
1584580806554 2.0 329
1584580808828 5.0 330
1584580811115 4.0 331
1584580813391 2.0 332
1584580815596 0.0 333
1584580817910 0.0 334
1584580820209 7.0 335
1584580822534 -1.0 336
1584580824807 1.0 337
1584580827083 5.0 338
1584580829284 0.0 339
1584580831542 9.0 340
1584580833745 5.0 341
1584580836067 2.0 342
1584580838349 0.0 343
1584580840556 0.0 344
1584580842818 1.0 345
1584580845055 3.0 346
1584580847398 1.0 347
1584580849706 0.0 348
1584580852065 0.0 349
1584580854375 8.0 350
1584580856640 5.0 351
1584580858943 2.0 352
1584580861213 -1.0 353
1584580863513 1.0 354
1584580865817 6.0 355
1584580868109 5.0 356
1584580870329 -2.0 357
1584580872547 1.0 358
1584580874829 0.0 359
1584580877090 4.0 360
1584580879486 5.0 361
1584580881780 2.0 362
1584580884054 1.0 363
1584580886261 12.0 364
1584580888592 0.0 365
1584580890980 1.0 366
1584580893525 6.0 367
1584580895869 10.0 368
1584580898458 7.0 369
1584580901078 7.0 370
1584580903301 7.0 371
1584580905559 6.0 372
1584580907851 7.0 373
1584580910129 7.0 374
1584580912454 1.0 375
1584580914782 2.0 376
1584580917040 3.0 377
1584580919271 6.0 378
1584580921522 14.0 379
1584580923839 2.0 380
1584580926144 3.0 381
1584580928351 8.0 382
1584580930546 4.0 383
1584580932859 7.0 384
1584580935127 10.0 385
1584580937448 6.0 386
1584580939751 0.0 387
1584580942044 7.0 388
1584580944419 5.0 389
1584580946628 12.0 390
1584580948956 9.0 391
1584580951315 5.0 392
1584580953615 1.0 393
1584580955850 12.0 394
1584580958082 13.0 395
1584580960293 0.0 396
1584580962566 1.0 397
1584580964855 -1.0 398
1584580967121 7.0 399
1584580969494 4.0 400
1584580971838 6.0 401
1584580974095 7.0 402
1584580976427 0.0 403
1584580978689 9.0 404
1584580980987 1.0 405
1584580983288 5.0 406
1584580985509 4.0 407
1584580987764 7.0 408
1584580990092 5.0 409
1584580992335 6.0 410
1584580994608 9.0 411
1584580996883 3.0 412
1584580999152 8.0 413
1584581001404 8.0 414
1584581003627 2.0 415
1584581005898 0.0 416
1584581008158 4.0 417
1584581010535 0.0 418
1584581012782 3.0 419
1584581015041 6.0 420
1584581017255 3.0 421
1584581019556 3.0 422
1584581021821 3.0 423
1584581024082 4.0 424
1584581026404 3.0 425
1584581028718 9.0 426
1584581030950 4.0 427
1584581033163 1.0 428
1584581035481 3.0 429
1584581037734 4.0 430
1584581040071 5.0 431
1584581042446 3.0 432
1584581044665 15.0 433
1584581046922 8.0 434
1584581049210 15.0 435
1584581051520 6.0 436
1584581053802 14.0 437
1584581056080 10.0 438
1584581058308 2.0 439
1584581060547 11.0 440
1584581062767 9.0 441
1584581065047 7.0 442
1584581067401 2.0 443
1584581069651 10.0 444
1584581071907 12.0 445
1584581074130 3.0 446
1584581076409 9.0 447
1584581078659 12.0 448
1584581080936 3.0 449
1584581083215 5.0 450
1584581085491 6.0 451
1584581087738 10.0 452
1584581090004 8.0 453
1584581092280 4.0 454
1584581094610 16.0 455
1584581096912 9.0 456
1584581099221 11.0 457
1584581101514 6.0 458
1584581103849 4.0 459
1584581106162 1.0 460
1584581108474 5.0 461
1584581110753 1.0 462
1584581113123 13.0 463
1584581115357 4.0 464
1584581117562 9.0 465
1584581119854 7.0 466
1584581122161 13.0 467
1584581124419 10.0 468
1584581126605 11.0 469
1584581128810 5.0 470
1584581131030 12.0 471
1584581133370 6.0 472
1584581135619 5.0 473
1584581138023 9.0 474
1584581140365 10.0 475
1584581142668 9.0 476
1584581144886 6.0 477
1584581147087 9.0 478
1584581149402 9.0 479
1584581151756 9.0 480
1584581154062 6.0 481
1584581156300 10.0 482
1584581158518 3.0 483
1584581160835 11.0 484
1584581163137 4.0 485
1584581165463 6.0 486
1584581167774 4.0 487
1584581170065 0.0 488
1584581172251 7.0 489
1584581174436 14.0 490
1584581176666 4.0 491
1584581178976 6.0 492
1584581181220 10.0 493
1584581183414 11.0 494
1584581185607 4.0 495
1584581187802 4.0 496
1584581190138 18.0 497
1584581192436 10.0 498
1584581194745 7.0 499
1584581197079 5.0 500
1584581199558 7.0 501
1584581201749 14.0 502
1584581203958 3.0 503
1584581206280 4.0 504
1584581208572 13.0 505
1584581210866 11.0 506
1584581213120 5.0 507
1584581215291 12.0 508
1584581217550 11.0 509
1584581219854 16.0 510
1584581222125 2.0 511
1584581224455 5.0 512
1584581226727 7.0 513
1584581229012 9.0 514
1584581231275 14.0 515
1584581233555 18.0 516
1584581235890 2.0 517
1584581238174 10.0 518
1584581240432 7.0 519
1584581242635 8.0 520
1584581244813 6.0 521
1584581247114 10.0 522
1584581249433 7.0 523
1584581251736 8.0 524
1584581254052 15.0 525
1584581256367 15.0 526
1584581258564 20.0 527
1584581260827 9.0 528
1584581263172 10.0 529
1584581265583 12.0 530
1584581267870 12.0 531
1584581270127 16.0 532
1584581272330 13.0 533
1584581274636 6.0 534
1584581276931 8.0 535
1584581279246 14.0 536
1584581281582 7.0 537
1584581283897 7.0 538
1584581286143 6.0 539
1584581288391 12.0 540
1584581290600 8.0 541
1584581292875 6.0 542
1584581295198 8.0 543
1584581297395 6.0 544
1584581299606 9.0 545
1584581301845 6.0 546
1584581304141 7.0 547
1584581306410 7.0 548
1584581308689 13.0 549
1584581310990 9.0 550
1584581313315 10.0 551
1584581315525 12.0 552
1584581317768 12.0 553
1584581320065 9.0 554
1584581322335 12.0 555
1584581324678 15.0 556
1584581326909 4.0 557
1584581329141 17.0 558
1584581331643 13.0 559
1584581333924 15.0 560
1584581336295 12.0 561
1584581338588 2.0 562
1584581341254 6.0 563
1584581343667 12.0 564
1584581346260 11.0 565
1584581348495 13.0 566
1584581350740 8.0 567
1584581353005 8.0 568
1584581355216 10.0 569
1584581357418 2.0 570
1584581359616 8.0 571
1584581361938 7.0 572
1584581364218 3.0 573
1584581366523 11.0 574
1584581368777 2.0 575
1584581371082 12.0 576
1584581373300 9.0 577
1584581375519 9.0 578
1584581377852 12.0 579
1584581380100 8.0 580
1584581382390 14.0 581
1584581384633 15.0 582
1584581386835 10.0 583
1584581389127 9.0 584
1584581391427 14.0 585
1584581393691 13.0 586
1584581395998 6.0 587
1584581398330 4.0 588
1584581401107 10.0 589
1584581403436 9.0 590
1584581405709 10.0 591
1584581408048 17.0 592
1584581410320 2.0 593
1584581412552 13.0 594
1584581414775 10.0 595
1584581417014 11.0 596
1584581419357 9.0 597
1584581421681 11.0 598
1584581423963 13.0 599
1584581426294 15.0 600
1584581428893 12.0 601
1584581431185 5.0 602
1584581433416 0.0 603
1584581435682 7.0 604
1584581438029 10.0 605
1584581440371 9.0 606
1584581442583 13.0 607
1584581444807 12.0 608
1584581447123 10.0 609
1584581449486 1.0 610
1584581451846 17.0 611
1584581454147 8.0 612
1584581456417 13.0 613
1584581458628 13.0 614
1584581460873 17.0 615
1584581463139 10.0 616
1584581465431 9.0 617
1584581467709 9.0 618
1584581469973 3.0 619
1584581472225 9.0 620
1584581474444 11.0 621
1584581476724 1.0 622
1584581479023 16.0 623
1584581481278 21.0 624
1584581483557 12.0 625
1584581485842 11.0 626
1584581488093 15.0 627
1584581490337 9.0 628
1584581492606 13.0 629
1584581494893 13.0 630
1584581497177 11.0 631
1584581499410 10.0 632
1584581501630 20.0 633
1584581503929 15.0 634
1584581506221 16.0 635
1584581508475 10.0 636
1584581510881 15.0 637
1584581513455 7.0 638
1584581515653 10.0 639
1584581517881 12.0 640
1584581520142 4.0 641
1584581522430 15.0 642
1584581524888 7.0 643
1584581527112 16.0 644
1584581529370 10.0 645
1584581531588 15.0 646
1584581533856 17.0 647
1584581536146 9.0 648
1584581538432 14.0 649
1584581540713 11.0 650
1584581542952 15.0 651
1584581545181 17.0 652
1584581547436 16.0 653
1584581549831 10.0 654
1584581552103 9.0 655
1584581554402 19.0 656
1584581556621 15.0 657
1584581558851 19.0 658
1584581561152 10.0 659
1584581563450 21.0 660
1584581565719 16.0 661
1584581568008 8.0 662
1584581570309 17.0 663
1584581572544 13.0 664
1584581574909 5.0 665
1584581577118 12.0 666
1584581579425 13.0 667
1584581581690 2.0 668
1584581583874 10.0 669
1584581586148 13.0 670
1584581588380 5.0 671
1584581590663 18.0 672
1584581592962 9.0 673
1584581595251 7.0 674
1584581597576 16.0 675
1584581599870 19.0 676
1584581602130 5.0 677
1584581604356 20.0 678
1584581606606 8.0 679
1584581608883 12.0 680
1584581611205 9.0 681
1584581613417 11.0 682
1584581615677 10.0 683
1584581617970 6.0 684
1584581620384 7.0 685
1584581622688 12.0 686
1584581624977 12.0 687
1584581627261 13.0 688
1584581629453 16.0 689
1584581631639 13.0 690
1584581633839 12.0 691
1584581636126 8.0 692
1584581638431 9.0 693
1584581640679 16.0 694
1584581642886 3.0 695
1584581645119 20.0 696
1584581647408 9.0 697
1584581649709 6.0 698
1584581652105 14.0 699
1584581654389 7.0 700
1584581656787 6.0 701
1584581659043 11.0 702
1584581661289 17.0 703
1584581663603 8.0 704
1584581665919 16.0 705
1584581668212 11.0 706
1584581670582 12.0 707
1584581672812 16.0 708
1584581675063 13.0 709
1584581677427 1.0 710
1584581679708 14.0 711
1584581682016 15.0 712
1584581684282 2.0 713
1584581686511 11.0 714
1584581688747 17.0 715
1584581690988 9.0 716
1584581693250 13.0 717
1584581695550 10.0 718
1584581697795 9.0 719
1584581700041 5.0 720
1584581702238 7.0 721
1584581704658 12.0 722
1584581706964 6.0 723
1584581709208 4.0 724
1584581711515 4.0 725
1584581713796 4.0 726
1584581716217 13.0 727
1584581719184 15.0 728
1584581721627 3.0 729
1584581723961 6.0 730
1584581726350 16.0 731
1584581729059 16.0 732
1584581731286 15.0 733
1584581733541 12.0 734
1584581735800 8.0 735
1584581738100 11.0 736
1584581740388 9.0 737
1584581742644 12.0 738
1584581744852 17.0 739
1584581747074 12.0 740
1584581749379 18.0 741
1584581751791 15.0 742
1584581754103 5.0 743
1584581756383 15.0 744
1584581758682 16.0 745
1584581760945 18.0 746
1584581763208 9.0 747
1584581765458 9.0 748
1584581767747 9.0 749
1584581770097 13.0 750
1584581772388 1.0 751
1584581774636 25.0 752
1584581776868 9.0 753
1584581779220 11.0 754
1584581781507 3.0 755
1584581783846 8.0 756
1584581786090 19.0 757
1584581788359 4.0 758
1584581790622 11.0 759
1584581792896 5.0 760
1584581795206 10.0 761
1584581797499 5.0 762
1584581799782 15.0 763
1584581802023 16.0 764
1584581804220 5.0 765
1584581806440 18.0 766
1584581808778 12.0 767
1584581811081 15.0 768
1584581813365 2.0 769
1584581815706 17.0 770
1584581817920 17.0 771
1584581820228 11.0 772
1584581822557 18.0 773
1584581824854 3.0 774
1584581827141 10.0 775
1584581829481 11.0 776
1584581831701 9.0 777
1584581833934 11.0 778
1584581836217 8.0 779
1584581838485 16.0 780
1584581840759 12.0 781
1584581842966 18.0 782
1584581845208 18.0 783
1584581847495 11.0 784
1584581849781 15.0 785
1584581852033 12.0 786
1584581854288 13.0 787
1584581856567 19.0 788
1584581858776 10.0 789
1584581861006 8.0 790
1584581863209 20.0 791
1584581865517 15.0 792
1584581867793 16.0 793
1584581870030 10.0 794
1584581872251 16.0 795
1584581874520 2.0 796
1584581876824 12.0 797
1584581879093 4.0 798
1584581881430 10.0 799
1584581883686 15.0 800
1584581886079 21.0 801
1584581888364 18.0 802
1584581890611 10.0 803
1584581892878 17.0 804
1584581895267 3.0 805
1584581897573 19.0 806
1584581899784 14.0 807
1584581901975 14.0 808
1584581904353 12.0 809
1584581906874 10.0 810
1584581909151 9.0 811
1584581911573 17.0 812
1584581913828 14.0 813
1584581916061 17.0 814
1584581918284 13.0 815
1584581920498 19.0 816
1584581922793 8.0 817
1584581925054 8.0 818
1584581927299 17.0 819
1584581929537 20.0 820
1584581931728 19.0 821
1584581934014 17.0 822
1584581936297 10.0 823
1584581938554 13.0 824
1584581940837 16.0 825
1584581943158 13.0 826
1584581945423 12.0 827
1584581947637 17.0 828
1584581949925 9.0 829
1584581952227 14.0 830
1584581954486 19.0 831
1584581956713 17.0 832
1584581958936 22.0 833
1584581961235 17.0 834
1584581963536 7.0 835
1584581965806 12.0 836
1584581968079 11.0 837
1584581970386 12.0 838
1584581972605 10.0 839
1584581974836 15.0 840
1584581977090 15.0 841
1584581979385 12.0 842
1584581981636 8.0 843
1584581983874 19.0 844
1584581986101 11.0 845
1584581988326 17.0 846
1584581990591 3.0 847
1584581992864 13.0 848
1584581995134 17.0 849
1584581997430 14.0 850
1584581999677 8.0 851
1584582001924 7.0 852
1584582004165 14.0 853
1584582006499 15.0 854
1584582008861 11.0 855
1584582011108 16.0 856
1584582013338 15.0 857
1584582015677 14.0 858
1584582017983 17.0 859
1584582020246 21.0 860
1584582022583 18.0 861
1584582024840 15.0 862
1584582027119 19.0 863
1584582029359 11.0 864
1584582031598 13.0 865
1584582033815 12.0 866
1584582036052 4.0 867
1584582038337 14.0 868
1584582040546 17.0 869
1584582042766 17.0 870
1584582044966 18.0 871
1584582047217 18.0 872
1584582049521 17.0 873
1584582051799 12.0 874
1584582054091 17.0 875
1584582056385 13.0 876
1584582058625 12.0 877
1584582060858 19.0 878
1584582063153 19.0 879
1584582065459 19.0 880
1584582067751 12.0 881
1584582070019 16.0 882
1584582072265 24.0 883
1584582074506 14.0 884
1584582076737 12.0 885
1584582079039 12.0 886
1584582081363 15.0 887
1584582083650 18.0 888
1584582085893 15.0 889
1584582088133 18.0 890
1584582090372 16.0 891
1584582092623 12.0 892
1584582094914 12.0 893
1584582097143 16.0 894
1584582099395 13.0 895
1584582101603 22.0 896
1584582103928 17.0 897
1584582106242 17.0 898
1584582108502 17.0 899
1584582110762 11.0 900
1584582113183 19.0 901
1584582115395 15.0 902
1584582117622 15.0 903
1584582119883 16.0 904
1584582122141 16.0 905
1584582124457 17.0 906
1584582126664 15.0 907
1584582128873 15.0 908
1584582131148 6.0 909
1584582133400 9.0 910
1584582135717 12.0 911
1584582137989 16.0 912
1584582140260 18.0 913
1584582142467 12.0 914
1584582144710 19.0 915
1584582146932 14.0 916
1584582149189 16.0 917
1584582151545 18.0 918
1584582153766 18.0 919
1584582156000 7.0 920
1584582158225 13.0 921
1584582160494 17.0 922
1584582162764 17.0 923
1584582165049 17.0 924
1584582167296 17.0 925
1584582169580 12.0 926
1584582171793 13.0 927
1584582173988 16.0 928
1584582176263 15.0 929
1584582178520 17.0 930
1584582180819 17.0 931
1584582183052 16.0 932
1584582185255 20.0 933
1584582187521 15.0 934
1584582189798 12.0 935
1584582192081 17.0 936
1584582194371 23.0 937
1584582196664 18.0 938
1584582198869 15.0 939
1584582201272 20.0 940
1584582203473 11.0 941
1584582205740 16.0 942
1584582208002 17.0 943
1584582210220 14.0 944
1584582212435 15.0 945
1584582214661 22.0 946
1584582216968 17.0 947
1584582219349 21.0 948
1584582221662 9.0 949
1584582223947 11.0 950
1584582226214 7.0 951
1584582228422 19.0 952
1584582230615 14.0 953
1584582232902 16.0 954
1584582235183 14.0 955
1584582237474 11.0 956
1584582239683 18.0 957
1584582241895 12.0 958
1584582244178 11.0 959
1584582246448 18.0 960
1584582248694 17.0 961
1584582250956 15.0 962
1584582253217 6.0 963
1584582255426 15.0 964
1584582257647 13.0 965
1584582259844 15.0 966
1584582262188 10.0 967
1584582264492 16.0 968
1584582266678 16.0 969
1584582268884 15.0 970
1584582271092 17.0 971
1584582273379 18.0 972
1584582275653 15.0 973
1584582277972 16.0 974
1584582280288 21.0 975
1584582282593 14.0 976
1584582284797 16.0 977
1584582287018 21.0 978
1584582289334 10.0 979
1584582291684 18.0 980
1584582293970 18.0 981
1584582296182 9.0 982
1584582298488 16.0 983
1584582300781 14.0 984
1584582303075 16.0 985
1584582305382 16.0 986
1584582307656 14.0 987
1584582309945 8.0 988
1584582312149 15.0 989
1584582314379 9.0 990
1584582316591 14.0 991
1584582318868 15.0 992
1584582321153 16.0 993
1584582323338 16.0 994
1584582325556 14.0 995
1584582327749 14.0 996
1584582330095 18.0 997
1584582332424 19.0 998
1584582334739 16.0 999
1584582337039 16.0 1000
1584582339473 15.0 1001
1584582341649 17.0 1002
1584582343877 11.0 1003
1584582346132 17.0 1004
1584582348437 11.0 1005
1584582350680 18.0 1006
1584582352939 16.0 1007
1584582355307 14.0 1008
1584582357568 19.0 1009
1584582359923 19.0 1010
1584582362262 13.0 1011
1584582364702 7.0 1012
1584582367103 14.0 1013
1584582369294 15.0 1014
1584582371526 17.0 1015
1584582373753 17.0 1016
1584582376049 18.0 1017
1584582378332 12.0 1018
1584582380513 19.0 1019
1584582382729 15.0 1020
1584582384942 16.0 1021
1584582387248 14.0 1022
1584582389585 17.0 1023
1584582391857 17.0 1024
1584582394246 11.0 1025
1584582396620 14.0 1026
1584582398822 19.0 1027
1584582401053 15.0 1028
1584582403343 7.0 1029
1584582405656 18.0 1030
1584582407972 16.0 1031
1584582410213 11.0 1032
1584582412406 16.0 1033
1584582414711 19.0 1034
1584582416998 10.0 1035
1584582419272 13.0 1036
1584582421607 10.0 1037
1584582423915 17.0 1038
