1584268102995 1 1
1584268105347 0.995 2
1584268108032 0.990025 3
1584268110801 0.985074875 4
1584268113706 0.9801495006250001 5
1584268115967 0.9752487531218751 6
1584268118154 0.9703725093562657 7
1584268120355 0.9655206468094844 8
1584268122538 0.960693043575437 9
1584268124681 0.9558895783575597 10
1584268126871 0.9511101304657719 11
1584268129056 0.946354579813443 12
1584268131224 0.9416228069143757 13
1584268133412 0.9369146928798039 14
1584268135578 0.9322301194154049 15
1584268137756 0.9275689688183278 16
1584268140560 0.9229311239742362 17
1584268143045 0.918316468354365 18
1584268145745 0.9137248860125932 19
1584268147958 0.9091562615825302 20
1584268150175 0.9046104802746175 21
1584268152357 0.9000874278732445 22
1584268154536 0.8955869907338783 23
1584268156709 0.8911090557802088 24
1584268158891 0.8866535105013078 25
1584268161078 0.8822202429488013 26
1584268163253 0.8778091417340573 27
1584268165434 0.8734200960253871 28
1584268167582 0.8690529955452602 29
1584268170622 0.8647077305675338 30
1584268173763 0.8603841919146962 31
1584268176236 0.8560822709551227 32
1584268178405 0.851801859600347 33
1584268181087 0.8475428503023453 34
1584268183316 0.8433051360508336 35
1584268185627 0.8390886103705794 36
1584268187954 0.8348931673187264 37
1584268190714 0.8307187014821328 38
1584268193316 0.8265651079747222 39
1584268195803 0.8224322824348486 40
1584268198256 0.8183201210226743 41
1584268200917 0.8142285204175609 42
1584268203448 0.810157377815473 43
1584268206889 0.8061065909263957 44
1584268210367 0.8020760579717637 45
1584268213372 0.798065677681905 46
1584268215704 0.7940753492934954 47
1584268217881 0.7901049725470279 48
1584268220061 0.7861544476842928 49
1584268223164 0.7822236754458713 50
1584268225944 0.778312557068642 51
1584268228149 0.7744209942832988 52
1584268230779 0.7705488893118823 53
1584268233178 0.7666961448653229 54
1584268235347 0.7628626641409962 55
1584268237528 0.7590483508202912 56
1584268240164 0.7552531090661897 57
1584268242468 0.7514768435208588 58
1584268245041 0.7477194593032545 59
1584268247870 0.7439808620067382 60
1584268250766 0.7402609576967045 61
1584268253454 0.736559652908221 62
1584268255886 0.7328768546436799 63
1584268258409 0.7292124703704616 64
1584268261683 0.7255664080186093 65
1584268263980 0.7219385759785162 66
1584268266204 0.7183288830986236 67
1584268268985 0.7147372386831305 68
1584268271428 0.7111635524897149 69
1584268274148 0.7076077347272662 70
1584268276761 0.7040696960536299 71
1584268279133 0.7005493475733617 72
1584268281531 0.697046600835495 73
1584268283959 0.6935613678313175 74
1584268286880 0.6900935609921609 75
1584268289515 0.6866430931872001 76
1584268291669 0.6832098777212641 77
1584268293852 0.6797938283326578 78
1584268296011 0.6763948591909945 79
1584268298275 0.6730128848950395 80
1584268300482 0.6696478204705644 81
1584268302664 0.6662995813682115 82
1584268305076 0.6629680834613705 83
1584268307232 0.6596532430440636 84
1584268309404 0.6563549768288433 85
1584268311611 0.653073201944699 86
