1584268102995 300 1
1584268105347 300 2
1584268108032 300 3
1584268110801 300 4
1584268113706 300 5
1584268115967 300 6
1584268118154 300 7
1584268120355 300 8
1584268122538 300 9
1584268124681 300 10
1584268126871 300 11
1584268129056 300 12
1584268131224 300 13
1584268133412 300 14
1584268135578 300 15
1584268137756 300 16
1584268140560 300 17
1584268143045 300 18
1584268145745 300 19
1584268147958 300 20
1584268150175 300 21
1584268152357 300 22
1584268154536 300 23
1584268156709 300 24
1584268158891 300 25
1584268161078 300 26
1584268163253 300 27
1584268165434 300 28
1584268167582 300 29
1584268170622 300 30
1584268173763 300 31
1584268176236 300 32
1584268178405 300 33
1584268181087 300 34
1584268183316 300 35
1584268185627 300 36
1584268187954 300 37
1584268190714 300 38
1584268193316 300 39
1584268195803 300 40
1584268198256 300 41
1584268200917 300 42
1584268203448 300 43
1584268206889 300 44
1584268210367 300 45
1584268213372 300 46
1584268215704 300 47
1584268217881 300 48
1584268220061 300 49
1584268223164 300 50
1584268225944 300 51
1584268228149 300 52
1584268230779 300 53
1584268233178 300 54
1584268235347 300 55
1584268237528 300 56
1584268240164 300 57
1584268242468 300 58
1584268245041 300 59
1584268247870 300 60
1584268250766 300 61
1584268253454 300 62
1584268255886 300 63
1584268258409 300 64
1584268261683 300 65
1584268263980 300 66
1584268266204 300 67
1584268268985 300 68
1584268271428 300 69
1584268274148 300 70
1584268276761 300 71
1584268279133 300 72
1584268281531 300 73
1584268283959 300 74
1584268286880 300 75
1584268289515 300 76
1584268291669 300 77
1584268293852 300 78
1584268296011 300 79
1584268298275 300 80
1584268300482 300 81
1584268302664 300 82
1584268305076 300 83
1584268307232 300 84
1584268309404 300 85
1584268311611 300 86
