1584574939933 1 1
1584574942329 1 2
1584574944777 1 3
1584574947276 1 4
1584574949637 1 5
1584574952200 1 6
1584574954558 1 7
1584574957006 1 8
1584574959437 1 9
1584574961716 1 10
1584574963964 1 11
1584574966231 1 12
1584574968453 1 13
1584574970682 1 14
1584574972904 1 15
1584574975127 1 16
1584574977384 1 17
1584574979626 1 18
1584574981916 1 19
1584574984140 1 20
1584574986366 1 21
1584574988639 1 22
1584574990870 1 23
1584574993091 1 24
1584574995356 1 25
1584574997596 1 26
1584574999853 1 27
1584575002103 1 28
1584575004351 1 29
1584575006571 1 30
1584575008832 1 31
1584575011132 1 32
1584575013412 1 33
1584575015661 1 34
1584575017928 1 35
1584575020196 1 36
1584575022446 1 37
1584575024672 1 38
1584575026909 1 39
1584575029171 1 40
1584575031412 1 41
1584575033667 1 42
1584575035887 1 43
1584575038176 1 44
1584575040406 1 45
1584575042663 1 46
1584575044928 1 47
1584575047175 1 48
1584575049645 1 49
1584575051918 1 50
1584575054149 1 51
1584575056376 1 52
1584575058612 1 53
1584575060842 1 54
1584575063075 1 55
1584575065300 1 56
1584575067548 1 57
1584575069856 1 58
1584575072088 1 59
1584575074671 1 60
1584575076883 1 61
1584575079211 1 62
1584575081459 1 63
1584575083690 1 64
1584575085912 1 65
1584575088135 1 66
1584575090382 1 67
1584575092605 1 68
1584575094849 1 69
1584575097115 1 70
1584575099463 1 71
1584575101719 1 72
1584575103983 1 73
1584575106233 1 74
1584575108514 1 75
1584575110775 1 76
1584575113023 1 77
1584575115280 1 78
1584575117504 1 79
1584575119785 1 80
1584575122019 1 81
1584575124246 1 82
1584575126523 1 83
1584575128749 1 84
1584575131024 1 85
1584575133251 1 86
1584575135479 1 87
1584575137741 1 88
1584575140033 1 89
1584575142261 1 90
1584575144663 1 91
1584575147006 1 92
1584575149267 1 93
1584575151492 1 94
1584575153747 1 95
1584575155960 1 96
1584575158196 1 97
1584575160455 1 98
1584575162690 1 99
1584575164946 1 100
1584575167230 1 101
1584575169479 1 102
1584575171770 1 103
1584575174007 1 104
1584575176335 1 105
1584575178588 1 106
1584575180830 1 107
1584575183039 1 108
1584575185293 1 109
1584575187520 1 110
1584575189766 1 111
1584575192011 1 112
1584575194252 1 113
1584575196524 1 114
1584575198748 1 115
1584575201039 1 116
1584575203249 1 117
1584575205500 1 118
1584575207744 1 119
1584575210010 1 120
1584575212275 1 121
1584575214511 1 122
1584575216783 1 123
1584575219041 1 124
1584575221300 1 125
1584575223544 1 126
1584575225783 1 127
1584575228098 1 128
1584575230340 1 129
1584575232600 1 130
1584575234876 1 131
1584575237435 1 132
1584575239812 1 133
1584575242247 1 134
1584575244464 1 135
1584575246717 1 136
1584575248980 1 137
1584575251246 1 138
1584575253504 1 139
1584575255739 1 140
1584575258014 1 141
1584575260287 1 142
1584575262527 1 143
1584575264793 1 144
1584575267056 1 145
1584575269283 1 146
1584575271532 1 147
1584575273788 1 148
1584575276058 1 149
1584575278327 1 150
1584575280589 1 151
1584575282843 1 152
1584575285078 1 153
1584575287340 1 154
1584575289589 1 155
1584575291845 1 156
1584575294087 1 157
1584575296330 1 158
1584575298583 1 159
1584575300818 1 160
1584575303137 1 161
1584575305413 1 162
1584575307664 1 163
1584575309885 1 164
1584575312143 1 165
1584575314406 1 166
1584575316641 1 167
1584575318901 1 168
1584575321177 1 169
1584575323394 1 170
1584575325624 1 171
1584575327881 1 172
1584575330143 1 173
1584575332581 1 174
1584575334853 1 175
1584575337104 1 176
1584575339492 1 177
1584575341756 1 178
1584575344020 1 179
1584575346261 1 180
1584575348495 1 181
1584575350749 1 182
1584575352970 1 183
1584575355238 1 184
1584575357463 1 185
1584575359695 1 186
1584575361943 1 187
1584575364196 1 188
1584575366417 1 189
1584575368670 1 190
1584575370925 1 191
1584575373189 1 192
1584575375427 1 193
1584575377682 1 194
1584575379949 1 195
1584575382216 1 196
1584575384484 1 197
1584575386727 1 198
1584575388983 1 199
1584575391258 1 200
1584575393567 1 201
1584575395830 1 202
1584575398134 1 203
1584575400363 1 204
1584575402601 1 205
1584575404855 1 206
1584575407098 1 207
1584575409366 1 208
1584575411621 1 209
1584575413857 1 210
1584575416115 1 211
1584575418372 1 212
1584575420590 1 213
1584575422802 1 214
1584575425055 1 215
1584575427324 1 216
1584575429625 1 217
1584575431901 1 218
1584575434260 1 219
1584575436561 1 220
1584575438839 1 221
1584575441087 1 222
1584575443414 1 223
1584575445678 1 224
1584575447963 1 225
1584575450335 1 226
1584575452579 1 227
1584575454859 1 228
1584575457094 1 229
1584575459341 1 230
1584575461591 1 231
1584575463835 1 232
1584575466096 1 233
1584575468330 1 234
1584575470581 1 235
1584575472810 1 236
1584575475050 1 237
1584575477323 1 238
1584575479591 1 239
1584575481871 1 240
1584575484139 1 241
1584575486399 1 242
1584575488618 1 243
1584575490862 1 244
1584575493065 1 245
1584575495328 1 246
1584575497566 1 247
1584575499842 1 248
1584575502138 1 249
1584575504389 1 250
1584575506664 1 251
1584575508907 1 252
1584575511150 1 253
1584575513419 1 254
1584575515647 1 255
1584575517924 1 256
1584575520186 1 257
1584575522430 1 258
1584575524703 1 259
1584575526966 1 260
1584575529259 1 261
1584575531836 1 262
1584575534086 1 263
1584575536341 1 264
1584575538587 1 265
1584575540841 1 266
1584575543067 1 267
1584575545305 1 268
1584575547551 1 269
1584575549787 1 270
1584575552041 1 271
1584575554325 1 272
1584575556576 1 273
1584575558811 1 274
1584575561058 1 275
1584575563345 1 276
1584575565569 1 277
1584575567833 1 278
1584575570120 1 279
1584575572388 1 280
1584575574653 1 281
1584575576928 1 282
1584575579176 1 283
1584575581464 1 284
1584575583719 1 285
1584575585980 1 286
1584575588211 1 287
1584575590465 1 288
1584575592794 1 289
1584575595033 1 290
1584575597301 1 291
1584575599551 1 292
1584575601834 1 293
1584575604064 1 294
1584575606310 1 295
1584575608549 1 296
1584575610812 1 297
1584575613063 1 298
1584575615371 1 299
1584575617649 1 300
1584575620016 1 301
1584575622356 1 302
1584575624613 1 303
1584575627007 1 304
1584575629382 1 305
1584575631600 1 306
1584575633853 1 307
1584575636117 1 308
1584575638422 1 309
1584575640705 1 310
1584575642994 1 311
1584575645247 1 312
1584575647732 1 313
1584575650108 1 314
1584575652385 1 315
1584575654636 1 316
1584575656867 1 317
1584575659528 1 318
1584575662082 1 319
1584575664389 1 320
1584575666680 1 321
1584575669000 1 322
1584575671328 1 323
1584575673609 1 324
1584575675863 1 325
1584575678132 1 326
1584575680392 1 327
1584575682626 1 328
1584575684897 1 329
1584575687174 1 330
1584575689521 1 331
1584575691741 1 332
1584575694008 1 333
1584575696262 1 334
1584575698600 1 335
1584575700866 1 336
1584575703134 1 337
1584575705388 1 338
1584575707619 1 339
1584575709864 1 340
1584575712132 1 341
1584575714429 1 342
1584575716688 1 343
1584575718999 1 344
1584575721308 1 345
1584575723607 1 346
1584575726001 1 347
1584575728382 1 348
1584575730692 1 349
1584575732976 1 350
1584575735276 1 351
1584575737504 1 352
1584575739799 1 353
1584575742053 1 354
1584575744382 1 355
1584575746696 1 356
1584575748956 1 357
1584575751199 1 358
1584575753470 1 359
1584575755783 1 360
1584575758055 1 361
1584575760315 1 362
1584575762630 1 363
1584575764861 1 364
1584575767124 1 365
1584575769378 1 366
1584575771620 1 367
1584575773834 1 368
1584575776086 1 369
1584575778287 1 370
1584575780537 1 371
1584575782777 1 372
1584575785064 1 373
1584575787334 1 374
1584575789606 1 375
1584575791874 1 376
1584575794183 1 377
1584575796433 1 378
1584575798673 1 379
1584575800924 1 380
1584575803165 1 381
1584575805421 1 382
1584575807637 1 383
1584575809909 1 384
1584575812125 1 385
1584575814381 1 386
1584575816734 1 387
1584575819010 1 388
1584575821436 1 389
1584575823687 1 390
1584575825947 1 391
1584575828204 1 392
1584575830431 1 393
1584575832679 1 394
1584575834905 1 395
1584575837192 1 396
1584575839456 1 397
1584575841741 1 398
1584575844014 1 399
1584575846303 1 400
1584575848628 1 401
1584575850935 1 402
1584575853253 1 403
1584575855534 1 404
1584575857790 1 405
1584575860083 1 406
1584575862344 1 407
1584575864581 1 408
1584575866816 1 409
1584575869082 1 410
1584575871348 1 411
1584575873605 1 412
1584575875853 1 413
1584575878120 1 414
1584575880387 1 415
1584575882666 1 416
1584575884929 1 417
1584575887196 1 418
1584575889447 1 419
1584575891698 1 420
1584575893934 1 421
1584575896201 1 422
1584575898447 1 423
1584575900699 1 424
1584575902974 1 425
1584575905220 1 426
1584575907483 1 427
1584575909756 1 428
1584575912023 1 429
1584575914306 1 430
1584575916544 1 431
1584575918926 1 432
1584575921201 1 433
1584575923497 1 434
1584575925738 1 435
1584575927996 1 436
1584575930294 1 437
1584575932547 1 438
1584575934909 1 439
1584575937205 1 440
1584575939467 1 441
1584575941737 1 442
1584575944112 1 443
1584575946391 1 444
1584575948660 1 445
1584575950918 1 446
1584575953215 1 447
1584575958187 1 448
1584575963197 1 449
1584575966131 1 450
1584575968418 1 451
1584575970707 1 452
1584575972942 1 453
1584575975251 1 454
1584575977534 1 455
1584575981279 1 456
1584575986185 1 457
1584575988452 1 458
1584575990674 1 459
1584575992955 1 460
1584575995393 1 461
1584575997826 1 462
1584576000135 1 463
1584576002468 1 464
1584576004743 1 465
1584576007005 1 466
1584576009277 1 467
1584576011537 1 468
1584576013810 1 469
1584576016087 1 470
1584576018373 1 471
1584576020829 1 472
1584576023086 1 473
1584576025319 1 474
1584576027661 1 475
1584576032045 1 476
1584576036267 1 477
1584576038511 1 478
1584576040802 1 479
1584576043092 1 480
1584576045808 1 481
1584576048552 1 482
1584576050846 1 483
1584576053104 1 484
1584576055409 1 485
1584576057809 1 486
1584576060213 1 487
1584576062467 1 488
1584576064738 1 489
1584576066998 1 490
1584576069277 1 491
1584576071535 1 492
1584576073763 1 493
1584576076026 1 494
1584576078335 1 495
1584576080643 1 496
1584576082917 1 497
1584576085170 1 498
1584576087440 1 499
1584576090071 1 500
1584576092651 1 501
1584576095035 1 502
1584576097407 1 503
1584576100123 1 504
1584576102397 1 505
1584576104649 1 506
1584576106919 1 507
1584576109211 1 508
1584576111576 1 509
1584576113839 1 510
1584576116299 1 511
1584576118538 1 512
1584576120831 1 513
1584576123098 1 514
1584576125357 1 515
1584576127601 1 516
1584576129886 1 517
1584576132172 1 518
1584576134433 1 519
1584576136700 1 520
1584576138920 1 521
1584576141149 1 522
1584576143428 1 523
1584576145696 1 524
1584576148016 1 525
1584576150281 1 526
1584576152543 1 527
1584576154874 1 528
1584576157142 1 529
1584576159427 1 530
1584576161677 1 531
1584576163929 1 532
1584576166210 1 533
1584576168515 1 534
1584576170799 1 535
1584576173066 1 536
1584576175314 1 537
1584576177589 1 538
1584576179842 1 539
1584576182138 1 540
1584576184398 1 541
1584576186634 1 542
1584576188904 1 543
1584576191175 1 544
1584576193461 1 545
1584576195763 1 546
1584576198048 1 547
1584576200333 1 548
1584576202608 1 549
1584576204855 1 550
1584576207139 1 551
1584576209500 1 552
1584576211926 1 553
1584576214287 1 554
1584576216539 1 555
1584576218794 1 556
1584576221095 1 557
1584576223367 1 558
1584576225644 1 559
1584576228045 1 560
1584576231822 1 561
1584576235770 1 562
1584576239341 1 563
1584576241593 1 564
1584576243928 1 565
1584576246627 1 566
1584576250311 1 567
1584576255059 1 568
1584576257572 1 569
1584576259855 1 570
1584576262143 1 571
1584576264404 1 572
1584576266660 1 573
1584576268969 1 574
1584576271260 1 575
1584576273517 1 576
1584576275821 1 577
1584576278085 1 578
1584576280331 1 579
1584576282577 1 580
1584576284877 1 581
1584576287127 1 582
1584576289396 1 583
1584576291627 1 584
1584576293909 1 585
1584576296206 1 586
1584576298448 1 587
1584576300704 1 588
1584576302972 1 589
1584576305304 1 590
1584576307537 1 591
1584576309939 1 592
1584576312185 1 593
1584576314444 1 594
1584576316705 1 595
1584576318932 1 596
1584576321181 1 597
1584576323436 1 598
1584576325687 1 599
1584576327937 1 600
1584576330296 1 601
1584576332551 1 602
1584576334848 1 603
1584576337119 1 604
1584576339383 1 605
1584576341679 1 606
1584576344002 1 607
1584576346322 1 608
1584576348590 1 609
1584576350996 1 610
1584576353251 1 611
1584576355564 1 612
1584576357814 1 613
1584576360055 1 614
1584576362336 1 615
1584576364560 1 616
1584576366830 1 617
1584576369088 1 618
1584576371381 1 619
1584576373712 1 620
1584576375966 1 621
1584576378227 1 622
1584576380464 1 623
1584576382857 1 624
1584576385253 1 625
1584576387527 1 626
1584576389827 1 627
1584576392086 1 628
1584576394343 1 629
1584576396607 1 630
1584576398858 1 631
1584576401154 1 632
1584576403398 1 633
1584576405766 1 634
1584576408003 1 635
1584576410270 1 636
1584576412512 1 637
1584576414794 1 638
1584576417104 1 639
1584576419348 1 640
1584576421613 1 641
1584576423875 1 642
1584576426138 1 643
1584576428341 1 644
1584576430582 1 645
1584576432856 1 646
1584576435099 1 647
1584576437406 1 648
1584576439693 1 649
1584576441972 1 650
1584576444203 1 651
1584576446465 1 652
1584576448727 1 653
1584576451036 1 654
1584576453324 1 655
1584576455616 1 656
1584576457865 1 657
1584576460144 1 658
1584576462374 1 659
1584576464613 1 660
1584576466909 1 661
1584576469180 1 662
1584576471458 1 663
1584576473802 1 664
1584576476060 1 665
1584576478315 1 666
1584576480561 1 667
1584576482829 1 668
1584576485059 1 669
1584576487315 1 670
1584576489569 1 671
1584576491863 1 672
1584576494112 1 673
1584576496410 1 674
1584576498678 1 675
1584576500920 1 676
1584576503392 1 677
1584576505664 1 678
1584576507908 1 679
1584576510160 1 680
1584576512428 1 681
1584576514719 1 682
1584576516966 1 683
1584576519243 1 684
1584576521497 1 685
1584576523763 1 686
1584576526006 1 687
1584576528303 1 688
1584576530531 1 689
1584576532826 1 690
1584576535104 1 691
1584576537359 1 692
1584576539623 1 693
1584576541898 1 694
1584576544198 1 695
1584576546437 1 696
1584576548696 1 697
1584576550978 1 698
1584576553262 1 699
1584576555500 1 700
1584576557843 1 701
1584576560127 1 702
1584576562409 1 703
1584576564711 1 704
1584576566979 1 705
1584576569257 1 706
1584576571499 1 707
1584576573747 1 708
1584576576013 1 709
1584576578270 1 710
1584576580537 1 711
1584576582805 1 712
1584576585087 1 713
1584576587414 1 714
1584576589709 1 715
1584576591975 1 716
1584576594327 1 717
1584576596579 1 718
1584576598972 1 719
1584576601273 1 720
1584576603508 1 721
1584576605749 1 722
1584576607997 1 723
1584576610306 1 724
1584576612554 1 725
1584576614814 1 726
1584576617037 1 727
1584576619320 1 728
1584576621547 1 729
1584576623780 1 730
1584576626025 1 731
1584576628294 1 732
1584576630599 1 733
1584576632871 1 734
1584576635135 1 735
1584576637421 1 736
1584576639698 1 737
1584576641951 1 738
1584576644191 1 739
1584576646455 1 740
1584576648739 1 741
1584576651011 1 742
1584576653304 1 743
1584576655548 1 744
1584576657784 1 745
1584576660113 1 746
1584576662386 1 747
1584576664623 1 748
1584576666885 1 749
1584576669169 1 750
1584576671423 1 751
1584576673677 1 752
1584576675906 1 753
1584576678203 1 754
1584576680468 1 755
1584576682735 1 756
1584576685002 1 757
1584576687245 1 758
1584576689556 1 759
1584576691819 1 760
1584576694058 1 761
1584576696593 1 762
1584576698862 1 763
1584576701274 1 764
1584576703553 1 765
1584576705861 1 766
1584576708155 1 767
1584576710440 1 768
1584576712725 1 769
1584576714999 1 770
1584576717268 1 771
1584576719546 1 772
1584576721820 1 773
1584576724126 1 774
1584576726473 1 775
1584576728774 1 776
1584576731035 1 777
1584576733327 1 778
1584576735620 1 779
1584576737911 1 780
1584576740165 1 781
1584576742430 1 782
1584576744714 1 783
1584576746993 1 784
1584576749287 1 785
1584576751514 1 786
1584576753784 1 787
1584576756129 1 788
1584576758393 1 789
1584576760702 1 790
1584576762959 1 791
1584576765222 1 792
1584576767487 1 793
1584576769785 1 794
1584576772084 1 795
1584576774324 1 796
1584576776571 1 797
1584576778829 1 798
1584576781134 1 799
1584576783415 1 800
1584576785809 1 801
1584576788085 1 802
1584576790357 1 803
1584576792763 1 804
1584576795037 1 805
1584576797308 1 806
1584576799631 1 807
1584576801907 1 808
1584576804213 1 809
1584576806507 1 810
1584576808860 1 811
1584576811697 1 812
1584576814042 1 813
1584576816389 1 814
1584576818651 1 815
1584576820894 1 816
1584576823260 1 817
1584576825700 1 818
1584576828101 1 819
1584576830374 1 820
1584576832652 1 821
1584576834914 1 822
1584576837204 1 823
1584576839449 1 824
1584576841708 1 825
1584576844003 1 826
1584576846269 1 827
1584576848536 1 828
1584576850806 1 829
1584576853091 1 830
1584576855355 1 831
1584576857622 1 832
1584576859889 1 833
1584576862171 1 834
1584576864443 1 835
1584576866705 1 836
1584576868955 1 837
1584576871269 1 838
1584576873491 1 839
1584576875780 1 840
1584576878030 1 841
1584576880283 1 842
1584576882541 1 843
1584576884770 1 844
1584576887029 1 845
1584576889579 1 846
