1584574939933 1 1
1584574942329 0.4 2
1584574944777 0.16000000000000003 3
1584574947276 0.06400000000000002 4
1584574949637 0.025600000000000008 5
1584574952200 0.010240000000000004 6
1584574954558 0.01 7
1584574957006 0.01 8
1584574959437 0.01 9
1584574961716 0.01 10
1584574963964 0.01 11
1584574966231 0.01 12
1584574968453 0.01 13
1584574970682 0.01 14
1584574972904 0.01 15
1584574975127 0.01 16
1584574977384 0.01 17
1584574979626 0.01 18
1584574981916 0.01 19
1584574984140 0.01 20
1584574986366 0.01 21
1584574988639 0.01 22
1584574990870 0.01 23
1584574993091 0.01 24
1584574995356 0.01 25
1584574997596 0.01 26
1584574999853 0.01 27
1584575002103 0.01 28
1584575004351 0.01 29
1584575006571 0.01 30
1584575008832 0.01 31
1584575011132 0.01 32
1584575013412 0.01 33
1584575015661 0.01 34
1584575017928 0.01 35
1584575020196 0.01 36
1584575022446 0.01 37
1584575024672 0.01 38
1584575026909 0.01 39
1584575029171 0.01 40
1584575031412 0.01 41
1584575033667 0.01 42
1584575035887 0.01 43
1584575038176 0.01 44
1584575040406 0.01 45
1584575042663 0.01 46
1584575044928 0.01 47
1584575047175 0.01 48
1584575049645 0.01 49
1584575051918 0.01 50
1584575054149 0.01 51
1584575056376 0.01 52
1584575058612 0.01 53
1584575060842 0.01 54
1584575063075 0.01 55
1584575065300 0.01 56
1584575067548 0.01 57
1584575069856 0.01 58
1584575072088 0.01 59
1584575074671 0.01 60
1584575076883 0.01 61
1584575079211 0.01 62
1584575081459 0.01 63
1584575083690 0.01 64
1584575085912 0.01 65
1584575088135 0.01 66
1584575090382 0.01 67
1584575092605 0.01 68
1584575094849 0.01 69
1584575097115 0.01 70
1584575099463 0.01 71
1584575101719 0.01 72
1584575103983 0.01 73
1584575106233 0.01 74
1584575108514 0.01 75
1584575110775 0.01 76
1584575113023 0.01 77
1584575115280 0.01 78
1584575117504 0.01 79
1584575119785 0.01 80
1584575122019 0.01 81
1584575124246 0.01 82
1584575126523 0.01 83
1584575128749 0.01 84
1584575131024 0.01 85
1584575133251 0.01 86
1584575135479 0.01 87
1584575137741 0.01 88
1584575140033 0.01 89
1584575142261 0.01 90
1584575144663 0.01 91
1584575147006 0.01 92
1584575149267 0.01 93
1584575151492 0.01 94
1584575153747 0.01 95
1584575155960 0.01 96
1584575158196 0.01 97
1584575160455 0.01 98
1584575162690 0.01 99
1584575164946 0.01 100
1584575167230 0.01 101
1584575169479 0.01 102
1584575171770 0.01 103
1584575174007 0.01 104
1584575176335 0.01 105
1584575178588 0.01 106
1584575180830 0.01 107
1584575183039 0.01 108
1584575185293 0.01 109
1584575187520 0.01 110
1584575189766 0.01 111
1584575192011 0.01 112
1584575194252 0.01 113
1584575196524 0.01 114
1584575198748 0.01 115
1584575201039 0.01 116
1584575203249 0.01 117
1584575205500 0.01 118
1584575207744 0.01 119
1584575210010 0.01 120
1584575212275 0.01 121
1584575214511 0.01 122
1584575216783 0.01 123
1584575219041 0.01 124
1584575221300 0.01 125
1584575223544 0.01 126
1584575225783 0.01 127
1584575228098 0.01 128
1584575230340 0.01 129
1584575232600 0.01 130
1584575234876 0.01 131
1584575237435 0.01 132
1584575239812 0.01 133
1584575242247 0.01 134
1584575244464 0.01 135
1584575246717 0.01 136
1584575248980 0.01 137
1584575251246 0.01 138
1584575253504 0.01 139
1584575255739 0.01 140
1584575258014 0.01 141
1584575260287 0.01 142
1584575262527 0.01 143
1584575264793 0.01 144
1584575267056 0.01 145
1584575269283 0.01 146
1584575271532 0.01 147
1584575273788 0.01 148
1584575276058 0.01 149
1584575278327 0.01 150
1584575280589 0.01 151
1584575282843 0.01 152
1584575285078 0.01 153
1584575287340 0.01 154
1584575289589 0.01 155
1584575291845 0.01 156
1584575294087 0.01 157
1584575296330 0.01 158
1584575298583 0.01 159
1584575300818 0.01 160
1584575303137 0.01 161
1584575305413 0.01 162
1584575307664 0.01 163
1584575309885 0.01 164
1584575312143 0.01 165
1584575314406 0.01 166
1584575316641 0.01 167
1584575318901 0.01 168
1584575321177 0.01 169
1584575323394 0.01 170
1584575325624 0.01 171
1584575327881 0.01 172
1584575330143 0.01 173
1584575332581 0.01 174
1584575334853 0.01 175
1584575337104 0.01 176
1584575339492 0.01 177
1584575341756 0.01 178
1584575344020 0.01 179
1584575346261 0.01 180
1584575348495 0.01 181
1584575350749 0.01 182
1584575352970 0.01 183
1584575355238 0.01 184
1584575357463 0.01 185
1584575359695 0.01 186
1584575361943 0.01 187
1584575364196 0.01 188
1584575366417 0.01 189
1584575368670 0.01 190
1584575370925 0.01 191
1584575373189 0.01 192
1584575375427 0.01 193
1584575377682 0.01 194
1584575379949 0.01 195
1584575382216 0.01 196
1584575384484 0.01 197
1584575386727 0.01 198
1584575388983 0.01 199
1584575391258 0.01 200
1584575393567 0.01 201
1584575395830 0.01 202
1584575398134 0.01 203
1584575400363 0.01 204
1584575402601 0.01 205
1584575404855 0.01 206
1584575407098 0.01 207
1584575409366 0.01 208
1584575411621 0.01 209
1584575413857 0.01 210
1584575416115 0.01 211
1584575418372 0.01 212
1584575420590 0.01 213
1584575422802 0.01 214
1584575425055 0.01 215
1584575427324 0.01 216
1584575429625 0.01 217
1584575431901 0.01 218
1584575434260 0.01 219
1584575436561 0.01 220
1584575438839 0.01 221
1584575441087 0.01 222
1584575443414 0.01 223
1584575445678 0.01 224
1584575447963 0.01 225
1584575450335 0.01 226
1584575452579 0.01 227
1584575454859 0.01 228
1584575457094 0.01 229
1584575459341 0.01 230
1584575461591 0.01 231
1584575463835 0.01 232
1584575466096 0.01 233
1584575468330 0.01 234
1584575470581 0.01 235
1584575472810 0.01 236
1584575475050 0.01 237
1584575477323 0.01 238
1584575479591 0.01 239
1584575481871 0.01 240
1584575484139 0.01 241
1584575486399 0.01 242
1584575488618 0.01 243
1584575490862 0.01 244
1584575493065 0.01 245
1584575495328 0.01 246
1584575497566 0.01 247
1584575499842 0.01 248
1584575502138 0.01 249
1584575504389 0.01 250
1584575506664 0.01 251
1584575508907 0.01 252
1584575511150 0.01 253
1584575513419 0.01 254
1584575515647 0.01 255
1584575517924 0.01 256
1584575520186 0.01 257
1584575522430 0.01 258
1584575524703 0.01 259
1584575526966 0.01 260
1584575529259 0.01 261
1584575531836 0.01 262
1584575534086 0.01 263
1584575536341 0.01 264
1584575538587 0.01 265
1584575540841 0.01 266
1584575543067 0.01 267
1584575545305 0.01 268
1584575547551 0.01 269
1584575549787 0.01 270
1584575552041 0.01 271
1584575554325 0.01 272
1584575556576 0.01 273
1584575558811 0.01 274
1584575561058 0.01 275
1584575563345 0.01 276
1584575565569 0.01 277
1584575567833 0.01 278
1584575570120 0.01 279
1584575572388 0.01 280
1584575574653 0.01 281
1584575576928 0.01 282
1584575579176 0.01 283
1584575581464 0.01 284
1584575583719 0.01 285
1584575585980 0.01 286
1584575588211 0.01 287
1584575590465 0.01 288
1584575592794 0.01 289
1584575595033 0.01 290
1584575597301 0.01 291
1584575599551 0.01 292
1584575601834 0.01 293
1584575604064 0.01 294
1584575606310 0.01 295
1584575608549 0.01 296
1584575610812 0.01 297
1584575613063 0.01 298
1584575615371 0.01 299
1584575617649 0.01 300
1584575620016 0.01 301
1584575622356 0.01 302
1584575624613 0.01 303
1584575627007 0.01 304
1584575629382 0.01 305
1584575631600 0.01 306
1584575633853 0.01 307
1584575636117 0.01 308
1584575638422 0.01 309
1584575640705 0.01 310
1584575642994 0.01 311
1584575645247 0.01 312
1584575647732 0.01 313
1584575650108 0.01 314
1584575652385 0.01 315
1584575654636 0.01 316
1584575656867 0.01 317
1584575659528 0.01 318
1584575662082 0.01 319
1584575664389 0.01 320
1584575666680 0.01 321
1584575669000 0.01 322
1584575671328 0.01 323
1584575673609 0.01 324
1584575675863 0.01 325
1584575678132 0.01 326
1584575680392 0.01 327
1584575682626 0.01 328
1584575684897 0.01 329
1584575687174 0.01 330
1584575689521 0.01 331
1584575691741 0.01 332
1584575694008 0.01 333
1584575696262 0.01 334
1584575698600 0.01 335
1584575700866 0.01 336
1584575703134 0.01 337
1584575705388 0.01 338
1584575707619 0.01 339
1584575709864 0.01 340
1584575712132 0.01 341
1584575714429 0.01 342
1584575716688 0.01 343
1584575718999 0.01 344
1584575721308 0.01 345
1584575723607 0.01 346
1584575726001 0.01 347
1584575728382 0.01 348
1584575730692 0.01 349
1584575732976 0.01 350
1584575735276 0.01 351
1584575737504 0.01 352
1584575739799 0.01 353
1584575742053 0.01 354
1584575744382 0.01 355
1584575746696 0.01 356
1584575748956 0.01 357
1584575751199 0.01 358
1584575753470 0.01 359
1584575755783 0.01 360
1584575758055 0.01 361
1584575760315 0.01 362
1584575762630 0.01 363
1584575764861 0.01 364
1584575767124 0.01 365
1584575769378 0.01 366
1584575771620 0.01 367
1584575773834 0.01 368
1584575776086 0.01 369
1584575778287 0.01 370
1584575780537 0.01 371
1584575782777 0.01 372
1584575785064 0.01 373
1584575787334 0.01 374
1584575789606 0.01 375
1584575791874 0.01 376
1584575794183 0.01 377
1584575796433 0.01 378
1584575798673 0.01 379
1584575800924 0.01 380
1584575803165 0.01 381
1584575805421 0.01 382
1584575807637 0.01 383
1584575809909 0.01 384
1584575812125 0.01 385
1584575814381 0.01 386
1584575816734 0.01 387
1584575819010 0.01 388
1584575821436 0.01 389
1584575823687 0.01 390
1584575825947 0.01 391
1584575828204 0.01 392
1584575830431 0.01 393
1584575832679 0.01 394
1584575834905 0.01 395
1584575837192 0.01 396
1584575839456 0.01 397
1584575841741 0.01 398
1584575844014 0.01 399
1584575846303 0.01 400
1584575848628 0.01 401
1584575850935 0.01 402
1584575853253 0.01 403
1584575855534 0.01 404
1584575857790 0.01 405
1584575860083 0.01 406
1584575862344 0.01 407
1584575864581 0.01 408
1584575866816 0.01 409
1584575869082 0.01 410
1584575871348 0.01 411
1584575873605 0.01 412
1584575875853 0.01 413
1584575878120 0.01 414
1584575880387 0.01 415
1584575882666 0.01 416
1584575884929 0.01 417
1584575887196 0.01 418
1584575889447 0.01 419
1584575891698 0.01 420
1584575893934 0.01 421
1584575896201 0.01 422
1584575898447 0.01 423
1584575900699 0.01 424
1584575902974 0.01 425
1584575905220 0.01 426
1584575907483 0.01 427
1584575909756 0.01 428
1584575912023 0.01 429
1584575914306 0.01 430
1584575916544 0.01 431
1584575918926 0.01 432
1584575921201 0.01 433
1584575923497 0.01 434
1584575925738 0.01 435
1584575927996 0.01 436
1584575930294 0.01 437
1584575932547 0.01 438
1584575934909 0.01 439
1584575937205 0.01 440
1584575939467 0.01 441
1584575941737 0.01 442
1584575944112 0.01 443
1584575946391 0.01 444
1584575948660 0.01 445
1584575950918 0.01 446
1584575953215 0.01 447
1584575958187 0.01 448
1584575963197 0.01 449
1584575966131 0.01 450
1584575968418 0.01 451
1584575970707 0.01 452
1584575972942 0.01 453
1584575975251 0.01 454
1584575977534 0.01 455
1584575981279 0.01 456
1584575986185 0.01 457
1584575988452 0.01 458
1584575990674 0.01 459
1584575992955 0.01 460
1584575995393 0.01 461
1584575997826 0.01 462
1584576000135 0.01 463
1584576002468 0.01 464
1584576004743 0.01 465
1584576007005 0.01 466
1584576009277 0.01 467
1584576011537 0.01 468
1584576013810 0.01 469
1584576016087 0.01 470
1584576018373 0.01 471
1584576020829 0.01 472
1584576023086 0.01 473
1584576025319 0.01 474
1584576027661 0.01 475
1584576032045 0.01 476
1584576036267 0.01 477
1584576038511 0.01 478
1584576040802 0.01 479
1584576043092 0.01 480
1584576045808 0.01 481
1584576048552 0.01 482
1584576050846 0.01 483
1584576053104 0.01 484
1584576055409 0.01 485
1584576057809 0.01 486
1584576060213 0.01 487
1584576062467 0.01 488
1584576064738 0.01 489
1584576066998 0.01 490
1584576069277 0.01 491
1584576071535 0.01 492
1584576073763 0.01 493
1584576076026 0.01 494
1584576078335 0.01 495
1584576080643 0.01 496
1584576082917 0.01 497
1584576085170 0.01 498
1584576087440 0.01 499
1584576090071 0.01 500
1584576092651 0.01 501
1584576095035 0.01 502
1584576097407 0.01 503
1584576100123 0.01 504
1584576102397 0.01 505
1584576104649 0.01 506
1584576106919 0.01 507
1584576109211 0.01 508
1584576111576 0.01 509
1584576113839 0.01 510
1584576116299 0.01 511
1584576118538 0.01 512
1584576120831 0.01 513
1584576123098 0.01 514
1584576125357 0.01 515
1584576127601 0.01 516
1584576129886 0.01 517
1584576132172 0.01 518
1584576134433 0.01 519
1584576136700 0.01 520
1584576138920 0.01 521
1584576141149 0.01 522
1584576143428 0.01 523
1584576145696 0.01 524
1584576148016 0.01 525
1584576150281 0.01 526
1584576152543 0.01 527
1584576154874 0.01 528
1584576157142 0.01 529
1584576159427 0.01 530
1584576161677 0.01 531
1584576163929 0.01 532
1584576166210 0.01 533
1584576168515 0.01 534
1584576170799 0.01 535
1584576173066 0.01 536
1584576175314 0.01 537
1584576177589 0.01 538
1584576179842 0.01 539
1584576182138 0.01 540
1584576184398 0.01 541
1584576186634 0.01 542
1584576188904 0.01 543
1584576191175 0.01 544
1584576193461 0.01 545
1584576195763 0.01 546
1584576198048 0.01 547
1584576200333 0.01 548
1584576202608 0.01 549
1584576204855 0.01 550
1584576207139 0.01 551
1584576209500 0.01 552
1584576211926 0.01 553
1584576214287 0.01 554
1584576216539 0.01 555
1584576218794 0.01 556
1584576221095 0.01 557
1584576223367 0.01 558
1584576225644 0.01 559
1584576228045 0.01 560
1584576231822 0.01 561
1584576235770 0.01 562
1584576239341 0.01 563
1584576241593 0.01 564
1584576243928 0.01 565
1584576246627 0.01 566
1584576250311 0.01 567
1584576255059 0.01 568
1584576257572 0.01 569
1584576259855 0.01 570
1584576262143 0.01 571
1584576264404 0.01 572
1584576266660 0.01 573
1584576268969 0.01 574
1584576271260 0.01 575
1584576273517 0.01 576
1584576275821 0.01 577
1584576278085 0.01 578
1584576280331 0.01 579
1584576282577 0.01 580
1584576284877 0.01 581
1584576287127 0.01 582
1584576289396 0.01 583
1584576291627 0.01 584
1584576293909 0.01 585
1584576296206 0.01 586
1584576298448 0.01 587
1584576300704 0.01 588
1584576302972 0.01 589
1584576305304 0.01 590
1584576307537 0.01 591
1584576309939 0.01 592
1584576312185 0.01 593
1584576314444 0.01 594
1584576316705 0.01 595
1584576318932 0.01 596
1584576321181 0.01 597
1584576323436 0.01 598
1584576325687 0.01 599
1584576327937 0.01 600
1584576330296 0.01 601
1584576332551 0.01 602
1584576334848 0.01 603
1584576337119 0.01 604
1584576339383 0.01 605
1584576341679 0.01 606
1584576344002 0.01 607
1584576346322 0.01 608
1584576348590 0.01 609
1584576350996 0.01 610
1584576353251 0.01 611
1584576355564 0.01 612
1584576357814 0.01 613
1584576360055 0.01 614
1584576362336 0.01 615
1584576364560 0.01 616
1584576366830 0.01 617
1584576369088 0.01 618
1584576371381 0.01 619
1584576373712 0.01 620
1584576375966 0.01 621
1584576378227 0.01 622
1584576380464 0.01 623
1584576382857 0.01 624
1584576385253 0.01 625
1584576387527 0.01 626
1584576389827 0.01 627
1584576392086 0.01 628
1584576394343 0.01 629
1584576396607 0.01 630
1584576398858 0.01 631
1584576401154 0.01 632
1584576403398 0.01 633
1584576405766 0.01 634
1584576408003 0.01 635
1584576410270 0.01 636
1584576412512 0.01 637
1584576414794 0.01 638
1584576417104 0.01 639
1584576419348 0.01 640
1584576421613 0.01 641
1584576423875 0.01 642
1584576426138 0.01 643
1584576428341 0.01 644
1584576430582 0.01 645
1584576432856 0.01 646
1584576435099 0.01 647
1584576437406 0.01 648
1584576439693 0.01 649
1584576441972 0.01 650
1584576444203 0.01 651
1584576446465 0.01 652
1584576448727 0.01 653
1584576451036 0.01 654
1584576453324 0.01 655
1584576455616 0.01 656
1584576457865 0.01 657
1584576460144 0.01 658
1584576462374 0.01 659
1584576464613 0.01 660
1584576466909 0.01 661
1584576469180 0.01 662
1584576471458 0.01 663
1584576473802 0.01 664
1584576476060 0.01 665
1584576478315 0.01 666
1584576480561 0.01 667
1584576482829 0.01 668
1584576485059 0.01 669
1584576487315 0.01 670
1584576489569 0.01 671
1584576491863 0.01 672
1584576494112 0.01 673
1584576496410 0.01 674
1584576498678 0.01 675
1584576500920 0.01 676
1584576503392 0.01 677
1584576505664 0.01 678
1584576507908 0.01 679
1584576510160 0.01 680
1584576512428 0.01 681
1584576514719 0.01 682
1584576516966 0.01 683
1584576519243 0.01 684
1584576521497 0.01 685
1584576523763 0.01 686
1584576526006 0.01 687
1584576528303 0.01 688
1584576530531 0.01 689
1584576532826 0.01 690
1584576535104 0.01 691
1584576537359 0.01 692
1584576539623 0.01 693
1584576541898 0.01 694
1584576544198 0.01 695
1584576546437 0.01 696
1584576548696 0.01 697
1584576550978 0.01 698
1584576553262 0.01 699
1584576555500 0.01 700
1584576557843 0.01 701
1584576560127 0.01 702
1584576562409 0.01 703
1584576564711 0.01 704
1584576566979 0.01 705
1584576569257 0.01 706
1584576571499 0.01 707
1584576573747 0.01 708
1584576576013 0.01 709
1584576578270 0.01 710
1584576580537 0.01 711
1584576582805 0.01 712
1584576585087 0.01 713
1584576587414 0.01 714
1584576589709 0.01 715
1584576591975 0.01 716
1584576594327 0.01 717
1584576596579 0.01 718
1584576598972 0.01 719
1584576601273 0.01 720
1584576603508 0.01 721
1584576605749 0.01 722
1584576607997 0.01 723
1584576610306 0.01 724
1584576612554 0.01 725
1584576614814 0.01 726
1584576617037 0.01 727
1584576619320 0.01 728
1584576621547 0.01 729
1584576623780 0.01 730
1584576626025 0.01 731
1584576628294 0.01 732
1584576630599 0.01 733
1584576632871 0.01 734
1584576635135 0.01 735
1584576637421 0.01 736
1584576639698 0.01 737
1584576641951 0.01 738
1584576644191 0.01 739
1584576646455 0.01 740
1584576648739 0.01 741
1584576651011 0.01 742
1584576653304 0.01 743
1584576655548 0.01 744
1584576657784 0.01 745
1584576660113 0.01 746
1584576662386 0.01 747
1584576664623 0.01 748
1584576666885 0.01 749
1584576669169 0.01 750
1584576671423 0.01 751
1584576673677 0.01 752
1584576675906 0.01 753
1584576678203 0.01 754
1584576680468 0.01 755
1584576682735 0.01 756
1584576685002 0.01 757
1584576687245 0.01 758
1584576689556 0.01 759
1584576691819 0.01 760
1584576694058 0.01 761
1584576696593 0.01 762
1584576698862 0.01 763
1584576701274 0.01 764
1584576703553 0.01 765
1584576705861 0.01 766
1584576708155 0.01 767
1584576710440 0.01 768
1584576712725 0.01 769
1584576714999 0.01 770
1584576717268 0.01 771
1584576719546 0.01 772
1584576721820 0.01 773
1584576724126 0.01 774
1584576726473 0.01 775
1584576728774 0.01 776
1584576731035 0.01 777
1584576733327 0.01 778
1584576735620 0.01 779
1584576737911 0.01 780
1584576740165 0.01 781
1584576742430 0.01 782
1584576744714 0.01 783
1584576746993 0.01 784
1584576749287 0.01 785
1584576751514 0.01 786
1584576753784 0.01 787
1584576756129 0.01 788
1584576758393 0.01 789
1584576760702 0.01 790
1584576762959 0.01 791
1584576765222 0.01 792
1584576767487 0.01 793
1584576769785 0.01 794
1584576772084 0.01 795
1584576774324 0.01 796
1584576776571 0.01 797
1584576778829 0.01 798
1584576781134 0.01 799
1584576783415 0.01 800
1584576785809 0.01 801
1584576788085 0.01 802
1584576790357 0.01 803
1584576792763 0.01 804
1584576795037 0.01 805
1584576797308 0.01 806
1584576799631 0.01 807
1584576801907 0.01 808
1584576804213 0.01 809
1584576806507 0.01 810
1584576808860 0.01 811
1584576811697 0.01 812
1584576814042 0.01 813
1584576816389 0.01 814
1584576818651 0.01 815
1584576820894 0.01 816
1584576823260 0.01 817
1584576825700 0.01 818
1584576828101 0.01 819
1584576830374 0.01 820
1584576832652 0.01 821
1584576834914 0.01 822
1584576837204 0.01 823
1584576839449 0.01 824
1584576841708 0.01 825
1584576844003 0.01 826
1584576846269 0.01 827
1584576848536 0.01 828
1584576850806 0.01 829
1584576853091 0.01 830
1584576855355 0.01 831
1584576857622 0.01 832
1584576859889 0.01 833
1584576862171 0.01 834
1584576864443 0.01 835
1584576866705 0.01 836
1584576868955 0.01 837
1584576871269 0.01 838
1584576873491 0.01 839
1584576875780 0.01 840
1584576878030 0.01 841
1584576880283 0.01 842
1584576882541 0.01 843
1584576884770 0.01 844
1584576887029 0.01 845
1584576889579 0.01 846
