1584574939933 300 1
1584574942329 300 2
1584574944777 300 3
1584574947276 300 4
1584574949637 300 5
1584574952200 300 6
1584574954558 300 7
1584574957006 300 8
1584574959437 300 9
1584574961716 300 10
1584574963964 300 11
1584574966231 300 12
1584574968453 300 13
1584574970682 300 14
1584574972904 300 15
1584574975127 300 16
1584574977384 300 17
1584574979626 300 18
1584574981916 300 19
1584574984140 300 20
1584574986366 300 21
1584574988639 300 22
1584574990870 300 23
1584574993091 300 24
1584574995356 300 25
1584574997596 300 26
1584574999853 300 27
1584575002103 300 28
1584575004351 300 29
1584575006571 300 30
1584575008832 300 31
1584575011132 300 32
1584575013412 300 33
1584575015661 300 34
1584575017928 300 35
1584575020196 300 36
1584575022446 300 37
1584575024672 300 38
1584575026909 300 39
1584575029171 300 40
1584575031412 300 41
1584575033667 300 42
1584575035887 300 43
1584575038176 300 44
1584575040406 300 45
1584575042663 300 46
1584575044928 300 47
1584575047175 300 48
1584575049645 300 49
1584575051918 300 50
1584575054149 300 51
1584575056376 300 52
1584575058612 300 53
1584575060842 300 54
1584575063075 300 55
1584575065300 300 56
1584575067548 300 57
1584575069856 300 58
1584575072088 300 59
1584575074671 300 60
1584575076883 300 61
1584575079211 300 62
1584575081459 300 63
1584575083690 300 64
1584575085912 300 65
1584575088135 300 66
1584575090382 300 67
1584575092605 300 68
1584575094849 300 69
1584575097115 300 70
1584575099463 300 71
1584575101719 300 72
1584575103983 300 73
1584575106233 300 74
1584575108514 300 75
1584575110775 300 76
1584575113023 300 77
1584575115280 300 78
1584575117504 300 79
1584575119785 300 80
1584575122019 300 81
1584575124246 300 82
1584575126523 300 83
1584575128749 300 84
1584575131024 300 85
1584575133251 300 86
1584575135479 300 87
1584575137741 300 88
1584575140033 300 89
1584575142261 300 90
1584575144663 300 91
1584575147006 300 92
1584575149267 300 93
1584575151492 300 94
1584575153747 300 95
1584575155960 300 96
1584575158196 300 97
1584575160455 300 98
1584575162690 300 99
1584575164946 300 100
1584575167230 300 101
1584575169479 300 102
1584575171770 300 103
1584575174007 300 104
1584575176335 300 105
1584575178588 300 106
1584575180830 300 107
1584575183039 300 108
1584575185293 300 109
1584575187520 300 110
1584575189766 300 111
1584575192011 300 112
1584575194252 300 113
1584575196524 300 114
1584575198748 300 115
1584575201039 300 116
1584575203249 300 117
1584575205500 300 118
1584575207744 300 119
1584575210010 300 120
1584575212275 300 121
1584575214511 300 122
1584575216783 300 123
1584575219041 300 124
1584575221300 300 125
1584575223544 300 126
1584575225783 300 127
1584575228098 300 128
1584575230340 300 129
1584575232600 300 130
1584575234876 300 131
1584575237435 300 132
1584575239812 300 133
1584575242247 300 134
1584575244464 300 135
1584575246717 300 136
1584575248980 300 137
1584575251246 300 138
1584575253504 300 139
1584575255739 300 140
1584575258014 300 141
1584575260287 300 142
1584575262527 300 143
1584575264793 300 144
1584575267056 300 145
1584575269283 300 146
1584575271532 300 147
1584575273788 300 148
1584575276058 300 149
1584575278327 300 150
1584575280589 300 151
1584575282843 300 152
1584575285078 300 153
1584575287340 300 154
1584575289589 300 155
1584575291845 300 156
1584575294087 300 157
1584575296330 300 158
1584575298583 300 159
1584575300818 300 160
1584575303137 300 161
1584575305413 300 162
1584575307664 300 163
1584575309885 300 164
1584575312143 300 165
1584575314406 300 166
1584575316641 300 167
1584575318901 300 168
1584575321177 300 169
1584575323394 300 170
1584575325624 300 171
1584575327881 300 172
1584575330143 300 173
1584575332581 300 174
1584575334853 300 175
1584575337104 300 176
1584575339492 300 177
1584575341756 300 178
1584575344020 300 179
1584575346261 300 180
1584575348495 300 181
1584575350749 300 182
1584575352970 300 183
1584575355238 300 184
1584575357463 300 185
1584575359695 300 186
1584575361943 300 187
1584575364196 300 188
1584575366417 300 189
1584575368670 300 190
1584575370925 300 191
1584575373189 300 192
1584575375427 300 193
1584575377682 300 194
1584575379949 300 195
1584575382216 300 196
1584575384484 300 197
1584575386727 300 198
1584575388983 300 199
1584575391258 300 200
1584575393567 300 201
1584575395830 300 202
1584575398134 300 203
1584575400363 300 204
1584575402601 300 205
1584575404855 300 206
1584575407098 300 207
1584575409366 300 208
1584575411621 300 209
1584575413857 300 210
1584575416115 300 211
1584575418372 300 212
1584575420590 300 213
1584575422802 300 214
1584575425055 300 215
1584575427324 300 216
1584575429625 300 217
1584575431901 300 218
1584575434260 300 219
1584575436561 300 220
1584575438839 300 221
1584575441087 300 222
1584575443414 300 223
1584575445678 300 224
1584575447963 300 225
1584575450335 300 226
1584575452579 300 227
1584575454859 300 228
1584575457094 300 229
1584575459341 300 230
1584575461591 300 231
1584575463835 300 232
1584575466096 300 233
1584575468330 300 234
1584575470581 300 235
1584575472810 300 236
1584575475050 300 237
1584575477323 300 238
1584575479591 300 239
1584575481871 300 240
1584575484139 300 241
1584575486399 300 242
1584575488618 300 243
1584575490862 300 244
1584575493065 300 245
1584575495328 300 246
1584575497566 300 247
1584575499842 300 248
1584575502138 300 249
1584575504389 300 250
1584575506664 300 251
1584575508907 300 252
1584575511150 300 253
1584575513419 300 254
1584575515647 300 255
1584575517924 300 256
1584575520186 300 257
1584575522430 300 258
1584575524703 300 259
1584575526966 300 260
1584575529259 300 261
1584575531836 300 262
1584575534086 300 263
1584575536341 300 264
1584575538587 300 265
1584575540841 300 266
1584575543067 300 267
1584575545305 300 268
1584575547551 300 269
1584575549787 300 270
1584575552041 300 271
1584575554325 300 272
1584575556576 300 273
1584575558811 300 274
1584575561058 300 275
1584575563345 300 276
1584575565569 300 277
1584575567833 300 278
1584575570120 300 279
1584575572388 300 280
1584575574653 300 281
1584575576928 300 282
1584575579176 300 283
1584575581464 300 284
1584575583719 300 285
1584575585980 300 286
1584575588211 300 287
1584575590465 300 288
1584575592794 300 289
1584575595033 300 290
1584575597301 300 291
1584575599551 300 292
1584575601834 300 293
1584575604064 300 294
1584575606310 300 295
1584575608549 300 296
1584575610812 300 297
1584575613063 300 298
1584575615371 300 299
1584575617649 300 300
1584575620016 300 301
1584575622356 300 302
1584575624613 300 303
1584575627007 300 304
1584575629382 300 305
1584575631600 300 306
1584575633853 300 307
1584575636117 300 308
1584575638422 300 309
1584575640705 300 310
1584575642994 300 311
1584575645247 300 312
1584575647732 300 313
1584575650108 300 314
1584575652385 300 315
1584575654636 300 316
1584575656867 300 317
1584575659528 300 318
1584575662082 300 319
1584575664389 300 320
1584575666680 300 321
1584575669000 300 322
1584575671328 300 323
1584575673609 300 324
1584575675863 300 325
1584575678132 300 326
1584575680392 300 327
1584575682626 300 328
1584575684897 300 329
1584575687174 300 330
1584575689521 300 331
1584575691741 300 332
1584575694008 300 333
1584575696262 300 334
1584575698600 300 335
1584575700866 300 336
1584575703134 300 337
1584575705388 300 338
1584575707619 300 339
1584575709864 300 340
1584575712132 300 341
1584575714429 300 342
1584575716688 300 343
1584575718999 300 344
1584575721308 300 345
1584575723607 300 346
1584575726001 300 347
1584575728382 300 348
1584575730692 300 349
1584575732976 300 350
1584575735276 300 351
1584575737504 300 352
1584575739799 300 353
1584575742053 300 354
1584575744382 300 355
1584575746696 300 356
1584575748956 300 357
1584575751199 300 358
1584575753470 300 359
1584575755783 300 360
1584575758055 300 361
1584575760315 300 362
1584575762630 300 363
1584575764861 300 364
1584575767124 300 365
1584575769378 300 366
1584575771620 300 367
1584575773834 300 368
1584575776086 300 369
1584575778287 300 370
1584575780537 300 371
1584575782777 300 372
1584575785064 300 373
1584575787334 300 374
1584575789606 300 375
1584575791874 300 376
1584575794183 300 377
1584575796433 300 378
1584575798673 300 379
1584575800924 300 380
1584575803165 300 381
1584575805421 300 382
1584575807637 300 383
1584575809909 300 384
1584575812125 300 385
1584575814381 300 386
1584575816734 300 387
1584575819010 300 388
1584575821436 300 389
1584575823687 300 390
1584575825947 300 391
1584575828204 300 392
1584575830431 300 393
1584575832679 300 394
1584575834905 300 395
1584575837192 300 396
1584575839456 300 397
1584575841741 300 398
1584575844014 300 399
1584575846303 300 400
1584575848628 300 401
1584575850935 300 402
1584575853253 300 403
1584575855534 300 404
1584575857790 300 405
1584575860083 300 406
1584575862344 300 407
1584575864581 300 408
1584575866816 300 409
1584575869082 300 410
1584575871348 300 411
1584575873605 300 412
1584575875853 300 413
1584575878120 300 414
1584575880387 300 415
1584575882666 300 416
1584575884929 300 417
1584575887196 300 418
1584575889447 300 419
1584575891698 300 420
1584575893934 300 421
1584575896201 300 422
1584575898447 300 423
1584575900699 300 424
1584575902974 300 425
1584575905220 300 426
1584575907483 300 427
1584575909756 300 428
1584575912023 300 429
1584575914306 300 430
1584575916544 300 431
1584575918926 300 432
1584575921201 300 433
1584575923497 300 434
1584575925738 300 435
1584575927996 300 436
1584575930294 300 437
1584575932547 300 438
1584575934909 300 439
1584575937205 300 440
1584575939467 300 441
1584575941737 300 442
1584575944112 300 443
1584575946391 300 444
1584575948660 300 445
1584575950918 300 446
1584575953215 300 447
1584575958187 300 448
1584575963197 300 449
1584575966131 300 450
1584575968418 300 451
1584575970707 300 452
1584575972942 300 453
1584575975251 300 454
1584575977534 300 455
1584575981279 300 456
1584575986185 300 457
1584575988452 300 458
1584575990674 300 459
1584575992955 300 460
1584575995393 300 461
1584575997826 300 462
1584576000135 300 463
1584576002468 300 464
1584576004743 300 465
1584576007005 300 466
1584576009277 300 467
1584576011537 300 468
1584576013810 300 469
1584576016087 300 470
1584576018373 300 471
1584576020829 300 472
1584576023086 300 473
1584576025319 300 474
1584576027661 300 475
1584576032045 300 476
1584576036267 300 477
1584576038511 300 478
1584576040802 300 479
1584576043092 300 480
1584576045808 300 481
1584576048552 300 482
1584576050846 300 483
1584576053104 300 484
1584576055409 300 485
1584576057809 300 486
1584576060213 300 487
1584576062467 300 488
1584576064738 300 489
1584576066998 300 490
1584576069277 300 491
1584576071535 300 492
1584576073763 300 493
1584576076026 300 494
1584576078335 300 495
1584576080643 300 496
1584576082917 300 497
1584576085170 300 498
1584576087440 300 499
1584576090071 300 500
1584576092651 300 501
1584576095035 300 502
1584576097407 300 503
1584576100123 300 504
1584576102397 300 505
1584576104649 300 506
1584576106919 300 507
1584576109211 300 508
1584576111576 300 509
1584576113839 300 510
1584576116299 300 511
1584576118538 300 512
1584576120831 300 513
1584576123098 300 514
1584576125357 300 515
1584576127601 300 516
1584576129886 300 517
1584576132172 300 518
1584576134433 300 519
1584576136700 300 520
1584576138920 300 521
1584576141149 300 522
1584576143428 300 523
1584576145696 300 524
1584576148016 300 525
1584576150281 300 526
1584576152543 300 527
1584576154874 300 528
1584576157142 300 529
1584576159427 300 530
1584576161677 300 531
1584576163929 300 532
1584576166210 300 533
1584576168515 300 534
1584576170799 300 535
1584576173066 300 536
1584576175314 300 537
1584576177589 300 538
1584576179842 300 539
1584576182138 300 540
1584576184398 300 541
1584576186634 300 542
1584576188904 300 543
1584576191175 300 544
1584576193461 300 545
1584576195763 300 546
1584576198048 300 547
1584576200333 300 548
1584576202608 300 549
1584576204855 300 550
1584576207139 300 551
1584576209500 300 552
1584576211926 300 553
1584576214287 300 554
1584576216539 300 555
1584576218794 300 556
1584576221095 300 557
1584576223367 300 558
1584576225644 300 559
1584576228045 300 560
1584576231822 300 561
1584576235770 300 562
1584576239341 300 563
1584576241593 300 564
1584576243928 300 565
1584576246627 300 566
1584576250311 300 567
1584576255059 300 568
1584576257572 300 569
1584576259855 300 570
1584576262143 300 571
1584576264404 300 572
1584576266660 300 573
1584576268969 300 574
1584576271260 300 575
1584576273517 300 576
1584576275821 300 577
1584576278085 300 578
1584576280331 300 579
1584576282577 300 580
1584576284877 300 581
1584576287127 300 582
1584576289396 300 583
1584576291627 300 584
1584576293909 300 585
1584576296206 300 586
1584576298448 300 587
1584576300704 300 588
1584576302972 300 589
1584576305304 300 590
1584576307537 300 591
1584576309939 300 592
1584576312185 300 593
1584576314444 300 594
1584576316705 300 595
1584576318932 300 596
1584576321181 300 597
1584576323436 300 598
1584576325687 300 599
1584576327937 300 600
1584576330296 300 601
1584576332551 300 602
1584576334848 300 603
1584576337119 300 604
1584576339383 300 605
1584576341679 300 606
1584576344002 300 607
1584576346322 300 608
1584576348590 300 609
1584576350996 300 610
1584576353251 300 611
1584576355564 300 612
1584576357814 300 613
1584576360055 300 614
1584576362336 300 615
1584576364560 300 616
1584576366830 300 617
1584576369088 300 618
1584576371381 300 619
1584576373712 300 620
1584576375966 300 621
1584576378227 300 622
1584576380464 300 623
1584576382857 300 624
1584576385253 300 625
1584576387527 300 626
1584576389827 300 627
1584576392086 300 628
1584576394343 300 629
1584576396607 300 630
1584576398858 300 631
1584576401154 300 632
1584576403398 300 633
1584576405766 300 634
1584576408003 300 635
1584576410270 300 636
1584576412512 300 637
1584576414794 300 638
1584576417104 300 639
1584576419348 300 640
1584576421613 300 641
1584576423875 300 642
1584576426138 300 643
1584576428341 300 644
1584576430582 300 645
1584576432856 300 646
1584576435099 300 647
1584576437406 300 648
1584576439693 300 649
1584576441972 300 650
1584576444203 300 651
1584576446465 300 652
1584576448727 300 653
1584576451036 300 654
1584576453324 300 655
1584576455616 300 656
1584576457865 300 657
1584576460144 300 658
1584576462374 300 659
1584576464613 300 660
1584576466909 300 661
1584576469180 300 662
1584576471458 300 663
1584576473802 300 664
1584576476060 300 665
1584576478315 300 666
1584576480561 300 667
1584576482829 300 668
1584576485059 300 669
1584576487315 300 670
1584576489569 300 671
1584576491863 300 672
1584576494112 300 673
1584576496410 300 674
1584576498678 300 675
1584576500920 300 676
1584576503392 300 677
1584576505664 300 678
1584576507908 300 679
1584576510160 300 680
1584576512428 300 681
1584576514719 300 682
1584576516966 300 683
1584576519243 300 684
1584576521497 300 685
1584576523763 300 686
1584576526006 300 687
1584576528303 300 688
1584576530531 300 689
1584576532826 300 690
1584576535104 300 691
1584576537359 300 692
1584576539623 300 693
1584576541898 300 694
1584576544198 300 695
1584576546437 300 696
1584576548696 300 697
1584576550978 300 698
1584576553262 300 699
1584576555500 300 700
1584576557843 300 701
1584576560127 300 702
1584576562409 300 703
1584576564711 300 704
1584576566979 300 705
1584576569257 300 706
1584576571499 300 707
1584576573747 300 708
1584576576013 300 709
1584576578270 300 710
1584576580537 300 711
1584576582805 300 712
1584576585087 300 713
1584576587414 300 714
1584576589709 300 715
1584576591975 300 716
1584576594327 300 717
1584576596579 300 718
1584576598972 300 719
1584576601273 300 720
1584576603508 300 721
1584576605749 300 722
1584576607997 300 723
1584576610306 300 724
1584576612554 300 725
1584576614814 300 726
1584576617037 300 727
1584576619320 300 728
1584576621547 300 729
1584576623780 300 730
1584576626025 300 731
1584576628294 300 732
1584576630599 300 733
1584576632871 300 734
1584576635135 300 735
1584576637421 300 736
1584576639698 300 737
1584576641951 300 738
1584576644191 300 739
1584576646455 300 740
1584576648739 300 741
1584576651011 300 742
1584576653304 300 743
1584576655548 300 744
1584576657784 300 745
1584576660113 300 746
1584576662386 300 747
1584576664623 300 748
1584576666885 300 749
1584576669169 300 750
1584576671423 300 751
1584576673677 300 752
1584576675906 300 753
1584576678203 300 754
1584576680468 300 755
1584576682735 300 756
1584576685002 300 757
1584576687245 300 758
1584576689556 300 759
1584576691819 300 760
1584576694058 300 761
1584576696593 300 762
1584576698862 300 763
1584576701274 300 764
1584576703553 300 765
1584576705861 300 766
1584576708155 300 767
1584576710440 300 768
1584576712725 300 769
1584576714999 300 770
1584576717268 300 771
1584576719546 300 772
1584576721820 300 773
1584576724126 300 774
1584576726473 300 775
1584576728774 300 776
1584576731035 300 777
1584576733327 300 778
1584576735620 300 779
1584576737911 300 780
1584576740165 300 781
1584576742430 300 782
1584576744714 300 783
1584576746993 300 784
1584576749287 300 785
1584576751514 300 786
1584576753784 300 787
1584576756129 300 788
1584576758393 300 789
1584576760702 300 790
1584576762959 300 791
1584576765222 300 792
1584576767487 300 793
1584576769785 300 794
1584576772084 300 795
1584576774324 300 796
1584576776571 300 797
1584576778829 300 798
1584576781134 300 799
1584576783415 300 800
1584576785809 300 801
1584576788085 300 802
1584576790357 300 803
1584576792763 300 804
1584576795037 300 805
1584576797308 300 806
1584576799631 300 807
1584576801907 300 808
1584576804213 300 809
1584576806507 300 810
1584576808860 300 811
1584576811697 300 812
1584576814042 300 813
1584576816389 300 814
1584576818651 300 815
1584576820894 300 816
1584576823260 300 817
1584576825700 300 818
1584576828101 300 819
1584576830374 300 820
1584576832652 300 821
1584576834914 300 822
1584576837204 300 823
1584576839449 300 824
1584576841708 300 825
1584576844003 300 826
1584576846269 300 827
1584576848536 300 828
1584576850806 300 829
1584576853091 300 830
1584576855355 300 831
1584576857622 300 832
1584576859889 300 833
1584576862171 300 834
1584576864443 300 835
1584576866705 300 836
1584576868955 300 837
1584576871269 300 838
1584576873491 300 839
1584576875780 300 840
1584576878030 300 841
1584576880283 300 842
1584576882541 300 843
1584576884770 300 844
1584576887029 300 845
1584576889579 300 846
