1584574939933 -1.0 1
1584574942329 0.0 2
1584574944777 3.0 3
1584574947276 5.0 4
1584574949637 0.0 5
1584574952200 -1.0 6
1584574954558 -3.0 7
1584574957006 5.0 8
1584574959437 1.0 9
1584574961716 0.0 10
1584574963964 3.0 11
1584574966231 1.0 12
1584574968453 0.0 13
1584574970682 0.0 14
1584574972904 3.0 15
1584574975127 1.0 16
1584574977384 -1.0 17
1584574979626 0.0 18
1584574981916 1.0 19
1584574984140 0.0 20
1584574986366 -4.0 21
1584574988639 -1.0 22
1584574990870 2.0 23
1584574993091 1.0 24
1584574995356 1.0 25
1584574997596 -1.0 26
1584574999853 1.0 27
1584575002103 -3.0 28
1584575004351 2.0 29
1584575006571 -3.0 30
1584575008832 0.0 31
1584575011132 1.0 32
1584575013412 0.0 33
1584575015661 0.0 34
1584575017928 3.0 35
1584575020196 1.0 36
1584575022446 -1.0 37
1584575024672 1.0 38
1584575026909 -1.0 39
1584575029171 -2.0 40
1584575031412 0.0 41
1584575033667 1.0 42
1584575035887 2.0 43
1584575038176 -1.0 44
1584575040406 0.0 45
1584575042663 1.0 46
1584575044928 0.0 47
1584575047175 2.0 48
1584575049645 1.0 49
1584575051918 1.0 50
1584575054149 0.0 51
1584575056376 -3.0 52
1584575058612 1.0 53
1584575060842 -1.0 54
1584575063075 0.0 55
1584575065300 1.0 56
1584575067548 0.0 57
1584575069856 5.0 58
1584575072088 1.0 59
1584575074671 1.0 60
1584575076883 1.0 61
1584575079211 2.0 62
1584575081459 0.0 63
1584575083690 4.0 64
1584575085912 0.0 65
1584575088135 1.0 66
1584575090382 2.0 67
1584575092605 1.0 68
1584575094849 -1.0 69
1584575097115 0.0 70
1584575099463 0.0 71
1584575101719 5.0 72
1584575103983 0.0 73
1584575106233 5.0 74
1584575108514 1.0 75
1584575110775 1.0 76
1584575113023 3.0 77
1584575115280 3.0 78
1584575117504 0.0 79
1584575119785 8.0 80
1584575122019 1.0 81
1584575124246 1.0 82
1584575126523 0.0 83
1584575128749 2.0 84
1584575131024 3.0 85
1584575133251 3.0 86
1584575135479 0.0 87
1584575137741 9.0 88
1584575140033 3.0 89
1584575142261 0.0 90
1584575144663 2.0 91
1584575147006 3.0 92
1584575149267 2.0 93
1584575151492 4.0 94
1584575153747 8.0 95
1584575155960 5.0 96
1584575158196 3.0 97
1584575160455 0.0 98
1584575162690 1.0 99
1584575164946 -1.0 100
1584575167230 0.0 101
1584575169479 1.0 102
1584575171770 2.0 103
1584575174007 3.0 104
1584575176335 3.0 105
1584575178588 0.0 106
1584575180830 3.0 107
1584575183039 4.0 108
1584575185293 10.0 109
1584575187520 3.0 110
1584575189766 1.0 111
1584575192011 6.0 112
1584575194252 4.0 113
1584575196524 4.0 114
1584575198748 12.0 115
1584575201039 0.0 116
1584575203249 6.0 117
1584575205500 1.0 118
1584575207744 5.0 119
1584575210010 3.0 120
1584575212275 3.0 121
1584575214511 4.0 122
1584575216783 7.0 123
1584575219041 8.0 124
1584575221300 7.0 125
1584575223544 6.0 126
1584575225783 1.0 127
1584575228098 3.0 128
1584575230340 2.0 129
1584575232600 5.0 130
1584575234876 1.0 131
1584575237435 3.0 132
1584575239812 2.0 133
1584575242247 8.0 134
1584575244464 7.0 135
1584575246717 3.0 136
1584575248980 4.0 137
1584575251246 3.0 138
1584575253504 1.0 139
1584575255739 4.0 140
1584575258014 3.0 141
1584575260287 5.0 142
1584575262527 10.0 143
1584575264793 5.0 144
1584575267056 8.0 145
1584575269283 0.0 146
1584575271532 6.0 147
1584575273788 7.0 148
1584575276058 6.0 149
1584575278327 8.0 150
1584575280589 3.0 151
1584575282843 4.0 152
1584575285078 6.0 153
1584575287340 10.0 154
1584575289589 1.0 155
1584575291845 3.0 156
1584575294087 5.0 157
1584575296330 3.0 158
1584575298583 6.0 159
1584575300818 8.0 160
1584575303137 7.0 161
1584575305413 3.0 162
1584575307664 7.0 163
1584575309885 12.0 164
1584575312143 2.0 165
1584575314406 4.0 166
1584575316641 2.0 167
1584575318901 7.0 168
1584575321177 2.0 169
1584575323394 14.0 170
1584575325624 7.0 171
1584575327881 3.0 172
1584575330143 10.0 173
1584575332581 4.0 174
1584575334853 4.0 175
1584575337104 9.0 176
1584575339492 3.0 177
1584575341756 8.0 178
1584575344020 8.0 179
1584575346261 5.0 180
1584575348495 5.0 181
1584575350749 14.0 182
1584575352970 7.0 183
1584575355238 16.0 184
1584575357463 11.0 185
1584575359695 4.0 186
1584575361943 8.0 187
1584575364196 7.0 188
1584575366417 6.0 189
1584575368670 10.0 190
1584575370925 7.0 191
1584575373189 9.0 192
1584575375427 11.0 193
1584575377682 9.0 194
1584575379949 5.0 195
1584575382216 12.0 196
1584575384484 12.0 197
1584575386727 12.0 198
1584575388983 5.0 199
1584575391258 2.0 200
1584575393567 11.0 201
1584575395830 14.0 202
1584575398134 10.0 203
1584575400363 11.0 204
1584575402601 13.0 205
1584575404855 5.0 206
1584575407098 14.0 207
1584575409366 9.0 208
1584575411621 7.0 209
1584575413857 14.0 210
1584575416115 7.0 211
1584575418372 10.0 212
1584575420590 17.0 213
1584575422802 14.0 214
1584575425055 7.0 215
1584575427324 16.0 216
1584575429625 7.0 217
1584575431901 13.0 218
1584575434260 2.0 219
1584575436561 17.0 220
1584575438839 6.0 221
1584575441087 5.0 222
1584575443414 6.0 223
1584575445678 1.0 224
1584575447963 15.0 225
1584575450335 9.0 226
1584575452579 15.0 227
1584575454859 10.0 228
1584575457094 12.0 229
1584575459341 9.0 230
1584575461591 10.0 231
1584575463835 8.0 232
1584575466096 4.0 233
1584575468330 13.0 234
1584575470581 10.0 235
1584575472810 5.0 236
1584575475050 17.0 237
1584575477323 6.0 238
1584575479591 10.0 239
1584575481871 11.0 240
1584575484139 5.0 241
1584575486399 7.0 242
1584575488618 10.0 243
1584575490862 12.0 244
1584575493065 8.0 245
1584575495328 2.0 246
1584575497566 12.0 247
1584575499842 8.0 248
1584575502138 8.0 249
1584575504389 11.0 250
1584575506664 9.0 251
1584575508907 9.0 252
1584575511150 9.0 253
1584575513419 5.0 254
1584575515647 12.0 255
1584575517924 2.0 256
1584575520186 17.0 257
1584575522430 14.0 258
1584575524703 8.0 259
1584575526966 12.0 260
1584575529259 6.0 261
1584575531836 7.0 262
1584575534086 9.0 263
1584575536341 14.0 264
1584575538587 19.0 265
1584575540841 19.0 266
1584575543067 9.0 267
1584575545305 6.0 268
1584575547551 9.0 269
1584575549787 22.0 270
1584575552041 13.0 271
1584575554325 15.0 272
1584575556576 11.0 273
1584575558811 17.0 274
1584575561058 15.0 275
1584575563345 10.0 276
1584575565569 5.0 277
1584575567833 7.0 278
1584575570120 12.0 279
1584575572388 10.0 280
1584575574653 7.0 281
1584575576928 7.0 282
1584575579176 10.0 283
1584575581464 6.0 284
1584575583719 -1.0 285
1584575585980 3.0 286
1584575588211 2.0 287
1584575590465 6.0 288
1584575592794 4.0 289
1584575595033 5.0 290
1584575597301 13.0 291
1584575599551 9.0 292
1584575601834 7.0 293
1584575604064 4.0 294
1584575606310 7.0 295
1584575608549 11.0 296
1584575610812 8.0 297
1584575613063 4.0 298
1584575615371 12.0 299
1584575617649 7.0 300
1584575620016 11.0 301
1584575622356 11.0 302
1584575624613 17.0 303
1584575627007 6.0 304
1584575629382 10.0 305
1584575631600 9.0 306
1584575633853 8.0 307
1584575636117 8.0 308
1584575638422 8.0 309
1584575640705 10.0 310
1584575642994 9.0 311
1584575645247 8.0 312
1584575647732 10.0 313
1584575650108 7.0 314
1584575652385 4.0 315
1584575654636 2.0 316
1584575656867 9.0 317
1584575659528 9.0 318
1584575662082 4.0 319
1584575664389 14.0 320
1584575666680 5.0 321
1584575669000 12.0 322
1584575671328 10.0 323
1584575673609 10.0 324
1584575675863 10.0 325
1584575678132 11.0 326
1584575680392 3.0 327
1584575682626 6.0 328
1584575684897 15.0 329
1584575687174 10.0 330
1584575689521 3.0 331
1584575691741 11.0 332
1584575694008 14.0 333
1584575696262 7.0 334
1584575698600 6.0 335
1584575700866 8.0 336
1584575703134 22.0 337
1584575705388 11.0 338
1584575707619 17.0 339
1584575709864 3.0 340
1584575712132 6.0 341
1584575714429 0.0 342
1584575716688 15.0 343
1584575718999 7.0 344
1584575721308 18.0 345
1584575723607 13.0 346
1584575726001 15.0 347
1584575728382 2.0 348
1584575730692 12.0 349
1584575732976 0.0 350
1584575735276 4.0 351
1584575737504 13.0 352
1584575739799 14.0 353
1584575742053 14.0 354
1584575744382 19.0 355
1584575746696 9.0 356
1584575748956 14.0 357
1584575751199 15.0 358
1584575753470 9.0 359
1584575755783 12.0 360
1584575758055 18.0 361
1584575760315 15.0 362
1584575762630 14.0 363
1584575764861 6.0 364
1584575767124 17.0 365
1584575769378 14.0 366
1584575771620 14.0 367
1584575773834 15.0 368
1584575776086 15.0 369
1584575778287 6.0 370
1584575780537 13.0 371
1584575782777 5.0 372
1584575785064 15.0 373
1584575787334 12.0 374
1584575789606 9.0 375
1584575791874 6.0 376
1584575794183 13.0 377
1584575796433 6.0 378
1584575798673 19.0 379
1584575800924 8.0 380
1584575803165 16.0 381
1584575805421 5.0 382
1584575807637 13.0 383
1584575809909 17.0 384
1584575812125 8.0 385
1584575814381 10.0 386
1584575816734 10.0 387
1584575819010 11.0 388
1584575821436 13.0 389
1584575823687 18.0 390
1584575825947 9.0 391
1584575828204 20.0 392
1584575830431 17.0 393
1584575832679 18.0 394
1584575834905 21.0 395
1584575837192 17.0 396
1584575839456 11.0 397
1584575841741 7.0 398
1584575844014 17.0 399
1584575846303 11.0 400
1584575848628 16.0 401
1584575850935 16.0 402
1584575853253 15.0 403
1584575855534 13.0 404
1584575857790 11.0 405
1584575860083 16.0 406
1584575862344 12.0 407
1584575864581 12.0 408
1584575866816 6.0 409
1584575869082 16.0 410
1584575871348 11.0 411
1584575873605 19.0 412
1584575875853 10.0 413
1584575878120 20.0 414
1584575880387 18.0 415
1584575882666 10.0 416
1584575884929 10.0 417
1584575887196 15.0 418
1584575889447 8.0 419
1584575891698 12.0 420
1584575893934 6.0 421
1584575896201 9.0 422
1584575898447 17.0 423
1584575900699 17.0 424
1584575902974 17.0 425
1584575905220 20.0 426
1584575907483 15.0 427
1584575909756 19.0 428
1584575912023 12.0 429
1584575914306 16.0 430
1584575916544 13.0 431
1584575918926 13.0 432
1584575921201 19.0 433
1584575923497 14.0 434
1584575925738 15.0 435
1584575927996 8.0 436
1584575930294 21.0 437
1584575932547 9.0 438
1584575934909 6.0 439
1584575937205 17.0 440
1584575939467 11.0 441
1584575941737 14.0 442
1584575944112 13.0 443
1584575946391 17.0 444
1584575948660 11.0 445
1584575950918 15.0 446
1584575953215 25.0 447
1584575958187 11.0 448
1584575963197 16.0 449
1584575966131 10.0 450
1584575968418 14.0 451
1584575970707 18.0 452
1584575972942 9.0 453
1584575975251 14.0 454
1584575977534 14.0 455
1584575981279 9.0 456
1584575986185 21.0 457
1584575988452 18.0 458
1584575990674 13.0 459
1584575992955 9.0 460
1584575995393 16.0 461
1584575997826 15.0 462
1584576000135 11.0 463
1584576002468 14.0 464
1584576004743 12.0 465
1584576007005 17.0 466
1584576009277 10.0 467
1584576011537 12.0 468
1584576013810 21.0 469
1584576016087 16.0 470
1584576018373 19.0 471
1584576020829 17.0 472
1584576023086 13.0 473
1584576025319 15.0 474
1584576027661 1.0 475
1584576032045 18.0 476
1584576036267 18.0 477
1584576038511 14.0 478
1584576040802 16.0 479
1584576043092 14.0 480
1584576045808 8.0 481
1584576048552 10.0 482
1584576050846 14.0 483
1584576053104 15.0 484
1584576055409 20.0 485
1584576057809 18.0 486
1584576060213 22.0 487
1584576062467 16.0 488
1584576064738 16.0 489
1584576066998 1.0 490
1584576069277 16.0 491
1584576071535 11.0 492
1584576073763 17.0 493
1584576076026 12.0 494
1584576078335 14.0 495
1584576080643 12.0 496
1584576082917 18.0 497
1584576085170 19.0 498
1584576087440 14.0 499
1584576090071 20.0 500
1584576092651 10.0 501
1584576095035 11.0 502
1584576097407 16.0 503
1584576100123 18.0 504
1584576102397 10.0 505
1584576104649 20.0 506
1584576106919 11.0 507
1584576109211 18.0 508
1584576111576 14.0 509
1584576113839 15.0 510
1584576116299 16.0 511
1584576118538 14.0 512
1584576120831 20.0 513
1584576123098 18.0 514
1584576125357 21.0 515
1584576127601 13.0 516
1584576129886 17.0 517
1584576132172 14.0 518
1584576134433 15.0 519
1584576136700 15.0 520
1584576138920 11.0 521
1584576141149 22.0 522
1584576143428 19.0 523
1584576145696 12.0 524
1584576148016 10.0 525
1584576150281 15.0 526
1584576152543 20.0 527
1584576154874 15.0 528
1584576157142 22.0 529
1584576159427 18.0 530
1584576161677 17.0 531
1584576163929 17.0 532
1584576166210 17.0 533
1584576168515 9.0 534
1584576170799 8.0 535
1584576173066 16.0 536
1584576175314 23.0 537
1584576177589 5.0 538
1584576179842 10.0 539
1584576182138 11.0 540
1584576184398 14.0 541
1584576186634 17.0 542
1584576188904 15.0 543
1584576191175 19.0 544
1584576193461 8.0 545
1584576195763 17.0 546
1584576198048 17.0 547
1584576200333 17.0 548
1584576202608 16.0 549
1584576204855 13.0 550
1584576207139 16.0 551
1584576209500 12.0 552
1584576211926 14.0 553
1584576214287 15.0 554
1584576216539 12.0 555
1584576218794 19.0 556
1584576221095 18.0 557
1584576223367 8.0 558
1584576225644 7.0 559
1584576228045 16.0 560
1584576231822 17.0 561
1584576235770 12.0 562
1584576239341 17.0 563
1584576241593 11.0 564
1584576243928 20.0 565
1584576246627 16.0 566
1584576250311 21.0 567
1584576255059 14.0 568
1584576257572 16.0 569
1584576259855 24.0 570
1584576262143 18.0 571
1584576264404 23.0 572
1584576266660 16.0 573
1584576268969 19.0 574
1584576271260 18.0 575
1584576273517 15.0 576
1584576275821 17.0 577
1584576278085 19.0 578
1584576280331 15.0 579
1584576282577 12.0 580
1584576284877 11.0 581
1584576287127 12.0 582
1584576289396 13.0 583
1584576291627 18.0 584
1584576293909 17.0 585
1584576296206 16.0 586
1584576298448 22.0 587
1584576300704 21.0 588
1584576302972 9.0 589
1584576305304 15.0 590
1584576307537 17.0 591
1584576309939 19.0 592
1584576312185 14.0 593
1584576314444 14.0 594
1584576316705 19.0 595
1584576318932 9.0 596
1584576321181 14.0 597
1584576323436 17.0 598
1584576325687 17.0 599
1584576327937 20.0 600
1584576330296 12.0 601
1584576332551 16.0 602
1584576334848 17.0 603
1584576337119 21.0 604
1584576339383 19.0 605
1584576341679 19.0 606
1584576344002 19.0 607
1584576346322 19.0 608
1584576348590 13.0 609
1584576350996 17.0 610
1584576353251 18.0 611
1584576355564 15.0 612
1584576357814 18.0 613
1584576360055 19.0 614
1584576362336 13.0 615
1584576364560 12.0 616
1584576366830 17.0 617
1584576369088 3.0 618
1584576371381 11.0 619
1584576373712 18.0 620
1584576375966 16.0 621
1584576378227 17.0 622
1584576380464 18.0 623
1584576382857 16.0 624
1584576385253 18.0 625
1584576387527 21.0 626
1584576389827 11.0 627
1584576392086 15.0 628
1584576394343 16.0 629
1584576396607 19.0 630
1584576398858 21.0 631
1584576401154 18.0 632
1584576403398 15.0 633
1584576405766 11.0 634
1584576408003 16.0 635
1584576410270 16.0 636
1584576412512 14.0 637
1584576414794 10.0 638
1584576417104 18.0 639
1584576419348 16.0 640
1584576421613 19.0 641
1584576423875 18.0 642
1584576426138 15.0 643
1584576428341 19.0 644
1584576430582 15.0 645
1584576432856 12.0 646
1584576435099 16.0 647
1584576437406 6.0 648
1584576439693 16.0 649
1584576441972 20.0 650
1584576444203 16.0 651
1584576446465 8.0 652
1584576448727 20.0 653
1584576451036 16.0 654
1584576453324 13.0 655
1584576455616 15.0 656
1584576457865 18.0 657
1584576460144 20.0 658
1584576462374 14.0 659
1584576464613 20.0 660
1584576466909 18.0 661
1584576469180 8.0 662
1584576471458 15.0 663
1584576473802 15.0 664
1584576476060 17.0 665
1584576478315 21.0 666
1584576480561 14.0 667
1584576482829 17.0 668
1584576485059 3.0 669
1584576487315 20.0 670
1584576489569 19.0 671
1584576491863 18.0 672
1584576494112 12.0 673
1584576496410 20.0 674
1584576498678 18.0 675
1584576500920 15.0 676
1584576503392 21.0 677
1584576505664 21.0 678
1584576507908 19.0 679
1584576510160 18.0 680
1584576512428 15.0 681
1584576514719 19.0 682
1584576516966 17.0 683
1584576519243 18.0 684
1584576521497 21.0 685
1584576523763 17.0 686
1584576526006 23.0 687
1584576528303 20.0 688
1584576530531 13.0 689
1584576532826 14.0 690
1584576535104 15.0 691
1584576537359 17.0 692
1584576539623 17.0 693
1584576541898 21.0 694
1584576544198 19.0 695
1584576546437 18.0 696
1584576548696 17.0 697
1584576550978 13.0 698
1584576553262 17.0 699
1584576555500 10.0 700
1584576557843 19.0 701
1584576560127 18.0 702
1584576562409 16.0 703
1584576564711 11.0 704
1584576566979 19.0 705
1584576569257 16.0 706
1584576571499 16.0 707
1584576573747 14.0 708
1584576576013 20.0 709
1584576578270 15.0 710
1584576580537 17.0 711
1584576582805 16.0 712
1584576585087 19.0 713
1584576587414 17.0 714
1584576589709 16.0 715
1584576591975 18.0 716
1584576594327 15.0 717
1584576596579 15.0 718
1584576598972 13.0 719
1584576601273 20.0 720
1584576603508 20.0 721
1584576605749 18.0 722
1584576607997 20.0 723
1584576610306 11.0 724
1584576612554 14.0 725
1584576614814 14.0 726
1584576617037 15.0 727
1584576619320 20.0 728
1584576621547 15.0 729
1584576623780 13.0 730
1584576626025 17.0 731
1584576628294 10.0 732
1584576630599 21.0 733
1584576632871 21.0 734
1584576635135 17.0 735
1584576637421 16.0 736
1584576639698 17.0 737
1584576641951 15.0 738
1584576644191 17.0 739
1584576646455 15.0 740
1584576648739 18.0 741
1584576651011 15.0 742
1584576653304 22.0 743
1584576655548 14.0 744
1584576657784 17.0 745
1584576660113 25.0 746
1584576662386 18.0 747
1584576664623 17.0 748
1584576666885 20.0 749
1584576669169 18.0 750
1584576671423 16.0 751
1584576673677 14.0 752
1584576675906 16.0 753
1584576678203 15.0 754
1584576680468 15.0 755
1584576682735 17.0 756
1584576685002 16.0 757
1584576687245 10.0 758
1584576689556 17.0 759
1584576691819 20.0 760
1584576694058 10.0 761
1584576696593 13.0 762
1584576698862 14.0 763
1584576701274 10.0 764
1584576703553 21.0 765
1584576705861 13.0 766
1584576708155 18.0 767
1584576710440 15.0 768
1584576712725 16.0 769
1584576714999 16.0 770
1584576717268 19.0 771
1584576719546 20.0 772
1584576721820 10.0 773
1584576724126 16.0 774
1584576726473 21.0 775
1584576728774 16.0 776
1584576731035 12.0 777
1584576733327 23.0 778
1584576735620 16.0 779
1584576737911 15.0 780
1584576740165 13.0 781
1584576742430 18.0 782
1584576744714 24.0 783
1584576746993 16.0 784
1584576749287 14.0 785
1584576751514 18.0 786
1584576753784 23.0 787
1584576756129 16.0 788
1584576758393 15.0 789
1584576760702 16.0 790
1584576762959 11.0 791
1584576765222 22.0 792
1584576767487 12.0 793
1584576769785 19.0 794
1584576772084 19.0 795
1584576774324 16.0 796
1584576776571 21.0 797
1584576778829 14.0 798
1584576781134 16.0 799
1584576783415 15.0 800
1584576785809 17.0 801
1584576788085 15.0 802
1584576790357 14.0 803
1584576792763 14.0 804
1584576795037 19.0 805
1584576797308 18.0 806
1584576799631 9.0 807
1584576801907 20.0 808
1584576804213 16.0 809
1584576806507 17.0 810
1584576808860 15.0 811
1584576811697 18.0 812
1584576814042 15.0 813
1584576816389 19.0 814
1584576818651 20.0 815
1584576820894 20.0 816
1584576823260 18.0 817
1584576825700 14.0 818
1584576828101 17.0 819
1584576830374 21.0 820
1584576832652 17.0 821
1584576834914 18.0 822
1584576837204 17.0 823
1584576839449 23.0 824
1584576841708 14.0 825
1584576844003 19.0 826
1584576846269 20.0 827
1584576848536 18.0 828
1584576850806 15.0 829
1584576853091 12.0 830
1584576855355 15.0 831
1584576857622 14.0 832
1584576859889 15.0 833
1584576862171 15.0 834
1584576864443 19.0 835
1584576866705 22.0 836
1584576868955 7.0 837
1584576871269 6.0 838
1584576873491 20.0 839
1584576875780 19.0 840
1584576878030 17.0 841
1584576880283 22.0 842
1584576882541 14.0 843
1584576884770 20.0 844
1584576887029 14.0 845
1584576889579 6.0 846
