1584604127962 1 1
1584604130219 1 2
1584604132490 1 3
1584604134709 1 4
1584604136989 1 5
1584604139186 1 6
1584604141703 1 7
1584604143939 1 8
1584604146146 1 9
1584604148468 1 10
1584604150740 1 11
1584604152994 1 12
1584604155253 1 13
1584604157471 1 14
1584604159738 1 15
1584604161938 1 16
1584604164157 1 17
1584604166376 1 18
1584604168577 1 19
1584604170752 1 20
1584604172978 1 21
1584604175128 1 22
1584604177292 1 23
1584604179468 1 24
1584604181690 1 25
1584604183848 1 26
1584604186027 1 27
1584604188223 1 28
1584604190390 1 29
1584604192557 1 30
1584604194737 1 31
1584604196925 1 32
1584604199068 1 33
1584604201255 1 34
1584604203498 1 35
1584604205978 1 36
1584604208128 1 37
1584604210291 1 38
1584604212503 1 39
1584604214734 1 40
1584604216897 1 41
1584604219062 1 42
1584604221209 1 43
1584604223351 1 44
1584604225533 1 45
1584604227703 1 46
1584604229882 1 47
1584604232116 1 48
1584604234287 1 49
1584604236435 1 50
1584604238789 1 51
1584604240950 1 52
1584604243129 1 53
1584604245310 1 54
1584604247510 1 55
1584604249719 1 56
1584604251929 1 57
1584604254104 1 58
1584604256273 1 59
1584604258447 1 60
1584604260626 1 61
1584604262804 1 62
1584604264995 1 63
1584604267168 1 64
1584604269431 1 65
1584604271582 1 66
1584604273766 1 67
1584604275967 1 68
1584604278314 1 69
1584604280542 1 70
1584604282709 1 71
1584604284867 1 72
1584604287079 1 73
1584604289392 1 74
1584604291619 1 75
1584604293879 1 76
1584604296088 1 77
1584604298311 1 78
1584604300525 1 79
1584604302712 1 80
1584604304895 1 81
1584604307144 1 82
1584604309362 1 83
1584604311544 1 84
1584604313787 1 85
1584604315958 1 86
1584604318124 1 87
1584604320314 1 88
1584604322481 1 89
1584604324701 1 90
1584604326883 1 91
1584604329144 1 92
1584604331344 1 93
1584604333565 1 94
1584604335947 1 95
1584604338149 1 96
1584604340330 1 97
1584604342539 1 98
1584604344778 1 99
1584604346955 1 100
1584604349188 1 101
1584604351389 1 102
1584604353608 1 103
1584604355820 1 104
1584604358005 1 105
1584604360203 1 106
1584604362407 1 107
1584604364643 1 108
1584604366911 1 109
1584604369525 1 110
1584604374353 1 111
1584604377470 1 112
1584604381219 1 113
1584604385326 1 114
1584604387917 1 115
1584604391113 1 116
1584604393799 1 117
1584604396827 1 118
1584604401085 1 119
1584604403443 1 120
1584604406268 1 121
1584604408968 1 122
1584604412615 1 123
1584604417153 1 124
1584604422503 1 125
1584604426424 1 126
1584604429855 1 127
1584604432709 1 128
1584604435082 1 129
1584604437396 1 130
1584604439771 1 131
1584604445009 1 132
1584604450500 1 133
1584604453750 1 134
1584604456067 1 135
1584604458304 1 136
1584604460578 1 137
1584604462919 1 138
1584604465228 1 139
1584604467478 1 140
1584604469732 1 141
1584604471999 1 142
1584604474268 1 143
1584604476508 1 144
1584604478981 1 145
1584604481347 1 146
1584604484168 1 147
1584604486702 1 148
1584604491119 1 149
1584604495102 1 150
1584604498557 1 151
1584604502717 1 152
1584604505966 1 153
1584604510610 1 154
1584604514065 1 155
1584604516299 1 156
1584604518534 1 157
1584604520766 1 158
1584604523760 1 159
1584604526325 1 160
1584604528729 1 161
1584604531025 1 162
1584604533193 1 163
1584604536258 1 164
1584604538457 1 165
1584604540664 1 166
1584604542879 1 167
1584604545119 1 168
1584604547372 1 169
1584604549582 1 170
1584604551795 1 171
1584604554456 1 172
1584604556714 1 173
1584604559005 1 174
1584604561222 1 175
1584604563449 1 176
1584604565688 1 177
1584604567947 1 178
1584604570538 1 179
1584604573682 1 180
1584604577529 1 181
1584604581160 1 182
1584604584937 1 183
1584604587495 1 184
1584604589922 1 185
1584604592252 1 186
1584604595028 1 187
1584604597594 1 188
1584604600018 1 189
1584604602748 1 190
1584604606047 1 191
1584604609501 1 192
1584604612411 1 193
1584604614881 1 194
1584604620069 1 195
1584604627357 1 196
1584604632808 1 197
1584604635777 1 198
1584604638024 1 199
1584604640287 1 200
1584604642644 1 201
1584604645078 1 202
1584604647301 1 203
1584604649597 1 204
1584604651878 1 205
1584604654132 1 206
1584604656404 1 207
1584604658722 1 208
1584604661029 1 209
1584604663275 1 210
1584604665542 1 211
1584604667805 1 212
1584604670033 1 213
1584604672265 1 214
1584604674498 1 215
1584604676709 1 216
1584604679176 1 217
1584604681491 1 218
1584604683758 1 219
1584604685986 1 220
1584604688311 1 221
1584604690598 1 222
1584604692874 1 223
1584604695111 1 224
1584604697343 1 225
1584604699575 1 226
1584604701830 1 227
1584604704089 1 228
1584604706364 1 229
1584604708640 1 230
1584604710963 1 231
1584604713223 1 232
1584604715455 1 233
1584604717781 1 234
1584604720199 1 235
1584604722531 1 236
1584604724954 1 237
1584604727257 1 238
1584604729525 1 239
1584604731781 1 240
1584604734045 1 241
1584604736330 1 242
1584604738601 1 243
1584604740913 1 244
1584604743188 1 245
1584604745479 1 246
1584604747751 1 247
1584604750028 1 248
1584604752287 1 249
1584604754652 1 250
1584604757188 1 251
1584604760359 1 252
1584604762674 1 253
1584604764963 1 254
1584604767185 1 255
1584604769462 1 256
1584604771797 1 257
1584604774042 1 258
1584604776374 1 259
1584604778666 1 260
1584604781007 1 261
1584604783280 1 262
1584604785644 1 263
1584604787917 1 264
1584604790193 1 265
1584604792435 1 266
1584604794680 1 267
1584604796954 1 268
1584604799239 1 269
1584604801709 1 270
1584604804018 1 271
1584604806419 1 272
1584604808738 1 273
1584604811084 1 274
1584604813392 1 275
1584604815822 1 276
1584604818105 1 277
1584604820564 1 278
1584604822874 1 279
1584604825121 1 280
1584604827402 1 281
1584604829713 1 282
1584604832206 1 283
1584604834476 1 284
1584604836750 1 285
1584604839002 1 286
1584604841293 1 287
1584604843553 1 288
1584604845819 1 289
1584604848117 1 290
1584604850465 1 291
1584604852722 1 292
1584604854971 1 293
1584604857274 1 294
1584604859534 1 295
1584604861981 1 296
1584604864261 1 297
1584604866564 1 298
1584604868827 1 299
1584604871103 1 300
1584604873460 1 301
1584604875798 1 302
1584604878162 1 303
1584604881082 1 304
1584604883376 1 305
1584604885657 1 306
1584604887905 1 307
1584604890283 1 308
1584604892570 1 309
1584604894854 1 310
1584604897106 1 311
1584604899354 1 312
1584604901652 1 313
1584604903935 1 314
1584604906256 1 315
1584604908529 1 316
1584604910876 1 317
1584604913119 1 318
1584604915384 1 319
1584604918027 1 320
1584604920412 1 321
1584604922716 1 322
1584604924983 1 323
1584604927205 1 324
1584604929466 1 325
1584604931726 1 326
1584604934059 1 327
1584604936338 1 328
1584604938613 1 329
1584604940892 1 330
1584604943189 1 331
1584604945612 1 332
1584604947954 1 333
1584604950250 1 334
1584604952550 1 335
1584604955113 1 336
1584604957691 1 337
1584604960031 1 338
1584604962335 1 339
1584604964672 1 340
1584604966995 1 341
1584604969368 1 342
1584604971703 1 343
1584604974025 1 344
1584604976289 1 345
1584604978675 1 346
1584604980987 1 347
1584604983368 1 348
1584604985743 1 349
1584604987988 1 350
1584604990316 1 351
1584604992636 1 352
1584604994995 1 353
1584604997436 1 354
1584604999794 1 355
1584605002139 1 356
1584605004443 1 357
1584605006761 1 358
1584605009123 1 359
1584605011432 1 360
1584605013967 1 361
1584605016261 1 362
1584605018530 1 363
1584605020873 1 364
1584605023160 1 365
1584605025461 1 366
1584605027790 1 367
1584605030114 1 368
1584605032369 1 369
1584605034662 1 370
1584605036938 1 371
1584605039243 1 372
1584605041569 1 373
1584605043931 1 374
1584605046208 1 375
1584605048507 1 376
1584605050892 1 377
1584605053189 1 378
1584605055504 1 379
1584605057799 1 380
1584605060146 1 381
1584605062484 1 382
1584605064858 1 383
1584605067173 1 384
1584605069705 1 385
1584605072063 1 386
1584605074421 1 387
1584605076725 1 388
1584605079040 1 389
1584605081345 1 390
1584605083647 1 391
1584605085986 1 392
1584605088297 1 393
1584605090598 1 394
1584605092895 1 395
1584605095233 1 396
1584605097521 1 397
1584605099844 1 398
1584605102169 1 399
1584605104507 1 400
1584605106960 1 401
1584605109316 1 402
1584605111958 1 403
1584605114255 1 404
1584605116571 1 405
1584605118862 1 406
1584605121239 1 407
1584605123552 1 408
1584605125881 1 409
1584605128207 1 410
1584605130525 1 411
1584605132817 1 412
1584605135114 1 413
1584605137436 1 414
1584605139735 1 415
1584605142141 1 416
1584605144420 1 417
1584605146741 1 418
1584605149233 1 419
1584605151505 1 420
1584605153818 1 421
1584605156113 1 422
1584605158392 1 423
1584605160709 1 424
1584605163056 1 425
1584605165385 1 426
1584605167684 1 427
1584605169987 1 428
1584605172356 1 429
1584605174631 1 430
1584605176923 1 431
1584605179203 1 432
1584605181589 1 433
1584605183960 1 434
1584605186265 1 435
1584605188638 1 436
1584605191103 1 437
1584605193377 1 438
1584605195725 1 439
1584605198158 1 440
1584605201403 1 441
1584605204474 1 442
1584605209955 1 443
1584605215897 1 444
1584605220999 1 445
1584605224246 1 446
1584605228078 1 447
1584605233523 1 448
1584605237907 1 449
1584605241505 1 450
1584605245458 1 451
1584605248408 1 452
1584605252010 1 453
1584605255735 1 454
1584605258803 1 455
1584605261935 1 456
1584605264398 1 457
1584605268697 1 458
1584605272383 1 459
1584605275356 1 460
1584605278384 1 461
1584605281442 1 462
1584605284582 1 463
1584605287465 1 464
1584605289831 1 465
1584605292307 1 466
1584605295232 1 467
1584605298217 1 468
1584605300534 1 469
1584605304090 1 470
1584605307260 1 471
1584605310096 1 472
1584605313285 1 473
1584605316393 1 474
1584605318774 1 475
1584605321183 1 476
1584605324065 1 477
1584605326626 1 478
1584605330025 1 479
1584605333044 1 480
1584605335291 1 481
1584605337642 1 482
1584605340152 1 483
1584605342867 1 484
1584605345260 1 485
1584605347739 1 486
1584605350262 1 487
1584605352928 1 488
1584605355694 1 489
1584605358024 1 490
1584605360939 1 491
1584605363177 1 492
1584605365547 1 493
1584605368024 1 494
1584605370827 1 495
1584605373188 1 496
1584605375470 1 497
1584605377819 1 498
1584605380051 1 499
1584605382292 1 500
1584605384708 1 501
1584605387333 1 502
1584605389708 1 503
1584605391981 1 504
1584605394762 1 505
1584605397923 1 506
1584605400533 1 507
1584605404573 1 508
1584605407927 1 509
1584605410544 1 510
1584605414238 1 511
1584605417070 1 512
1584605419700 1 513
1584605422351 1 514
1584605425002 1 515
1584605428076 1 516
1584605431588 1 517
1584605434471 1 518
1584605437081 1 519
1584605439450 1 520
1584605442006 1 521
1584605444960 1 522
1584605447514 1 523
1584605449763 1 524
1584605452009 1 525
1584605454381 1 526
1584605456795 1 527
1584605459024 1 528
1584605462608 1 529
1584605465344 1 530
1584605467580 1 531
1584605469789 1 532
1584605472516 1 533
1584605474884 1 534
1584605477993 1 535
1584605481506 1 536
1584605484590 1 537
1584605487242 1 538
1584605489921 1 539
1584605492686 1 540
1584605495230 1 541
1584605497419 1 542
1584605499838 1 543
1584605502209 1 544
1584605505115 1 545
