1584604127962 0.0 1
1584604130219 1.0 2
1584604132490 1.0 3
1584604134709 0.0 4
1584604136989 -3.0 5
1584604139186 1.0 6
1584604141703 0.0 7
1584604143939 1.0 8
1584604146146 0.0 9
1584604148468 0.0 10
1584604150740 0.0 11
1584604152994 0.0 12
1584604155253 0.0 13
1584604157471 3.0 14
1584604159738 0.0 15
1584604161938 1.0 16
1584604164157 0.0 17
1584604166376 1.0 18
1584604168577 1.0 19
1584604170752 -1.0 20
1584604172978 4.0 21
1584604175128 2.0 22
1584604177292 2.0 23
1584604179468 -1.0 24
1584604181690 0.0 25
1584604183848 0.0 26
1584604186027 4.0 27
1584604188223 1.0 28
1584604190390 0.0 29
1584604192557 4.0 30
1584604194737 0.0 31
1584604196925 2.0 32
1584604199068 2.0 33
1584604201255 0.0 34
1584604203498 0.0 35
1584604205978 -1.0 36
1584604208128 1.0 37
1584604210291 1.0 38
1584604212503 3.0 39
1584604214734 1.0 40
1584604216897 0.0 41
1584604219062 0.0 42
1584604221209 4.0 43
1584604223351 1.0 44
1584604225533 3.0 45
1584604227703 2.0 46
1584604229882 4.0 47
1584604232116 0.0 48
1584604234287 1.0 49
1584604236435 5.0 50
1584604238789 2.0 51
1584604240950 0.0 52
1584604243129 1.0 53
1584604245310 4.0 54
1584604247510 1.0 55
1584604249719 3.0 56
1584604251929 4.0 57
1584604254104 1.0 58
1584604256273 3.0 59
1584604258447 -1.0 60
1584604260626 6.0 61
1584604262804 0.0 62
1584604264995 1.0 63
1584604267168 2.0 64
1584604269431 1.0 65
1584604271582 4.0 66
1584604273766 6.0 67
1584604275967 2.0 68
1584604278314 4.0 69
1584604280542 2.0 70
1584604282709 5.0 71
1584604284867 1.0 72
1584604287079 6.0 73
1584604289392 0.0 74
1584604291619 0.0 75
1584604293879 7.0 76
1584604296088 6.0 77
1584604298311 11.0 78
1584604300525 3.0 79
1584604302712 0.0 80
1584604304895 0.0 81
1584604307144 1.0 82
1584604309362 2.0 83
1584604311544 6.0 84
1584604313787 4.0 85
1584604315958 10.0 86
1584604318124 11.0 87
1584604320314 1.0 88
1584604322481 4.0 89
1584604324701 6.0 90
1584604326883 6.0 91
1584604329144 14.0 92
1584604331344 9.0 93
1584604333565 2.0 94
1584604335947 0.0 95
1584604338149 10.0 96
1584604340330 4.0 97
1584604342539 7.0 98
1584604344778 6.0 99
1584604346955 1.0 100
1584604349188 9.0 101
1584604351389 4.0 102
1584604353608 10.0 103
1584604355820 7.0 104
1584604358005 11.0 105
1584604360203 6.0 106
1584604362407 8.0 107
1584604364643 11.0 108
1584604366911 11.0 109
1584604369525 11.0 110
1584604374353 6.0 111
1584604377470 7.0 112
1584604381219 5.0 113
1584604385326 3.0 114
1584604387917 7.0 115
1584604391113 7.0 116
1584604393799 13.0 117
1584604396827 3.0 118
1584604401085 7.0 119
1584604403443 15.0 120
1584604406268 8.0 121
1584604408968 8.0 122
1584604412615 1.0 123
1584604417153 10.0 124
1584604422503 0.0 125
1584604426424 12.0 126
1584604429855 10.0 127
1584604432709 12.0 128
1584604435082 4.0 129
1584604437396 10.0 130
1584604439771 8.0 131
1584604445009 9.0 132
1584604450500 4.0 133
1584604453750 6.0 134
1584604456067 12.0 135
1584604458304 3.0 136
1584604460578 7.0 137
1584604462919 9.0 138
1584604465228 7.0 139
1584604467478 7.0 140
1584604469732 10.0 141
1584604471999 8.0 142
1584604474268 10.0 143
1584604476508 11.0 144
1584604478981 6.0 145
1584604481347 13.0 146
1584604484168 11.0 147
1584604486702 16.0 148
1584604491119 11.0 149
1584604495102 9.0 150
1584604498557 5.0 151
1584604502717 9.0 152
1584604505966 13.0 153
1584604510610 9.0 154
1584604514065 10.0 155
1584604516299 4.0 156
1584604518534 10.0 157
1584604520766 8.0 158
1584604523760 9.0 159
1584604526325 14.0 160
1584604528729 14.0 161
1584604531025 11.0 162
1584604533193 12.0 163
1584604536258 14.0 164
1584604538457 6.0 165
1584604540664 13.0 166
1584604542879 15.0 167
1584604545119 9.0 168
1584604547372 3.0 169
1584604549582 12.0 170
1584604551795 16.0 171
1584604554456 8.0 172
1584604556714 11.0 173
1584604559005 9.0 174
1584604561222 18.0 175
1584604563449 6.0 176
1584604565688 6.0 177
1584604567947 13.0 178
1584604570538 8.0 179
1584604573682 11.0 180
1584604577529 12.0 181
1584604581160 11.0 182
1584604584937 6.0 183
1584604587495 13.0 184
1584604589922 3.0 185
1584604592252 10.0 186
1584604595028 2.0 187
1584604597594 15.0 188
1584604600018 5.0 189
1584604602748 12.0 190
1584604606047 10.0 191
1584604609501 1.0 192
1584604612411 17.0 193
1584604614881 9.0 194
1584604620069 8.0 195
1584604627357 14.0 196
1584604632808 11.0 197
1584604635777 8.0 198
1584604638024 6.0 199
1584604640287 8.0 200
1584604642644 4.0 201
1584604645078 16.0 202
1584604647301 16.0 203
1584604649597 11.0 204
1584604651878 9.0 205
1584604654132 6.0 206
1584604656404 0.0 207
1584604658722 10.0 208
1584604661029 1.0 209
1584604663275 8.0 210
1584604665542 9.0 211
1584604667805 10.0 212
1584604670033 9.0 213
1584604672265 12.0 214
1584604674498 15.0 215
1584604676709 6.0 216
1584604679176 12.0 217
1584604681491 5.0 218
1584604683758 3.0 219
1584604685986 6.0 220
1584604688311 8.0 221
1584604690598 12.0 222
1584604692874 9.0 223
1584604695111 6.0 224
1584604697343 6.0 225
1584604699575 18.0 226
1584604701830 14.0 227
1584604704089 11.0 228
1584604706364 16.0 229
1584604708640 16.0 230
1584604710963 19.0 231
1584604713223 5.0 232
1584604715455 5.0 233
1584604717781 16.0 234
1584604720199 14.0 235
1584604722531 12.0 236
1584604724954 9.0 237
1584604727257 11.0 238
1584604729525 14.0 239
1584604731781 11.0 240
1584604734045 10.0 241
1584604736330 20.0 242
1584604738601 15.0 243
1584604740913 5.0 244
1584604743188 14.0 245
1584604745479 15.0 246
1584604747751 16.0 247
1584604750028 11.0 248
1584604752287 14.0 249
1584604754652 12.0 250
1584604757188 10.0 251
1584604760359 12.0 252
1584604762674 14.0 253
1584604764963 22.0 254
1584604767185 8.0 255
1584604769462 11.0 256
1584604771797 13.0 257
1584604774042 16.0 258
1584604776374 8.0 259
1584604778666 10.0 260
1584604781007 10.0 261
1584604783280 13.0 262
1584604785644 13.0 263
1584604787917 16.0 264
1584604790193 9.0 265
1584604792435 16.0 266
1584604794680 10.0 267
1584604796954 16.0 268
1584604799239 9.0 269
1584604801709 5.0 270
1584604804018 10.0 271
1584604806419 16.0 272
1584604808738 16.0 273
1584604811084 14.0 274
1584604813392 8.0 275
1584604815822 13.0 276
1584604818105 18.0 277
1584604820564 17.0 278
1584604822874 10.0 279
1584604825121 3.0 280
1584604827402 14.0 281
1584604829713 12.0 282
1584604832206 17.0 283
1584604834476 22.0 284
1584604836750 12.0 285
1584604839002 19.0 286
1584604841293 15.0 287
1584604843553 12.0 288
1584604845819 3.0 289
1584604848117 11.0 290
1584604850465 4.0 291
1584604852722 15.0 292
1584604854971 17.0 293
1584604857274 14.0 294
1584604859534 13.0 295
1584604861981 16.0 296
1584604864261 16.0 297
1584604866564 12.0 298
1584604868827 10.0 299
1584604871103 13.0 300
1584604873460 0.0 301
1584604875798 14.0 302
1584604878162 17.0 303
1584604881082 21.0 304
1584604883376 11.0 305
1584604885657 11.0 306
1584604887905 11.0 307
1584604890283 7.0 308
1584604892570 18.0 309
1584604894854 5.0 310
1584604897106 9.0 311
1584604899354 4.0 312
1584604901652 6.0 313
1584604903935 18.0 314
1584604906256 17.0 315
1584604908529 12.0 316
1584604910876 11.0 317
1584604913119 13.0 318
1584604915384 12.0 319
1584604918027 19.0 320
1584604920412 14.0 321
1584604922716 11.0 322
1584604924983 17.0 323
1584604927205 20.0 324
1584604929466 21.0 325
1584604931726 4.0 326
1584604934059 11.0 327
1584604936338 11.0 328
1584604938613 21.0 329
1584604940892 22.0 330
1584604943189 6.0 331
1584604945612 18.0 332
1584604947954 13.0 333
1584604950250 21.0 334
1584604952550 12.0 335
1584604955113 14.0 336
1584604957691 15.0 337
1584604960031 14.0 338
1584604962335 15.0 339
1584604964672 14.0 340
1584604966995 15.0 341
1584604969368 11.0 342
1584604971703 11.0 343
1584604974025 15.0 344
1584604976289 14.0 345
1584604978675 15.0 346
1584604980987 21.0 347
1584604983368 16.0 348
1584604985743 19.0 349
1584604987988 11.0 350
1584604990316 15.0 351
1584604992636 10.0 352
1584604994995 19.0 353
1584604997436 19.0 354
1584604999794 11.0 355
1584605002139 8.0 356
1584605004443 17.0 357
1584605006761 14.0 358
1584605009123 15.0 359
1584605011432 12.0 360
1584605013967 15.0 361
1584605016261 17.0 362
1584605018530 13.0 363
1584605020873 18.0 364
1584605023160 15.0 365
1584605025461 21.0 366
1584605027790 17.0 367
1584605030114 9.0 368
1584605032369 20.0 369
1584605034662 12.0 370
1584605036938 14.0 371
1584605039243 16.0 372
1584605041569 15.0 373
1584605043931 12.0 374
1584605046208 15.0 375
1584605048507 18.0 376
1584605050892 15.0 377
1584605053189 11.0 378
1584605055504 11.0 379
1584605057799 13.0 380
1584605060146 15.0 381
1584605062484 14.0 382
1584605064858 12.0 383
1584605067173 12.0 384
1584605069705 13.0 385
1584605072063 7.0 386
1584605074421 10.0 387
1584605076725 13.0 388
1584605079040 18.0 389
1584605081345 13.0 390
1584605083647 19.0 391
1584605085986 14.0 392
1584605088297 14.0 393
1584605090598 20.0 394
1584605092895 19.0 395
1584605095233 14.0 396
1584605097521 15.0 397
1584605099844 13.0 398
1584605102169 14.0 399
1584605104507 13.0 400
1584605106960 18.0 401
1584605109316 18.0 402
1584605111958 12.0 403
1584605114255 10.0 404
1584605116571 13.0 405
1584605118862 14.0 406
1584605121239 13.0 407
1584605123552 4.0 408
1584605125881 18.0 409
1584605128207 15.0 410
1584605130525 7.0 411
1584605132817 10.0 412
1584605135114 19.0 413
1584605137436 17.0 414
1584605139735 13.0 415
1584605142141 17.0 416
1584605144420 17.0 417
1584605146741 15.0 418
1584605149233 17.0 419
1584605151505 16.0 420
1584605153818 15.0 421
1584605156113 18.0 422
1584605158392 19.0 423
1584605160709 14.0 424
1584605163056 17.0 425
1584605165385 3.0 426
1584605167684 12.0 427
1584605169987 14.0 428
1584605172356 19.0 429
1584605174631 23.0 430
1584605176923 15.0 431
1584605179203 17.0 432
1584605181589 18.0 433
1584605183960 17.0 434
1584605186265 19.0 435
1584605188638 14.0 436
1584605191103 16.0 437
1584605193377 16.0 438
1584605195725 13.0 439
1584605198158 16.0 440
1584605201403 12.0 441
1584605204474 17.0 442
1584605209955 17.0 443
1584605215897 17.0 444
1584605220999 15.0 445
1584605224246 20.0 446
1584605228078 11.0 447
1584605233523 15.0 448
1584605237907 19.0 449
1584605241505 18.0 450
1584605245458 18.0 451
1584605248408 15.0 452
1584605252010 16.0 453
1584605255735 19.0 454
1584605258803 14.0 455
1584605261935 18.0 456
1584605264398 12.0 457
1584605268697 9.0 458
1584605272383 18.0 459
1584605275356 15.0 460
1584605278384 14.0 461
1584605281442 17.0 462
1584605284582 20.0 463
1584605287465 11.0 464
1584605289831 17.0 465
1584605292307 14.0 466
1584605295232 16.0 467
1584605298217 15.0 468
1584605300534 18.0 469
1584605304090 15.0 470
1584605307260 15.0 471
1584605310096 15.0 472
1584605313285 15.0 473
1584605316393 22.0 474
1584605318774 16.0 475
1584605321183 21.0 476
1584605324065 19.0 477
1584605326626 14.0 478
1584605330025 16.0 479
1584605333044 13.0 480
1584605335291 11.0 481
1584605337642 19.0 482
1584605340152 18.0 483
1584605342867 21.0 484
1584605345260 15.0 485
1584605347739 8.0 486
1584605350262 19.0 487
1584605352928 12.0 488
1584605355694 13.0 489
1584605358024 13.0 490
1584605360939 11.0 491
1584605363177 18.0 492
1584605365547 14.0 493
1584605368024 13.0 494
1584605370827 16.0 495
1584605373188 15.0 496
1584605375470 10.0 497
1584605377819 17.0 498
1584605380051 21.0 499
1584605382292 11.0 500
1584605384708 7.0 501
1584605387333 1.0 502
1584605389708 15.0 503
1584605391981 21.0 504
1584605394762 9.0 505
1584605397923 14.0 506
1584605400533 21.0 507
1584605404573 8.0 508
1584605407927 20.0 509
1584605410544 19.0 510
1584605414238 16.0 511
1584605417070 17.0 512
1584605419700 22.0 513
1584605422351 18.0 514
1584605425002 11.0 515
1584605428076 18.0 516
1584605431588 18.0 517
1584605434471 20.0 518
1584605437081 13.0 519
1584605439450 17.0 520
1584605442006 15.0 521
1584605444960 14.0 522
1584605447514 15.0 523
1584605449763 10.0 524
1584605452009 17.0 525
1584605454381 19.0 526
1584605456795 9.0 527
1584605459024 13.0 528
1584605462608 20.0 529
1584605465344 15.0 530
1584605467580 15.0 531
1584605469789 16.0 532
1584605472516 19.0 533
1584605474884 6.0 534
1584605477993 15.0 535
1584605481506 14.0 536
1584605484590 16.0 537
1584605487242 15.0 538
1584605489921 19.0 539
1584605492686 15.0 540
1584605495230 10.0 541
1584605497419 18.0 542
1584605499838 18.0 543
1584605502209 9.0 544
1584605505115 14.0 545
